0.47389912346536898914992230184167E+00 -0.66266452656708929018563674553231E+00
0.48243348239667235375803103280802E+00 -0.65863056719825322158866771772204E+00
0.49047973530491665407103329263981E+00 -0.65484817665740519826545897460644E+00
0.49800459908773176683605461388071E+00 -0.65133105582310261670522397748320E+00
0.50498044706269004089592202832563E+00 -0.64808735728558037523330475930189E+00
0.51137844383122816392760841784205E+00 -0.64512626810564642296859548478628E+00
0.51720306896857014038253388376579E+00 -0.64244197560795719646793838504838E+00
0.52257468328259426434115706809055E+00 -0.63997603318918517139183729717401E+00
0.52759505445349731926628292602817E+00 -0.63767959660442488015919334216285E+00
0.53233190187041039843082480231945E+00 -0.63552013507433559563927399328796E+00
0.53683314072054509097090009793413E+00 -0.63347461271557046617779771203732E+00
0.53233190187041039843082480231945E+00 -0.63552013507433559563927399328796E+00
0.52759505445349731926628292602817E+00 -0.63767959660442488015919334216285E+00
0.52257468328259426434115706809055E+00 -0.63997603318918517139183729717401E+00
0.51720306896857014038253388376579E+00 -0.64244197560795719646793838504838E+00
0.51137844383122816392760841784205E+00 -0.64512626810564642296859548478628E+00
0.50498044706269004089592202832563E+00 -0.64808735728558037523330475930189E+00
0.49800459908773176683605461388071E+00 -0.65133105582310261670522397748320E+00
0.49047973530491665407103329263981E+00 -0.65484817665740519826545897460644E+00
0.48243348239667235375803103280802E+00 -0.65863056719825322158866771772204E+00
0.47389912346536898914992230184167E+00 -0.66266452656708929018563674553231E+00
0.46285029764546666145988535624831E+00 -0.65471597026332048190602492160973E+00
0.45198695604432461934824369075988E+00 -0.64553381844188894008553666829213E+00
0.44099676983780640788837628978996E+00 -0.63546861617645405988086635686597E+00
0.42991299555201239998795280087159E+00 -0.62444948989006304048880551429066E+00
0.41870876372808511224674105853825E+00 -0.61248964321367397745355352158157E+00
0.40786186553918050907800982793742E+00 -0.60019986542316230587309877404295E+00
0.39768623905667090834728656436536E+00 -0.58809662492500471377121973095505E+00
0.38799658142111845966450283782750E+00 -0.57610219737052997162204445447770E+00
0.37867563136341011787977967946414E+00 -0.56417284932439736261155993582529E+00
0.36964594265715139935181161805503E+00 -0.55228023349399998018860191133513E+00
0.36230065188342291835725006696877E+00 -0.54238635817121561973809134354854E+00
0.35509337195802824503490090370000E+00 -0.53249885858375501840211871641360E+00
0.34800438370335841442552920870645E+00 -0.52261268280209961633371990709388E+00
0.34101788008031222792450834715942E+00 -0.51272395900819065004482336703747E+00
0.33412089624072488984481306351258E+00 -0.50282975968181712425197963165167E+00
0.32730265614631374475232753136966E+00 -0.49292786245487255523059889718231E+00
0.32055410394494608865997915470146E+00 -0.48301657709529322186057351111163E+00
0.31386755699696943900337307703427E+00 -0.47309462037591944851582877316110E+00
0.30723644358295096066503657948354E+00 -0.46316102433157279371054408534371E+00
0.30065510124631762178444002545635E+00 -0.45321506800408662043449361892995E+00
0.29411861947554466346988098871656E+00 -0.44325622596082697968364731586092E+00
0.28762271538607346521480286661382E+00 -0.43328412897620545941028961370129E+00
0.28116363434295971877141149657076E+00 -0.42329853366033600586556435662491E+00
0.27473806969307886048147331281980E+00 -0.41329929875649569388005423342328E+00
0.26834309732035418787341634223506E+00 -0.40328636646938125790184461161550E+00
0.26197612182792614980032999045165E+00 -0.39325974763044989980518566530296E+00
0.25563483193345213160636953408262E+00 -0.38321950981948049498714805076113E+00
0.24931716323308932177404190581649E+00 -0.37316576778485186423640706042719E+00
0.24302126690960483681865459651748E+00 -0.36309867566654088762668243697128E+00
0.23674548327346650594269310030776E+00 -0.35301842064400564273605706794985E+00
0.23048831926231332204639765068670E+00 -0.34292521771852529776097503812793E+00
0.22424842920456250191839325681265E+00 -0.33281930540487254287543416805240E+00
0.21802459829174735173341965614888E+00 -0.32270094215645443237310288864276E+00
0.21181572831199963458402504266283E+00 -0.31257040338553532417020801005398E+00
0.20562082528150688882470343408539E+00 -0.30242797896890608254296472361226E+00
0.19943898867739110536751441882181E+00 -0.29227397115159137706106818832986E+00
0.19326940202839047038580883463214E+00 -0.28210869277848724220818017515592E+00
0.18711132466208573940827943667943E+00 -0.27193246579738616750122715316917E+00
0.18096408444152167165847604674698E+00 -0.26174561998754569526295204418008E+00
0.17482707135170280356977269623072E+00 -0.25154849187644470180868446241594E+00
0.16869973181895593895112860185034E+00 -0.24134142381414721244261731373027E+00
0.16258156366458732454835436658011E+00 -0.23112476318012907867446443951114E+00
0.15647211160943992107976754789891E+00 -0.22089886170180383343318828924354E+00
0.15037096325851504392719457982265E+00 -0.21066407486753643985792915080733E+00
0.14427774550525094757910304264489E+00 -0.20042076141982011753202639340339E+00
0.13819212130376347440336752997576E+00 -0.19016928291665794011987844551025E+00
0.13211378676464862105650736385412E+00 -0.17991000335112525957731262870019E+00
0.12604246853608910088655540334764E+00 -0.16964328882068683974474497196537E+00
0.11997792143719216857486071427813E+00 -0.15936950723916591442596899678606E+00
0.11391992631488136393983261457795E+00 -0.14908902808535597616842328994023E+00
0.10786828809940703180523443467883E+00 -0.13880222218317918819343713369182E+00
0.10182283403672505999950537765849E+00 -0.12850946150906125622880890522583E+00
0.95783412078732540598129319878595E-01 -0.11821111902282462226533452898314E+00
0.89749889414688222815394587007086E-01 -0.10790756851895033611027329211527E+00
0.83722151129168710891309305241969E-01 -0.97599184495497737342505755731352E-01
0.77700098973656771074478733914543E-01 -0.87286342038367894356784645458177E-01
0.71683650240365864209967678241874E-01 -0.76969416718910890935582333540044E-01
0.65672736728218933424097606491159E-01 -0.66648784503156865752578334605354E-01
0.59667303792041256831862158867978E-01 -0.56324821671186781525386204605644E-01
0.53667309467021718127224054594825E-01 -0.45997904745354514818471962044177E-01
0.47672723661369176253656765691677E-01 -0.35668410426248947665265786911716E-01
0.41683527410853338682929793753926E-01 -0.25336715535427311681994986604316E-01
0.35699712189591875420720752708763E-01 -0.15003196964078677379283719634539E-01
0.29721279272032793052153263556789E-01 -0.46682316268862152008014618524862E-02
0.23748239141605977382121747325874E-01 0.56678035795515888681161969815241E-02
0.17780610941973240448581305913539E-01 0.16004531814296388285741610055153E-01
0.11818421967219329963764058871775E-01 0.26341576326132750148776924745846E-01
0.58617071876816001026369241606825E-02 0.36678560484542566568911956490458E-01
-0.89491191556781207651701003968408E-04 0.47015107807966099172160767649662E-01
-0.60351241422039409519530908220073E-02 0.57350841989678024717656311360866E-01
-0.11975136196762243059900478217835E-01 0.67685386921566967434544691010517E-01
-0.17909465807206395345023767925168E-01 0.78018366716071694541898951409801E-01
-0.23838045680342758142296189256809E-01 0.88349405726496697551922073513398E-01
-0.29760803091671129321984113857189E-01 0.98678128565903803458677472778668E-01
-0.35677660179409171838025436198806E-01 0.10900416012475393091474281257470E+00
-0.41588534220190002634538286900740E-01 0.11932712558744925328149464869546E+00
-0.47493337887812940988759916245789E-01 0.12964665044791332163499063873267E+00
-0.53391979496307492524304437569665E-01 0.13996236052432564589401236789819E+00
-0.59284363228459372002626113586690E-01 0.15027388197311681575373673751236E+00
-0.65170389350859678595772799376528E-01 0.16058084130231798070333424742577E+00
-0.71049954416435729447622569287285E-01 0.17088286538434418686720558424300E+00
-0.76922951455357844755595703435013E-01 0.18117958146828700876854386084082E+00
-0.82789270155131613671591768503610E-01 0.19147061719177844709554580898030E+00
-0.88648797030626328181240765239963E-01 0.20175560059248407228397267039602E+00
-0.94501415584729324406559081059347E-01 0.21203416011927493326179063550622E+00
-0.10034700646025930896701274717755E+00 0.22230592464312286537916072613323E+00
-0.10618544758372551392553745664551E+00 0.23257052346775885924846377899099E+00
-0.11201661430147189776954694756440E+00 0.24282758634012811692219045835842E+00
-0.11784037950870577074004767815976E+00 0.25307674346067250645624325675823E+00
-0.12365661377187201999613504374191E+00 0.26331762549346954671012625073038E+00
-0.12946518544479920475768211119296E+00 0.27354986357624829841305833606488E+00
-0.13526596077901416894103459636226E+00 0.28377308933030590922099207699149E+00
-0.14105880402858954031487082214813E+00 0.29398693487034193114059114600736E+00
-0.14684357754986559334519571357542E+00 0.30419103281422714306589993869345E+00
-0.15262014189636130871546503248977E+00 0.31438501629272115121559728999871E+00
-0.15838835590916714241554379119759E+00 0.32456851895915056393780652919243E+00
-0.16414807680309300099139891606464E+00 0.33474117499905958470844375263317E+00
-0.16989916024882389994381806022827E+00 0.34490261913984214119574860168843E+00
-0.17564146045132000666687695028772E+00 0.35505248666036275350319472484300E+00
-0.18137483022468066209749485007469E+00 0.36519041340057574136038981258802E+00
-0.18709912106367714131540132178144E+00 0.37531603577114604032751672701954E+00
-0.19281418321214628975119689850977E+00 0.38542899076307872593499035857590E+00
-0.19851986572842246324848297826164E+00 0.39552891595736159425074985064464E+00
-0.20421601654797529605855130061424E+00 0.40561544953462322169307187567020E+00
-0.20990248254340951115397795874833E+00 0.41568823028481173444683888924093E+00
-0.21557910958197167782020698468624E+00 0.42574689761689462984614086294660E+00
-0.22124574258070102092802023748539E+00 0.43579109156858410566942005433328E+00
-0.22690222555935321683708975772078E+00 0.44582045281608738534582036802160E+00
-0.23254840169121388928489746705541E+00 0.45583462268388458633844803030624E+00
-0.23818411335191838861703341069259E+00 0.46583324315453550687988809364764E+00
-0.24380920216637918786941160763528E+00 0.47581595687851395071512923995100E+00
-0.24942350905392247779706030121435E+00 0.48578240718407257598743914834985E+00
-0.25502687427172648199194485240072E+00 0.49573223808713673467922263681669E+00
-0.26061913745664703166814848804556E+00 0.50566509430122716043712194993827E+00
-0.26620013766551510994652038283724E+00 0.51558062124741269774077991849021E+00
-0.27176971341398151480582966005766E+00 0.52547846506429048752535574823837E+00
-0.27732770271398157410370535067651E+00 0.53535827261799585748540524330973E+00
-0.28287394310989058481202123751476E+00 0.54521969151223830787248497887742E+00
-0.28840827171343003860433337252133E+00 0.55506237009836492475561231801104E+00
-0.29393052523739033512659828000570E+00 0.56488595748544962698708920283660E+00
-0.29944054002822339573030753805086E+00 0.57469010355040682081112262283542E+00
-0.30493815209756089801686235257852E+00 0.58447445894812953967049617910968E+00
-0.31042319715270967498023168178465E+00 0.59423867512165008888297462187519E+00
-0.31589551062617066478855628733395E+00 0.60398240431232241951209690422993E+00
-0.32135492770422859882541174858301E+00 0.61370529957002492771254743057879E+00
-0.32680128335465440144656469720068E+00 0.62340701476338290293773300130823E+00
-0.33223441235356126258365599576510E+00 0.63308720459000866810657723192121E+00
-0.33765414931145304865800398084082E+00 0.64274552458675892120859755979705E+00
-0.34306032869850064312434897873068E+00 0.65238163114000768127015804209740E+00
-0.34845278486908184197025950478226E+00 0.66199518149593323463880077346544E+00
-0.35383135208561635103786517930370E+00 0.67158583377081852815512663363258E+00
-0.35919586454172703599505918987323E+00 0.68115324696136311433969714049901E+00
-0.36454615638475723857859594507656E+00 0.69069708095500576412615293343161E+00
-0.36988206173767116742809322213347E+00 0.70021699654025595875533536874097E+00
-0.37520341472036389085927292307795E+00 0.70971265541703376785457686117652E+00
-0.38051004947040651583469075483000E+00 0.71918372020701614741356531745931E+00
-0.38580180016324914213540188046289E+00 0.72862985446398841339766198641710E+00
-0.39107850103190510944476355603007E+00 0.73805072268420026107895763843392E+00
-0.39633998638613704680860372405107E+00 0.74744599031672433940661443781897E+00
-0.40158609063116593877940886976531E+00 0.75681532377381687640981057523569E+00
-0.40681664828592177060560423047919E+00 0.76615839044127809493588103878487E+00
-0.41203149400085395571508988694200E+00 0.77547485868881244892356056655774E+00
-0.41723046257532006817501647264878E+00 0.78476439788038679837808372808834E+00
-0.42241338897456823807254621497116E+00 0.79402667838458499368473295563523E+00
-0.42758010834632938845354462567249E+00 0.80326137158495884183790151557826E+00
-0.43273045603703551087998214412377E+00 0.81246814989037296978306703800474E+00
-0.43786426760767502128940624559989E+00 0.82164668674534346034847481715360E+00
-0.44298137884930422870560773023604E+00 0.83079665664036898823974353161553E+00
-0.44808162579822117773190359556836E+00 0.83991773512225226918418660800906E+00
-0.45316484475082066038344396996063E+00 0.84900959880441307968965125255532E+00
-0.45823087227813776857111532706717E+00 0.85807192537718879610583257493518E+00
-0.46327954524009276528388747729902E+00 0.86710439361812395575181680302730E+00
-0.46831070079944876131845838927016E+00 0.87610668340224654776378902531769E+00
-0.47332417643549069287265433991577E+00 0.88507847571233012965395601890520E+00
-0.47831980995743724273242449209735E+00 0.89401945264914116146158199968105E+00
-0.48329743951759336525431832326252E+00 0.90292929744166993457885876517361E+00
-0.48825690362425319073258836085084E+00 0.91180769445734491748045921006600E+00
-0.49319804115436196626091150277260E+00 0.92065432921222904236636718848242E+00
-0.49812069136594425585986062175177E+00 0.92946888838119705957203185767733E+00
-0.50302469391030758347338040693663E+00 0.93825105980809319107007869523138E+00
-0.50790988884402672498930790490594E+00 0.94700053251586796282104338124698E+00
-0.51277611664071850613516182346482E+00 0.95571699671669381256902328155232E+00
-0.51762321820261143690984846436693E+00 0.96440014382205785288257636991559E+00
-0.52245103487191813181234598497845E+00 0.97304966645283146193985884148274E+00
-0.52725940844201576909269738601098E+00 0.98166525844931582512383751220802E+00
-0.53204818116844145429876962745281E+00 0.99024661488126251136835260965486E+00
-0.53681719577970747812572704879438E+00 0.99879343205786811547728194409223E+00
-0.54156629548794194325451054843440E+00 0.10073054075377423053278428366110E+01
-0.54629532399936000250954819473802E+00 0.10157822401388485990988706852967E+01
-0.55100412552457131139484183233393E+00 0.10242236299484170154375688002785E+01
-0.55569254478872719326934864192625E+00 0.10326292783328274444738500947643E+01
-0.56036042704151308462480774542472E+00 0.10409988879474639409188670156832E+01
-0.56500761806699060841029357491872E+00 0.10493321627465379097004938335519E+01
-0.56963396419329263845379149258811E+00 0.10576288079928806748171153342299E+01
-0.57423931230217614503805022252965E+00 0.10658885302677040162086122069319E+01
-0.57882350983843667951983600692922E+00 0.10741110374803278763353026187256E+01
-0.58338640481918728335906902927115E+00 0.10822960388778752513681316219869E+01
-0.58792784584300667271752115418293E+00 0.10904432450549327911742269050217E+01
-0.59244768209895898654151445618253E+00 0.10985523679631769642214841942751E+01
-0.59694576337548873791854978089326E+00 0.11066231209209647572678823505047E+01
-0.60142194006919434040750851854413E+00 0.11146552186228886510583028678435E+01
-0.60587606319348276832546046391667E+00 0.11226483771492950319458122663357E+01
-0.61030798438710878319370456630760E+00 0.11306023139757648871771894153653E+01
-0.61471755592260007719053331684816E+00 0.11385167479825574542486848213306E+01
-0.61910463071457350614710202596173E+00 0.11463913994640148710283287424437E+01
-0.62346906232794219327484641654993E+00 0.11542259901379279650618787740401E+01
-0.62781070498601771940828570118851E+00 0.11620202431548622866501922744310E+01
-0.63212941357850922646423141666358E+00 0.11697738831074441343658786179402E+01
-0.63642504366942136766679067782868E+00 0.11774866360396054789144672527646E+01
-0.64069745150485383739033055353410E+00 0.11851582294557878815221769187711E+01
-0.64494649402070403946158118483555E+00 0.11927883923301039585863783822164E+01
-0.64917202885027515958970488804261E+00 0.12003768551154568683635535952941E+01
-0.65337391433179174453512008878624E+00 0.12079233497526165160545642703868E+01
-0.65755200951582354443647305233934E+00 0.12154276096792520526106020712890E+01
-0.66170617417262133655014758876716E+00 0.12228893698389206267063807544049E+01
-0.66583626879936439100828836879155E+00 0.12303083666900111429290656908592E+01
-0.66994215462732233594153932273850E+00 0.12376843382146430529768160990566E+01
-0.67402369362893307195830348790691E+00 0.12450170239275196994114572971089E+01
-0.67808074852479736016246024726330E+00 0.12523061648847348114987917721932E+01
-0.68211318279059257500105398072758E+00 0.12595515036925333998811417206873E+01
-0.68612086066390600977513051241087E+00 0.12667527845160244733883509791418E+01
-0.69010364715099023648536997531574E+00 0.12739097530878467573795168878329E+01
-0.69406140803344036527709912478073E+00 0.12810221567167863586611142575208E+01
-0.69799400987479578764454530613471E+00 0.12880897442963452584343283866995E+01
-0.70190132002706688685760256654272E+00 0.12951122663132616576359023746618E+01
-0.70578320663718773150350733767905E+00 0.13020894748559800445358273921608E+01
-0.70963953865339631547852492589041E+00 0.13090211236230717608256993442641E+01
-0.71347018583154321742316950864045E+00 0.13159069679316052488673299674266E+01
-0.71727501874132946626511094543328E+00 0.13227467647254650943957926899188E+01
-0.72105390877247505297672933832858E+00 0.13295402725836202341360674302958E+01
-0.72480672814081826857747235755415E+00 0.13362872517283402799081780024139E+01
-0.72853334989434805726025092626115E+00 0.13429874640333596917364016117160E+01
-0.73223364791916836919699991252845E+00 0.13496406730319898267921642260740E+01
-0.73590749694539747621404906631231E+00 0.13562466439251773284277248520783E+01
-0.73955477255300140171866101790089E+00 0.13628051435895099428948303161382E+01
-0.74317535117756293287426684831828E+00 0.13693159405851683067011652213797E+01
-0.74676911011598691615313474520120E+00 0.13757788051638234081239857448243E+01
-0.75033592753214248856823827251484E+00 0.13821935092764797818724260675695E+01
-0.75387568246244312657279488177053E+00 0.13885598265812637640134907521662E+01
-0.75738825482136449345643879607942E+00 0.13948775324511564647512551421269E+01
-0.76087352540690179641586058818287E+00 0.14011464039816709116732648585378E+01
-0.76433137590596630859883997463955E+00 0.14073662199984733998044033439071E+01
-0.76776168889972205271940927703862E+00 0.14135367610649483902786824211501E+01
-0.77116434786886347938694947385135E+00 0.14196578094897064082332083821630E+01
-0.77453923719883393364445097463978E+00 0.14257291493340351549674650237775E+01
-0.77788624218498617181851802885992E+00 0.14317505664192930034430244813100E+01
-0.78120524903768518343568631234331E+00 0.14377218483342444810923023142665E+01
-0.78449614488735356182919365481705E+00 0.14436427844423380689532856832956E+01
-0.78775881778946015039496866290672E+00 0.14495131658889249136490115797966E+01
-0.79099315672945251353578249119565E+00 0.14553327856084191274012190976697E+01
-0.79419905162763333206342715630760E+00 0.14611014383313987584729838191910E+01
-0.79737639334398121034798409541210E+00 0.14668189205916472640819702909024E+01
-0.80052507368291671488357165712429E+00 0.14724850307331350255053565332311E+01
-0.80364498539801340434062133525046E+00 0.14780995689169410370438865636000E+01
-0.80673602219665473301524151012408E+00 0.14836623371281138199643269067387E+01
-0.80979807874463660019458836890159E+00 0.14891731391824718642178678660896E+01
-0.81283105067071674692971386195178E+00 0.14946317807333424618917837277340E+01
-0.81583483457111050588963704875898E+00 0.15000380692782399293240613539700E+01
-0.81880932801393353712776391045377E+00 0.15053918141654814270600181476411E+01
-0.82175442954359199250030211866341E+00 0.15106928266007412690114218387301E+01
-0.82467003868512013809257432091162E+00 0.15159409196535426828630125678943E+01
-0.82755605594846602113952779397859E+00 0.15211359082636871389106796498776E+01
-0.83041238283272494309070360522941E+00 0.15262776092476209755423585425065E+01
-0.83323892183032161573075192064221E+00 0.15313658413047384564232584319110E+01
-0.83603557643114080513988198823370E+00 0.15364004250236219585638675967624E+01
-0.83880225112660683856424787373103E+00 0.15413811828882180480302715137935E+01
-0.84153885141371243797899563854833E+00 0.15463079392839498548988554361514E+01
-0.84424528379899623573053764050034E+00 0.15511805205037654719293511026650E+01
-0.84692145580247070442927154752604E+00 0.15559987547541208455679964949463E+01
-0.84956727596149902122794702321910E+00 0.15607624721608996331352398563418E+01
-0.85218265383462229223594007009257E+00 0.15654715047752662062841813086243E+01
-0.85476750000533680013601561419102E+00 0.15701256865794549484197910135395E+01
-0.85732172608582135838920247699326E+00 0.15747248534924931266360301008060E+01
-0.85984524472061536754330001951560E+00 0.15792688433758583427451545226063E+01
-0.86233796959024725212893515131166E+00 0.15837574960390701557707477218361E+01
-0.86479981541481384150177111207524E+00 0.15881906532452150896394813050704E+01
-0.86723069795751061045275638026977E+00 0.15925681587164055771676821315774E+01
-0.86963053402811290313883205710394E+00 0.15968898581391721113320497027756E+01
-0.87199924148640845545560899700354E+00 0.16011555991697882563779055259941E+01
-0.87433673924558125739172944548223E+00 0.16053652314395288740359036701064E+01
-0.87664294727554683081157041002254E+00 0.16095186065598607082294483034191E+01
-0.87891778660623905949818650650127E+00 0.16136155781275656634493693780273E+01
-0.88116117933084877918490212284700E+00 0.16176560017297959714194979538311E+01
-0.88337304860901418933875773671834E+00 0.16216397349490615869271164541102E+01
-0.88555331866996310386570846177647E+00 0.16255666373681493856627624171728E+01
-0.88770191481560723291428813339782E+00 0.16294365705749737739040393601578E+01
-0.88981876342358871643514928904829E+00 0.16332493981673588124124190308293E+01
-0.89190379195027857938905992743932E+00 0.16370049857577515138425601173673E+01
-0.89395692893372778324267966093782E+00 0.16407032009778660788815975080736E+01
-0.89597810399657052074219641451745E+00 0.16443439134832589374522936689965E+01
-0.89796724784887989711973776585166E+00 0.16479269949578344282729605279768E+01
-0.89992429229097635511291467209096E+00 0.16514523191182808982865008044030E+01
-0.90184917021618845440619300717586E+00 0.16549197617184370113753390526850E+01
-0.90374181561356661519509863574329E+00 0.16583292005535881117885834600101E+01
-0.90560216357054937699325644908790E+00 0.16616805154646925469137535064399E+01
-0.90743015027558253757225643136241E+00 0.16649735883425375665156103953992E+01
-0.90922571302069139611060684416618E+00 0.16682083031318248148911372502565E+01
-0.91098879020400542798669115226539E+00 0.16713845458351854258160325440338E+01
-0.91271932133223655729022749191133E+00 0.16745022045171237594847607446720E+01
-0.91441724702310995633459900264405E+00 0.16775611693078908976891761945062E+01
-0.91608250900774824203640651367042E+00 0.16805613324072864359807929122313E+01
-0.91771505013300877590591898818090E+00 0.16835025880883892684468699687288E+01
-0.91931481436377403343302589274573E+00 0.16863848327012171222428685486864E+01
-0.92088174678519530459247293658944E+00 0.16892079646763140914886075498139E+01
-0.92241579360488967946201574599298E+00 0.16919718845282669335344153522085E+01
-0.92391690215509019021714719651045E+00 0.16946764948591491195471552667860E+01
-0.92538502089474959924839109365373E+00 0.16973217003618930812206437847198E+01
-0.92682009941159725641668529059139E+00 0.16999074078235905318644224215588E+01
-0.92822208842414959922856087836375E+00 0.17024335261287199548319065578263E+01
-0.92959093978367397459530762209929E+00 0.17048999662623023873577461672015E+01
-0.93092660647610598361716967038248E+00 0.17073066413129841642116698439370E+01
-0.93222904262392036753756002708138E+00 0.17096534664760472303012050547992E+01
-0.93349820348795543929782647511267E+00 0.17119403590563467662338605531796E+01
-0.93473404546919093270240192919981E+00 0.17141672384711757370314387916658E+01
-0.93593652611047968941502450503966E+00 0.17163340262530566398449643044648E+01
-0.93710560409823272437149242187280E+00 0.17184406460524599742586481631919E+01
-0.93824123926405800985221836228655E+00 0.17204870236404496460086228464268E+01
-0.93934339258635301734576098900839E+00 0.17224730869112549680682588334909E+01
-0.94041202619185070256432003078705E+00 0.17243987658847692030320592944629E+01
-0.94144710335711941921654239697681E+00 0.17262639927089747398228623540754E+01
-0.94244858851001637014920100464280E+00 0.17280687016622944530249203532902E+01
-0.94341644723109485872861181359168E+00 0.17298128291558694627444671474675E+01
-0.94435064625496529156879784433101E+00 0.17314963137357631039591559074044E+01
-0.94525115347160984954701446989053E+00 0.17331190960850909210654499549600E+01
-0.94611793792765105221398539855727E+00 0.17346811190260767481049882153244E+01
-0.94695096982757400570608623117078E+00 0.17361823275220347460258558920381E+01
-0.94775022053490243055013807622115E+00 0.17376226686792772377809518340906E+01
-0.94851566257332862455981372961431E+00 0.17390020917489483957737887574424E+01
-0.94924726962779704881631975222003E+00 0.17403205481287835419803070484427E+01
-0.94994501654554188880120597005248E+00 0.17415779913647942832548326900504E+01
-0.95060887933707839912688975294637E+00 0.17427743771528790207516093769404E+01
-0.95123883517714799483084383885040E+00 0.17439096633403590857444416957037E+01
-0.95183486240561756519259920668207E+00 0.17449838099274402021789613844028E+01
-0.95239694052833145447522761307941E+00 0.17459967790685999087711631889975E+01
-0.95292505021792083269459677804691E+00 0.17469485350738984206872734722979E+01
-0.95341917331455674614191250679167E+00 0.17478390444102204109535882651689E+01
-0.95387929282668613014148643670805E+00 0.17486682757024258539645552884805E+01
-0.95430539293163832499448906503647E+00 0.17494361997344724719525494504567E+01
-0.95469745897642342556923147085884E+00 0.17501427894503310471185573308770E+01
-0.95505547747780554395147559220225E+00 0.17507880199552028870534872942357E+01
-0.95527523504878719061164252221243E+00 0.17511840738592123352934703620141E+01
-0.95547985152313732402452900908013E+00 0.17515528406529115976944004468099E+01
-0.95566932377334653330076201408805E+00 0.17518943145618155688078498233544E+01
-0.95584364890332740739599309085078E+00 0.17522084902388361014802171183734E+01
-0.95600282424849584024714127767445E+00 0.17524953627643473968318920046096E+01
-0.95615442773353542294403879348385E+00 0.17527685893124100099545508114461E+01
-0.95630603894393296278358291772227E+00 0.17530418301233637460427831262892E+01
-0.95645765787995178204645674124955E+00 0.17533150851976518930123986946706E+01
-0.95660928454188470490310217866271E+00 0.17535883545357013798310085691388E+01
-0.95676091892993254214251465874601E+00 0.17538616381379902104969516165481E+01
-0.95660928454188470490310217866271E+00 0.17535883545357013798310085691388E+01
-0.95645765787995178204645674124955E+00 0.17533150851976518930123986946706E+01
-0.95630603894393296278358291772227E+00 0.17530418301233637460427831262892E+01
-0.95615442773353542294403879348385E+00 0.17527685893124100099545508114461E+01
-0.95600282424849584024714127767445E+00 0.17524953627643473968318920046096E+01
-0.95584364890332740739599309085078E+00 0.17522084902388361014802171183734E+01
-0.95566932377334653330076201408805E+00 0.17518943145618155688078498233544E+01
-0.95547985152313732402452900908013E+00 0.17515528406529115976944004468099E+01
-0.95527523504878719061164252221243E+00 0.17511840738592123352934703620141E+01
-0.95505547747780554395147559220225E+00 0.17507880199552028870534872942357E+01
-0.95469745897642342556923147085884E+00 0.17501427894503310471185573308770E+01
-0.95430539293163832499448906503647E+00 0.17494361997344724719525494504567E+01
-0.95387929282668613014148643670805E+00 0.17486682757024258539645552884805E+01
-0.95341917331455674614191250679167E+00 0.17478390444102204109535882651689E+01
-0.95292505021792083269459677804691E+00 0.17469485350738984206872734722979E+01
-0.95239694052833145447522761307941E+00 0.17459967790685999087711631889975E+01
-0.95183486240561756519259920668207E+00 0.17449838099274402021789613844028E+01
-0.95123883517714799483084383885040E+00 0.17439096633403590857444416957037E+01
-0.95060887933707839912688975294637E+00 0.17427743771528790207516093769404E+01
-0.94994501654554188880120597005248E+00 0.17415779913647942832548326900504E+01
-0.94924726962779704881631975222003E+00 0.17403205481287835419803070484427E+01
-0.94851566257332862455981372961431E+00 0.17390020917489483957737887574424E+01
-0.94775022053490243055013807622115E+00 0.17376226686792772377809518340906E+01
-0.94695096982757400570608623117078E+00 0.17361823275220347460258558920381E+01
-0.94611793792765105221398539855727E+00 0.17346811190260767481049882153244E+01
-0.94525115347160984954701446989053E+00 0.17331190960850909210654499549600E+01
-0.94435064625496529156879784433101E+00 0.17314963137357631039591559074044E+01
-0.94341644723109485872861181359168E+00 0.17298128291558694627444671474675E+01
-0.94244858851001637014920100464280E+00 0.17280687016622944530249203532902E+01
-0.94144710335711941921654239697681E+00 0.17262639927089747398228623540754E+01
-0.94041202619185070256432003078705E+00 0.17243987658847692030320592944629E+01
-0.93934339258635301734576098900839E+00 0.17224730869112549680682588334909E+01
-0.93824123926405800985221836228655E+00 0.17204870236404496460086228464268E+01
-0.93710560409823272437149242187280E+00 0.17184406460524599742586481631919E+01
-0.93593652611047968941502450503966E+00 0.17163340262530566398449643044648E+01
-0.93473404546919093270240192919981E+00 0.17141672384711757370314387916658E+01
-0.93349820348795543929782647511267E+00 0.17119403590563467662338605531796E+01
-0.93222904262392036753756002708138E+00 0.17096534664760472303012050547992E+01
-0.93092660647610598361716967038248E+00 0.17073066413129841642116698439370E+01
-0.92959093978367397459530762209929E+00 0.17048999662623023873577461672015E+01
-0.92822208842414959922856087836375E+00 0.17024335261287199548319065578263E+01
-0.92682009941159725641668529059139E+00 0.16999074078235905318644224215588E+01
-0.92538502089474959924839109365373E+00 0.16973217003618930812206437847198E+01
-0.92391690215509019021714719651045E+00 0.16946764948591491195471552667860E+01
-0.92241579360488967946201574599298E+00 0.16919718845282669335344153522085E+01
-0.92088174678519530459247293658944E+00 0.16892079646763140914886075498139E+01
-0.91931481436377403343302589274573E+00 0.16863848327012171222428685486864E+01
-0.91771505013300877590591898818090E+00 0.16835025880883892684468699687288E+01
-0.91608250900774824203640651367042E+00 0.16805613324072864359807929122313E+01
-0.91441724702310995633459900264405E+00 0.16775611693078908976891761945062E+01
-0.91271932133223655729022749191133E+00 0.16745022045171237594847607446720E+01
-0.91098879020400542798669115226539E+00 0.16713845458351854258160325440338E+01
-0.90922571302069139611060684416618E+00 0.16682083031318248148911372502565E+01
-0.90743015027558253757225643136241E+00 0.16649735883425375665156103953992E+01
-0.90560216357054937699325644908790E+00 0.16616805154646925469137535064399E+01
-0.90374181561356661519509863574329E+00 0.16583292005535881117885834600101E+01
-0.90184917021618845440619300717586E+00 0.16549197617184370113753390526850E+01
-0.89992429229097635511291467209096E+00 0.16514523191182808982865008044030E+01
-0.89796724784887989711973776585166E+00 0.16479269949578344282729605279768E+01
-0.89597810399657052074219641451745E+00 0.16443439134832589374522936689965E+01
-0.89395692893372778324267966093782E+00 0.16407032009778660788815975080736E+01
-0.89190379195027857938905992743932E+00 0.16370049857577515138425601173673E+01
-0.88981876342358871643514928904829E+00 0.16332493981673588124124190308293E+01
-0.88770191481560723291428813339782E+00 0.16294365705749737739040393601578E+01
-0.88555331866996310386570846177647E+00 0.16255666373681493856627624171728E+01
-0.88337304860901418933875773671834E+00 0.16216397349490615869271164541102E+01
-0.88116117933084877918490212284700E+00 0.16176560017297959714194979538311E+01
-0.87891778660623905949818650650127E+00 0.16136155781275656634493693780273E+01
-0.87664294727554683081157041002254E+00 0.16095186065598607082294483034191E+01
-0.87433673924558125739172944548223E+00 0.16053652314395288740359036701064E+01
-0.87199924148640845545560899700354E+00 0.16011555991697882563779055259941E+01
-0.86963053402811290313883205710394E+00 0.15968898581391721113320497027756E+01
-0.86723069795751061045275638026977E+00 0.15925681587164055771676821315774E+01
-0.86479981541481384150177111207524E+00 0.15881906532452150896394813050704E+01
-0.86233796959024725212893515131166E+00 0.15837574960390701557707477218361E+01
-0.85984524472061536754330001951560E+00 0.15792688433758583427451545226063E+01
-0.85732172608582135838920247699326E+00 0.15747248534924931266360301008060E+01
-0.85476750000533680013601561419102E+00 0.15701256865794549484197910135395E+01
-0.85218265383462229223594007009257E+00 0.15654715047752662062841813086243E+01
-0.84956727596149902122794702321910E+00 0.15607624721608996331352398563418E+01
-0.84692145580247070442927154752604E+00 0.15559987547541208455679964949463E+01
-0.84424528379899623573053764050034E+00 0.15511805205037654719293511026650E+01
-0.84153885141371243797899563854833E+00 0.15463079392839498548988554361514E+01
-0.83880225112660683856424787373103E+00 0.15413811828882180480302715137935E+01
-0.83603557643114080513988198823370E+00 0.15364004250236219585638675967624E+01
-0.83323892183032161573075192064221E+00 0.15313658413047384564232584319110E+01
-0.83041238283272494309070360522941E+00 0.15262776092476209755423585425065E+01
-0.82755605594846602113952779397859E+00 0.15211359082636871389106796498776E+01
-0.82467003868512013809257432091162E+00 0.15159409196535426828630125678943E+01
-0.82175442954359199250030211866341E+00 0.15106928266007412690114218387301E+01
-0.81880932801393353712776391045377E+00 0.15053918141654814270600181476411E+01
-0.81583483457111050588963704875898E+00 0.15000380692782399293240613539700E+01
-0.81283105067071674692971386195178E+00 0.14946317807333424618917837277340E+01
-0.80979807874463660019458836890159E+00 0.14891731391824718642178678660896E+01
-0.80673602219665473301524151012408E+00 0.14836623371281138199643269067387E+01
-0.80364498539801340434062133525046E+00 0.14780995689169410370438865636000E+01
-0.80052507368291671488357165712429E+00 0.14724850307331350255053565332311E+01
-0.79737639334398121034798409541210E+00 0.14668189205916472640819702909024E+01
-0.79419905162763333206342715630760E+00 0.14611014383313987584729838191910E+01
-0.79099315672945251353578249119565E+00 0.14553327856084191274012190976697E+01
-0.78775881778946015039496866290672E+00 0.14495131658889249136490115797966E+01
-0.78449614488735356182919365481705E+00 0.14436427844423380689532856832956E+01
-0.78120524903768518343568631234331E+00 0.14377218483342444810923023142665E+01
-0.77788624218498617181851802885992E+00 0.14317505664192930034430244813100E+01
-0.77453923719883393364445097463978E+00 0.14257291493340351549674650237775E+01
-0.77116434786886347938694947385135E+00 0.14196578094897064082332083821630E+01
-0.76776168889972205271940927703862E+00 0.14135367610649483902786824211501E+01
-0.76433137590596630859883997463955E+00 0.14073662199984733998044033439071E+01
-0.76087352540690179641586058818287E+00 0.14011464039816709116732648585378E+01
-0.75738825482136449345643879607942E+00 0.13948775324511564647512551421269E+01
-0.75387568246244312657279488177053E+00 0.13885598265812637640134907521662E+01
-0.75033592753214248856823827251484E+00 0.13821935092764797818724260675695E+01
-0.74676911011598691615313474520120E+00 0.13757788051638234081239857448243E+01
-0.74317535117756293287426684831828E+00 0.13693159405851683067011652213797E+01
-0.73955477255300140171866101790089E+00 0.13628051435895099428948303161382E+01
-0.73590749694539747621404906631231E+00 0.13562466439251773284277248520783E+01
-0.73223364791916836919699991252845E+00 0.13496406730319898267921642260740E+01
-0.72853334989434805726025092626115E+00 0.13429874640333596917364016117160E+01
-0.72480672814081826857747235755415E+00 0.13362872517283402799081780024139E+01
-0.72105390877247505297672933832858E+00 0.13295402725836202341360674302958E+01
-0.71727501874132946626511094543328E+00 0.13227467647254650943957926899188E+01
-0.71347018583154321742316950864045E+00 0.13159069679316052488673299674266E+01
-0.70963953865339631547852492589041E+00 0.13090211236230717608256993442641E+01
-0.70578320663718773150350733767905E+00 0.13020894748559800445358273921608E+01
-0.70190132002706688685760256654272E+00 0.12951122663132616576359023746618E+01
-0.69799400987479578764454530613471E+00 0.12880897442963452584343283866995E+01
-0.69406140803344036527709912478073E+00 0.12810221567167863586611142575208E+01
-0.69010364715099023648536997531574E+00 0.12739097530878467573795168878329E+01
-0.68612086066390600977513051241087E+00 0.12667527845160244733883509791418E+01
-0.68211318279059257500105398072758E+00 0.12595515036925333998811417206873E+01
-0.67808074852479736016246024726330E+00 0.12523061648847348114987917721932E+01
-0.67402369362893307195830348790691E+00 0.12450170239275196994114572971089E+01
-0.66994215462732233594153932273850E+00 0.12376843382146430529768160990566E+01
-0.66583626879936439100828836879155E+00 0.12303083666900111429290656908592E+01
-0.66170617417262133655014758876716E+00 0.12228893698389206267063807544049E+01
-0.65755200951582354443647305233934E+00 0.12154276096792520526106020712890E+01
-0.65337391433179174453512008878624E+00 0.12079233497526165160545642703868E+01
-0.64917202885027515958970488804261E+00 0.12003768551154568683635535952941E+01
-0.64494649402070403946158118483555E+00 0.11927883923301039585863783822164E+01
-0.64069745150485383739033055353410E+00 0.11851582294557878815221769187711E+01
-0.63642504366942136766679067782868E+00 0.11774866360396054789144672527646E+01
-0.63212941357850922646423141666358E+00 0.11697738831074441343658786179402E+01
-0.62781070498601771940828570118851E+00 0.11620202431548622866501922744310E+01
-0.62346906232794219327484641654993E+00 0.11542259901379279650618787740401E+01
-0.61910463071457350614710202596173E+00 0.11463913994640148710283287424437E+01
-0.61471755592260007719053331684816E+00 0.11385167479825574542486848213306E+01
-0.61030798438710878319370456630760E+00 0.11306023139757648871771894153653E+01
-0.60587606319348276832546046391667E+00 0.11226483771492950319458122663357E+01
-0.60142194006919434040750851854413E+00 0.11146552186228886510583028678435E+01
-0.59694576337548873791854978089326E+00 0.11066231209209647572678823505047E+01
-0.59244768209895898654151445618253E+00 0.10985523679631769642214841942751E+01
-0.58792784584300667271752115418293E+00 0.10904432450549327911742269050217E+01
-0.58338640481918728335906902927115E+00 0.10822960388778752513681316219869E+01
-0.57882350983843667951983600692922E+00 0.10741110374803278763353026187256E+01
-0.57423931230217614503805022252965E+00 0.10658885302677040162086122069319E+01
-0.56963396419329263845379149258811E+00 0.10576288079928806748171153342299E+01
-0.56500761806699060841029357491872E+00 0.10493321627465379097004938335519E+01
-0.56036042704151308462480774542472E+00 0.10409988879474639409188670156832E+01
-0.55569254478872719326934864192625E+00 0.10326292783328274444738500947643E+01
-0.55100412552457131139484183233393E+00 0.10242236299484170154375688002785E+01
-0.54629532399936000250954819473802E+00 0.10157822401388485990988706852967E+01
-0.54156629548794194325451054843440E+00 0.10073054075377423053278428366110E+01
-0.53681719577970747812572704879438E+00 0.99879343205786811547728194409223E+00
-0.53204818116844145429876962745281E+00 0.99024661488126251136835260965486E+00
-0.52725940844201576909269738601098E+00 0.98166525844931582512383751220802E+00
-0.52245103487191813181234598497845E+00 0.97304966645283146193985884148274E+00
-0.51762321820261143690984846436693E+00 0.96440014382205785288257636991559E+00
-0.51277611664071850613516182346482E+00 0.95571699671669381256902328155232E+00
-0.50790988884402672498930790490594E+00 0.94700053251586796282104338124698E+00
-0.50302469391030758347338040693663E+00 0.93825105980809319107007869523138E+00
-0.49812069136594425585986062175177E+00 0.92946888838119705957203185767733E+00
-0.49319804115436196626091150277260E+00 0.92065432921222904236636718848242E+00
-0.48825690362425319073258836085084E+00 0.91180769445734491748045921006600E+00
-0.48329743951759336525431832326252E+00 0.90292929744166993457885876517361E+00
-0.47831980995743724273242449209735E+00 0.89401945264914116146158199968105E+00
-0.47332417643549069287265433991577E+00 0.88507847571233012965395601890520E+00
-0.46831070079944876131845838927016E+00 0.87610668340224654776378902531769E+00
-0.46327954524009276528388747729902E+00 0.86710439361812395575181680302730E+00
-0.45823087227813776857111532706717E+00 0.85807192537718879610583257493518E+00
-0.45316484475082066038344396996063E+00 0.84900959880441307968965125255532E+00
-0.44808162579822117773190359556836E+00 0.83991773512225226918418660800906E+00
-0.44298137884930422870560773023604E+00 0.83079665664036898823974353161553E+00
-0.43786426760767502128940624559989E+00 0.82164668674534346034847481715360E+00
-0.43273045603703551087998214412377E+00 0.81246814989037296978306703800474E+00
-0.42758010834632938845354462567249E+00 0.80326137158495884183790151557826E+00
-0.42241338897456823807254621497116E+00 0.79402667838458499368473295563523E+00
-0.41723046257532006817501647264878E+00 0.78476439788038679837808372808834E+00
-0.41203149400085395571508988694200E+00 0.77547485868881244892356056655774E+00
-0.40681664828592177060560423047919E+00 0.76615839044127809493588103878487E+00
-0.40158609063116593877940886976531E+00 0.75681532377381687640981057523569E+00
-0.39633998638613704680860372405107E+00 0.74744599031672433940661443781897E+00
-0.39107850103190510944476355603007E+00 0.73805072268420026107895763843392E+00
-0.38580180016324914213540188046289E+00 0.72862985446398841339766198641710E+00
-0.38051004947040651583469075483000E+00 0.71918372020701614741356531745931E+00
-0.37520341472036389085927292307795E+00 0.70971265541703376785457686117652E+00
-0.36988206173767116742809322213347E+00 0.70021699654025595875533536874097E+00
-0.36454615638475723857859594507656E+00 0.69069708095500576412615293343161E+00
-0.35919586454172703599505918987323E+00 0.68115324696136311433969714049901E+00
-0.35383135208561635103786517930370E+00 0.67158583377081852815512663363258E+00
-0.34845278486908184197025950478226E+00 0.66199518149593323463880077346544E+00
-0.34306032869850064312434897873068E+00 0.65238163114000768127015804209740E+00
-0.33765414931145304865800398084082E+00 0.64274552458675892120859755979705E+00
-0.33223441235356126258365599576510E+00 0.63308720459000866810657723192121E+00
-0.32680128335465440144656469720068E+00 0.62340701476338290293773300130823E+00
-0.32135492770422859882541174858301E+00 0.61370529957002492771254743057879E+00
-0.31589551062617066478855628733395E+00 0.60398240431232241951209690422993E+00
-0.31042319715270967498023168178465E+00 0.59423867512165008888297462187519E+00
-0.30493815209756089801686235257852E+00 0.58447445894812953967049617910968E+00
-0.29944054002822339573030753805086E+00 0.57469010355040682081112262283542E+00
-0.29393052523739033512659828000570E+00 0.56488595748544962698708920283660E+00
-0.28840827171343003860433337252133E+00 0.55506237009836492475561231801104E+00
-0.28287394310989058481202123751476E+00 0.54521969151223830787248497887742E+00
-0.27732770271398157410370535067651E+00 0.53535827261799585748540524330973E+00
-0.27176971341398151480582966005766E+00 0.52547846506429048752535574823837E+00
-0.26620013766551510994652038283724E+00 0.51558062124741269774077991849021E+00
-0.26061913745664703166814848804556E+00 0.50566509430122716043712194993827E+00
-0.25502687427172648199194485240072E+00 0.49573223808713673467922263681669E+00
-0.24942350905392247779706030121435E+00 0.48578240718407257598743914834985E+00
-0.24380920216637918786941160763528E+00 0.47581595687851395071512923995100E+00
-0.23818411335191838861703341069259E+00 0.46583324315453550687988809364764E+00
-0.23254840169121388928489746705541E+00 0.45583462268388458633844803030624E+00
-0.22690222555935321683708975772078E+00 0.44582045281608738534582036802160E+00
-0.22124574258070102092802023748539E+00 0.43579109156858410566942005433328E+00
-0.21557910958197167782020698468624E+00 0.42574689761689462984614086294660E+00
-0.20990248254340951115397795874833E+00 0.41568823028481173444683888924093E+00
-0.20421601654797529605855130061424E+00 0.40561544953462322169307187567020E+00
-0.19851986572842246324848297826164E+00 0.39552891595736159425074985064464E+00
-0.19281418321214628975119689850977E+00 0.38542899076307872593499035857590E+00
-0.18709912106367714131540132178144E+00 0.37531603577114604032751672701954E+00
-0.18137483022468066209749485007469E+00 0.36519041340057574136038981258802E+00
-0.17564146045132000666687695028772E+00 0.35505248666036275350319472484300E+00
-0.16989916024882389994381806022827E+00 0.34490261913984214119574860168843E+00
-0.16414807680309300099139891606464E+00 0.33474117499905958470844375263317E+00
-0.15838835590916714241554379119759E+00 0.32456851895915056393780652919243E+00
-0.15262014189636130871546503248977E+00 0.31438501629272115121559728999871E+00
-0.14684357754986559334519571357542E+00 0.30419103281422714306589993869345E+00
-0.14105880402858954031487082214813E+00 0.29398693487034193114059114600736E+00
-0.13526596077901416894103459636226E+00 0.28377308933030590922099207699149E+00
-0.12946518544479920475768211119296E+00 0.27354986357624829841305833606488E+00
-0.12365661377187201999613504374191E+00 0.26331762549346954671012625073038E+00
-0.11784037950870577074004767815976E+00 0.25307674346067250645624325675823E+00
-0.11201661430147189776954694756440E+00 0.24282758634012811692219045835842E+00
-0.10618544758372551392553745664551E+00 0.23257052346775885924846377899099E+00
-0.10034700646025930896701274717755E+00 0.22230592464312286537916072613323E+00
-0.94501415584729324406559081059347E-01 0.21203416011927493326179063550622E+00
-0.88648797030626328181240765239963E-01 0.20175560059248407228397267039602E+00
-0.82789270155131613671591768503610E-01 0.19147061719177844709554580898030E+00
-0.76922951455357844755595703435013E-01 0.18117958146828700876854386084082E+00
-0.71049954416435729447622569287285E-01 0.17088286538434418686720558424300E+00
-0.65170389350859678595772799376528E-01 0.16058084130231798070333424742577E+00
-0.59284363228459372002626113586690E-01 0.15027388197311681575373673751236E+00
-0.53391979496307492524304437569665E-01 0.13996236052432564589401236789819E+00
-0.47493337887812940988759916245789E-01 0.12964665044791332163499063873267E+00
-0.41588534220190002634538286900740E-01 0.11932712558744925328149464869546E+00
-0.35677660179409171838025436198806E-01 0.10900416012475393091474281257470E+00
-0.29760803091671129321984113857189E-01 0.98678128565903803458677472778668E-01
-0.23838045680342758142296189256809E-01 0.88349405726496697551922073513398E-01
-0.17909465807206395345023767925168E-01 0.78018366716071694541898951409801E-01
-0.11975136196762243059900478217835E-01 0.67685386921566967434544691010517E-01
-0.60351241422039409519530908220073E-02 0.57350841989678024717656311360866E-01
-0.89491191556781207651701003968408E-04 0.47015107807966099172160767649662E-01
0.58617071876816001026369241606825E-02 0.36678560484542566568911956490458E-01
0.11818421967219329963764058871775E-01 0.26341576326132750148776924745846E-01
0.17780610941973240448581305913539E-01 0.16004531814296388285741610055153E-01
0.23748239141605977382121747325874E-01 0.56678035795515888681161969815241E-02
0.29721279272032793052153263556789E-01 -0.46682316268862152008014618524862E-02
0.35699712189591875420720752708763E-01 -0.15003196964078677379283719634539E-01
0.41683527410853338682929793753926E-01 -0.25336715535427311681994986604316E-01
0.47672723661369176253656765691677E-01 -0.35668410426248947665265786911716E-01
0.53667309467021718127224054594825E-01 -0.45997904745354514818471962044177E-01
0.59667303792041256831862158867978E-01 -0.56324821671186781525386204605644E-01
0.65672736728218933424097606491159E-01 -0.66648784503156865752578334605354E-01
0.71683650240365864209967678241874E-01 -0.76969416718910890935582333540044E-01
0.77700098973656771074478733914543E-01 -0.87286342038367894356784645458177E-01
0.83722151129168710891309305241969E-01 -0.97599184495497737342505755731352E-01
0.89749889414688222815394587007086E-01 -0.10790756851895033611027329211527E+00
0.95783412078732540598129319878595E-01 -0.11821111902282462226533452898314E+00
0.10182283403672505999950537765849E+00 -0.12850946150906125622880890522583E+00
0.10786828809940703180523443467883E+00 -0.13880222218317918819343713369182E+00
0.11391992631488136393983261457795E+00 -0.14908902808535597616842328994023E+00
0.11997792143719216857486071427813E+00 -0.15936950723916591442596899678606E+00
0.12604246853608910088655540334764E+00 -0.16964328882068683974474497196537E+00
0.13211378676464862105650736385412E+00 -0.17991000335112525957731262870019E+00
0.13819212130376347440336752997576E+00 -0.19016928291665794011987844551025E+00
0.14427774550525094757910304264489E+00 -0.20042076141982011753202639340339E+00
0.15037096325851504392719457982265E+00 -0.21066407486753643985792915080733E+00
0.15647211160943992107976754789891E+00 -0.22089886170180383343318828924354E+00
0.16258156366458732454835436658011E+00 -0.23112476318012907867446443951114E+00
0.16869973181895593895112860185034E+00 -0.24134142381414721244261731373027E+00
0.17482707135170280356977269623072E+00 -0.25154849187644470180868446241594E+00
0.18096408444152167165847604674698E+00 -0.26174561998754569526295204418008E+00
0.18711132466208573940827943667943E+00 -0.27193246579738616750122715316917E+00
0.19326940202839047038580883463214E+00 -0.28210869277848724220818017515592E+00
0.19943898867739110536751441882181E+00 -0.29227397115159137706106818832986E+00
0.20562082528150688882470343408539E+00 -0.30242797896890608254296472361226E+00
0.21181572831199963458402504266283E+00 -0.31257040338553532417020801005398E+00
0.21802459829174735173341965614888E+00 -0.32270094215645443237310288864276E+00
0.22424842920456250191839325681265E+00 -0.33281930540487254287543416805240E+00
0.23048831926231332204639765068670E+00 -0.34292521771852529776097503812793E+00
0.23674548327346650594269310030776E+00 -0.35301842064400564273605706794985E+00
0.24302126690960483681865459651748E+00 -0.36309867566654088762668243697128E+00
0.24931716323308932177404190581649E+00 -0.37316576778485186423640706042719E+00
0.25563483193345213160636953408262E+00 -0.38321950981948049498714805076113E+00
0.26197612182792614980032999045165E+00 -0.39325974763044989980518566530296E+00
0.26834309732035418787341634223506E+00 -0.40328636646938125790184461161550E+00
0.27473806969307886048147331281980E+00 -0.41329929875649569388005423342328E+00
0.28116363434295971877141149657076E+00 -0.42329853366033600586556435662491E+00
0.28762271538607346521480286661382E+00 -0.43328412897620545941028961370129E+00
0.29411861947554466346988098871656E+00 -0.44325622596082697968364731586092E+00
0.30065510124631762178444002545635E+00 -0.45321506800408662043449361892995E+00
0.30723644358295096066503657948354E+00 -0.46316102433157279371054408534371E+00
0.31386755699696943900337307703427E+00 -0.47309462037591944851582877316110E+00
0.32055410394494608865997915470146E+00 -0.48301657709529322186057351111163E+00
0.32730265614631374475232753136966E+00 -0.49292786245487255523059889718231E+00
0.33412089624072488984481306351258E+00 -0.50282975968181712425197963165167E+00
0.34101788008031222792450834715942E+00 -0.51272395900819065004482336703747E+00
0.34800438370335841442552920870645E+00 -0.52261268280209961633371990709388E+00
0.35509337195802824503490090370000E+00 -0.53249885858375501840211871641360E+00
0.36230065188342291835725006696877E+00 -0.54238635817121561973809134354854E+00
0.36964594265715139935181161805503E+00 -0.55228023349399998018860191133513E+00
0.37867563136341011787977967946414E+00 -0.56417284932439736261155993582529E+00
0.38799658142111845966450283782750E+00 -0.57610219737052997162204445447770E+00
0.39768623905667090834728656436536E+00 -0.58809662492500471377121973095505E+00
0.40786186553918050907800982793742E+00 -0.60019986542316230587309877404295E+00
0.41870876372808511224674105853825E+00 -0.61248964321367397745355352158157E+00
0.42991299555201239998795280087159E+00 -0.62444948989006304048880551429066E+00
0.44099676983780640788837628978996E+00 -0.63546861617645405988086635686597E+00
0.45198695604432461934824369075988E+00 -0.64553381844188894008553666829213E+00
0.46285029764546666145988535624831E+00 -0.65471597026332048190602492160973E+00
0.47389912346536898914992230184167E+00 -0.66266452656708929018563674553231E+00
0.47319828610295101927812238909390E+00 -0.67621515459377120473648141658419E+00
0.47336703989173290907759738724971E+00 -0.69030909155807535423335657934132E+00
0.47427051354346044485192088433026E+00 -0.70495770307607562730837571965185E+00
0.47589150384215276193132623725063E+00 -0.72016032994991350103402254463017E+00
0.47817516596490325370528736413806E+00 -0.73591223857454144382680958385078E+00
0.48094209870540249929917909210319E+00 -0.75147044019363705665084771638170E+00
0.48397836865676975070568757527350E+00 -0.76629468196596155973659594283857E+00
0.48722200251932331423143964433944E+00 -0.78058158789779494111427060345970E+00
0.49063100158900116609839710021735E+00 -0.79445215566993477365156886821784E+00
0.49417465032225633862476080403146E+00 -0.80798678290323314203608769564400E+00
0.49721481641335361028114174670766E+00 -0.81904981497319676195493827746082E+00
0.50032077844288279881208943627598E+00 -0.82994338963596487484343536190255E+00
0.50348504058234338225475893308475E+00 -0.84068618934675754894722040498501E+00
0.50669975993617792248236624757504E+00 -0.85129357846224280701294252002881E+00
0.50995873953174396219013146150275E+00 -0.86177790260692574245717415929114E+00
0.51325647683917977674102690441704E+00 -0.87214936805184585901961939185781E+00
0.51658823886163160034393858041151E+00 -0.88241645062608803429174060135379E+00
0.51994985810526545170788177525549E+00 -0.89258627466189173013516135589419E+00
0.52333765922987183780988645070111E+00 -0.90266487197841963267053790453949E+00
0.52674837278148578347070354020688E+00 -0.91265738860342915664051623748797E+00
0.53017907535849952667676081311919E+00 -0.92256824215397227412556118195213E+00
0.53362713811031345109403929125090E+00 -0.93240124646060549346508457997135E+00
0.53709018560555580360579233520533E+00 -0.94215971029038636171239100724047E+00
0.54056606155230633974661572790626E+00 -0.95184651675071127605684143286273E+00
0.54405280037544418909716727888990E+00 -0.96146418764234666432755647261283E+00
0.54754860334814253297144367309626E+00 -0.97101493611342020528799616484389E+00
0.55105181845085283549547298335067E+00 -0.98050071007321746404455947198495E+00
0.55456092325435417727541357143586E+00 -0.98992322825656433660617111380036E+00
0.55807451029219582898247290580675E+00 -0.99928401038588394002972863785187E+00
0.56159127449133819076789416471582E+00 -0.10085844025569466648237530447499E+01
0.56511000231757304086911669589269E+00 -0.10178255987300571894689718969871E+01
0.56862956235774451946997276054441E+00 -0.10270086590238731453947691664875E+01
0.57214889711292739266655305659233E+00 -0.10361345253672199889705069989447E+01
0.57566701581758725377075640595464E+00 -0.10452040349546649520798312246371E+01
0.57918298813235989660510441424086E+00 -0.10542179318660789334684680306726E+01
0.58269593858418560458206915469268E+00 -0.10631768771431980861904082711712E+01
0.58620504164859507327743822182098E+00 -0.10720814575629640054032133952919E+01
0.58970951738603837794187907802208E+00 -0.10809321933049899460801024336713E+01
0.59320862755810426082066959317264E+00 -0.10897295446764507637317966550909E+01
0.59670167216093873771769073588871E+00 -0.10984739180302103309808303602260E+01
0.60018798632262856807006172654626E+00 -0.11071656709896849531353370842229E+01
0.60366693751916234879304994433289E+00 -0.11158051170757294422055737531333E+01
0.60713792307012007352571758859321E+00 -0.11243925298158850523955042886825E+01
0.61060036788071506052990256193264E+00 -0.11329281464040084704198586545417E+01
0.61405372240141449553938292245119E+00 -0.11414121709680952615082974091775E+01
0.61749746078024802235118167229054E+00 -0.11498447774956185927927090382519E+01
0.62093107918620424912044159738075E+00 -0.11582261124586106173667765804408E+01
0.62435409428491477361879220498368E+00 -0.11665562971747635772846305076840E+01
0.62776604185021213539282481021326E+00 -0.11748354299358147713976717673883E+01
0.63116647549719403364607109595469E+00 -0.11830635879302473595885945694350E+01
0.63455496552418137876618303524280E+00 -0.11912408289837447250471761198325E+01
0.63793109785247334728250278277020E+00 -0.11993671931377815142039849472766E+01
0.64129447305410741516703405529076E+00 -0.12074427040841245191149670754906E+01
0.64464470545896755026500385778480E+00 -0.12154673704707817533365945268511E+01
0.64798142233356912002737574056095E+00 -0.12234411870930213943937271744069E+01
0.65130426312470421621438421023400E+00 -0.12313641359814246840374824039206E+01
0.65461287876188299597302471226647E+00 -0.12392361873975145630655421326347E+01
0.65790693101316136232884228746166E+00 -0.12470573007462614556677820504691E+01
0.66118609188952052748498775257053E+00 -0.12548274254136956958718609752282E+01
0.66445004309347132732635489676775E+00 -0.12625465015369222930900701940137E+01
0.66769847550800091388352893677051E+00 -0.12702144607130171533842538873605E+01
0.67093108872237451560111679468253E+00 -0.12778312266525727927786607459508E+01
0.67414759059165330822279798706132E+00 -0.12853967157830361430268307566619E+01
0.67734769682709779686227109770930E+00 -0.12929108378064315886507384600401E+01
0.68053113061490300350519825344795E+00 -0.13003734962155828964786916449311E+01
0.68369762226095300130957602729245E+00 -0.13077845887725172230475749991057E+01
0.68684690885950289718605460507033E+00 -0.13151440079523625870548104601454E+01
0.68997873398389034476885746490509E+00 -0.13224516413557149802867156721929E+01
0.69309284739755181963430344643684E+00 -0.13297073720921561870680517407571E+01
0.69618900478377567430759571562624E+00 -0.13369110791373425270101700395200E+01
0.69926696749276439993993205417874E+00 -0.13440626376658487766981375720390E+01
0.70232650230470343571369445548715E+00 -0.13511619193617465805520587315432E+01
0.70536738120764743061531525934091E+00 -0.13582087927087079655758680504331E+01
0.70838938118913731295837730254342E+00 -0.13652031232612605057435903371480E+01
0.71139228404055344753219569510552E+00 -0.13721447738986710523443525983640E+01
0.71437587617329282866569788182433E+00 -0.13790336050628012358020470094371E+01
0.71733994844593483892163422848662E+00 -0.13858694749811588643049766426620E+01
0.72028429600162752738237532292576E+00 -0.13926522398762612512201796975113E+01
0.72320871811498817198214427541628E+00 -0.13993817541623283703371486558170E+01
0.72611301804786939727319423517422E+00 -0.14060578706302380814185996410927E+01
0.72899700291339165292963632238464E+00 -0.14126804406215947898469598595999E+01
0.73186048354769082492507141551522E+00 -0.14192493141926924276277126387432E+01
0.73470327438887176725713473631090E+00 -0.14257643402690868928588762454033E+01
0.73752519336269722506807116701447E+00 -0.14322253667914361851309995085821E+01
0.74032606177457706018408249987094E+00 -0.14386322408532104958894940367737E+01
0.74310570420745534442121034976197E+00 -0.14449848088308289418123080226343E+01
0.74586394842522236889351281201820E+00 -0.14512829165067329792928022936839E+01
0.74860062528130620826066913173184E+00 -0.14575264091858690304683179290064E+01
0.75131556863212200441607047001015E+00 -0.14637151318060138413144222943713E+01
0.75400861525508254122729441371918E+00 -0.14698489290423442953238864041507E+01
0.75667960477089192639431719523156E+00 -0.14759276454066227027445586372214E+01
0.75932837956986596327138324033204E+00 -0.14819511253413399684857861483610E+01
0.76195478474203866669355910117292E+00 -0.14879192133091348056434802600654E+01
0.76455866801083221641433887487149E+00 -0.14938317538777821291035192188073E+01
0.76713987967008231444784732453680E+00 -0.14996885918010240861681049961265E+01
0.76969827252422411032590859942386E+00 -0.15054895720954964167338987004192E+01
0.77223370183145864353883777276629E+00 -0.15112345401139848774709984777807E+01
0.77474602524972921590763864973103E+00 -0.15169233416152304856817616996943E+01
0.77723510278535027067928961733031E+00 -0.15225558228304855773233498826624E+01
0.77970079674414137622545311121004E+00 -0.15281318305270114055463562925045E+01
0.78214297168492547777684400578927E+00 -0.15336512120686910002187237254846E+01
0.78456149437526516049964414532123E+00 -0.15391138154739231918293208478805E+01
0.78695623374931168450369531333107E+00 -0.15445194894709496037896603425345E+01
0.78932706086765581052315965936238E+00 -0.15498680835507575013703536664060E+01
0.79167384887907156438210823038971E+00 -0.15551594480176921991097763555655E+01
0.79399647298405326707030157994751E+00 -0.15603934340379027620924044007899E+01
0.79629481040005167588111605611834E+00 -0.15655698936857382372596686941201E+01
0.79856874032831998441947092813441E+00 -0.15706886799882027368626432698886E+01
0.80081814392228681249561510048307E+00 -0.15757496469675713855549657606731E+01
0.80304290425737780001981081377051E+00 -0.15807526496822629827923923684143E+01
0.80524290630221152560826925467452E+00 -0.15856975442660584462412378203445E+01
0.80741803689110072398673618092322E+00 -0.15905841879657492643230726905754E+01
0.80956818469779282892134307166869E+00 -0.15954124391772943623716607223926E+01
0.81169324021038862313028045337784E+00 -0.16001821574805596434282304970038E+01
0.81379309570738015141537216411240E+00 -0.16048932036727094618309908655845E+01
0.81586764523475322139152242614033E+00 -0.16095454398003151289296345069516E+01
0.81791678458410270229215748980819E+00 -0.16141387291902420175438666455971E+01
0.81994041127171126025813949813110E+00 -0.16186729364793728556734200388785E+01
0.82193842451854543663883816507133E+00 -0.16231479276432214044205691754323E+01
0.82391072523112531266488920317841E+00 -0.16275635700234878300641675171455E+01
0.82585721598322609874994873503805E+00 -0.16319197323546038212635810986556E+01
0.82777780099837271067116361566889E+00 -0.16362162847893128219701559839667E+01
0.82967238613309006350007925615788E+00 -0.16404530989233282485427667701396E+01
0.83154087886087405136806712422199E+00 -0.16446300478191099290641299017028E+01
0.83338318825684994722514843088369E+00 -0.16487470060287970941468739136553E+01
0.83519922498308651402894063060853E+00 -0.16528038496163335176220697721938E+01
0.83698890127453632360226472605882E+00 -0.16568004561788190827916732973509E+01
0.83875213092557347582150754957966E+00 -0.16607367048671199298191597455767E+01
0.84048882927710196478254219991574E+00 -0.16646124764057668659923658447718E+01
0.84219891320420973823122635685225E+00 -0.16684276531121717679396679079824E+01
0.84388230110434295169189916709814E+00 -0.16721821189151880337584887078263E+01
0.84553891288597901500160165937095E+00 -0.16758757593730414853003825693940E+01
0.84716866995777524584881590274430E+00 -0.16795084616906558495859800811009E+01
0.84877149521817292438338386838584E+00 -0.16830801147363954332802534610876E+01
0.85034731304543729953823568864480E+00 -0.16865906090582474321694852209691E+01
0.85189604928811400755317094845355E+00 -0.16900398368994639012349961940905E+01
0.85341763125588500576351821750424E+00 -0.16934276922136833246558585088483E+01
0.85491198771080628770212756119127E+00 -0.16967540706795503580703371696247E+01
0.85637904885891137477912817593170E+00 -0.17000188697148509492255484233872E+01
0.85781874634216597858540067593933E+00 -0.17032219884901799971474569944294E+01
0.85923101323075776311393251499196E+00 -0.17063633279421569897418441043541E+01
0.86061578401570887917649619150073E+00 -0.17094427907862048784151385070033E+01
0.86197299460179688473947165588846E+00 -0.17124602815289063860679932646542E+01
0.86330258230077180292735582210304E+00 -0.17154157064799512449757719639326E+01
0.86460448582485752430587103259962E+00 -0.17183089737636871792775710533481E+01
0.86587864528052563910634111074779E+00 -0.17211399933302870018186955780959E+01
0.86712500216253120384202873928261E+00 -0.17239086769665432389593788343072E+01
0.86834349934819978389103752258788E+00 -0.17266149383063013746040382823729E+01
0.86953408109195598339347850885143E+00 -0.17292586928405422470580737316163E+01
0.87069669302008403086230860315503E+00 -0.17318398579271233497390113311581E+01
0.87183128212571126806527380130620E+00 -0.17343583528001887725748432405810E+01
0.87293779676400626265119924545357E+00 -0.17368140985792563767175296789787E+01
0.87401618664758307095200854983585E+00 -0.17392070182779912093248978833568E+01
0.87506640284210403900835823161339E+00 -0.17415370368126727992866363026369E+01
0.87608839776207372376159231267687E+00 -0.17438040810103643818538335072697E+01
0.87708212516681680909237769635848E+00 -0.17460080796167912199386158384660E+01
0.87804754015663320631502444109824E+00 -0.17481489633039350130510139326389E+01
0.87898459916912422286667580945047E+00 -0.17502266646773510058292647507463E+01
0.87989325997568334138920251215753E+00 -0.17522411182832140249456269017734E+01
0.88077348167814605139022240737621E+00 -0.17541922606150995531532586484269E+01
0.88162522470559301602830818691871E+00 -0.17560800301205053412043085191851E+01
0.88244845081130151327597077952428E+00 -0.17579043672071189314690600743328E+01
0.88324312306984002911527387212748E+00 -0.17596652142488364184088290429591E+01
0.88400920587430117492682680871466E+00 -0.17613625155915369156855362368198E+01
0.88474666493366863819322149236768E+00 -0.17629962175586176813856500852770E+01
0.88545546727031369475761686615451E+00 -0.17645662684562939371470983589617E+01
0.88613558121761718025353815214828E+00 -0.17660726185786676343290504636955E+01
0.88678697641771345582364021392014E+00 -0.17675152202125691982166507887608E+01
0.88740962381935198905969638294552E+00 -0.17688940276421754206334807495822E+01
0.88800349567587404691031641063362E+00 -0.17702089971534077014369201831810E+01
0.88856856554330030686865177798522E+00 -0.17714600870381132021468371729201E+01
0.88910480827852701983729169926644E+00 -0.17726472575980324055703653704954E+01
0.88961220003762748112993131523348E+00 -0.17737704711485559095974690548462E+01
0.89009071827425612342410349886863E+00 -0.17748296920222730256445924241729E+01
0.89054034173815278478683460608964E+00 -0.17758248865723149386680261534997E+01
0.89096105047374458299119420410779E+00 -0.17767560231754946118556758358473E+01
0.89135282581884322738047456679373E+00 -0.17776230722352458355951167280155E+01
0.89171565040343523601404448778961E+00 -0.17784260061843636291431193882076E+01
0.89204950814856090831054007718272E+00 -0.17791647994875487831433244793044E+01
0.89235438426523166773852978436178E+00 -0.17798394286437805246360230296086E+01
0.89254152738586393328849866456260E+00 -0.17802535239823856065755678227128E+01
0.89271578007402232270544480972841E+00 -0.17806390864840945617133160983216E+01
0.89287713890283447343758454351096E+00 -0.17809961106948486545776428623971E+01
0.89302560069893848763197795267385E+00 -0.17813245915640330788535697325513E+01
0.89316116254336011280161647443233E+00 -0.17816245244442447396145149346567E+01
0.89329027773142568411428144582291E+00 -0.17819101886205229534115333320549E+01
0.89341940137714126634870063329992E+00 -0.17821958662751396726106781392579E+01
0.89354853348004940606440851196472E+00 -0.17824815574091739491173768617094E+01
0.89367767403968715775910565991572E+00 -0.17827672620237070717378119932806E+01
0.89380682305559808920645104432651E+00 -0.17830529801198171392387334748392E+01
0.89367767403968715775910565991572E+00 -0.17827672620237070717378119932806E+01
0.89354853348004940606440851196472E+00 -0.17824815574091739491173768617094E+01
0.89341940137714126634870063329992E+00 -0.17821958662751396726106781392579E+01
0.89329027773142568411428144582291E+00 -0.17819101886205229534115333320549E+01
0.89316116254336011280161647443233E+00 -0.17816245244442447396145149346567E+01
0.89302560069893848763197795267385E+00 -0.17813245915640330788535697325513E+01
0.89287713890283447343758454351096E+00 -0.17809961106948486545776428623971E+01
0.89271578007402232270544480972841E+00 -0.17806390864840945617133160983216E+01
0.89254152738586393328849866456260E+00 -0.17802535239823856065755678227128E+01
0.89235438426523166773852978436178E+00 -0.17798394286437805246360230296086E+01
0.89204950814856090831054007718272E+00 -0.17791647994875487831433244793044E+01
0.89171565040343523601404448778961E+00 -0.17784260061843636291431193882076E+01
0.89135282581884322738047456679373E+00 -0.17776230722352458355951167280155E+01
0.89096105047374458299119420410779E+00 -0.17767560231754946118556758358473E+01
0.89054034173815278478683460608964E+00 -0.17758248865723149386680261534997E+01
0.89009071827425612342410349886863E+00 -0.17748296920222730256445924241729E+01
0.88961220003762748112993131523348E+00 -0.17737704711485559095974690548462E+01
0.88910480827852701983729169926644E+00 -0.17726472575980324055703653704954E+01
0.88856856554330030686865177798522E+00 -0.17714600870381132021468371729201E+01
0.88800349567587404691031641063362E+00 -0.17702089971534077014369201831810E+01
0.88740962381935198905969638294552E+00 -0.17688940276421754206334807495822E+01
0.88678697641771345582364021392014E+00 -0.17675152202125691982166507887608E+01
0.88613558121761718025353815214828E+00 -0.17660726185786676343290504636955E+01
0.88545546727031369475761686615451E+00 -0.17645662684562939371470983589617E+01
0.88474666493366863819322149236768E+00 -0.17629962175586176813856500852770E+01
0.88400920587430117492682680871466E+00 -0.17613625155915369156855362368198E+01
0.88324312306984002911527387212748E+00 -0.17596652142488364184088290429591E+01
0.88244845081130151327597077952428E+00 -0.17579043672071189314690600743328E+01
0.88162522470559301602830818691871E+00 -0.17560800301205053412043085191851E+01
0.88077348167814605139022240737621E+00 -0.17541922606150995531532586484269E+01
0.87989325997568334138920251215753E+00 -0.17522411182832140249456269017734E+01
0.87898459916912422286667580945047E+00 -0.17502266646773510058292647507463E+01
0.87804754015663320631502444109824E+00 -0.17481489633039350130510139326389E+01
0.87708212516681680909237769635848E+00 -0.17460080796167912199386158384660E+01
0.87608839776207372376159231267687E+00 -0.17438040810103643818538335072697E+01
0.87506640284210403900835823161339E+00 -0.17415370368126727992866363026369E+01
0.87401618664758307095200854983585E+00 -0.17392070182779912093248978833568E+01
0.87293779676400626265119924545357E+00 -0.17368140985792563767175296789787E+01
0.87183128212571126806527380130620E+00 -0.17343583528001887725748432405810E+01
0.87069669302008403086230860315503E+00 -0.17318398579271233497390113311581E+01
0.86953408109195598339347850885143E+00 -0.17292586928405422470580737316163E+01
0.86834349934819978389103752258788E+00 -0.17266149383063013746040382823729E+01
0.86712500216253120384202873928261E+00 -0.17239086769665432389593788343072E+01
0.86587864528052563910634111074779E+00 -0.17211399933302870018186955780959E+01
0.86460448582485752430587103259962E+00 -0.17183089737636871792775710533481E+01
0.86330258230077180292735582210304E+00 -0.17154157064799512449757719639326E+01
0.86197299460179688473947165588846E+00 -0.17124602815289063860679932646542E+01
0.86061578401570887917649619150073E+00 -0.17094427907862048784151385070033E+01
0.85923101323075776311393251499196E+00 -0.17063633279421569897418441043541E+01
0.85781874634216597858540067593933E+00 -0.17032219884901799971474569944294E+01
0.85637904885891137477912817593170E+00 -0.17000188697148509492255484233872E+01
0.85491198771080628770212756119127E+00 -0.16967540706795503580703371696247E+01
0.85341763125588500576351821750424E+00 -0.16934276922136833246558585088483E+01
0.85189604928811400755317094845355E+00 -0.16900398368994639012349961940905E+01
0.85034731304543729953823568864480E+00 -0.16865906090582474321694852209691E+01
0.84877149521817292438338386838584E+00 -0.16830801147363954332802534610876E+01
0.84716866995777524584881590274430E+00 -0.16795084616906558495859800811009E+01
0.84553891288597901500160165937095E+00 -0.16758757593730414853003825693940E+01
0.84388230110434295169189916709814E+00 -0.16721821189151880337584887078263E+01
0.84219891320420973823122635685225E+00 -0.16684276531121717679396679079824E+01
0.84048882927710196478254219991574E+00 -0.16646124764057668659923658447718E+01
0.83875213092557347582150754957966E+00 -0.16607367048671199298191597455767E+01
0.83698890127453632360226472605882E+00 -0.16568004561788190827916732973509E+01
0.83519922498308651402894063060853E+00 -0.16528038496163335176220697721938E+01
0.83338318825684994722514843088369E+00 -0.16487470060287970941468739136553E+01
0.83154087886087405136806712422199E+00 -0.16446300478191099290641299017028E+01
0.82967238613309006350007925615788E+00 -0.16404530989233282485427667701396E+01
0.82777780099837271067116361566889E+00 -0.16362162847893128219701559839667E+01
0.82585721598322609874994873503805E+00 -0.16319197323546038212635810986556E+01
0.82391072523112531266488920317841E+00 -0.16275635700234878300641675171455E+01
0.82193842451854543663883816507133E+00 -0.16231479276432214044205691754323E+01
0.81994041127171126025813949813110E+00 -0.16186729364793728556734200388785E+01
0.81791678458410270229215748980819E+00 -0.16141387291902420175438666455971E+01
0.81586764523475322139152242614033E+00 -0.16095454398003151289296345069516E+01
0.81379309570738015141537216411240E+00 -0.16048932036727094618309908655845E+01
0.81169324021038862313028045337784E+00 -0.16001821574805596434282304970038E+01
0.80956818469779282892134307166869E+00 -0.15954124391772943623716607223926E+01
0.80741803689110072398673618092322E+00 -0.15905841879657492643230726905754E+01
0.80524290630221152560826925467452E+00 -0.15856975442660584462412378203445E+01
0.80304290425737780001981081377051E+00 -0.15807526496822629827923923684143E+01
0.80081814392228681249561510048307E+00 -0.15757496469675713855549657606731E+01
0.79856874032831998441947092813441E+00 -0.15706886799882027368626432698886E+01
0.79629481040005167588111605611834E+00 -0.15655698936857382372596686941201E+01
0.79399647298405326707030157994751E+00 -0.15603934340379027620924044007899E+01
0.79167384887907156438210823038971E+00 -0.15551594480176921991097763555655E+01
0.78932706086765581052315965936238E+00 -0.15498680835507575013703536664060E+01
0.78695623374931168450369531333107E+00 -0.15445194894709496037896603425345E+01
0.78456149437526516049964414532123E+00 -0.15391138154739231918293208478805E+01
0.78214297168492547777684400578927E+00 -0.15336512120686910002187237254846E+01
0.77970079674414137622545311121004E+00 -0.15281318305270114055463562925045E+01
0.77723510278535027067928961733031E+00 -0.15225558228304855773233498826624E+01
0.77474602524972921590763864973103E+00 -0.15169233416152304856817616996943E+01
0.77223370183145864353883777276629E+00 -0.15112345401139848774709984777807E+01
0.76969827252422411032590859942386E+00 -0.15054895720954964167338987004192E+01
0.76713987967008231444784732453680E+00 -0.14996885918010240861681049961265E+01
0.76455866801083221641433887487149E+00 -0.14938317538777821291035192188073E+01
0.76195478474203866669355910117292E+00 -0.14879192133091348056434802600654E+01
0.75932837956986596327138324033204E+00 -0.14819511253413399684857861483610E+01
0.75667960477089192639431719523156E+00 -0.14759276454066227027445586372214E+01
0.75400861525508254122729441371918E+00 -0.14698489290423442953238864041507E+01
0.75131556863212200441607047001015E+00 -0.14637151318060138413144222943713E+01
0.74860062528130620826066913173184E+00 -0.14575264091858690304683179290064E+01
0.74586394842522236889351281201820E+00 -0.14512829165067329792928022936839E+01
0.74310570420745534442121034976197E+00 -0.14449848088308289418123080226343E+01
0.74032606177457706018408249987094E+00 -0.14386322408532104958894940367737E+01
0.73752519336269722506807116701447E+00 -0.14322253667914361851309995085821E+01
0.73470327438887176725713473631090E+00 -0.14257643402690868928588762454033E+01
0.73186048354769082492507141551522E+00 -0.14192493141926924276277126387432E+01
0.72899700291339165292963632238464E+00 -0.14126804406215947898469598595999E+01
0.72611301804786939727319423517422E+00 -0.14060578706302380814185996410927E+01
0.72320871811498817198214427541628E+00 -0.13993817541623283703371486558170E+01
0.72028429600162752738237532292576E+00 -0.13926522398762612512201796975113E+01
0.71733994844593483892163422848662E+00 -0.13858694749811588643049766426620E+01
0.71437587617329282866569788182433E+00 -0.13790336050628012358020470094371E+01
0.71139228404055344753219569510552E+00 -0.13721447738986710523443525983640E+01
0.70838938118913731295837730254342E+00 -0.13652031232612605057435903371480E+01
0.70536738120764743061531525934091E+00 -0.13582087927087079655758680504331E+01
0.70232650230470343571369445548715E+00 -0.13511619193617465805520587315432E+01
0.69926696749276439993993205417874E+00 -0.13440626376658487766981375720390E+01
0.69618900478377567430759571562624E+00 -0.13369110791373425270101700395200E+01
0.69309284739755181963430344643684E+00 -0.13297073720921561870680517407571E+01
0.68997873398389034476885746490509E+00 -0.13224516413557149802867156721929E+01
0.68684690885950289718605460507033E+00 -0.13151440079523625870548104601454E+01
0.68369762226095300130957602729245E+00 -0.13077845887725172230475749991057E+01
0.68053113061490300350519825344795E+00 -0.13003734962155828964786916449311E+01
0.67734769682709779686227109770930E+00 -0.12929108378064315886507384600401E+01
0.67414759059165330822279798706132E+00 -0.12853967157830361430268307566619E+01
0.67093108872237451560111679468253E+00 -0.12778312266525727927786607459508E+01
0.66769847550800091388352893677051E+00 -0.12702144607130171533842538873605E+01
0.66445004309347132732635489676775E+00 -0.12625465015369222930900701940137E+01
0.66118609188952052748498775257053E+00 -0.12548274254136956958718609752282E+01
0.65790693101316136232884228746166E+00 -0.12470573007462614556677820504691E+01
0.65461287876188299597302471226647E+00 -0.12392361873975145630655421326347E+01
0.65130426312470421621438421023400E+00 -0.12313641359814246840374824039206E+01
0.64798142233356912002737574056095E+00 -0.12234411870930213943937271744069E+01
0.64464470545896755026500385778480E+00 -0.12154673704707817533365945268511E+01
0.64129447305410741516703405529076E+00 -0.12074427040841245191149670754906E+01
0.63793109785247334728250278277020E+00 -0.11993671931377815142039849472766E+01
0.63455496552418137876618303524280E+00 -0.11912408289837447250471761198325E+01
0.63116647549719403364607109595469E+00 -0.11830635879302473595885945694350E+01
0.62776604185021213539282481021326E+00 -0.11748354299358147713976717673883E+01
0.62435409428491477361879220498368E+00 -0.11665562971747635772846305076840E+01
0.62093107918620424912044159738075E+00 -0.11582261124586106173667765804408E+01
0.61749746078024802235118167229054E+00 -0.11498447774956185927927090382519E+01
0.61405372240141449553938292245119E+00 -0.11414121709680952615082974091775E+01
0.61060036788071506052990256193264E+00 -0.11329281464040084704198586545417E+01
0.60713792307012007352571758859321E+00 -0.11243925298158850523955042886825E+01
0.60366693751916234879304994433289E+00 -0.11158051170757294422055737531333E+01
0.60018798632262856807006172654626E+00 -0.11071656709896849531353370842229E+01
0.59670167216093873771769073588871E+00 -0.10984739180302103309808303602260E+01
0.59320862755810426082066959317264E+00 -0.10897295446764507637317966550909E+01
0.58970951738603837794187907802208E+00 -0.10809321933049899460801024336713E+01
0.58620504164859507327743822182098E+00 -0.10720814575629640054032133952919E+01
0.58269593858418560458206915469268E+00 -0.10631768771431980861904082711712E+01
0.57918298813235989660510441424086E+00 -0.10542179318660789334684680306726E+01
0.57566701581758725377075640595464E+00 -0.10452040349546649520798312246371E+01
0.57214889711292739266655305659233E+00 -0.10361345253672199889705069989447E+01
0.56862956235774451946997276054441E+00 -0.10270086590238731453947691664875E+01
0.56511000231757304086911669589269E+00 -0.10178255987300571894689718969871E+01
0.56159127449133819076789416471582E+00 -0.10085844025569466648237530447499E+01
0.55807451029219582898247290580675E+00 -0.99928401038588394002972863785187E+00
0.55456092325435417727541357143586E+00 -0.98992322825656433660617111380036E+00
0.55105181845085283549547298335067E+00 -0.98050071007321746404455947198495E+00
0.54754860334814253297144367309626E+00 -0.97101493611342020528799616484389E+00
0.54405280037544418909716727888990E+00 -0.96146418764234666432755647261283E+00
0.54056606155230633974661572790626E+00 -0.95184651675071127605684143286273E+00
0.53709018560555580360579233520533E+00 -0.94215971029038636171239100724047E+00
0.53362713811031345109403929125090E+00 -0.93240124646060549346508457997135E+00
0.53017907535849952667676081311919E+00 -0.92256824215397227412556118195213E+00
0.52674837278148578347070354020688E+00 -0.91265738860342915664051623748797E+00
0.52333765922987183780988645070111E+00 -0.90266487197841963267053790453949E+00
0.51994985810526545170788177525549E+00 -0.89258627466189173013516135589419E+00
0.51658823886163160034393858041151E+00 -0.88241645062608803429174060135379E+00
0.51325647683917977674102690441704E+00 -0.87214936805184585901961939185781E+00
0.50995873953174396219013146150275E+00 -0.86177790260692574245717415929114E+00
0.50669975993617792248236624757504E+00 -0.85129357846224280701294252002881E+00
0.50348504058234338225475893308475E+00 -0.84068618934675754894722040498501E+00
0.50032077844288279881208943627598E+00 -0.82994338963596487484343536190255E+00
0.49721481641335361028114174670766E+00 -0.81904981497319676195493827746082E+00
0.49417465032225633862476080403146E+00 -0.80798678290323314203608769564400E+00
0.49063100158900116609839710021735E+00 -0.79445215566993477365156886821784E+00
0.48722200251932331423143964433944E+00 -0.78058158789779494111427060345970E+00
0.48397836865676975070568757527350E+00 -0.76629468196596155973659594283857E+00
0.48094209870540249929917909210319E+00 -0.75147044019363705665084771638170E+00
0.47817516596490325370528736413806E+00 -0.73591223857454144382680958385078E+00
0.47589150384215276193132623725063E+00 -0.72016032994991350103402254463017E+00
0.47427051354346044485192088433026E+00 -0.70495770307607562730837571965185E+00
0.47336703989173290907759738724971E+00 -0.69030909155807535423335657934132E+00
0.47319828610295101927812238909390E+00 -0.67621515459377120473648141658419E+00
