0.15243465881595852881074355494705E+01 0.86411980362719271528278632591371E+00
0.15275267021264697813878260162330E+01 0.86025798329941409922341293316535E+00
0.15305579009523483601529233756716E+01 0.85664395089197190415890359352669E+00
0.15334202139219713941781323127200E+01 0.85328757022730089879144761124540E+00
0.15360976187629954222377300107331E+01 0.85019632689112391999522568690655E+00
0.15385735262127983481670204806654E+01 0.84737825173553925553311530070316E+00
0.15408444221245754279435693721210E+01 0.84482691726907211536959309021614E+00
0.15429529296817304255247477533755E+01 0.84248596886891103138408159769887E+00
0.15449358837664291580148993259228E+01 0.84030843453780019759811783256108E+00
0.15468177400437148057506625558917E+01 0.83826301299099263824744319256119E+00
0.15486157677305660941325564659820E+01 0.83632752884075419573584324454762E+00
0.15468177400437148057506625558917E+01 0.83826301299099263824744319256119E+00
0.15449358837664291580148993259228E+01 0.84030843453780019759811783256108E+00
0.15429529296817304255247477533755E+01 0.84248596886891103138408159769887E+00
0.15408444221245754279435693721210E+01 0.84482691726907211536959309021614E+00
0.15385735262127983481670204806654E+01 0.84737825173553925553311530070316E+00
0.15360976187629954222377300107331E+01 0.85019632689112391999522568690655E+00
0.15334202139219713941781323127200E+01 0.85328757022730089879144761124540E+00
0.15305579009523483601529233756716E+01 0.85664395089197190415890359352669E+00
0.15275267021264697813878260162330E+01 0.86025798329941409922341293316535E+00
0.15243465881595852881074355494705E+01 0.86411980362719271528278632591371E+00
0.15270360713801696191771357163485E+01 0.87075158977209728771349355521905E+00
0.15303691940095078598815194553416E+01 0.87731467608640904618912879164250E+00
0.15341062789431808191676054734100E+01 0.88391100386885922135094134802002E+00
0.15382649951980109655350041150050E+01 0.89051763715567292297789960165655E+00
0.15428124649932654931973648156462E+01 0.89713196048927986185919713044316E+00
0.15474876237584940140354517831267E+01 0.90345796195492862465610820936407E+00
0.15520715781099092691542680721991E+01 0.90931124690375421181791109411148E+00
0.15565799242671566423426945458539E+01 0.91480329920864914097874043233304E+00
0.15610196983956347723167680373307E+01 0.92000450966569651106022003656953E+00
0.15653949933316704189024057413363E+01 0.92496186519430788394977680024909E+00
0.15689921597945207544779481235566E+01 0.92893218187541823613624417200446E+00
0.15725458039683368838676636431757E+01 0.93277183411830956708691763512318E+00
0.15760558707108225170134139926520E+01 0.93649272041689923238620510680947E+00
0.15795221954891318723311530416212E+01 0.94010444049666628986107780155180E+00
0.15829445053994656396275612718420E+01 0.94361489478429785788948033561484E+00
0.15863224583676866578645673707969E+01 0.94703067187694877285768903107274E+00
0.15896556711107631932375956615995E+01 0.95035732811185687787965505471812E+00
0.15929437380321070049844413731993E+01 0.95359959494143271378816286833153E+00
0.15961862438956814844877352542575E+01 0.95676153584443854888138375021747E+00
0.15993827723018649659627439880204E+01 0.95984666704727285684940249797333E+00
0.16025329113201725534645448252434E+01 0.96285805176109949520827069519537E+00
0.16056362571831057009076503168615E+01 0.96579837469862234728325934667435E+00
0.16086924166493100770553487619866E+01 0.96867000168078052457037351998526E+00
0.16117010084493136931682515492335E+01 0.97147502781526641993792871076968E+00
0.16146616640975280409244745761329E+01 0.97421531680711043672311309069856E+00
0.16175740282670149319496732229094E+01 0.97689253331066878483220686650930E+00
0.16204377588641884471247274698949E+01 0.97950816976529436332200960012454E+00
0.16232525268997958166821126329392E+01 0.98206356881698031565345649617759E+00
0.16260180162241549640355360324610E+01 0.98455994217750071669441602285489E+00
0.16287339231747414886912849366314E+01 0.98699838658538063751403285581040E+00
0.16313999561701726983897631591930E+01 0.98937989739173182600983150333226E+00
0.16340158352746516893093442715401E+01 0.99170538018624219125695571427171E+00
0.16365812917497961488999166202724E+01 0.99397566079565477975099050243883E+00
0.16390960676056542520132834808679E+01 0.99619149392264312972297739368154E+00
0.16415599151590222536955230542422E+01 0.99835357064253533871262772402284E+00
0.16439725966045190819421852411503E+01 0.10004625249355186283274264950940E+01
0.16463338836019571895416126208587E+01 0.10025189394003047660449775033444E+01
0.16486435568821691360172642703163E+01 0.10045233502699038827494896538365E+01
0.16509014058724612887615745063709E+01 0.10064762518297501500664622592000E+01
0.16531072283421631484650024715542E+01 0.10083781003218892799241011059224E+01
0.16552608300682454291224291036395E+01 0.10102293174054633963840056174887E+01
0.16573620245206386021714674104543E+01 0.10120302932326891645940727568738E+01
0.16594106325666523977097955918752E+01 0.10137813891904330188441034978016E+01
0.16614064821937469293156227359932E+01 0.10154829403499633621194378569466E+01
0.16633494082498176490828864571777E+01 0.10171352576612052029555288333367E+01
0.16652392522001065691585835582248E+01 0.10187386299225985658022459805996E+01
0.16670758618998379092595444900824E+01 0.10202933255532832628085396167498E+01
0.16688590913816803318080520684678E+01 0.10217995941906446115453157188062E+01
0.16705888006571580269546877046644E+01 0.10232576681331391921004609106023E+01
0.16722648555311644009724993320885E+01 0.10246677636456761693410553240508E+01
0.16738871274287682070430145312975E+01 0.10260300821425797125360385895939E+01
0.16754554932335438518312616832455E+01 0.10273448112612370458905738696343E+01
0.16769698351367005737394278010876E+01 0.10286121258378890027964121095461E+01
0.16784300404963284997605081186450E+01 0.10298321887956053334613256461470E+01
0.16798360017061243635555251056776E+01 0.10310051519532662881992839915472E+01
0.16811876160730008682685848238517E+01 0.10321311567633160785593257339428E+01
0.16824847857030255813240912664385E+01 0.10332103349851395950362630260767E+01
0.16837274173951756102065399819704E+01 0.10342428093001152362488337710670E+01
0.16849154225424268855157772453249E+01 0.10352286938737081833784886655064E+01
0.16860487170397473037582701600647E+01 0.10361680948693440864772722498951E+01
0.16871272211985536196311636843926E+01 0.10370611109183212724057242350692E+01
0.16881508596673477030248738558448E+01 0.10379078335494019156578024510055E+01
0.16891195613579162271213616759092E+01 0.10387083475817459345247076695363E+01
0.16900332593775571424297780517958E+01 0.10394627314832145854616233018074E+01
0.16908918909647699689254738911621E+01 0.10401710576994418875587110145113E+01
0.16916953974347162377562976354460E+01 0.10408333929480677829804423809379E+01
0.16924437241152418439519133625892E+01 0.10414497985032361891518007498981E+01
0.16931368203278221543776059930053E+01 0.10420203304059823234442045198827E+01
0.16937746392569596512215171149046E+01 0.10425450397919695499170514514493E+01
0.16943571381538581205185557809060E+01 0.10430239727960229072753284114590E+01
0.16947147178253341455959795788614E+01 0.10433178510905639116051290860973E+01
0.16950476827414400050647821971937E+01 0.10435914142341233895901904049705E+01
0.16953560230132104095727853454300E+01 0.10438446726428844739715046364375E+01
0.16956397295114949575687170029371E+01 0.10440776358770121020644644842163E+01
0.16958987938486067855832184257418E+01 0.10442903126751207747160289163971E+01
0.16961455465910842598369412180084E+01 0.10444928365705192544601731023982E+01
0.16963923235140034632309266919469E+01 0.10446953357330196749834327968247E+01
0.16966391246028802345637153029806E+01 0.10448978102411297827490071397990E+01
0.16968859498295224644887507483159E+01 0.10451002601898170635311848800724E+01
0.16971327992086997344583186032850E+01 0.10453026856214146621062483107727E+01
0.16968859498295224644887507483159E+01 0.10451002601898170635311848800724E+01
0.16966391246028802345637153029806E+01 0.10448978102411297827490071397990E+01
0.16963923235140034632309266919469E+01 0.10446953357330196749834327968247E+01
0.16961455465910842598369412180084E+01 0.10444928365705192544601731023982E+01
0.16958987938486067855832184257418E+01 0.10442903126751207747160289163971E+01
0.16956397295114949575687170029371E+01 0.10440776358770121020644644842163E+01
0.16953560230132104095727853454300E+01 0.10438446726428844739715046364375E+01
0.16950476827414400050647821971937E+01 0.10435914142341233895901904049705E+01
0.16947147178253341455959795788614E+01 0.10433178510905639116051290860973E+01
0.16943571381538581205185557809060E+01 0.10430239727960229072753284114590E+01
0.16937746392569596512215171149046E+01 0.10425450397919695499170514514493E+01
0.16931368203278221543776059930053E+01 0.10420203304059823234442045198827E+01
0.16924437241152418439519133625892E+01 0.10414497985032361891518007498981E+01
0.16916953974347162377562976354460E+01 0.10408333929480677829804423809379E+01
0.16908918909647699689254738911621E+01 0.10401710576994418875587110145113E+01
0.16900332593775571424297780517958E+01 0.10394627314832145854616233018074E+01
0.16891195613579162271213616759092E+01 0.10387083475817459345247076695363E+01
0.16881508596673477030248738558448E+01 0.10379078335494019156578024510055E+01
0.16871272211985536196311636843926E+01 0.10370611109183212724057242350692E+01
0.16860487170397473037582701600647E+01 0.10361680948693440864772722498951E+01
0.16849154225424268855157772453249E+01 0.10352286938737081833784886655064E+01
0.16837274173951756102065399819704E+01 0.10342428093001152362488337710670E+01
0.16824847857030255813240912664385E+01 0.10332103349851395950362630260767E+01
0.16811876160730008682685848238517E+01 0.10321311567633160785593257339428E+01
0.16798360017061243635555251056776E+01 0.10310051519532662881992839915472E+01
0.16784300404963284997605081186450E+01 0.10298321887956053334613256461470E+01
0.16769698351367005737394278010876E+01 0.10286121258378890027964121095461E+01
0.16754554932335438518312616832455E+01 0.10273448112612370458905738696343E+01
0.16738871274287682070430145312975E+01 0.10260300821425797125360385895939E+01
0.16722648555311644009724993320885E+01 0.10246677636456761693410553240508E+01
0.16705888006571580269546877046644E+01 0.10232576681331391921004609106023E+01
0.16688590913816803318080520684678E+01 0.10217995941906446115453157188062E+01
0.16670758618998379092595444900824E+01 0.10202933255532832628085396167498E+01
0.16652392522001065691585835582248E+01 0.10187386299225985658022459805996E+01
0.16633494082498176490828864571777E+01 0.10171352576612052029555288333367E+01
0.16614064821937469293156227359932E+01 0.10154829403499633621194378569466E+01
0.16594106325666523977097955918752E+01 0.10137813891904330188441034978016E+01
0.16573620245206386021714674104543E+01 0.10120302932326891645940727568738E+01
0.16552608300682454291224291036395E+01 0.10102293174054633963840056174887E+01
0.16531072283421631484650024715542E+01 0.10083781003218892799241011059224E+01
0.16509014058724612887615745063709E+01 0.10064762518297501500664622592000E+01
0.16486435568821691360172642703163E+01 0.10045233502699038827494896538365E+01
0.16463338836019571895416126208587E+01 0.10025189394003047660449775033444E+01
0.16439725966045190819421852411503E+01 0.10004625249355186283274264950940E+01
0.16415599151590222536955230542422E+01 0.99835357064253533871262772402284E+00
0.16390960676056542520132834808679E+01 0.99619149392264312972297739368154E+00
0.16365812917497961488999166202724E+01 0.99397566079565477975099050243883E+00
0.16340158352746516893093442715401E+01 0.99170538018624219125695571427171E+00
0.16313999561701726983897631591930E+01 0.98937989739173182600983150333226E+00
0.16287339231747414886912849366314E+01 0.98699838658538063751403285581040E+00
0.16260180162241549640355360324610E+01 0.98455994217750071669441602285489E+00
0.16232525268997958166821126329392E+01 0.98206356881698031565345649617759E+00
0.16204377588641884471247274698949E+01 0.97950816976529436332200960012454E+00
0.16175740282670149319496732229094E+01 0.97689253331066878483220686650930E+00
0.16146616640975280409244745761329E+01 0.97421531680711043672311309069856E+00
0.16117010084493136931682515492335E+01 0.97147502781526641993792871076968E+00
0.16086924166493100770553487619866E+01 0.96867000168078052457037351998526E+00
0.16056362571831057009076503168615E+01 0.96579837469862234728325934667435E+00
0.16025329113201725534645448252434E+01 0.96285805176109949520827069519537E+00
0.15993827723018649659627439880204E+01 0.95984666704727285684940249797333E+00
0.15961862438956814844877352542575E+01 0.95676153584443854888138375021747E+00
0.15929437380321070049844413731993E+01 0.95359959494143271378816286833153E+00
0.15896556711107631932375956615995E+01 0.95035732811185687787965505471812E+00
0.15863224583676866578645673707969E+01 0.94703067187694877285768903107274E+00
0.15829445053994656396275612718420E+01 0.94361489478429785788948033561484E+00
0.15795221954891318723311530416212E+01 0.94010444049666628986107780155180E+00
0.15760558707108225170134139926520E+01 0.93649272041689923238620510680947E+00
0.15725458039683368838676636431757E+01 0.93277183411830956708691763512318E+00
0.15689921597945207544779481235566E+01 0.92893218187541823613624417200446E+00
0.15653949933316704189024057413363E+01 0.92496186519430788394977680024909E+00
0.15610196983956347723167680373307E+01 0.92000450966569651106022003656953E+00
0.15565799242671566423426945458539E+01 0.91480329920864914097874043233304E+00
0.15520715781099092691542680721991E+01 0.90931124690375421181791109411148E+00
0.15474876237584940140354517831267E+01 0.90345796195492862465610820936407E+00
0.15428124649932654931973648156462E+01 0.89713196048927986185919713044316E+00
0.15382649951980109655350041150050E+01 0.89051763715567292297789960165655E+00
0.15341062789431808191676054734100E+01 0.88391100386885922135094134802002E+00
0.15303691940095078598815194553416E+01 0.87731467608640904618912879164250E+00
0.15270360713801696191771357163485E+01 0.87075158977209728771349355521905E+00
0.15243465881595852881074355494705E+01 0.86411980362719271528278632591371E+00
0.15172317349155720946586702074800E+01 0.86278589121876069973785314130208E+00
0.15098229633876487027207661638340E+01 0.86096824541609962940215968986453E+00
0.15020750980862955833176216112501E+01 0.85872200108536945651953005188319E+00
0.14939645569091480768042867550085E+01 0.85603932064092623316301436137287E+00
0.14854649538982213423850091887156E+01 0.85293374562873790771085597479458E+00
0.14769584618351510804086290148773E+01 0.84957472144126831021971416224088E+00
0.14687381127110250729197105609795E+01 0.84613210254499709999932052870529E+00
0.14607005191798384886535626809530E+01 0.84260983330619733966160409550362E+00
0.14527821535784812182434515041155E+01 0.83901196750159107599458591581019E+00
0.14449408433690546722138954402630E+01 0.83534240841603025661864675630576E+00
0.14384440647382861685849332697622E+01 0.83223151826456803460102545953932E+00
0.14319673128713674916729364483162E+01 0.82907544694500911182237109569683E+00
0.14255010216533739554939187622198E+01 0.82587501064075022541498769042689E+00
0.14190371618657520530832758747183E+01 0.82263183160462427725807280985122E+00
0.14125693624871474467390320942607E+01 0.81934708076655202300865069692681E+00
0.14060923559266195104654304885057E+01 0.81602191009409516822053761770531E+00
0.13996017933719922673742277924898E+01 0.81265733103920715615608213785314E+00
0.13930940350009097908359938727110E+01 0.80925427345413082764404290073687E+00
0.13865660170127731594477380838160E+01 0.80581358263566610648842840242181E+00
0.13800151416461860010348487011283E+01 0.80233603449461499739354741681379E+00
0.13734391947210498726121840572546E+01 0.79882234273495471038854574229233E+00
0.13668362799356473390187278148273E+01 0.79527316694037556846618619480098E+00
0.13602047669847655297474063070202E+01 0.79168911888877630973346373307426E+00
0.13535432498017291924480858201358E+01 0.78807076820432924788599789761370E+00
0.13468505127500831157008453885025E+01 0.78441864717219434224659380024841E+00
0.13401255029722053824648130557942E+01 0.78073325493516752263357370244284E+00
0.13333673076069284661804223515075E+01 0.77701506113520208282291393401828E+00
0.13265751348763851797222619189588E+01 0.77326450909233024622374336088380E+00
0.13197482982800913010804188042942E+01 0.76948201858526530056240521988438E+00
0.13128862033023239355105091604192E+01 0.76566798829195249190536366992586E+00
0.13059883361681138558166155946678E+01 0.76182279793759589110769433615987E+00
0.12990542542803598593934974810968E+01 0.75794681019069328347037497645023E+00
0.12920835780454222803575766374023E+01 0.75404037234117484895257730445787E+00
0.12850759838523414198093332834667E+01 0.75010381778960210503859089114690E+00
0.12780311980159367706865679586275E+01 0.74613746737203137728607805785720E+00
0.12709489915294898920125321965904E+01 0.74214163054153195109909010085492E+00
0.12638291755007783372162938326257E+01 0.73811660642431747428562195050025E+00
0.12566715971676016309012056730024E+01 0.73406268476589773400266843090967E+00
0.12494761364068880182033722622968E+01 0.72998014678051446199661123990129E+00
0.12422427026659550708130364700971E+01 0.72586926591530645769433940876643E+00
0.12349712322562584968318838986252E+01 0.72173030853911171263167835995454E+00
0.12276616859595567563557031023202E+01 0.71756353456450485219934243162185E+00
0.12203140469042933908517364669458E+01 0.71336919801055228737909489466750E+00
0.12129283186764860450616053115092E+01 0.70914754751281278549590947654595E+00
0.12055045236347852061330688856507E+01 0.70489882678629187887233386301821E+00
0.11980427014038343935689234757283E+01 0.70062327504635557143006386599490E+00
0.11905429075237964396801405736407E+01 0.69632112739200115974449476190630E+00
0.11830052122370404034995133529814E+01 0.69199261515535778684791435710633E+00
0.11754296993956193370686210869302E+01 0.68763796622083612284209130008485E+00
0.11678164654753933651485404621190E+01 0.68325740531694982553239298854404E+00
0.11601656186845420042099490819834E+01 0.67885115428348972057256977712436E+00
0.11524772781558126335662598121241E+01 0.67441943231642882923769619278170E+00
0.11447515732132236517061581184944E+01 0.66996245619267691986051136244971E+00
0.11369886427051122603050555611953E+01 0.66548044047657145020421559738485E+00
0.11291886343964242040342910559272E+01 0.66097359770978917451592349673531E+00
0.11213517044140085070506130876331E+01 0.65644213858618816933945035516416E+00
0.11134780167394299713755499814144E+01 0.65188627211292864846713356477522E+00
0.11055677427444577551184121681732E+01 0.64730620575908681738141911704638E+00
0.10976210607649522523372291577835E+01 0.64270214559285074900735248463814E+00
0.10896381557093601497530676134417E+01 0.63807429640827955113737763699543E+00
0.10816192186984538181870033558042E+01 0.63342286184251110732878336219114E+00
0.10735644467333248213202856922587E+01 0.62874804448421656534800739561540E+00
0.10654740423889654190675225391968E+01 0.62405004597402460174379512948487E+00
0.10573482135310612730203847786502E+01 0.61932906709756964659633642131238E+00
0.10491871730538673252809676559699E+01 0.61458530787175618291923410749665E+00
0.10409911386372624677014258127148E+01 0.60981896762477962371177096410377E+00
0.10327603325212753440872700153890E+01 0.60503024507039129750977525735060E+00
0.10244949812965446358383038882511E+01 0.60021933837685428979576032310429E+00
0.10161953157093328277377114264422E+01 0.59538644523099573792971442179718E+00
0.10078615704798479098124143793547E+01 0.59053176289772630132893023886879E+00
0.99949398413274946734254547395988E+00 0.58565548827536494387591494465179E+00
0.99109279883882248563898576449054E+00 0.58075781794707821236095443116543E+00
0.98265826026689972438820774530882E+00 0.57583894822871791614133834405056E+00
0.97419061744519945050302687769347E+00 0.57089907521331590337345351722673E+00
0.96569012263132142333221850292620E+00 0.56593839481247435792276072347918E+00
0.95715703119021474937133245604787E+00 0.56095710279487053200082323820829E+00
0.94859160147949177808356281455667E+00 0.55595539482207611173462546660584E+00
0.93999409474151854569405945918115E+00 0.55093346648187639780372672997624E+00
0.93136477500176288420144001383022E+00 0.54589151331926012710136952191850E+00
0.92270390897292549679703150487335E+00 0.54082973086523537695522906801170E+00
0.91401176596442085888517670635014E+00 0.53574831466361778255726833163986E+00
0.90528861779681158432387256176136E+00 0.53064746029592394193534030749146E+00
0.89653473872083313689914298680817E+00 0.52552736340449358344667237661478E+00
0.88775040534067544104777034857693E+00 0.52038821971395463397785361236936E+00
0.87893589654121643495194846521208E+00 0.51523022505113757651934446384714E+00
0.87009149341892646679960445955473E+00 0.51005357536353622132909120683095E+00
0.86121747921618594469671098677215E+00 0.50485846673640655926045486765296E+00
0.85231413925877767662181632223180E+00 0.49964509540858665436169456157357E+00
0.84338176089633609975788659489197E+00 0.49441365778711810236493220422103E+00
0.83442063344555113089115376863006E+00 0.48916435046073918665801721860522E+00
0.82543104813594041301342290372552E+00 0.48389737021231951542851339046405E+00
0.81641329805801817345417046035793E+00 0.47861291403029761530251219246281E+00
0.80736767811370132688656445686379E+00 0.47331117911918109638918594297884E+00
0.79829448496880662818123389070216E+00 0.46799236290916380054078231705362E+00
0.78919401700750159769538402934551E+00 0.46265666306491005671674173308608E+00
0.78006657428858403456545687027376E+00 0.45730427749355516654036535692816E+00
0.77091245850347260170496192282999E+00 0.45193540435196481156081954681410E+00
0.76173197293579972432696079614586E+00 0.44655024205329644043177067838909E+00
0.75252542242250767318043393954282E+00 0.44114898927290077035432539695220E+00
0.74329311331635114813492936476792E+00 0.43573184495359814330628006000064E+00
0.73403535344972274970047177001325E+00 0.43029900831036816013660490183976E+00
0.72475245209971754310433513780244E+00 0.42485067883447799398207269200442E+00
0.71544471995436275811335433391328E+00 0.41938705629708587857840846161139E+00
0.70611246907994225417155015050014E+00 0.41390834075234251012873050753952E+00
0.69675601288934929301102136017395E+00 0.40841473254001972841827882737048E+00
0.68737566611140787402741031538556E+00 0.40290643228769007828659018273092E+00
0.67797174476110432868000320909458E+00 0.39738364091247987856846945298583E+00
0.66854456611067667453904360180695E+00 0.39184655962241904662648177031259E+00
0.65909444866151164013365788843211E+00 0.38629538991740690555646430666868E+00
0.64962171211680305526942074253845E+00 0.38073033358981320674021475354783E+00
0.64012667735492766255741882659932E+00 0.37515159272473385264602422732458E+00
0.63060966640349767173463308309870E+00 0.36955936969991671648455891672731E+00
0.62107100241405263465510329639262E+00 0.36395386718537514582837987961750E+00
0.61151100963735357855983310527597E+00 0.35833528814270300052867542581854E+00
0.60193001339924697069682517192412E+00 0.35270383582410665719639662170737E+00
0.59232834007706654606020798878656E+00 0.34705971377116725749984350965785E+00
0.58270631707654362798640092065998E+00 0.34140312581334523032389703858407E+00
0.57306427280919824395123673632248E+00 0.33573427606624033072893763496011E+00
0.56340253667018489575350376156660E+00 0.33005336892961782537395844880013E+00
0.55372143901656909752686699137874E+00 0.32436060908521163253026899165106E+00
0.54402131114601046751925840185796E+00 0.31865620149431526859624715918062E+00
0.53430248527583252871015154698216E+00 0.31294035139516939922841254474658E+00
0.52456529452245706024020220871713E+00 0.30721326430015605744408629215851E+00
0.51481007288118550442942283633106E+00 0.30147514599280741766856940622649E+00
0.50503715520630797020094306687173E+00 0.29572620252463779073274650030712E+00
0.49524687719152433727532200430154E+00 0.28996664021180694243245513375641E+00
0.48543957535066007817361136136734E+00 0.28419666563162117761169182767835E+00
0.47561558699866227971510007483701E+00 0.27841648561888011765927864017564E+00
0.46577525023286277580723472784200E+00 0.27262630726207616103890284571690E+00
0.45591890391449264672695064404189E+00 0.26682633789945088972611171526248E+00
0.44604688765043762157529484521805E+00 0.26101678511491811080467165291871E+00
0.43615954177522167891431223908217E+00 0.25519785673385491243726869632521E+00
0.42625720733320652446119118147289E+00 0.24936976081876988330016133471342E+00
0.41634022606099881584794122383923E+00 0.24353270566485216311379830632586E+00
0.40640894037005197379672579874581E+00 0.23768689979540540196454269054199E+00
0.39646369332945629000523421481208E+00 0.23183255195717363510688296402435E+00
0.38650482864890572573494814634278E+00 0.22596987111556124313539931967297E+00
0.37653269066183374620726111046649E+00 0.22009906644975238375553314242338E+00
0.36654762430871199982147916181633E+00 0.21422034734773514308229545145174E+00
0.35654997512050043039074329087605E+00 0.20833392340123106614407522163907E+00
0.34654008920224587244611859148820E+00 0.20244000440053793649751247669476E+00
0.33651831321681947052095114021912E+00 0.19653880032928576745127384274463E+00
0.32648499436878715490206759380760E+00 0.19063052135911149541766938139865E+00
0.31644048038840814076610871284023E+00 0.18471537784425540594638596212223E+00
0.30638511951575418056905867091008E+00 0.17879358031608145923942323259434E+00
0.29631926048494534689947113143667E+00 0.17286533947752556351377934036454E+00
0.28624325250849652081027550951208E+00 0.16693086619747418702082771555282E+00
0.27615744526176965886016380231586E+00 0.16099037150507583323085592308753E+00
0.26606218886752841997378967784229E+00 0.15504406658398864648146546235050E+00
0.25595783388058811017440984541967E+00 0.14909216276656620779748002781787E+00
0.24584473127256012075108695608821E+00 0.14313487152798372849029410008009E+00
0.23572323241668470765047155797777E+00 0.13717240448030766187705603983195E+00
0.22559368907274874298527582274657E+00 0.13120497336651037578071958021791E+00
0.21545645337208544302804431094806E+00 0.12523279005443244206987493993747E+00
0.20531187780265255847091430592820E+00 0.11925606653069387466982168950266E+00
0.19516031519418558454731565642232E+00 0.11327501489455722172372406483287E+00
0.18500211870342307532498911805066E+00 0.10728984735174425582473225498183E+00
0.17483764179940176017417533005512E+00 0.10130077620820697804940438981900E+00
0.16466723824881813376900295445675E+00 0.95308013863856528388109993392573E-01
0.15449126210145378456455998903132E+00 0.89311772806249872793463459903575E-01
0.14431006767566318181686603748849E+00 0.83312265604237519265073954537630E-01
0.13412400954392070885787753439201E+00 0.77309704901572756016237951188703E-01
0.12393344251842432676543044015868E+00 0.71304303410483858284581169054182E-01
0.11373872163675569942438704312801E+00 0.65296273905212007791295272094523E-01
0.10354020214759262293782944858130E+00 0.59285829215514833276025156198170E-01
0.93338239496473153214370609827281E-01 0.53273182220137662841607457781534E-01
0.83133189311610382182146135959151E-01 0.47258545840254319813137443121230E-01
0.72925407389753884759743921737655E-01 0.41242133032876738137121345439968E-01
0.62715249682099014274446273659660E-01 0.35224156784238789697332107678835E-01
0.52503072280240642083166221416470E-01 0.29204830103148837307596246756629E-01
0.42289231402170622867260494057494E-01 0.23184366014320206547239524625631E-01
0.32074083378318850532910945589304E-01 0.17162977551673928116843376551932E-01
0.21857984637633407453251870798380E-01 0.11140877751618541676359096917487E-01
0.11641291693703082704768765031566E-01 0.51182796463068907612450069651608E-02
0.14243611309170588631741331150393E-02 -0.90460374312907683621370407263178E-03
-0.87924504093362220382433424848790E-02 -0.69275594133638240696991411730861E-02
-0.19008786242433793908991520526672E-01 -0.12950374385684314958894805198195E-01
-0.29224289654246891200386261420241E-01 -0.18972835712814925260578147955955E-01
-0.39438603914833686693594981251253E-01 -0.24994730485759968558632467653129E-01
-0.49651372292098883833997250827479E-01 -0.31015845840663792466014220857135E-01
-0.59862238065417992286647389816194E-01 -0.37035968965686701240239297011583E-01
-0.70070844539230300623777513583323E-01 -0.43054887107897229743373288318808E-01
-0.80276835056598520527417727062687E-01 -0.49072387580178107987058487704263E-01
-0.90479853012736049449597477346934E-01 -0.55088257768146398841400629626051E-01
-0.10067954186850549426576386792637E+00 -0.61102285137086615893495636524229E-01
-0.11087554516388306613533939897851E+00 -0.67114257238896957787928733455639E-01
-0.12106750653139673028344491516995E+00 -0.73123961719045366635782553791977E-01
-0.13125506970953122954210428698820E+00 -0.79131186323538364996439634339032E-01
-0.14143787855610593031453938364713E+00 -0.85135718905898572142228347725118E-01
-0.15161557706162337319972877855605E+00 -0.91137347434152803502003946749419E-01
-0.16178780936258855400368030025476E+00 -0.97135859997827850830356237576840E-01
-0.17195421975480112646677842950698E+00 -0.10313104481495540563257128733965E+00
-0.18211445270661904130777685292557E+00 -0.10912269023908405610226933132766E+00
-0.19226815287219430555405005764538E+00 -0.11511058476629787907747125698769E+00
-0.20241496510468219856453881519623E+00 -0.12109451704224182381013144614736E+00
-0.21255453446942261713084778491753E+00 -0.12707427586915237884167552407873E+00
-0.22268650625709471663568866104075E+00 -0.13304965021289343361237919364225E+00
-0.23281052599684448862894658091341E+00 -0.13902042920999691835855635856341E+00
-0.24292623946938618815843568270015E+00 -0.14498640217470656795996571857258E+00
-0.25303329272007669271315728636490E+00 -0.15094735860602605224851733714747E+00
-0.26313133207196351467556663940114E+00 -0.15690308819476943534536760404490E+00
-0.27322000413880688396982005579185E+00 -0.16285338083061389612950624494397E+00
-0.28329895583807510499233254181588E+00 -0.16879802660915434144804402854211E+00
-0.29336783440391334748189539889549E+00 -0.17473681583895920328874569155361E+00
-0.30342628740008733348744665379533E+00 -0.18066953904862756672507923572771E+00
-0.31347396273289980386664917290197E+00 -0.18659598699384532849549590705299E+00
-0.32351050866408114422709782386071E+00 -0.19251595066444253931542251304477E+00
-0.33353557382365393691954123301507E+00 -0.19842922129144914548231770207584E+00
-0.34354880722277091078779282130281E+00 -0.20433559035414980236731245009602E+00
-0.35354985826652717004145382210688E+00 -0.21023484958713733889569539339924E+00
-0.36353837676674526129736359434243E+00 -0.21612679098736363862067187412104E+00
-0.37351401295473463337651825093580E+00 -0.22201120682118826883037764366394E+00
-0.38347641749402449783797939514967E+00 -0.22788788963142442795548770468556E+00
-0.39342524149306878247404364725533E+00 -0.23375663224438065925646167083973E+00
-0.40336013651792696124603427206446E+00 -0.23961722777689978929177113180988E+00
-0.41328075460491516475220189954077E+00 -0.24546946964339268236422612994748E+00
-0.42318674827323248562853353419141E+00 -0.25131315156286759533640379966509E+00
-0.43307777053755965324617320689706E+00 -0.25714806756595504494153494762591E+00
-0.44295347492062948270848531111773E+00 -0.26297401200192606531667211373132E+00
-0.45281351546577165363760938807123E+00 -0.26879077954570566612799691349997E+00
-0.46265754674942821270669980525357E+00 -0.27459816520487923459586425938948E+00
-0.47248522389364271103075686407563E+00 -0.28039596432669243204226252605645E+00
-0.48229620257852112333761749048180E+00 -0.28618397260504433094675570835859E+00
-0.49209013905466356178603216387466E+00 -0.29196198608747289811593892433650E+00
-0.50186669015556998372038832147304E+00 -0.29772980118213237218994450171530E+00
-0.51162551331001482997686210946252E+00 -0.30348721466476308238861857826902E+00
-0.52136626655439484581812561865813E+00 -0.30923402368565185175046620158392E+00
-0.53108860854504752394380636030751E+00 -0.31497002577658440884316365033209E+00
-0.54079219857053987750300865806213E+00 -0.32069501885778776183449674658336E+00
-0.55047669656392863722227856747522E+00 -0.32640880124486328744122759199777E+00
-0.56014176311499027607769060499558E+00 -0.33211117165570972228140822011639E+00
-0.56978705948242166365924285203815E+00 -0.33780192921743597831892723925829E+00
-0.57941224760601031045325692007792E+00 -0.34348087347326281793410997493554E+00
-0.58901699011877457605052576958388E+00 -0.34914780438941421063748866451414E+00
-0.59860095035907326608423843741287E+00 -0.35480252236199647695505255072003E+00
-0.60816379238268419382970809727943E+00 -0.36044482822386664416879709109284E+00
-0.61770518097485197035141154965978E+00 -0.36607452325148784923335714967010E+00
-0.62722478166230438301925959886235E+00 -0.37169140917177310376920386627089E+00
-0.63672226072523700675591043990172E+00 -0.37729528816891608738566137920280E+00
-0.64619728520926609136287934672147E+00 -0.38288596289120863813775274198916E+00
-0.65564952293734952501105160718502E+00 -0.38846323645784564047776902943505E+00
-0.66507864252167469840775319270663E+00 -0.39402691246571556288218030439002E+00
-0.67448431337551440293568315793227E+00 -0.39957679499617747560760341741935E+00
-0.68386620572504928914206988381547E+00 -0.40511268862182351921417924714539E+00
-0.69322399062115731208592011246583E+00 -0.41063439841322686214365620877294E+00
-0.70255733995116924463257794662572E+00 -0.41614172994567525178866168310501E+00
-0.71186592645059060571860431357355E+00 -0.42163448930588840213393582875397E+00
-0.72114942371478964935350180011970E+00 -0.42711248309872078138500471149519E+00
-0.73040750621065018838464560276523E+00 -0.43257551845384829387468142855082E+00
-0.73963984928819043217235466680104E+00 -0.43802340303243872415585022478962E+00
-0.74884612919214646716125672962327E+00 -0.44345594503380618840627870317774E+00
-0.75802602307351971591969888557905E+00 -0.44887295320204841968484007125551E+00
-0.76717920900109065627094096016628E+00 -0.45427423683266758697371500600571E+00
-0.77630536597289348630722803823984E+00 -0.45965960577917372569108678612723E+00
-0.78540417392765818245853912774205E+00 -0.46502887045967015228968757294211E+00
-0.79447531375621261711777032433509E+00 -0.47038184186342220712217371745655E+00
-0.80351846731284984825097094672969E+00 -0.47571833155740656419275210863162E+00
-0.81253331742665768617606569988776E+00 -0.48103815169284307679087842356251E+00
-0.82151954791281023923657012298631E+00 -0.48634111501170769454285861014137E+00
-0.83047684358382250059758859298950E+00 -0.49162703485322648992687059316144E+00
-0.83940489026076574212163551012474E+00 -0.49689572516035059150383792995217E+00
-0.84830337478444527526354674757945E+00 -0.50214700048621132022880456843564E+00
-0.85717198502653910860859464120866E+00 -0.50738067600055598410898984815723E+00
-0.86601040990069733986230423152645E+00 -0.51259656749616350710315775373867E+00
-0.87481833937360251999589053130703E+00 -0.51779449139523983261967744734123E+00
-0.88359546447598950688013406190986E+00 -0.52297426475579272778077048796630E+00
-0.89234147731362649053743361049253E+00 -0.52813570527798575408458891885083E+00
-0.90105607107825423798285526119593E+00 -0.53327863131047160135517279468798E+00
-0.90973894005848560382699542389180E+00 -0.53840286185670353525789357665836E+00
-0.91838977965066343840989285821090E+00 -0.54350821658122560963409585419823E+00
-0.92700828636967770126698436459282E+00 -0.54859451581594098160112781220541E+00
-0.93559415785974032566046406095919E+00 -0.55366158056635833251567135901989E+00
-0.94414709290511831736519306951867E+00 -0.55870923251781572238510560454805E+00
-0.95266679144082455906370045391129E+00 -0.56373729404168186738931145939737E+00
-0.96115295456326613839557144886790E+00 -0.56874558820153489784603417066953E+00
-0.96960528454084912772640169948595E+00 -0.57373393875931779062653456602083E+00
-0.97802348482454079899173224039665E+00 -0.57870217018147039231333999026476E+00
-0.98640726005838778212578205307181E+00 -0.58365010764503836961448521791198E+00
-0.99475631608999024104291235179877E+00 -0.58857757704375779771769965991102E+00
-0.10030703599809322039376338416448E+01 -0.59348440499411605212311389253594E+00
-0.10113491000171668786536790194497E+01 -0.59837041884138838783686686839631E+00
-0.10195922457193572072594183916879E+01 -0.60323544666564990869758366657272E+00
-0.10277995078531715206763582820123E+01 -0.60807931728776281119812668926667E+00
-0.10359705984395330659626086790981E+01 -0.61290186027533879077782139539094E+00
-0.10441052307648241229183956954480E+01 -0.61770290594867601897669450269954E+00
-0.10522031193910438705174224000245E+01 -0.62248228538667077323335692968597E+00
-0.10602639801659197509368525007261E+01 -0.62723983043270351374615849860145E+00
-0.10682875302329717528206437679735E+01 -0.63197537370049888501232260541882E+00
-0.10762734880415298031631879808913E+01 -0.63668874857995964354678000096061E+00
-0.10842215733567042123851535160062E+01 -0.64137978924297408652118589796546E+00
-0.10921315072693070729880602398029E+01 -0.64604833064919736851801179442089E+00
-0.11000030122057269457249409318850E+01 -0.65069420855180543149626060695171E+00
-0.11078358119377543083016383596644E+01 -0.65531725950322224493150934260091E+00
-0.11156296315923586036636190247458E+01 -0.65991732086081983562193093968493E+00
-0.11233841976614163634162663829923E+01 -0.66449423079259055915707320760878E+00
-0.11310992380113896498013654402322E+01 -0.66904782828279211894818098362954E+00
-0.11387744818929553115625961236687E+01 -0.67357795313756428215511935341903E+00
-0.11464096599505839820329164813863E+01 -0.67808444599051779028175017860252E+00
-0.11540045042320687684981183398634E+01 -0.68256714830829484782349720481934E+00
-0.11615587481980039042526638363271E+01 -0.68702590239610079758462008271262E+00
-0.11690721267312117428416219352750E+01 -0.69146055140320786299897696743870E+00
-0.11765443761461192258802724984163E+01 -0.69587093932842874173510515465264E+00
-0.11839752341980827329624102108117E+01 -0.70025691102556227753941233630269E+00
-0.11913644400926607283793915233405E+01 -0.70461831220880888571749001301506E+00
-0.11987117344948351060844474094341E+01 -0.70895498945815679339375250722752E+00
-0.12060168595381793070251369244913E+01 -0.71326679022473842456928281045187E+00
-0.12132795588339744354375140094297E+01 -0.71755356283615690289907711660535E+00
-0.12204995774802720165357212309213E+01 -0.72181515650178230716007655590501E+00
-0.12276766620709036555139227194347E+01 -0.72605142131801741392075855844100E+00
-0.12348105607044370160892491107123E+01 -0.73026220827353321765715960686775E+00
-0.12419010229930779761321625971019E+01 -0.73444736925447346638922402284446E+00
-0.12489478000715186296248380770400E+01 -0.73860675704962809760692986056386E+00
-0.12559506446057310131604477082914E+01 -0.74274022535557592689533599506160E+00
-0.12629093108017056565322209081574E+01 -0.74684762878179556085967966548925E+00
-0.12698235544141356858327475018760E+01 -0.75092882285574524185954025889238E+00
-0.12766931327550450686561384470450E+01 -0.75498366402791031020739252673288E+00
-0.12835178047023616820389412756829E+01 -0.75901200967681954005898995843530E+00
-0.12902973307084342627000894329489E+01 -0.76301371811402886129972274159048E+00
-0.12970314728084933263667486290359E+01 -0.76698864858907269105998810361933E+00
-0.13037199946290554645461958162741E+01 -0.77093666129438357725985637494546E+00
-0.13103626613962712728444498514977E+01 -0.77485761737017806219355712107724E+00
-0.13169592399442157916082521876740E+01 -0.77875137890931072846323683590704E+00
-0.13235094987231221359301631006236E+01 -0.78261780896209464575379947558634E+00
-0.13300132078075573013925884767402E+01 -0.78645677154108880086169969687867E+00
-0.13364701389045401639286475871171E+01 -0.79026813162585229592099523399835E+00
-0.13428800653616016335254395655227E+01 -0.79405175516766471086618084586451E+00
-0.13492427621747860065802705710822E+01 -0.79780750909421306258308264762123E+00
-0.13555580059965943123881341128408E+01 -0.80153526131424471328231409827359E+00
-0.13618255751438680574754944358772E+01 -0.80523488072218605130686817738940E+00
-0.13680452496056142408049238241793E+01 -0.80890623720272758564575989680388E+00
-0.13742168110507711448428125835045E+01 -0.81254920163537374805704405035663E+00
-0.13803400428359138557106956632463E+01 -0.81616364589895879484888470433340E+00
-0.13864147300129002769720303153937E+01 -0.81974944287612773772060621348850E+00
-0.13924406593364568465089939192868E+01 -0.82330646645778246830115233429764E+00
-0.13984176192717038854221584007488E+01 -0.82683459154749270667952738239367E+00
-0.14043454000016199944752768744645E+01 -0.83033369406587176889917374895448E+00
-0.14102237934344457615504770198790E+01 -0.83380365095491713209526300799420E+00
-0.14160525932110262168857021104352E+01 -0.83724434018231513908925975853502E+00
-0.14218315947120916377986024845051E+01 -0.84065564074571026673731868194626E+00
-0.14275605950654769834699285944409E+01 -0.84403743267693853417383273216496E+00
-0.14332393931532791076127738495711E+01 -0.84738959704622467367178561020080E+00
-0.14388677896189519083667609018409E+01 -0.85071201596634339796805233103831E+00
-0.14444455868743391533051405828384E+01 -0.85400457259674436679990278325969E+00
-0.14499725891066444351336783243283E+01 -0.85726715114764030956035652540199E+00
-0.14554486022853383880202427979093E+01 -0.86049963688405909980171814210523E+00
-0.14608734341690027902458729093112E+01 -0.86370191612985865945821447001443E+00
-0.14662468943121112391388120996387E+01 -0.86687387627170505425890758162396E+00
-0.14715687940717461573471916211453E+01 -0.87001540576301359003977278245884E+00
-0.14768389466142522073440990435604E+01 -0.87312639412785282394395635635484E+00
-0.14820571669218255100998778825578E+01 -0.87620673196481096344939565995131E+00
-0.14872232717990386850153448979456E+01 -0.87925631095082503203145906765497E+00
-0.14923370798793011799744642141475E+01 -0.88227502384497216711950568547390E+00
-0.14973984116312552587396106729235E+01 -0.88526276449222369008413078605879E+00
-0.15024070893651068140416680752591E+01 -0.88821942782716050925469835011444E+00
-0.15073629372388910832198080044308E+01 -0.89114490987765122480107880996548E+00
-0.15122657812646730623748935592775E+01 -0.89403910776849158173933669231720E+00
-0.15171154493146823025144732783724E+01 -0.89690191972500597295014764760016E+00
-0.15219117711273820964520814721532E+01 -0.89973324507661031588132482518784E+00
-0.15266545783134723872996909650039E+01 -0.90253298426033631062106517715353E+00
-0.15313437043618268024105929111124E+01 -0.90530103882431738884567526459568E+00
-0.15359789846453630975479039689175E+01 -0.90803731143123540115991311130440E+00
-0.15405602564268471072384895230675E+01 -0.91074170586172881522670630518805E+00
-0.15450873588646301070844206928804E+01 -0.91341412701776149732840916240417E+00
-0.15495601330183185774283831537169E+01 -0.91605448092595230966129820368858E+00
-0.15539784218543776854566845946313E+01 -0.91866267474086615082596685160407E+00
-0.15583420702516665830423600528414E+01 -0.92123861674826416928632947235437E+00
-0.15626509250069066974818546996093E+01 -0.92378221636831613789728152969708E+00
-0.15669048348400820994580924574067E+01 -0.92629338415877169021098541251851E+00
-0.15711036503997718261809868084571E+01 -0.92877203181809279147579614070863E+00
-0.15752472242684144007393019172479E+01 -0.93121807218854587481235784366245E+00
-0.15793354109675037437158686343360E+01 -0.93363141925925403004282307323473E+00
-0.15833680669627168684154267755956E+01 -0.93601198816920936566709841515037E+00
-0.15873450506689728328953202692508E+01 -0.93835969521024478953171199193270E+00
-0.15912662224554229116792220192987E+01 -0.94067445782996565966262571484217E+00
-0.15951314446503717154089356467585E+01 -0.94295619463464119584725423345401E+00
-0.15989405815461292561537091881225E+01 -0.94520482539205499842515656921982E+00
-0.16026934994037937514650573559239E+01 -0.94742027103431527518412335486278E+00
-0.16063900664579647083100648227076E+01 -0.94960245366062407319739261510181E+00
-0.16100301529213866456117036030780E+01 -0.95175129654000595464201119566515E+00
-0.16136136309895228560818911523356E+01 -0.95386672411399558011925249793746E+00
-0.16171403748450592609379695327506E+01 -0.95594866199928421711183703539804E+00
-0.16206102606623381506893771570763E+01 -0.95799703699032535275137034042186E+00
-0.16240231666117216605036878303139E+01 -0.96001177706189888326741290124708E+00
-0.16273789728638848757475625518220E+01 -0.96199281137163408537164477570529E+00
-0.16306775615940382289513517035147E+01 -0.96394007026249126442028236874766E+00
-0.16339188169860794721719956087001E+01 -0.96585348526520177660625196636121E+00
-0.16371026252366744773064523186963E+01 -0.96773298910066663498621096108713E+00
-0.16402288745592673480610072376939E+01 -0.96957851568231331491354397251493E+00
-0.16432974551880191600222200376265E+01 -0.97139000011841093589017067540737E+00
-0.16463082593816756680849875764810E+01 -0.97316737871434359469442561736310E+00
-0.16492611814273633803902443486026E+01 -0.97491058897484168163353063664027E+00
-0.16521561176443143120621583414958E+01 -0.97661956960617140137556514591358E+00
-0.16549929663875191068847379334076E+01 -0.97829426051828213817183761156839E+00
-0.16577716280513080858432526567423E+01 -0.97993460282691151687780716634253E+00
-0.16604920050728607887792920360500E+01 -0.98154053885564867782065143633278E+00
-0.16631540019356432456959210591750E+01 -0.98311201213795465933336419120955E+00
-0.16657575251727731058132065750641E+01 -0.98464896741914103545796869903718E+00
-0.16683024833703127751678263856926E+01 -0.98615135065830571736840028287597E+00
-0.16707887871704897910663586491990E+01 -0.98761910903022628374694403035987E+00
-0.16732163492748451389289881551002E+01 -0.98905219092721098714830817160363E+00
-0.16755850844473085812570775371052E+01 -0.99045054596090678892299810986981E+00
-0.16778949095172015667693939119460E+01 -0.99181412496406494993516691476015E+00
-0.16801457433821673872330946207946E+01 -0.99314287999226382677775081015171E+00
-0.16823375070110280760231198153088E+01 -0.99443676432558856676409159067503E+00
-0.16844701234465688267282694105022E+01 -0.99569573247026837624468393199006E+00
-0.16865435178082488750226412976905E+01 -0.99691974016027037584529663579885E+00
-0.16885576172948394085158639448519E+01 -0.99810874435885078522565786731429E+00
-0.16905123511869882472880437571043E+01 -0.99926270326006292298769098018911E+00
-0.16924076508497110045610258421406E+01 -0.10003815762902220318817900678062E+01
-0.16942434497348089479685342157610E+01 -0.10014653241093270639780079780209E+01
-0.16960196833832132351430408670821E+01 -0.10025139086124391639589870502257E+01
-0.16977362894272555762575634942750E+01 -0.10035272929310168982477618624980E+01
-0.16993932075928652445416776067224E+01 -0.10045054414342082159019589581919E+01
-0.17009903797016921637521188653845E+01 -0.10054483197300989823613038106012E+01
-0.17025277496731564355010444137950E+01 -0.10063558946669181308265600473561E+01
-0.17040052635264236920799468075648E+01 -0.10072281343341994074101594014079E+01
-0.17054228693823065771543066435278E+01 -0.10080650080638995662354381488497E+01
-0.17067805174650922195547892207991E+01 -0.10088664864314730637892766350073E+01
-0.17080781601042955589794659542871E+01 -0.10096325412569031564638836941192E+01
-0.17093157517363384970063018556785E+01 -0.10103631456056894578357953702839E+01
-0.17104932489061548503355281275288E+01 -0.10110582737897917960000027096803E+01
-0.17116106102687210340848611187118E+01 -0.10117179013685303727117687823757E+01
-0.17126677965905123662963834277023E+01 -0.10123420051494423112879232585859E+01
-0.17136647707508850187004139403519E+01 -0.10129305631890943592373317167515E+01
-0.17146014977433835773376095951890E+01 -0.10134835547938519140691238371698E+01
-0.17154779446769740546138784658203E+01 -0.10140009605206041785774531249882E+01
-0.17162940807772024136528754370532E+01 -0.10144827621774455323865588635048E+01
-0.17170498773872785883571984316947E+01 -0.10149289428243130872474070092005E+01
-0.17177453079690858140085774399077E+01 -0.10153394867735802986745709891768E+01
-0.17183803481041154679294493808810E+01 -0.10157143795906066495534765555416E+01
-0.17187701468472606509935498115537E+01 -0.10159444953899061675663521214179E+01
-0.17191330893548602788710675273575E+01 -0.10161587567615275456345470711426E+01
-0.17194691699629327411980652579525E+01 -0.10163571603572983971773218521206E+01
-0.17197783834266955450176431985969E+01 -0.10165397030768485069305157998265E+01
-0.17200607249206463886949979291817E+01 -0.10167063820676598955396827297170E+01
-0.17203296359209127339973173159527E+01 -0.10168651324401451989514801057753E+01
-0.17205985609112446723454998254179E+01 -0.10170238910826236121723817956065E+01
-0.17208674998920802255011817129057E+01 -0.10171826579953527786866822792432E+01
-0.17211364528638574396069746835545E+01 -0.10173414331785903426740537027367E+01
-0.17214054198270143590194362353586E+01 -0.10175002166325939584519303430717E+01
-0.17211364528638574396069746835545E+01 -0.10173414331785903426740537027367E+01
-0.17208674998920802255011817129057E+01 -0.10171826579953527786866822792432E+01
-0.17205985609112446723454998254179E+01 -0.10170238910826236121723817956065E+01
-0.17203296359209127339973173159527E+01 -0.10168651324401451989514801057753E+01
-0.17200607249206463886949979291817E+01 -0.10167063820676598955396827297170E+01
-0.17197783834266955450176431985969E+01 -0.10165397030768485069305157998265E+01
-0.17194691699629327411980652579525E+01 -0.10163571603572983971773218521206E+01
-0.17191330893548602788710675273575E+01 -0.10161587567615275456345470711426E+01
-0.17187701468472606509935498115537E+01 -0.10159444953899061675663521214179E+01
-0.17183803481041154679294493808810E+01 -0.10157143795906066495534765555416E+01
-0.17177453079690858140085774399077E+01 -0.10153394867735802986745709891768E+01
-0.17170498773872785883571984316947E+01 -0.10149289428243130872474070092005E+01
-0.17162940807772024136528754370532E+01 -0.10144827621774455323865588635048E+01
-0.17154779446769740546138784658203E+01 -0.10140009605206041785774531249882E+01
-0.17146014977433835773376095951890E+01 -0.10134835547938519140691238371698E+01
-0.17136647707508850187004139403519E+01 -0.10129305631890943592373317167515E+01
-0.17126677965905123662963834277023E+01 -0.10123420051494423112879232585859E+01
-0.17116106102687210340848611187118E+01 -0.10117179013685303727117687823757E+01
-0.17104932489061548503355281275288E+01 -0.10110582737897917960000027096803E+01
-0.17093157517363384970063018556785E+01 -0.10103631456056894578357953702839E+01
-0.17080781601042955589794659542871E+01 -0.10096325412569031564638836941192E+01
-0.17067805174650922195547892207991E+01 -0.10088664864314730637892766350073E+01
-0.17054228693823065771543066435278E+01 -0.10080650080638995662354381488497E+01
-0.17040052635264236920799468075648E+01 -0.10072281343341994074101594014079E+01
-0.17025277496731564355010444137950E+01 -0.10063558946669181308265600473561E+01
-0.17009903797016921637521188653845E+01 -0.10054483197300989823613038106012E+01
-0.16993932075928652445416776067224E+01 -0.10045054414342082159019589581919E+01
-0.16977362894272555762575634942750E+01 -0.10035272929310168982477618624980E+01
-0.16960196833832132351430408670821E+01 -0.10025139086124391639589870502257E+01
-0.16942434497348089479685342157610E+01 -0.10014653241093270639780079780209E+01
-0.16924076508497110045610258421406E+01 -0.10003815762902220318817900678062E+01
-0.16905123511869882472880437571043E+01 -0.99926270326006292298769098018911E+00
-0.16885576172948394085158639448519E+01 -0.99810874435885078522565786731429E+00
-0.16865435178082488750226412976905E+01 -0.99691974016027037584529663579885E+00
-0.16844701234465688267282694105022E+01 -0.99569573247026837624468393199006E+00
-0.16823375070110280760231198153088E+01 -0.99443676432558856676409159067503E+00
-0.16801457433821673872330946207946E+01 -0.99314287999226382677775081015171E+00
-0.16778949095172015667693939119460E+01 -0.99181412496406494993516691476015E+00
-0.16755850844473085812570775371052E+01 -0.99045054596090678892299810986981E+00
-0.16732163492748451389289881551002E+01 -0.98905219092721098714830817160363E+00
-0.16707887871704897910663586491990E+01 -0.98761910903022628374694403035987E+00
-0.16683024833703127751678263856926E+01 -0.98615135065830571736840028287597E+00
-0.16657575251727731058132065750641E+01 -0.98464896741914103545796869903718E+00
-0.16631540019356432456959210591750E+01 -0.98311201213795465933336419120955E+00
-0.16604920050728607887792920360500E+01 -0.98154053885564867782065143633278E+00
-0.16577716280513080858432526567423E+01 -0.97993460282691151687780716634253E+00
-0.16549929663875191068847379334076E+01 -0.97829426051828213817183761156839E+00
-0.16521561176443143120621583414958E+01 -0.97661956960617140137556514591358E+00
-0.16492611814273633803902443486026E+01 -0.97491058897484168163353063664027E+00
-0.16463082593816756680849875764810E+01 -0.97316737871434359469442561736310E+00
-0.16432974551880191600222200376265E+01 -0.97139000011841093589017067540737E+00
-0.16402288745592673480610072376939E+01 -0.96957851568231331491354397251493E+00
-0.16371026252366744773064523186963E+01 -0.96773298910066663498621096108713E+00
-0.16339188169860794721719956087001E+01 -0.96585348526520177660625196636121E+00
-0.16306775615940382289513517035147E+01 -0.96394007026249126442028236874766E+00
-0.16273789728638848757475625518220E+01 -0.96199281137163408537164477570529E+00
-0.16240231666117216605036878303139E+01 -0.96001177706189888326741290124708E+00
-0.16206102606623381506893771570763E+01 -0.95799703699032535275137034042186E+00
-0.16171403748450592609379695327506E+01 -0.95594866199928421711183703539804E+00
-0.16136136309895228560818911523356E+01 -0.95386672411399558011925249793746E+00
-0.16100301529213866456117036030780E+01 -0.95175129654000595464201119566515E+00
-0.16063900664579647083100648227076E+01 -0.94960245366062407319739261510181E+00
-0.16026934994037937514650573559239E+01 -0.94742027103431527518412335486278E+00
-0.15989405815461292561537091881225E+01 -0.94520482539205499842515656921982E+00
-0.15951314446503717154089356467585E+01 -0.94295619463464119584725423345401E+00
-0.15912662224554229116792220192987E+01 -0.94067445782996565966262571484217E+00
-0.15873450506689728328953202692508E+01 -0.93835969521024478953171199193270E+00
-0.15833680669627168684154267755956E+01 -0.93601198816920936566709841515037E+00
-0.15793354109675037437158686343360E+01 -0.93363141925925403004282307323473E+00
-0.15752472242684144007393019172479E+01 -0.93121807218854587481235784366245E+00
-0.15711036503997718261809868084571E+01 -0.92877203181809279147579614070863E+00
-0.15669048348400820994580924574067E+01 -0.92629338415877169021098541251851E+00
-0.15626509250069066974818546996093E+01 -0.92378221636831613789728152969708E+00
-0.15583420702516665830423600528414E+01 -0.92123861674826416928632947235437E+00
-0.15539784218543776854566845946313E+01 -0.91866267474086615082596685160407E+00
-0.15495601330183185774283831537169E+01 -0.91605448092595230966129820368858E+00
-0.15450873588646301070844206928804E+01 -0.91341412701776149732840916240417E+00
-0.15405602564268471072384895230675E+01 -0.91074170586172881522670630518805E+00
-0.15359789846453630975479039689175E+01 -0.90803731143123540115991311130440E+00
-0.15313437043618268024105929111124E+01 -0.90530103882431738884567526459568E+00
-0.15266545783134723872996909650039E+01 -0.90253298426033631062106517715353E+00
-0.15219117711273820964520814721532E+01 -0.89973324507661031588132482518784E+00
-0.15171154493146823025144732783724E+01 -0.89690191972500597295014764760016E+00
-0.15122657812646730623748935592775E+01 -0.89403910776849158173933669231720E+00
-0.15073629372388910832198080044308E+01 -0.89114490987765122480107880996548E+00
-0.15024070893651068140416680752591E+01 -0.88821942782716050925469835011444E+00
-0.14973984116312552587396106729235E+01 -0.88526276449222369008413078605879E+00
-0.14923370798793011799744642141475E+01 -0.88227502384497216711950568547390E+00
-0.14872232717990386850153448979456E+01 -0.87925631095082503203145906765497E+00
-0.14820571669218255100998778825578E+01 -0.87620673196481096344939565995131E+00
-0.14768389466142522073440990435604E+01 -0.87312639412785282394395635635484E+00
-0.14715687940717461573471916211453E+01 -0.87001540576301359003977278245884E+00
-0.14662468943121112391388120996387E+01 -0.86687387627170505425890758162396E+00
-0.14608734341690027902458729093112E+01 -0.86370191612985865945821447001443E+00
-0.14554486022853383880202427979093E+01 -0.86049963688405909980171814210523E+00
-0.14499725891066444351336783243283E+01 -0.85726715114764030956035652540199E+00
-0.14444455868743391533051405828384E+01 -0.85400457259674436679990278325969E+00
-0.14388677896189519083667609018409E+01 -0.85071201596634339796805233103831E+00
-0.14332393931532791076127738495711E+01 -0.84738959704622467367178561020080E+00
-0.14275605950654769834699285944409E+01 -0.84403743267693853417383273216496E+00
-0.14218315947120916377986024845051E+01 -0.84065564074571026673731868194626E+00
-0.14160525932110262168857021104352E+01 -0.83724434018231513908925975853502E+00
-0.14102237934344457615504770198790E+01 -0.83380365095491713209526300799420E+00
-0.14043454000016199944752768744645E+01 -0.83033369406587176889917374895448E+00
-0.13984176192717038854221584007488E+01 -0.82683459154749270667952738239367E+00
-0.13924406593364568465089939192868E+01 -0.82330646645778246830115233429764E+00
-0.13864147300129002769720303153937E+01 -0.81974944287612773772060621348850E+00
-0.13803400428359138557106956632463E+01 -0.81616364589895879484888470433340E+00
-0.13742168110507711448428125835045E+01 -0.81254920163537374805704405035663E+00
-0.13680452496056142408049238241793E+01 -0.80890623720272758564575989680388E+00
-0.13618255751438680574754944358772E+01 -0.80523488072218605130686817738940E+00
-0.13555580059965943123881341128408E+01 -0.80153526131424471328231409827359E+00
-0.13492427621747860065802705710822E+01 -0.79780750909421306258308264762123E+00
-0.13428800653616016335254395655227E+01 -0.79405175516766471086618084586451E+00
-0.13364701389045401639286475871171E+01 -0.79026813162585229592099523399835E+00
-0.13300132078075573013925884767402E+01 -0.78645677154108880086169969687867E+00
-0.13235094987231221359301631006236E+01 -0.78261780896209464575379947558634E+00
-0.13169592399442157916082521876740E+01 -0.77875137890931072846323683590704E+00
-0.13103626613962712728444498514977E+01 -0.77485761737017806219355712107724E+00
-0.13037199946290554645461958162741E+01 -0.77093666129438357725985637494546E+00
-0.12970314728084933263667486290359E+01 -0.76698864858907269105998810361933E+00
-0.12902973307084342627000894329489E+01 -0.76301371811402886129972274159048E+00
-0.12835178047023616820389412756829E+01 -0.75901200967681954005898995843530E+00
-0.12766931327550450686561384470450E+01 -0.75498366402791031020739252673288E+00
-0.12698235544141356858327475018760E+01 -0.75092882285574524185954025889238E+00
-0.12629093108017056565322209081574E+01 -0.74684762878179556085967966548925E+00
-0.12559506446057310131604477082914E+01 -0.74274022535557592689533599506160E+00
-0.12489478000715186296248380770400E+01 -0.73860675704962809760692986056386E+00
-0.12419010229930779761321625971019E+01 -0.73444736925447346638922402284446E+00
-0.12348105607044370160892491107123E+01 -0.73026220827353321765715960686775E+00
-0.12276766620709036555139227194347E+01 -0.72605142131801741392075855844100E+00
-0.12204995774802720165357212309213E+01 -0.72181515650178230716007655590501E+00
-0.12132795588339744354375140094297E+01 -0.71755356283615690289907711660535E+00
-0.12060168595381793070251369244913E+01 -0.71326679022473842456928281045187E+00
-0.11987117344948351060844474094341E+01 -0.70895498945815679339375250722752E+00
-0.11913644400926607283793915233405E+01 -0.70461831220880888571749001301506E+00
-0.11839752341980827329624102108117E+01 -0.70025691102556227753941233630269E+00
-0.11765443761461192258802724984163E+01 -0.69587093932842874173510515465264E+00
-0.11690721267312117428416219352750E+01 -0.69146055140320786299897696743870E+00
-0.11615587481980039042526638363271E+01 -0.68702590239610079758462008271262E+00
-0.11540045042320687684981183398634E+01 -0.68256714830829484782349720481934E+00
-0.11464096599505839820329164813863E+01 -0.67808444599051779028175017860252E+00
-0.11387744818929553115625961236687E+01 -0.67357795313756428215511935341903E+00
-0.11310992380113896498013654402322E+01 -0.66904782828279211894818098362954E+00
-0.11233841976614163634162663829923E+01 -0.66449423079259055915707320760878E+00
-0.11156296315923586036636190247458E+01 -0.65991732086081983562193093968493E+00
-0.11078358119377543083016383596644E+01 -0.65531725950322224493150934260091E+00
-0.11000030122057269457249409318850E+01 -0.65069420855180543149626060695171E+00
-0.10921315072693070729880602398029E+01 -0.64604833064919736851801179442089E+00
-0.10842215733567042123851535160062E+01 -0.64137978924297408652118589796546E+00
-0.10762734880415298031631879808913E+01 -0.63668874857995964354678000096061E+00
-0.10682875302329717528206437679735E+01 -0.63197537370049888501232260541882E+00
-0.10602639801659197509368525007261E+01 -0.62723983043270351374615849860145E+00
-0.10522031193910438705174224000245E+01 -0.62248228538667077323335692968597E+00
-0.10441052307648241229183956954480E+01 -0.61770290594867601897669450269954E+00
-0.10359705984395330659626086790981E+01 -0.61290186027533879077782139539094E+00
-0.10277995078531715206763582820123E+01 -0.60807931728776281119812668926667E+00
-0.10195922457193572072594183916879E+01 -0.60323544666564990869758366657272E+00
-0.10113491000171668786536790194497E+01 -0.59837041884138838783686686839631E+00
-0.10030703599809322039376338416448E+01 -0.59348440499411605212311389253594E+00
-0.99475631608999024104291235179877E+00 -0.58857757704375779771769965991102E+00
-0.98640726005838778212578205307181E+00 -0.58365010764503836961448521791198E+00
-0.97802348482454079899173224039665E+00 -0.57870217018147039231333999026476E+00
-0.96960528454084912772640169948595E+00 -0.57373393875931779062653456602083E+00
-0.96115295456326613839557144886790E+00 -0.56874558820153489784603417066953E+00
-0.95266679144082455906370045391129E+00 -0.56373729404168186738931145939737E+00
-0.94414709290511831736519306951867E+00 -0.55870923251781572238510560454805E+00
-0.93559415785974032566046406095919E+00 -0.55366158056635833251567135901989E+00
-0.92700828636967770126698436459282E+00 -0.54859451581594098160112781220541E+00
-0.91838977965066343840989285821090E+00 -0.54350821658122560963409585419823E+00
-0.90973894005848560382699542389180E+00 -0.53840286185670353525789357665836E+00
-0.90105607107825423798285526119593E+00 -0.53327863131047160135517279468798E+00
-0.89234147731362649053743361049253E+00 -0.52813570527798575408458891885083E+00
-0.88359546447598950688013406190986E+00 -0.52297426475579272778077048796630E+00
-0.87481833937360251999589053130703E+00 -0.51779449139523983261967744734123E+00
-0.86601040990069733986230423152645E+00 -0.51259656749616350710315775373867E+00
-0.85717198502653910860859464120866E+00 -0.50738067600055598410898984815723E+00
-0.84830337478444527526354674757945E+00 -0.50214700048621132022880456843564E+00
-0.83940489026076574212163551012474E+00 -0.49689572516035059150383792995217E+00
-0.83047684358382250059758859298950E+00 -0.49162703485322648992687059316144E+00
-0.82151954791281023923657012298631E+00 -0.48634111501170769454285861014137E+00
-0.81253331742665768617606569988776E+00 -0.48103815169284307679087842356251E+00
-0.80351846731284984825097094672969E+00 -0.47571833155740656419275210863162E+00
-0.79447531375621261711777032433509E+00 -0.47038184186342220712217371745655E+00
-0.78540417392765818245853912774205E+00 -0.46502887045967015228968757294211E+00
-0.77630536597289348630722803823984E+00 -0.45965960577917372569108678612723E+00
-0.76717920900109065627094096016628E+00 -0.45427423683266758697371500600571E+00
-0.75802602307351971591969888557905E+00 -0.44887295320204841968484007125551E+00
-0.74884612919214646716125672962327E+00 -0.44345594503380618840627870317774E+00
-0.73963984928819043217235466680104E+00 -0.43802340303243872415585022478962E+00
-0.73040750621065018838464560276523E+00 -0.43257551845384829387468142855082E+00
-0.72114942371478964935350180011970E+00 -0.42711248309872078138500471149519E+00
-0.71186592645059060571860431357355E+00 -0.42163448930588840213393582875397E+00
-0.70255733995116924463257794662572E+00 -0.41614172994567525178866168310501E+00
-0.69322399062115731208592011246583E+00 -0.41063439841322686214365620877294E+00
-0.68386620572504928914206988381547E+00 -0.40511268862182351921417924714539E+00
-0.67448431337551440293568315793227E+00 -0.39957679499617747560760341741935E+00
-0.66507864252167469840775319270663E+00 -0.39402691246571556288218030439002E+00
-0.65564952293734952501105160718502E+00 -0.38846323645784564047776902943505E+00
-0.64619728520926609136287934672147E+00 -0.38288596289120863813775274198916E+00
-0.63672226072523700675591043990172E+00 -0.37729528816891608738566137920280E+00
-0.62722478166230438301925959886235E+00 -0.37169140917177310376920386627089E+00
-0.61770518097485197035141154965978E+00 -0.36607452325148784923335714967010E+00
-0.60816379238268419382970809727943E+00 -0.36044482822386664416879709109284E+00
-0.59860095035907326608423843741287E+00 -0.35480252236199647695505255072003E+00
-0.58901699011877457605052576958388E+00 -0.34914780438941421063748866451414E+00
-0.57941224760601031045325692007792E+00 -0.34348087347326281793410997493554E+00
-0.56978705948242166365924285203815E+00 -0.33780192921743597831892723925829E+00
-0.56014176311499027607769060499558E+00 -0.33211117165570972228140822011639E+00
-0.55047669656392863722227856747522E+00 -0.32640880124486328744122759199777E+00
-0.54079219857053987750300865806213E+00 -0.32069501885778776183449674658336E+00
-0.53108860854504752394380636030751E+00 -0.31497002577658440884316365033209E+00
-0.52136626655439484581812561865813E+00 -0.30923402368565185175046620158392E+00
-0.51162551331001482997686210946252E+00 -0.30348721466476308238861857826902E+00
-0.50186669015556998372038832147304E+00 -0.29772980118213237218994450171530E+00
-0.49209013905466356178603216387466E+00 -0.29196198608747289811593892433650E+00
-0.48229620257852112333761749048180E+00 -0.28618397260504433094675570835859E+00
-0.47248522389364271103075686407563E+00 -0.28039596432669243204226252605645E+00
-0.46265754674942821270669980525357E+00 -0.27459816520487923459586425938948E+00
-0.45281351546577165363760938807123E+00 -0.26879077954570566612799691349997E+00
-0.44295347492062948270848531111773E+00 -0.26297401200192606531667211373132E+00
-0.43307777053755965324617320689706E+00 -0.25714806756595504494153494762591E+00
-0.42318674827323248562853353419141E+00 -0.25131315156286759533640379966509E+00
-0.41328075460491516475220189954077E+00 -0.24546946964339268236422612994748E+00
-0.40336013651792696124603427206446E+00 -0.23961722777689978929177113180988E+00
-0.39342524149306878247404364725533E+00 -0.23375663224438065925646167083973E+00
-0.38347641749402449783797939514967E+00 -0.22788788963142442795548770468556E+00
-0.37351401295473463337651825093580E+00 -0.22201120682118826883037764366394E+00
-0.36353837676674526129736359434243E+00 -0.21612679098736363862067187412104E+00
-0.35354985826652717004145382210688E+00 -0.21023484958713733889569539339924E+00
-0.34354880722277091078779282130281E+00 -0.20433559035414980236731245009602E+00
-0.33353557382365393691954123301507E+00 -0.19842922129144914548231770207584E+00
-0.32351050866408114422709782386071E+00 -0.19251595066444253931542251304477E+00
-0.31347396273289980386664917290197E+00 -0.18659598699384532849549590705299E+00
-0.30342628740008733348744665379533E+00 -0.18066953904862756672507923572771E+00
-0.29336783440391334748189539889549E+00 -0.17473681583895920328874569155361E+00
-0.28329895583807510499233254181588E+00 -0.16879802660915434144804402854211E+00
-0.27322000413880688396982005579185E+00 -0.16285338083061389612950624494397E+00
-0.26313133207196351467556663940114E+00 -0.15690308819476943534536760404490E+00
-0.25303329272007669271315728636490E+00 -0.15094735860602605224851733714747E+00
-0.24292623946938618815843568270015E+00 -0.14498640217470656795996571857258E+00
-0.23281052599684448862894658091341E+00 -0.13902042920999691835855635856341E+00
-0.22268650625709471663568866104075E+00 -0.13304965021289343361237919364225E+00
-0.21255453446942261713084778491753E+00 -0.12707427586915237884167552407873E+00
-0.20241496510468219856453881519623E+00 -0.12109451704224182381013144614736E+00
-0.19226815287219430555405005764538E+00 -0.11511058476629787907747125698769E+00
-0.18211445270661904130777685292557E+00 -0.10912269023908405610226933132766E+00
-0.17195421975480112646677842950698E+00 -0.10313104481495540563257128733965E+00
-0.16178780936258855400368030025476E+00 -0.97135859997827850830356237576840E-01
-0.15161557706162337319972877855605E+00 -0.91137347434152803502003946749419E-01
-0.14143787855610593031453938364713E+00 -0.85135718905898572142228347725118E-01
-0.13125506970953122954210428698820E+00 -0.79131186323538364996439634339032E-01
-0.12106750653139673028344491516995E+00 -0.73123961719045366635782553791977E-01
-0.11087554516388306613533939897851E+00 -0.67114257238896957787928733455639E-01
-0.10067954186850549426576386792637E+00 -0.61102285137086615893495636524229E-01
-0.90479853012736049449597477346934E-01 -0.55088257768146398841400629626051E-01
-0.80276835056598520527417727062687E-01 -0.49072387580178107987058487704263E-01
-0.70070844539230300623777513583323E-01 -0.43054887107897229743373288318808E-01
-0.59862238065417992286647389816194E-01 -0.37035968965686701240239297011583E-01
-0.49651372292098883833997250827479E-01 -0.31015845840663792466014220857135E-01
-0.39438603914833686693594981251253E-01 -0.24994730485759968558632467653129E-01
-0.29224289654246891200386261420241E-01 -0.18972835712814925260578147955955E-01
-0.19008786242433793908991520526672E-01 -0.12950374385684314958894805198195E-01
-0.87924504093362220382433424848790E-02 -0.69275594133638240696991411730861E-02
0.14243611309170588631741331150393E-02 -0.90460374312907683621370407263178E-03
0.11641291693703082704768765031566E-01 0.51182796463068907612450069651608E-02
0.21857984637633407453251870798380E-01 0.11140877751618541676359096917487E-01
0.32074083378318850532910945589304E-01 0.17162977551673928116843376551932E-01
0.42289231402170622867260494057494E-01 0.23184366014320206547239524625631E-01
0.52503072280240642083166221416470E-01 0.29204830103148837307596246756629E-01
0.62715249682099014274446273659660E-01 0.35224156784238789697332107678835E-01
0.72925407389753884759743921737655E-01 0.41242133032876738137121345439968E-01
0.83133189311610382182146135959151E-01 0.47258545840254319813137443121230E-01
0.93338239496473153214370609827281E-01 0.53273182220137662841607457781534E-01
0.10354020214759262293782944858130E+00 0.59285829215514833276025156198170E-01
0.11373872163675569942438704312801E+00 0.65296273905212007791295272094523E-01
0.12393344251842432676543044015868E+00 0.71304303410483858284581169054182E-01
0.13412400954392070885787753439201E+00 0.77309704901572756016237951188703E-01
0.14431006767566318181686603748849E+00 0.83312265604237519265073954537630E-01
0.15449126210145378456455998903132E+00 0.89311772806249872793463459903575E-01
0.16466723824881813376900295445675E+00 0.95308013863856528388109993392573E-01
0.17483764179940176017417533005512E+00 0.10130077620820697804940438981900E+00
0.18500211870342307532498911805066E+00 0.10728984735174425582473225498183E+00
0.19516031519418558454731565642232E+00 0.11327501489455722172372406483287E+00
0.20531187780265255847091430592820E+00 0.11925606653069387466982168950266E+00
0.21545645337208544302804431094806E+00 0.12523279005443244206987493993747E+00
0.22559368907274874298527582274657E+00 0.13120497336651037578071958021791E+00
0.23572323241668470765047155797777E+00 0.13717240448030766187705603983195E+00
0.24584473127256012075108695608821E+00 0.14313487152798372849029410008009E+00
0.25595783388058811017440984541967E+00 0.14909216276656620779748002781787E+00
0.26606218886752841997378967784229E+00 0.15504406658398864648146546235050E+00
0.27615744526176965886016380231586E+00 0.16099037150507583323085592308753E+00
0.28624325250849652081027550951208E+00 0.16693086619747418702082771555282E+00
0.29631926048494534689947113143667E+00 0.17286533947752556351377934036454E+00
0.30638511951575418056905867091008E+00 0.17879358031608145923942323259434E+00
0.31644048038840814076610871284023E+00 0.18471537784425540594638596212223E+00
0.32648499436878715490206759380760E+00 0.19063052135911149541766938139865E+00
0.33651831321681947052095114021912E+00 0.19653880032928576745127384274463E+00
0.34654008920224587244611859148820E+00 0.20244000440053793649751247669476E+00
0.35654997512050043039074329087605E+00 0.20833392340123106614407522163907E+00
0.36654762430871199982147916181633E+00 0.21422034734773514308229545145174E+00
0.37653269066183374620726111046649E+00 0.22009906644975238375553314242338E+00
0.38650482864890572573494814634278E+00 0.22596987111556124313539931967297E+00
0.39646369332945629000523421481208E+00 0.23183255195717363510688296402435E+00
0.40640894037005197379672579874581E+00 0.23768689979540540196454269054199E+00
0.41634022606099881584794122383923E+00 0.24353270566485216311379830632586E+00
0.42625720733320652446119118147289E+00 0.24936976081876988330016133471342E+00
0.43615954177522167891431223908217E+00 0.25519785673385491243726869632521E+00
0.44604688765043762157529484521805E+00 0.26101678511491811080467165291871E+00
0.45591890391449264672695064404189E+00 0.26682633789945088972611171526248E+00
0.46577525023286277580723472784200E+00 0.27262630726207616103890284571690E+00
0.47561558699866227971510007483701E+00 0.27841648561888011765927864017564E+00
0.48543957535066007817361136136734E+00 0.28419666563162117761169182767835E+00
0.49524687719152433727532200430154E+00 0.28996664021180694243245513375641E+00
0.50503715520630797020094306687173E+00 0.29572620252463779073274650030712E+00
0.51481007288118550442942283633106E+00 0.30147514599280741766856940622649E+00
0.52456529452245706024020220871713E+00 0.30721326430015605744408629215851E+00
0.53430248527583252871015154698216E+00 0.31294035139516939922841254474658E+00
0.54402131114601046751925840185796E+00 0.31865620149431526859624715918062E+00
0.55372143901656909752686699137874E+00 0.32436060908521163253026899165106E+00
0.56340253667018489575350376156660E+00 0.33005336892961782537395844880013E+00
0.57306427280919824395123673632248E+00 0.33573427606624033072893763496011E+00
0.58270631707654362798640092065998E+00 0.34140312581334523032389703858407E+00
0.59232834007706654606020798878656E+00 0.34705971377116725749984350965785E+00
0.60193001339924697069682517192412E+00 0.35270383582410665719639662170737E+00
0.61151100963735357855983310527597E+00 0.35833528814270300052867542581854E+00
0.62107100241405263465510329639262E+00 0.36395386718537514582837987961750E+00
0.63060966640349767173463308309870E+00 0.36955936969991671648455891672731E+00
0.64012667735492766255741882659932E+00 0.37515159272473385264602422732458E+00
0.64962171211680305526942074253845E+00 0.38073033358981320674021475354783E+00
0.65909444866151164013365788843211E+00 0.38629538991740690555646430666868E+00
0.66854456611067667453904360180695E+00 0.39184655962241904662648177031259E+00
0.67797174476110432868000320909458E+00 0.39738364091247987856846945298583E+00
0.68737566611140787402741031538556E+00 0.40290643228769007828659018273092E+00
0.69675601288934929301102136017395E+00 0.40841473254001972841827882737048E+00
0.70611246907994225417155015050014E+00 0.41390834075234251012873050753952E+00
0.71544471995436275811335433391328E+00 0.41938705629708587857840846161139E+00
0.72475245209971754310433513780244E+00 0.42485067883447799398207269200442E+00
0.73403535344972274970047177001325E+00 0.43029900831036816013660490183976E+00
0.74329311331635114813492936476792E+00 0.43573184495359814330628006000064E+00
0.75252542242250767318043393954282E+00 0.44114898927290077035432539695220E+00
0.76173197293579972432696079614586E+00 0.44655024205329644043177067838909E+00
0.77091245850347260170496192282999E+00 0.45193540435196481156081954681410E+00
0.78006657428858403456545687027376E+00 0.45730427749355516654036535692816E+00
0.78919401700750159769538402934551E+00 0.46265666306491005671674173308608E+00
0.79829448496880662818123389070216E+00 0.46799236290916380054078231705362E+00
0.80736767811370132688656445686379E+00 0.47331117911918109638918594297884E+00
0.81641329805801817345417046035793E+00 0.47861291403029761530251219246281E+00
0.82543104813594041301342290372552E+00 0.48389737021231951542851339046405E+00
0.83442063344555113089115376863006E+00 0.48916435046073918665801721860522E+00
0.84338176089633609975788659489197E+00 0.49441365778711810236493220422103E+00
0.85231413925877767662181632223180E+00 0.49964509540858665436169456157357E+00
0.86121747921618594469671098677215E+00 0.50485846673640655926045486765296E+00
0.87009149341892646679960445955473E+00 0.51005357536353622132909120683095E+00
0.87893589654121643495194846521208E+00 0.51523022505113757651934446384714E+00
0.88775040534067544104777034857693E+00 0.52038821971395463397785361236936E+00
0.89653473872083313689914298680817E+00 0.52552736340449358344667237661478E+00
0.90528861779681158432387256176136E+00 0.53064746029592394193534030749146E+00
0.91401176596442085888517670635014E+00 0.53574831466361778255726833163986E+00
0.92270390897292549679703150487335E+00 0.54082973086523537695522906801170E+00
0.93136477500176288420144001383022E+00 0.54589151331926012710136952191850E+00
0.93999409474151854569405945918115E+00 0.55093346648187639780372672997624E+00
0.94859160147949177808356281455667E+00 0.55595539482207611173462546660584E+00
0.95715703119021474937133245604787E+00 0.56095710279487053200082323820829E+00
0.96569012263132142333221850292620E+00 0.56593839481247435792276072347918E+00
0.97419061744519945050302687769347E+00 0.57089907521331590337345351722673E+00
0.98265826026689972438820774530882E+00 0.57583894822871791614133834405056E+00
0.99109279883882248563898576449054E+00 0.58075781794707821236095443116543E+00
0.99949398413274946734254547395988E+00 0.58565548827536494387591494465179E+00
0.10078615704798479098124143793547E+01 0.59053176289772630132893023886879E+00
0.10161953157093328277377114264422E+01 0.59538644523099573792971442179718E+00
0.10244949812965446358383038882511E+01 0.60021933837685428979576032310429E+00
0.10327603325212753440872700153890E+01 0.60503024507039129750977525735060E+00
0.10409911386372624677014258127148E+01 0.60981896762477962371177096410377E+00
0.10491871730538673252809676559699E+01 0.61458530787175618291923410749665E+00
0.10573482135310612730203847786502E+01 0.61932906709756964659633642131238E+00
0.10654740423889654190675225391968E+01 0.62405004597402460174379512948487E+00
0.10735644467333248213202856922587E+01 0.62874804448421656534800739561540E+00
0.10816192186984538181870033558042E+01 0.63342286184251110732878336219114E+00
0.10896381557093601497530676134417E+01 0.63807429640827955113737763699543E+00
0.10976210607649522523372291577835E+01 0.64270214559285074900735248463814E+00
0.11055677427444577551184121681732E+01 0.64730620575908681738141911704638E+00
0.11134780167394299713755499814144E+01 0.65188627211292864846713356477522E+00
0.11213517044140085070506130876331E+01 0.65644213858618816933945035516416E+00
0.11291886343964242040342910559272E+01 0.66097359770978917451592349673531E+00
0.11369886427051122603050555611953E+01 0.66548044047657145020421559738485E+00
0.11447515732132236517061581184944E+01 0.66996245619267691986051136244971E+00
0.11524772781558126335662598121241E+01 0.67441943231642882923769619278170E+00
0.11601656186845420042099490819834E+01 0.67885115428348972057256977712436E+00
0.11678164654753933651485404621190E+01 0.68325740531694982553239298854404E+00
0.11754296993956193370686210869302E+01 0.68763796622083612284209130008485E+00
0.11830052122370404034995133529814E+01 0.69199261515535778684791435710633E+00
0.11905429075237964396801405736407E+01 0.69632112739200115974449476190630E+00
0.11980427014038343935689234757283E+01 0.70062327504635557143006386599490E+00
0.12055045236347852061330688856507E+01 0.70489882678629187887233386301821E+00
0.12129283186764860450616053115092E+01 0.70914754751281278549590947654595E+00
0.12203140469042933908517364669458E+01 0.71336919801055228737909489466750E+00
0.12276616859595567563557031023202E+01 0.71756353456450485219934243162185E+00
0.12349712322562584968318838986252E+01 0.72173030853911171263167835995454E+00
0.12422427026659550708130364700971E+01 0.72586926591530645769433940876643E+00
0.12494761364068880182033722622968E+01 0.72998014678051446199661123990129E+00
0.12566715971676016309012056730024E+01 0.73406268476589773400266843090967E+00
0.12638291755007783372162938326257E+01 0.73811660642431747428562195050025E+00
0.12709489915294898920125321965904E+01 0.74214163054153195109909010085492E+00
0.12780311980159367706865679586275E+01 0.74613746737203137728607805785720E+00
0.12850759838523414198093332834667E+01 0.75010381778960210503859089114690E+00
0.12920835780454222803575766374023E+01 0.75404037234117484895257730445787E+00
0.12990542542803598593934974810968E+01 0.75794681019069328347037497645023E+00
0.13059883361681138558166155946678E+01 0.76182279793759589110769433615987E+00
0.13128862033023239355105091604192E+01 0.76566798829195249190536366992586E+00
0.13197482982800913010804188042942E+01 0.76948201858526530056240521988438E+00
0.13265751348763851797222619189588E+01 0.77326450909233024622374336088380E+00
0.13333673076069284661804223515075E+01 0.77701506113520208282291393401828E+00
0.13401255029722053824648130557942E+01 0.78073325493516752263357370244284E+00
0.13468505127500831157008453885025E+01 0.78441864717219434224659380024841E+00
0.13535432498017291924480858201358E+01 0.78807076820432924788599789761370E+00
0.13602047669847655297474063070202E+01 0.79168911888877630973346373307426E+00
0.13668362799356473390187278148273E+01 0.79527316694037556846618619480098E+00
0.13734391947210498726121840572546E+01 0.79882234273495471038854574229233E+00
0.13800151416461860010348487011283E+01 0.80233603449461499739354741681379E+00
0.13865660170127731594477380838160E+01 0.80581358263566610648842840242181E+00
0.13930940350009097908359938727110E+01 0.80925427345413082764404290073687E+00
0.13996017933719922673742277924898E+01 0.81265733103920715615608213785314E+00
0.14060923559266195104654304885057E+01 0.81602191009409516822053761770531E+00
0.14125693624871474467390320942607E+01 0.81934708076655202300865069692681E+00
0.14190371618657520530832758747183E+01 0.82263183160462427725807280985122E+00
0.14255010216533739554939187622198E+01 0.82587501064075022541498769042689E+00
0.14319673128713674916729364483162E+01 0.82907544694500911182237109569683E+00
0.14384440647382861685849332697622E+01 0.83223151826456803460102545953932E+00
0.14449408433690546722138954402630E+01 0.83534240841603025661864675630576E+00
0.14527821535784812182434515041155E+01 0.83901196750159107599458591581019E+00
0.14607005191798384886535626809530E+01 0.84260983330619733966160409550362E+00
0.14687381127110250729197105609795E+01 0.84613210254499709999932052870529E+00
0.14769584618351510804086290148773E+01 0.84957472144126831021971416224088E+00
0.14854649538982213423850091887156E+01 0.85293374562873790771085597479458E+00
0.14939645569091480768042867550085E+01 0.85603932064092623316301436137287E+00
0.15020750980862955833176216112501E+01 0.85872200108536945651953005188319E+00
0.15098229633876487027207661638340E+01 0.86096824541609962940215968986453E+00
0.15172317349155720946586702074800E+01 0.86278589121876069973785314130208E+00
