0.98627929752506300542146072905817E+00 0.98816901335309027285184638415415E+00
0.99222047327506322891743693620085E+00 0.98374217989039088758563965329469E+00
0.99783923394000201145318550507165E+00 0.97959829535539746083088605662359E+00
0.10031067866665172587870352126258E+01 0.97574871748925904167242504971742E+00
0.10080013808809799631161743919090E+01 0.97220242044736733024239878486072E+00
0.10125002568818645590948008702859E+01 0.96896887491105499977338027151843E+00
0.10166040875800054110253203099240E+01 0.96604089647433685821761457726327E+00
0.10203956187465608101375603648946E+01 0.96335395096515035917518353991254E+00
0.10239451875322702931757600044553E+01 0.96085422009995515249085291541257E+00
0.10272995690325792451845512085528E+01 0.95850584014938485802246673235559E+00
0.10304918411469868384749952222935E+01 0.95628340352556509943516097483747E+00
0.10272995690325792451845512085528E+01 0.95850584014938485802246673235559E+00
0.10239451875322702931757600044553E+01 0.96085422009995515249085291541257E+00
0.10203956187465608101375603648946E+01 0.96335395096515035917518353991254E+00
0.10166040875800054110253203099240E+01 0.96604089647433685821761457726327E+00
0.10125002568818645590948008702859E+01 0.96896887491105499977338027151843E+00
0.10080013808809799631161743919090E+01 0.97220242044736733024239878486072E+00
0.10031067866665172587870352126258E+01 0.97574871748925904167242504971742E+00
0.99783923394000201145318550507165E+00 0.97959829535539746083088605662359E+00
0.99222047327506322891743693620085E+00 0.98374217989039088758563965329469E+00
0.98627929752506300542146072905817E+00 0.98816901335309027285184638415415E+00
0.98776752883561641185466596487056E+00 0.99870011358347600027253137096381E+00
0.99020426534836749461700190315277E+00 0.10094340493187213713212728279820E+01
0.99321542282360697477823592754708E+00 0.10204422020513173599739806741370E+01
0.99684602907947828728403337962763E+00 0.10317081406129658899460592555498E+01
0.10010608030663934024174379265173E+01 0.10432265283456253032326136168644E+01
0.10055967179365341367723413252398E+01 0.10544641599826283805719496198037E+01
0.10102049799414949345191224364584E+01 0.10650536665822182350596355611528E+01
0.10148692019554956895620691238415E+01 0.10751575716251323917631940133642E+01
0.10195750628042338773398739117606E+01 0.10848771937124803337843393295207E+01
0.10243123155845314099687702352108E+01 0.10942796934670815852819546667465E+01
0.10282756137515849035051937043124E+01 0.11019085822441533982026626676215E+01
0.10322492074003228311002945380984E+01 0.11093716153681243299066345250649E+01
0.10362289430918450302336289187951E+01 0.11166852927820424960144240651591E+01
0.10402113167814525926022306702147E+01 0.11238628457118253225565201965486E+01
0.10441932557805064682109073887915E+01 0.11309150862945389659593955575871E+01
0.10481720391753017692530574861460E+01 0.11378509672429583470509811940268E+01
0.10521452405107108318651416451328E+01 0.11446779849017489751210299826648E+01
0.10561106828257216755982515691871E+01 0.11514024771919615897988538091588E+01
0.10600664024155992491898395023639E+01 0.11580298482141032367552468132784E+01
0.10640106192011060123910710045974E+01 0.11645647404024154650133765287492E+01
0.10679417122458471554275062332677E+01 0.11710111684147627309104731693584E+01
0.10718581993522615356940330549065E+01 0.11773726246202037592433145947351E+01
0.10757587199280581403102344428123E+01 0.11836521631798585805093879469932E+01
0.10796420205009328925169803840028E+01 0.11898524677712939967029707848981E+01
0.10835069423961382358019441669283E+01 0.11959759066598519772340508115150E+01
0.10873524111940217570588490257587E+01 0.12020245778713778316524495251712E+01
0.10911774276626880412140051117978E+01 0.12080003465414725985190762643636E+01
0.10949810599210299944537279826372E+01 0.12139048760230420614280087209528E+01
0.10987624366341196643943925116315E+01 0.12197396539708888773835382446342E+01
0.11025207410796366591901360802849E+01 0.12255060143517340141853187180447E+01
0.11062552059530438260538602566171E+01 0.12312051561244506966068201419290E+01
0.11099651088023663354740419046926E+01 0.12368381591803898081311866682157E+01
0.11136497680020115369646685930423E+01 0.12424059980146878425811139412805E+01
0.11173085391900845844446496359368E+01 0.12479095535072386011845510127786E+01
0.11209408121058624161647316531368E+01 0.12533496231199605346052495677095E+01
0.11245460077740717490673829245284E+01 0.12587269297602513541828832179131E+01
0.11281235759908250636582690735953E+01 0.12640421295155205222803690333598E+01
0.11316729930728494941474559128516E+01 0.12692958184277496575186002773115E+01
0.11351937598372771437346348585644E+01 0.12744885384481444561261596876563E+01
0.11386853997839619920671127293175E+01 0.12796207826885846928603062712123E+01
0.11421474574562254952514624500821E+01 0.12846930000675831923901857826683E+01
0.11455794969592453977673905688354E+01 0.12897055994329330933640168546344E+01
0.11489811006180977588489734968441E+01 0.12946589532304590956022543802436E+01
0.11523518677598362995015524406568E+01 0.12995534007777454347571545044597E+01
0.11556914136060093094908178721230E+01 0.13043892511929699649798636740888E+01
0.11589993682637383204128643016918E+01 0.13091667860216834231091654955272E+01
0.11622753758049593146026877736965E+01 0.13138862615982753663789137364687E+01
0.11655190934246949138696332615288E+01 0.13185479111737444891799854766145E+01
0.11687301906703204817472975376450E+01 0.13231519468370692565208530604748E+01
0.11719083487347308404466371447091E+01 0.13276985612538171076654819578160E+01
0.11750532598071358506221455110439E+01 0.13321879292425233701796259495642E+01
0.11781646264759231169365335513112E+01 0.13366202092067234760205434087975E+01
0.11812421611786484074521149429706E+01 0.13409955444382575567289756941134E+01
0.11842855856947557731088939044807E+01 0.13453140643055249328803002154904E+01
0.11872946306771045588675946762098E+01 0.13495758853386963588589929292322E+01
0.11902690352187967352273525402294E+01 0.13537811122224502624476257702467E+01
0.11932085464521655566131051146803E+01 0.13579298387055538246758114487006E+01
0.11961129191771086628192197729831E+01 0.13620221484355288120327089619262E+01
0.11989819155162348312917750958287E+01 0.13660581157257015876821079056390E+01
0.12018153045945463382403200103727E+01 0.13700378062611191566586232981278E+01
0.12046128622416027861917459464568E+01 0.13739612777490962166072273248547E+01
0.12073743707143111823965379809314E+01 0.13778285805195322396419598990691E+01
0.12100996184386652773078868566222E+01 0.13816397580795875103020294119199E+01
0.12127883997689136839411450269106E+01 0.13853948476268239479500833638098E+01
0.12154405147627793017577088855533E+01 0.13890938805244895091828949468014E+01
0.12180557689714769984417862229642E+01 0.13927368827422494231938456088255E+01
0.12206339732433915601099806852221E+01 0.13963238752653339473585314307542E+01
0.12231749435403784125091551858675E+01 0.13998548744747781264607617842138E+01
0.12256785007657406047316163636307E+01 0.14033298925011654517046171480575E+01
0.12281444706030195332740121117670E+01 0.14067489375540560000303435663276E+01
0.12305726833648088884885299780693E+01 0.14101120142290701241021047079839E+01
0.12329629738508698271863905305631E+01 0.14134191237944147972468540904973E+01
0.12353151812148850522745748880198E+01 0.14166702644584730866486509915826E+01
0.12376291488392445534383385455517E+01 0.14198654316199286120467584125792E+01
0.12399047242173055263086017250237E+01 0.14230046181017648711691209713688E+01
0.12421417588426136769753071883225E+01 0.14260878143703581129831776653664E+01
0.12443401081046144628917513640983E+01 0.14291150087407764198427763706365E+01
0.12464996311904197521484319473293E+01 0.14320861875692999254244975160557E+01
0.12486201909922295340994984277169E+01 0.14350013354340890763083677410682E+01
0.12507016540200392824402615155510E+01 0.14378604353048518527644323358012E+01
0.12527438903192915539120817887002E+01 0.14406634687022845875543935257828E+01
0.12547467733931565211289278345611E+01 0.14434104158480017990943206310340E+01
0.12567101801291493985191993346195E+01 0.14461012558056076228891892885741E+01
0.12586339907298149919410879247245E+01 0.14487359666135106441380701637174E+01
0.12605180886472286618919879852480E+01 0.14513145254100347017395640776292E+01
0.12623623605210816153487453576151E+01 0.14538369085513341647427657206884E+01
0.12641666961201353919840748452188E+01 0.14563030917225828084112830255780E+01
0.12659309882868450962913385961518E+01 0.14587130500428679719839624375331E+01
0.12676551328849657574329535968851E+01 0.14610667581641888511495739776457E+01
0.12693390287499690353057826430711E+01 0.14633641903649274185885227953404E+01
0.12709825776421092864996790388075E+01 0.14656053206381318851577549094742E+01
0.12725856842019893053158776440073E+01 0.14677901227749279365741344816515E+01
0.12741482559084866033143484395816E+01 0.14699185704433486196578955864488E+01
0.12756702030389099246511546803146E+01 0.14719906372628529704619049653332E+01
0.12771514386312650768678656138729E+01 0.14740062968747834414922949328742E+01
0.12785918784485170550172839246673E+01 0.14759655230089936997794521746365E+01
0.12799914409447430212229313037048E+01 0.14778682895468621034817341687432E+01
0.12813500472330775723856848020790E+01 0.14797145705808904892064034422602E+01
0.12826676210553587018334217570347E+01 0.14815043404710735451988259753397E+01
0.12839440887533883184116754715519E+01 0.14832375738982111288868079585379E+01
0.12851793792417273776152863638726E+01 0.14849142459143234804995881080114E+01
0.12863734239819503672096078427135E+01 0.14865343319903182380357484876818E+01
0.12875261569582896226471138027095E+01 0.14880978080610476085281783295010E+01
0.12886375146546035830409074556011E+01 0.14896046505678841889019890624879E+01
0.12897074360326081342463558449386E+01 0.14910548364989354284547332406766E+01
0.12907358625113137835830681969340E+01 0.14924483434270077044190530465095E+01
0.12917227379476154146791388936943E+01 0.14937851495454238391408069993618E+01
0.12926680086179847968219843148427E+01 0.14950652337017901544026246304489E+01
0.12935716232012189060420502837921E+01 0.14962885754298026167285163962386E+01
0.12944335327622022403318036158535E+01 0.14974551549791747949260608397636E+01
0.12952536907366381831723684437591E+01 0.14985649533437672899435873317691E+01
0.12960320529167245150488382644525E+01 0.14996179522879816692816363442184E+01
0.12967685774377014920788849157141E+01 0.15006141343715119471581564054986E+01
0.12974632247653457010748328829244E+01 0.15015534829724368354346556551110E+01
0.12981159576840726296311153336229E+01 0.15024359823089372948140200192237E+01
0.12987267412865103675313150289300E+01 0.15032616174590324269270834433027E+01
0.12992955429619478893893262164704E+01 0.15040303743802847700658284586724E+01
0.12998223323910394256121518805873E+01 0.15047422399240399906701429885198E+01
0.13003070815255324193001031852383E+01 0.15053972018599372754898731166973E+01
0.13007497646135632290848229285662E+01 0.15059952488659055297225384829930E+01
0.13010215049265648442257720069939E+01 0.15063623223191581656569094909365E+01
0.13012745323153535489923679826590E+01 0.15067040927848981966936369215360E+01
0.13015088408161762152466135361168E+01 0.15070205576165490472399887387396E+01
0.13017244249116652625048716820762E+01 0.15073117143569711386505703099892E+01
0.13019212795281352766638911085950E+01 0.15075775607412039345256326026751E+01
0.13021087751661497897206553624045E+01 0.15078307545442925842335664891162E+01
0.13022962854844972028960097240569E+01 0.15080839549592429225732145408450E+01
0.13024838104800766467498027544942E+01 0.15083371619922193422514186374962E+01
0.13026713501478720941328960261393E+01 0.15085903756507992214679291021199E+01
0.13028589044888629130645457038063E+01 0.15088435959381139734957761796942E+01
0.13026713501478720941328960261393E+01 0.15085903756507992214679291021199E+01
0.13024838104800766467498027544942E+01 0.15083371619922193422514186374962E+01
0.13022962854844972028960097240569E+01 0.15080839549592429225732145408450E+01
0.13021087751661497897206553624045E+01 0.15078307545442925842335664891162E+01
0.13019212795281352766638911085950E+01 0.15075775607412039345256326026751E+01
0.13017244249116652625048716820762E+01 0.15073117143569711386505703099892E+01
0.13015088408161762152466135361168E+01 0.15070205576165490472399887387396E+01
0.13012745323153535489923679826590E+01 0.15067040927848981966936369215360E+01
0.13010215049265648442257720069939E+01 0.15063623223191581656569094909365E+01
0.13007497646135632290848229285662E+01 0.15059952488659055297225384829930E+01
0.13003070815255324193001031852383E+01 0.15053972018599372754898731166973E+01
0.12998223323910394256121518805873E+01 0.15047422399240399906701429885198E+01
0.12992955429619478893893262164704E+01 0.15040303743802847700658284586724E+01
0.12987267412865103675313150289300E+01 0.15032616174590324269270834433027E+01
0.12981159576840726296311153336229E+01 0.15024359823089372948140200192237E+01
0.12974632247653457010748328829244E+01 0.15015534829724368354346556551110E+01
0.12967685774377014920788849157141E+01 0.15006141343715119471581564054986E+01
0.12960320529167245150488382644525E+01 0.14996179522879816692816363442184E+01
0.12952536907366381831723684437591E+01 0.14985649533437672899435873317691E+01
0.12944335327622022403318036158535E+01 0.14974551549791747949260608397636E+01
0.12935716232012189060420502837921E+01 0.14962885754298026167285163962386E+01
0.12926680086179847968219843148427E+01 0.14950652337017901544026246304489E+01
0.12917227379476154146791388936943E+01 0.14937851495454238391408069993618E+01
0.12907358625113137835830681969340E+01 0.14924483434270077044190530465095E+01
0.12897074360326081342463558449386E+01 0.14910548364989354284547332406766E+01
0.12886375146546035830409074556011E+01 0.14896046505678841889019890624879E+01
0.12875261569582896226471138027095E+01 0.14880978080610476085281783295010E+01
0.12863734239819503672096078427135E+01 0.14865343319903182380357484876818E+01
0.12851793792417273776152863638726E+01 0.14849142459143234804995881080114E+01
0.12839440887533883184116754715519E+01 0.14832375738982111288868079585379E+01
0.12826676210553587018334217570347E+01 0.14815043404710735451988259753397E+01
0.12813500472330775723856848020790E+01 0.14797145705808904892064034422602E+01
0.12799914409447430212229313037048E+01 0.14778682895468621034817341687432E+01
0.12785918784485170550172839246673E+01 0.14759655230089936997794521746365E+01
0.12771514386312650768678656138729E+01 0.14740062968747834414922949328742E+01
0.12756702030389099246511546803146E+01 0.14719906372628529704619049653332E+01
0.12741482559084866033143484395816E+01 0.14699185704433486196578955864488E+01
0.12725856842019893053158776440073E+01 0.14677901227749279365741344816515E+01
0.12709825776421092864996790388075E+01 0.14656053206381318851577549094742E+01
0.12693390287499690353057826430711E+01 0.14633641903649274185885227953404E+01
0.12676551328849657574329535968851E+01 0.14610667581641888511495739776457E+01
0.12659309882868450962913385961518E+01 0.14587130500428679719839624375331E+01
0.12641666961201353919840748452188E+01 0.14563030917225828084112830255780E+01
0.12623623605210816153487453576151E+01 0.14538369085513341647427657206884E+01
0.12605180886472286618919879852480E+01 0.14513145254100347017395640776292E+01
0.12586339907298149919410879247245E+01 0.14487359666135106441380701637174E+01
0.12567101801291493985191993346195E+01 0.14461012558056076228891892885741E+01
0.12547467733931565211289278345611E+01 0.14434104158480017990943206310340E+01
0.12527438903192915539120817887002E+01 0.14406634687022845875543935257828E+01
0.12507016540200392824402615155510E+01 0.14378604353048518527644323358012E+01
0.12486201909922295340994984277169E+01 0.14350013354340890763083677410682E+01
0.12464996311904197521484319473293E+01 0.14320861875692999254244975160557E+01
0.12443401081046144628917513640983E+01 0.14291150087407764198427763706365E+01
0.12421417588426136769753071883225E+01 0.14260878143703581129831776653664E+01
0.12399047242173055263086017250237E+01 0.14230046181017648711691209713688E+01
0.12376291488392445534383385455517E+01 0.14198654316199286120467584125792E+01
0.12353151812148850522745748880198E+01 0.14166702644584730866486509915826E+01
0.12329629738508698271863905305631E+01 0.14134191237944147972468540904973E+01
0.12305726833648088884885299780693E+01 0.14101120142290701241021047079839E+01
0.12281444706030195332740121117670E+01 0.14067489375540560000303435663276E+01
0.12256785007657406047316163636307E+01 0.14033298925011654517046171480575E+01
0.12231749435403784125091551858675E+01 0.13998548744747781264607617842138E+01
0.12206339732433915601099806852221E+01 0.13963238752653339473585314307542E+01
0.12180557689714769984417862229642E+01 0.13927368827422494231938456088255E+01
0.12154405147627793017577088855533E+01 0.13890938805244895091828949468014E+01
0.12127883997689136839411450269106E+01 0.13853948476268239479500833638098E+01
0.12100996184386652773078868566222E+01 0.13816397580795875103020294119199E+01
0.12073743707143111823965379809314E+01 0.13778285805195322396419598990691E+01
0.12046128622416027861917459464568E+01 0.13739612777490962166072273248547E+01
0.12018153045945463382403200103727E+01 0.13700378062611191566586232981278E+01
0.11989819155162348312917750958287E+01 0.13660581157257015876821079056390E+01
0.11961129191771086628192197729831E+01 0.13620221484355288120327089619262E+01
0.11932085464521655566131051146803E+01 0.13579298387055538246758114487006E+01
0.11902690352187967352273525402294E+01 0.13537811122224502624476257702467E+01
0.11872946306771045588675946762098E+01 0.13495758853386963588589929292322E+01
0.11842855856947557731088939044807E+01 0.13453140643055249328803002154904E+01
0.11812421611786484074521149429706E+01 0.13409955444382575567289756941134E+01
0.11781646264759231169365335513112E+01 0.13366202092067234760205434087975E+01
0.11750532598071358506221455110439E+01 0.13321879292425233701796259495642E+01
0.11719083487347308404466371447091E+01 0.13276985612538171076654819578160E+01
0.11687301906703204817472975376450E+01 0.13231519468370692565208530604748E+01
0.11655190934246949138696332615288E+01 0.13185479111737444891799854766145E+01
0.11622753758049593146026877736965E+01 0.13138862615982753663789137364687E+01
0.11589993682637383204128643016918E+01 0.13091667860216834231091654955272E+01
0.11556914136060093094908178721230E+01 0.13043892511929699649798636740888E+01
0.11523518677598362995015524406568E+01 0.12995534007777454347571545044597E+01
0.11489811006180977588489734968441E+01 0.12946589532304590956022543802436E+01
0.11455794969592453977673905688354E+01 0.12897055994329330933640168546344E+01
0.11421474574562254952514624500821E+01 0.12846930000675831923901857826683E+01
0.11386853997839619920671127293175E+01 0.12796207826885846928603062712123E+01
0.11351937598372771437346348585644E+01 0.12744885384481444561261596876563E+01
0.11316729930728494941474559128516E+01 0.12692958184277496575186002773115E+01
0.11281235759908250636582690735953E+01 0.12640421295155205222803690333598E+01
0.11245460077740717490673829245284E+01 0.12587269297602513541828832179131E+01
0.11209408121058624161647316531368E+01 0.12533496231199605346052495677095E+01
0.11173085391900845844446496359368E+01 0.12479095535072386011845510127786E+01
0.11136497680020115369646685930423E+01 0.12424059980146878425811139412805E+01
0.11099651088023663354740419046926E+01 0.12368381591803898081311866682157E+01
0.11062552059530438260538602566171E+01 0.12312051561244506966068201419290E+01
0.11025207410796366591901360802849E+01 0.12255060143517340141853187180447E+01
0.10987624366341196643943925116315E+01 0.12197396539708888773835382446342E+01
0.10949810599210299944537279826372E+01 0.12139048760230420614280087209528E+01
0.10911774276626880412140051117978E+01 0.12080003465414725985190762643636E+01
0.10873524111940217570588490257587E+01 0.12020245778713778316524495251712E+01
0.10835069423961382358019441669283E+01 0.11959759066598519772340508115150E+01
0.10796420205009328925169803840028E+01 0.11898524677712939967029707848981E+01
0.10757587199280581403102344428123E+01 0.11836521631798585805093879469932E+01
0.10718581993522615356940330549065E+01 0.11773726246202037592433145947351E+01
0.10679417122458471554275062332677E+01 0.11710111684147627309104731693584E+01
0.10640106192011060123910710045974E+01 0.11645647404024154650133765287492E+01
0.10600664024155992491898395023639E+01 0.11580298482141032367552468132784E+01
0.10561106828257216755982515691871E+01 0.11514024771919615897988538091588E+01
0.10521452405107108318651416451328E+01 0.11446779849017489751210299826648E+01
0.10481720391753017692530574861460E+01 0.11378509672429583470509811940268E+01
0.10441932557805064682109073887915E+01 0.11309150862945389659593955575871E+01
0.10402113167814525926022306702147E+01 0.11238628457118253225565201965486E+01
0.10362289430918450302336289187951E+01 0.11166852927820424960144240651591E+01
0.10322492074003228311002945380984E+01 0.11093716153681243299066345250649E+01
0.10282756137515849035051937043124E+01 0.11019085822441533982026626676215E+01
0.10243123155845314099687702352108E+01 0.10942796934670815852819546667465E+01
0.10195750628042338773398739117606E+01 0.10848771937124803337843393295207E+01
0.10148692019554956895620691238415E+01 0.10751575716251323917631940133642E+01
0.10102049799414949345191224364584E+01 0.10650536665822182350596355611528E+01
0.10055967179365341367723413252398E+01 0.10544641599826283805719496198037E+01
0.10010608030663934024174379265173E+01 0.10432265283456253032326136168644E+01
0.99684602907947828728403337962763E+00 0.10317081406129658899460592555498E+01
0.99321542282360697477823592754708E+00 0.10204422020513173599739806741370E+01
0.99020426534836749461700190315277E+00 0.10094340493187213713212728279820E+01
0.98776752883561641185466596487056E+00 0.99870011358347600027253137096381E+00
0.98627929752506300542146072905817E+00 0.98816901335309027285184638415415E+00
0.97655605030265384208717998543669E+00 0.98370184038784031950247989455364E+00
0.96665665431566372569233181752108E+00 0.97842413695372083370603858666072E+00
0.95650457049127891420733432394588E+00 0.97241283409958673036501232042475E+00
0.94607996828259320205915296221898E+00 0.96565757258961766929598591135746E+00
0.93535029826729897247016296515450E+00 0.95817930768132727536969387074524E+00
0.92479067569608408790302888555286E+00 0.95036533745806961428222427889385E+00
0.91473774498838545268815405872792E+00 0.94256565711344839114770244114035E+00
0.90503808490163093015420853028130E+00 0.93475009677471486673797031264611E+00
0.89559648502694492111961783044859E+00 0.92690260751110609503444296222659E+00
0.88634906563587593148895670458486E+00 0.91901437253115791141691227056104E+00
0.87875902548023138569851184530848E+00 0.91240516288416527490494079111502E+00
0.87125230201175218904271684502829E+00 0.90576292154760677726008205980257E+00
0.86381428834744980892241077299690E+00 0.89908562529105193522277981827740E+00
0.85643232943366301887475923436871E+00 0.89237292156543098225880370764558E+00
0.84909639276909884971938054942705E+00 0.88562438361248353969840429822742E+00
0.84179808548627908431388761940634E+00 0.87883993012501833023705455508656E+00
0.83453042930370706058543267227863E+00 0.87201959063824762927229809290528E+00
0.82728752903433090830905280489311E+00 0.86516351622556279382417241440725E+00
0.82006437747813681769184708382844E+00 0.85827193009343601785952698028047E+00
0.81285668724879062192220162492456E+00 0.85134511139012297568287702101484E+00
0.80566076608061947360704898455957E+00 0.84438337737127818749945304833078E+00
0.79847341648049457013678759485542E+00 0.83738707255037924002287460789636E+00
0.79129185641044410867749492324607E+00 0.83035656011353954212868102101083E+00
0.78411365515969449904933423551199E+00 0.82329221585480647899582435663039E+00
0.77693668127062408645353661602162E+00 0.81619442364635354932974676617139E+00
0.76975905979953299418582742767465E+00 0.80906357213098647444115573491631E+00
0.76257913699090564477781388365006E+00 0.80190005228466824893809684264448E+00
0.75539545085690665580224334811221E+00 0.79470425563606139898646039355909E+00
0.74820670651371657014538492391810E+00 0.78747657297316990975501629535380E+00
0.74101175537592487417173474959501E+00 0.78021739341634832991494858009122E+00
0.73380957750447058220233163628103E+00 0.77292710376638913477718785461097E+00
0.72659926654944281066683988249550E+00 0.76560608805989196930601612273559E+00
0.71938001684180064243968655818225E+00 0.75825472728072473248857405943079E+00
0.71215111227525371782413066603062E+00 0.75087339918891708415910560224446E+00
0.70491191668776775820884829589765E+00 0.74346247823760643448207137931910E+00
0.69766186550587770117795274138113E+00 0.73602233555564905153916969547338E+00
0.69040045845761586918126967271078E+00 0.72855333897878774616300618410211E+00
0.68312725319391541452363192787544E+00 0.72105585311627328135825384223267E+00
0.67584185968572105950532755317809E+00 0.71353023944290001668738433718267E+00
0.66854393528617806884751238671852E+00 0.70597685640875541028319115124162E+00
0.66123318036528124717948306427794E+00 0.69839605956078853753593231561604E+00
0.65390933443908755778136681754454E+00 0.69078820167169107691156175875064E+00
0.64657217272770344310465635533862E+00 0.68315363287265991740002988434011E+00
0.63922150308625375690138188881585E+00 0.67549270078744396653209680500443E+00
0.63185716326133322751373478715117E+00 0.66780575066572325571832456635758E+00
0.62447901843235523342494342976223E+00 0.66009312551437167649689032286311E+00
0.61708695900299607011358616932392E+00 0.65235516622554473457961619201683E+00
0.60968089861279333590153104018086E+00 0.64459221170083518681769156579423E+00
0.60226077234305664331315407479199E+00 0.63680459897097713562764678844974E+00
0.59482653509471472311884755943307E+00 0.62899266331075679008284245282824E+00
0.58737816011867492926659371536383E+00 0.62115673834893204799969526342908E+00
0.57991563768177692878875508889594E+00 0.61329715617306697891472253598718E+00
0.57243897385357123168427445379028E+00 0.60541424742927098781286866581854E+00
0.56494818940099486374363265490504E+00 0.59750834141689285911274754873676E+00
0.55744331877959768235658696060519E+00 0.58957976617826434261185316179828E+00
0.54992440921133934615997311443233E+00 0.58162884858362491035929827196497E+00
0.54239151984015735146149330851504E+00 0.57365591441137743530580978198673E+00
0.53484472095753074000002012968407E+00 0.56566128842384489129563475365431E+00
0.52728409329115351589317450411496E+00 0.55764529443870648872276285032418E+00
0.51970972735060741725960268425148E+00 0.54960825539629609462270492914485E+00
0.51212172282460178798592600685892E+00 0.54155049342295017860435578482983E+00
0.50452018802493991854661711453764E+00 0.53347232989058971878956417084147E+00
0.49690523937289191053873395132031E+00 0.52537408547271826608333750002948E+00
0.48927700092411309982861793521608E+00 0.51725608019701601607991609651462E+00
0.48163560392864614201455715325301E+00 0.50911863349470040235157393370653E+00
0.47398118642290428962722483767172E+00 0.50096206424682292150986071859054E+00
0.46631389285084648305646020342418E+00 0.49278669082766104518577789656834E+00
0.45863387371183265983389171982389E+00 0.48459283114535957114542462246695E+00
0.45094128523289580438074082227258E+00 0.47638080267996783579419696466966E+00
0.44323628906338810279826535849322E+00 0.46815092251901307104473495559665E+00
0.43551905199015277529752405472543E+00 0.45990350739074268237415328661523E+00
0.42778974567154934277842855878103E+00 0.45163887369516131374338264132490E+00
0.42004854638881407935499769495487E+00 0.44335733753298263861448126034841E+00
0.41229563481338176585787349538867E+00 0.43505921473260858628541960825076E+00
0.40453119578891351737803994682086E+00 0.42674482087524335392698564021500E+00
0.39675541812689423368615567546287E+00 0.41841447131824345688615524309343E+00
0.38896849441476005772939874475085E+00 0.41006848121679882788061545744433E+00
0.38117062083560904178428205119133E+00 0.40170716554403499676093984869585E+00
0.37336199699863056092418787303568E+00 0.39333083910962290099044998353432E+00
0.36554282577946092750867029069240E+00 0.38493981657697418125564412769474E+00
0.35771331316974253969077434372051E+00 0.37653441247909958619860214725735E+00
0.34987366813522138615917275243428E+00 0.36811494123320104061706532091955E+00
0.34202410248177563662427396602078E+00 0.35968171715406419642224891184185E+00
0.33416483072881539936730903474512E+00 0.35123505446631613856747331014066E+00
0.32629606998953762985877043666606E+00 0.34277526731560657427398071513705E+00
0.31841803985756879479570608027974E+00 0.33430266977876991648859920661000E+00
0.31053096229955246553879233981325E+00 0.32581757587302156097815628027874E+00
0.30263506155328718570385367875822E+00 0.31732029956423626331800563330667E+00
0.29473056403103881568550420126190E+00 0.30881115477436008166712751131785E+00
0.28681769822768876229053766745494E+00 0.30029045538799579074741918759238E+00
0.27889669463340037223188373790381E+00 0.29175851525820765137672750759570E+00
0.27096778565051070195795498767884E+00 0.28321564821158275146403242057325E+00
0.26303120551437785399985959007743E+00 0.27466216805258751045558955433434E+00
0.25508719021793266282930916145380E+00 0.26609838856725538290364288442248E+00
0.24713597743970119902868222320836E+00 0.25752462352623715235208606182838E+00
0.23917780647508348783981134580980E+00 0.24894118668724779519759443395844E+00
0.23121291817068686384893797492087E+00 0.24034839179693758779185080771626E+00
0.22324155486152810503223692969646E+00 0.23174655259221760396570317030412E+00
0.21526396031093121040336702599665E+00 0.22313598280106579348498044335516E+00
0.20728037965295862486987031357325E+00 0.21451699614283607003904103361266E+00
0.19929105933722685165061006344851E+00 0.20588990632810070779585698838598E+00
0.19129624707596562787240561006382E+00 0.19725502705804049269797033167775E+00
0.18329619179318985403525580986531E+00 0.18861267202341156714319906913222E+00
0.17529114357586386176587417769098E+00 0.17996315490310393707890029836430E+00
0.16728135362694199828334315752154E+00 0.17130678936231359310293782142744E+00
0.15926707422018141531623949023408E+00 0.16264388905034580465730554277465E+00
0.15124855865662618764959043422504E+00 0.15397476759806604443442389048017E+00
0.14322606122267014985319048650491E+00 0.14529973861501638483607539835663E+00
0.13519983714961200124062638758876E+00 0.13661911568621202423422851361939E+00
0.12717014257462012418950480584988E+00 0.12793321236863215075981898413229E+00
0.11913723450303181279490304443513E+00 0.11924234218742071621778186127471E+00
0.11110137077191395942446436213058E+00 0.11054681863180896573297043761507E+00
0.10306281001481932454858935054522E+00 0.10184695515077305440873342283409E+00
0.95021811627675395383894381342641E-01 0.93143065148438753547858493393554E-01
0.86978635735743826088174862510987E-01 0.84435461979244313714048231166010E-01
0.78933543161599842140717887097582E-01 0.75724458942872959072885880725605E-01
0.70886795394073868278060515433243E-01 0.67010369278964949178665464040968E-01
0.62838654558109918337491440110243E-01 0.58293506161618572807233656796489E-01
0.54789383385493604834525027560654E-01 0.49574182693690952489216915571845E-01
0.46739245186404531052317968335999E-01 0.40852711900905768511475961012947E-01
0.38688503821754831248681570488661E-01 0.32129406725777841811295861850313E-01
0.30637423676272273651404786989587E-01 0.23404580021362257046090194294104E-01
0.22586269632293333930186365422112E-01 0.14678544544834912561277764527330E-01
0.14535307044232391563343629739191E-01 0.59516129509137189864912750786153E-02
0.64848017136912448552614053761233E-02 -0.27759022148744688798110423655897E-02
-0.15649801348165636775786785660800E-02 -0.11503688523072859991865676709328E-01
-0.96137718775603773733624345397394E-02 -0.20231433667314182157119572841495E-01
-0.17661306514730824705959940951904E-01 -0.28958825471474544554196110111955E-01
-0.25707316693047215785905126445427E-01 -0.37685551896954170489328738364123E-01
-0.33751534727860647400571251924105E-01 -0.46411301050082662920593289569026E-01
-0.41793692624773897628498676564626E-01 -0.55135761189638956527160252542441E-01
-0.49833522100800400536114358613038E-01 -0.63858620734485451631423251661747E-01
-0.57870754605084123526269555624292E-01 -0.72579568271308000897369429773920E-01
-0.65905121339197996191240026652561E-01 -0.81298292562457921053171369894858E-01
-0.73936353277041053702235780520216E-01 -0.90014482553893110530207390431792E-01
-0.81964181184350760708880622737090E-01 -0.98727827383210914787067203136476E-01
-0.89988335637847509243980819767831E-01 -0.10743801638777159127865804257362E+00
-0.98008547044027985231463456361647E-01 -0.11614473911290680612577532118835E+00
-0.10602454565762018082732660588068E+00 -0.12484768532020836463136062098126E+00
-0.11403606159971651702149364219332E+00 -0.13354654499589680191485045735264E+00
-0.12204282487559754205891438077470E+00 -0.14224100835926196522568206778643E+00
-0.13004456539225785566936584974585E+00 -0.15093076587117614193355438544843E+00
-0.13804101297564911854413681033796E+00 -0.15961550824267389107385003100905E+00
-0.14603189738764888158063491165014E+00 -0.16829492644359609026537278264694E+00
-0.15401694834276805294231906361807E+00 -0.17696871171129611787223915222603E+00
-0.16199589552460609623913186408823E+00 -0.18563655555940388780140043274451E+00
-0.16996846860206483438098904048896E+00 -0.19429814978664550976915778250672E+00
-0.17793439724533009382245461814872E+00 -0.20295318648571635010526930254735E+00
-0.18589341114162902697350385228368E+00 -0.21160135805220408592172730314220E+00
-0.19384524001077346029727991078011E+00 -0.22024235719355970019770836565114E+00
-0.20178961362049583510594527556336E+00 -0.22887587693811400100404467259479E+00
-0.20972626180158535442720735438184E+00 -0.23750161064413672887077253642866E+00
-0.21765491446283427460203502254881E+00 -0.24611925200893753997364123863540E+00
-0.22557530160579595311567446460985E+00 -0.25472849507800432662798213147166E+00
-0.23348715333936852396901492046749E+00 -0.26332903425417897800581420611588E+00
-0.24139019989420307112059481104644E+00 -0.27192056430686792579779153170059E+00
-0.24928417163694816772045239194155E+00 -0.28050278038128373998808925329872E+00
-0.25716879908433332362890580718156E+00 -0.28907537800771912405050760956784E+00
-0.26504381291709741978968470548990E+00 -0.29763805311084851950096254740414E+00
-0.27290894399376846904551315908074E+00 -0.30619050201905763542242783666684E+00
-0.28076392336429769876070238283234E+00 -0.31473242147379739626631857644698E+00
-0.28860848228355441934775465460669E+00 -0.32326350863896186681349958615274E+00
-0.29644235222468556791786545811152E+00 -0.33178346111028875032874751122059E+00
-0.30426526489234384390789796564879E+00 -0.34029197692477923033035623478189E+00
-0.31207695223578912547118685681872E+00 -0.34878875457013783428705515573416E+00
-0.31987714646186656598811382995899E+00 -0.35727349299422893697865781223822E+00
-0.32766558004786590727454367600533E+00 -0.36574589161454914081719085094846E+00
-0.33544198575426432429914171819846E+00 -0.37420565032771605381771443861823E+00
-0.34320609663735743726861535943431E+00 -0.38265246951896685042259635045360E+00
-0.35095764606178058842884372705515E+00 -0.39108605007167291746811883861382E+00
-0.35869636771292537580406041698147E+00 -0.39950609337686143000118363760463E+00
-0.36642199560925119461998368210985E+00 -0.40791230134274888204928646403382E+00
-0.37413426411449793977605567752426E+00 -0.41630437640428176679449269585146E+00
-0.38183290794980058499667185426442E+00 -0.42468202153268399899896050949756E+00
-0.38951766220570903990945522449020E+00 -0.43304494024501129964254246322831E+00
-0.39718826235411480167734716945875E+00 -0.44139283661370889064705371640342E+00
-0.40484444426008800454914956243299E+00 -0.44972541527617390938112604764200E+00
-0.41248594419362613946030734095950E+00 -0.45804238144432024992618693836900E+00
-0.42011249884131675065674366839375E+00 -0.46634344091414441611712710857721E+00
-0.42772384531791683352291696995621E+00 -0.47462830007529258679510457080092E+00
-0.43531972117784949938458032653476E+00 -0.48289666592062648496878187247253E+00
-0.44289986442662103845899107375134E+00 -0.49114824605578886960285389855454E+00
-0.45046401353216006559267835424264E+00 -0.49938274870876540626158541481974E+00
-0.45801190743607902955524569835275E+00 -0.50759988273944432332146913044824E+00
-0.46554328556486144599484387871445E+00 -0.51579935764917103709568599778448E+00
-0.47305788784097552300098076559617E+00 -0.52398088359029853086879059950307E+00
-0.48055545469391582918842308113038E+00 -0.53214417137573117693155929875260E+00
-0.48803572707117390304035500574880E+00 -0.54028893248846199350948558403791E+00
-0.49549844644913975401887615413531E+00 -0.54841487909110206155026780985126E+00
-0.50294335484393619747374420537020E+00 -0.55652172403540224088271296960680E+00
-0.51037019482218468092035686148124E+00 -0.56460918087176471297494692617338E+00
-0.51777870951170691444174201019820E+00 -0.57267696385874529145265600878034E+00
-0.52516864261216136374261452688880E+00 -0.58072478797254469967171987219408E+00
-0.53253973840561607571559984964866E+00 -0.58875236891648811612786162295879E+00
-0.53989174176705938620582795444914E+00 -0.59675942313049311584519433380595E+00
-0.54722439817484871064868869571293E+00 -0.60474566780052407434266422739523E+00
-0.55453745372109884172418118663244E+00 -0.61271082086803304904453606888451E+00
-0.56183065512201047291094636993065E+00 -0.62065460103938686939988246132091E+00
-0.56910374972813945714860895983005E+00 -0.62857672779527817451730216039761E+00
-0.57635648553460853895115997314026E+00 -0.63647692140012167016784679231847E+00
-0.58358861119126054115107529291680E+00 -0.64435490291143379385812492428893E+00
-0.59079987601275597645817402101580E+00 -0.65221039418919506116336882107495E+00
-0.59799002998861401680434438886210E+00 -0.66004311790519519859007726747861E+00
-0.60515882379319737154377979412969E+00 -0.66785279755235956638933924820632E+00
-0.61230600879564375712871193478592E+00 -0.67563915745405761952631061265888E+00
-0.61943133706974186615031120600062E+00 -0.68340192277339053192586216382778E+00
-0.62653456140375414529872274423895E+00 -0.69114081952246003007295150800090E+00
-0.63361543531018621078250386552728E+00 -0.69885557457161585620610176072986E+00
-0.64067371303550361693618229492393E+00 -0.70654591565868212461084594665965E+00
-0.64770914956979631173466546496973E+00 -0.71421157139816224735289395225012E+00
-0.65472150065639114738267700005263E+00 -0.72185227129042089820365590028084E+00
-0.66171052280141308489411928431104E+00 -0.72946774573084352507711022524527E+00
-0.66867597328329557200558597934656E+00 -0.73705772601897237528561589664979E+00
-0.67561761016223958458250095514872E+00 -0.74462194436761810690703421228787E+00
-0.68253519228962306233541928156506E+00 -0.75216013391194780324726802332802E+00
-0.68942847931735994669661687216553E+00 -0.75967202871854667888008029928502E+00
-0.69629723170720956626536648624041E+00 -0.76715736379445542770858500658261E+00
-0.70314121074003658644368311122704E+00 -0.77461587509618093881171212188935E+00
-0.70996017852502208771138524087683E+00 -0.78204729953868021877766080298105E+00
-0.71675389800882504991798167209230E+00 -0.78945137500431807851282850258377E+00
-0.72352213298469605758293749204785E+00 -0.79682784035179630327401013373423E+00
-0.73026464810154173946070290058779E+00 -0.80417643542505568871053520163088E+00
-0.73698120887294148080889895049325E+00 -0.81149690106214884117532767975242E+00
-0.74367158168611579845954215551037E+00 -0.81878897910408464515794068425946E+00
-0.75033553381084684420028850585609E+00 -0.82605241240364286237389122701606E+00
-0.75697283340835136305418569510111E+00 -0.83328694483415895256688064657008E+00
-0.76358324954010554406185139204370E+00 -0.84049232129827868207983881253952E+00
-0.77016655217662308762493389811052E+00 -0.84766828773668190419911132169575E+00
-0.77672251220618538414516527815139E+00 -0.85481459113677500337631499618851E+00
-0.78325090144352451537406245748632E+00 -0.86193097954135175740837533564795E+00
-0.78975149263845943972223466441284E+00 -0.86901720205722200202558821281677E+00
-0.79622405948448468154626293574751E+00 -0.87607300886380811986186202813688E+00
-0.80266837662731231078846953178984E+00 -0.88309815122170792794035362909584E+00
-0.80908421967336685789387354934085E+00 -0.89009238148122500811897205087382E+00
-0.81547136519823350914502894582438E+00 -0.89705545309086443263541558762134E+00
-0.82182959075505922147165709178019E+00 -0.90398712060579506804930595468911E+00
-0.82815867488290732180914792375681E+00 -0.91088713969627663558119381306086E+00
-0.83445839711506517819264307886159E+00 -0.91775526715605222094239297711683E+00
-0.84072853798730520401129300681540E+00 -0.92459126091070523131655825545577E+00
-0.84696887904609913111202479044167E+00 -0.93139488002598044196254592098193E+00
-0.85317920285678548617705889696435E+00 -0.93816588471606920762132368410818E+00
-0.85935929301169054019426307854851E+00 -0.94490403635185767095903895936545E+00
-0.86550893413820226425271670450449E+00 -0.95160909746913853413745769307231E+00
-0.87162791190679784413827273999916E+00 -0.95828083177678508808007037550813E+00
-0.87771601303902417085779022246414E+00 -0.96491900416488767168186549638013E+00
-0.88377302531543165090116231040704E+00 -0.97152338071285236555524132327994E+00
-0.88979873758346129037514975773988E+00 -0.97809372869746079792293339042358E+00
-0.89579293976528472214154840905569E+00 -0.98462981660089152547291292143206E+00
-0.90175542286559749432974558343044E+00 -0.99113141411870208403907850071062E+00
-0.90768597897936532317872068656648E+00 -0.99759829216777167589545677973864E+00
-0.91358440129952340578452615492793E+00 -0.10040302228942038634669627314169E+01
-0.91945048412462857938862447960572E+00 -0.10104269796811891664342537224455E+01
-0.92528402286646444673101279564299E+00 -0.10167883371568271334826723223574E+01
-0.93108481405759927018253331341828E+00 -0.10231140712019074231703700313761E+01
-0.93685265535889659939838601234194E+00 -0.10294039589576498024839252106367E+01
-0.94258734556697858995706587714739E+00 -0.10356577788334024316328828091255E+01
-0.94828868462164185756214389234866E+00 -0.10418753105142984501298356337535E+01
-0.95395647361322593554770007009062E+00 -0.10480563349688701580766012359977E+01
-0.95959051478993400414201819248695E+00 -0.10542006344566207520295741785313E+01
-0.96519061156510611353625035485208E+00 -0.10603079925355532136205237353691E+01
-0.97075656852444452605855865738444E+00 -0.10663781940696559545061279193661E+01
-0.97628819143319123177071468898165E+00 -0.10724110252363449731065729515677E+01
-0.98178528724325760361774802860915E+00 -0.10784062735338622037937595345816E+01
-0.98724766410030583108113324642754E+00 -0.10843637277886297575466901933156E+01
-0.99267513135078239448956238655463E+00 -0.10902831781625596760104307076994E+01
-0.99806749954890310149135328095414E+00 -0.10961644161603189852894115937649E+01
-0.10034245804635899365358186021024E+01 -0.11020072346365496791817826532025E+01
-0.10087461870853592921509856759857E+01 -0.11078114278030434019707707525229E+01
-0.10140321336331616808859272589143E+01 -0.11135767912358704216723930075139E+01
-0.10192822355611727959275428100658E+01 -0.11193031218824627071415592156051E+01
-0.10244963095655356830347980647128E+01 -0.11249902180686508033357817544120E+01
-0.10296741735910540637623916855837E+01 -0.11306378795056541562253750473281E+01
-0.10348156468378364911979093346884E+01 -0.11362459072970246047717683401340E+01
-0.10399205497678916274170763661186E+01 -0.11418141039455428518274882527842E+01
-0.10449887041116738317746137043390E+01 -0.11473422733600676162380699564137E+01
-0.10500199328745797012171888922797E+01 -0.11528302208623369279108590622836E+01
-0.10550140603433949762173324622608E+01 -0.11582777531937217304745566262064E+01
-0.10599709120926916569204399561199E+01 -0.11636846785219312178586485847904E+01
-0.10648903149911756664824759855174E+01 -0.11690508064476696348879219211805E+01
-0.10697720972079842282010287535814E+01 -0.11743759480112444969866809674141E+01
-0.10746160882189335662748443323119E+01 -0.11796599156991256065464773563551E+01
-0.10794221188127162545076870401417E+01 -0.11849025234504550703996138253024E+01
-0.10841900210970483357083622380558E+01 -0.11901035866635075391598047587806E+01
-0.10889196285047661565206487126804E+01 -0.11952629222021008624423682317722E+01
-0.10936107757998723426746916252460E+01 -0.12003803484019566191823627429750E+01
-0.10982632990835316359274105433298E+01 -0.12054556850770103879999038782578E+01
-0.11028770358000153598392806655383E+01 -0.12104887535256715188513346066008E+01
-0.11074518247425954468633183813856E+01 -0.12154793765370319711781753832671E+01
-0.11119875060593870757770469457801E+01 -0.12204273783970244625183037145788E+01
-0.11164839212591404285806428919004E+01 -0.12253325848945289263446627350911E+01
-0.11209409132169807410470353597657E+01 -0.12301948233274277291422189277565E+01
-0.11253583261800973808311388824547E+01 -0.12350139225086091146628717055292E+01
-0.11297360057733810229448792163713E+01 -0.12397897127719185677235680504288E+01
-0.11340737990050091734522294449882E+01 -0.12445220259780581424100065921648E+01
-0.11383715542719799996069058560659E+01 -0.12492106955204330265018459584702E+01
-0.11426291213655940746885129516169E+01 -0.12538555563309458093733017319060E+01
-0.11468463514768840418547585697838E+01 -0.12584564448857375887081602152263E+01
-0.11510230972019921481187462620737E+01 -0.12630131992108760312095186702200E+01
-0.11551592125474952430582173215265E+01 -0.12675256588879901668633188354420E+01
-0.11592545529356776295864855248093E+01 -0.12719936650598514117509567660774E+01
-0.11633089752097507816341181664405E+01 -0.12764170604359011812651694458128E+01
-0.11673223376390209364988555078035E+01 -0.12807956892977239415466879059857E+01
-0.11712944999240034029766523217833E+01 -0.12851293975044667813876371687208E+01
-0.11752253232014838699778256942909E+01 -0.12894180324982038639706079351645E+01
-0.11791146700495270633239686587829E+01 -0.12936614433092467659449691929590E+01
-0.11829624044924314629101544147229E+01 -0.12978594805613997300498034788767E+01
-0.11867683920056311870597519853782E+01 -0.13020119964771599877643355534404E+01
-0.11905324995205442408304998925549E+01 -0.13061188448828628882046344451712E+01
-0.11942545954293669983340736837449E+01 -0.13101798812137714379068032279382E+01
-0.11979345495898151515340702057009E+01 -0.13141949625191104122586202264692E+01
-0.12015722333298106363361977049271E+01 -0.13181639474670446227982094123497E+01
-0.12051675194521146612261591928993E+01 -0.13220866963496010048771350569675E+01
-0.12087202822389066896339178585476E+01 -0.13259630710875348888758184353472E+01
-0.12122303974563088123083099754076E+01 -0.13297929352351393645256080462329E+01
-0.12156977423588565124326511621847E+01 -0.13335761539849986464292316792192E+01
-0.12191221956939142193527503969097E+01 -0.13373125941726842839443931673342E+01
-0.12225036377060365644166708192059E+01 -0.13410021242813947147532492114532E+01
-0.12258419501412751371028322822240E+01 -0.13446446144465375793643941691000E+01
-0.12291370162514301404575548021188E+01 -0.13482399364602546810162375743488E+01
-0.12323887207982472320202449180987E+01 -0.13517879637758899694407402150401E+01
-0.12355969500575593209893814047847E+01 -0.13552885715123992242211900414101E+01
-0.12387615918233732374552249365723E+01 -0.13587416364587025219215821287888E+01
-0.12418825354119010572845389719770E+01 -0.13621470370779785733444946648989E+01
-0.12449596716655360888455805287207E+01 -0.13655046535119008111201056442665E+01
-0.12479928929567734609411233763705E+01 -0.13688143675848155218146442355489E+01
-0.12509820931920749492558436114154E+01 -0.13720760628078612964301632359749E+01
-0.12539271678156782077240627624202E+01 -0.13752896243830299765683654468752E+01
-0.12568280138133503435121219049103E+01 -0.13784549392071690518767163623708E+01
-0.12596845297160851500455174653216E+01 -0.13815718958759247518606197023398E+01
-0.12624966156037447823346323473135E+01 -0.13846403846876266839328073337798E+01
-0.12652641731086451791472546995794E+01 -0.13876602976471128307847721264160E+01
-0.12679871054190851063730418311505E+01 -0.13906315284694954179356820959342E+01
-0.12706653172828190164906281182026E+01 -0.13935539725838672798517832222118E+01
-0.12732987150104736149977259639444E+01 -0.13964275271369487181415242593549E+01
-0.12758872064789077246431595712670E+01 -0.13992520909966745447678563806191E+01
-0.12784307011345156380041799760650E+01 -0.14020275647557212361706016228496E+01
-0.12809291099964736560781284851468E+01 -0.14047538507349741512050126077833E+01
-0.12833823456599302258870666441754E+01 -0.14074308529869345572281189187579E+01
-0.12857903222991385934720480740074E+01 -0.14100584772990664667328540317707E+01
-0.12881529556705330452257712222753E+01 -0.14126366311970830648607182735696E+01
-0.12904701631157477574924380446425E+01 -0.14151652239481725554795194908029E+01
-0.12927418635645786411379650706860E+01 -0.14176441665641634664584305543471E+01
-0.12949679775378879802033427794444E+01 -0.14200733718046293121603706049569E+01
-0.12971484271504515907237592771537E+01 -0.14224527541799320637641568853235E+01
-0.12992831361137488281587665249910E+01 -0.14247822299542050123946243108618E+01
-0.13013720297386949162649255695011E+01 -0.14270617171482743314839386247065E+01
-0.13034150349383159302144359887201E+01 -0.14292911355425194703070158285645E+01
-0.13054120802303659207283305696753E+01 -0.14314704066796723745766429650899E+01
-0.13073630957398863362556522917638E+01 -0.14335994538675550993109708625129E+01
-0.13092680132017081561268782055902E+01 -0.14356782021817561042893970540452E+01
-0.13111267659628952945566342371656E+01 -0.14377065784682448355474454928549E+01
-0.13129392889851310015985803412999E+01 -0.14396845113459245088768420399144E+01
-0.13147055188470455251134622951364E+01 -0.14416119312091234812977834790770E+01
-0.13164253937464862376183301161445E+01 -0.14434887702300241697487046681403E+01
-0.13180988535027293383693003721949E+01 -0.14453149623610304946328640742702E+01
-0.13197258395586334219392260595035E+01 -0.14470904433370729053255279475791E+01
-0.13213062949827348989296431164215E+01 -0.14488151506778514575480136092755E+01
-0.13228401644712849935015944188948E+01 -0.14504890236900166094635835030668E+01
-0.13243273943502283334267301181952E+01 -0.14521120034692875467940987625326E+01
-0.13257679325771232356579076676493E+01 -0.14536840329025083582263119748230E+01
-0.13271617287430033741414962168889E+01 -0.14552050566696415183058836261197E+01
-0.13285087340741809783716860817839E+01 -0.14566750212456990157610566186646E+01
-0.13298089014339914106684711497518E+01 -0.14580938749026107018701928449867E+01
-0.13310621853244790429394056875346E+01 -0.14594615677110299048933723341280E+01
-0.13322685418880245306944196453283E+01 -0.14607780515420766735286503465111E+01
-0.13334279289089132347486127111545E+01 -0.14620432800690175759079200502404E+01
-0.13345403058148448896819251001222E+01 -0.14632572087688832619475138904534E+01
-0.13356056336783844822384082376916E+01 -0.14644197949240225840051194860592E+01
-0.13366238752183541110062202099191E+01 -0.14655309976235940049433444002462E+01
-0.13375949948011660824280305811051E+01 -0.14665907777649938435628383457919E+01
-0.13385189584420969103516333644663E+01 -0.14675990980552214011801922038773E+01
-0.13393957338065023763198479081172E+01 -0.14685559230121810139825002692446E+01
-0.13402252902109735560222354740600E+01 -0.14694612189659208062163052991252E+01
-0.13410075986244337182582803497377E+01 -0.14703149540598082120793635839447E+01
-0.13417426316691761747123224263729E+01 -0.14711170982516422677983557552746E+01
-0.13424303636218429375959881647192E+01 -0.14718676233147024740434553669958E+01
-0.13430707704143442810295719379964E+01 -0.14725665028387343399415270627184E+01
-0.13436638296347190552603278853248E+01 -0.14732137122308714972667634818050E+01
-0.13442095205279357663020781493014E+01 -0.14738092287164943386188278657381E+01
-0.13447078239966349558730141551457E+01 -0.14743530313400248373206191170876E+01
-0.13450136912820241321565778213745E+01 -0.14746868269743092282198306236313E+01
-0.13452984849475359822629678499688E+01 -0.14749976249072215792091455094132E+01
-0.13455622005634290932194716767713E+01 -0.14752854202780401301256272041538E+01
-0.13458048340278141573675512623919E+01 -0.14755502085857888397859688810567E+01
-0.13460263815667116705702257793514E+01 -0.14757919856893140382647445248227E+01
-0.13462373904375126146180294549113E+01 -0.14760222619031790002763576785801E+01
-0.13464484102498455119367367821057E+01 -0.14762525501230284403886419817115E+01
-0.13466594410040579172630814181134E+01 -0.14764828503492350607513813367713E+01
-0.13468704827004974475944725393905E+01 -0.14767131625821715285024777463685E+01
-0.13470815353395116686302777399985E+01 -0.14769434868222105571208947405723E+01
-0.13468704827004974475944725393905E+01 -0.14767131625821715285024777463685E+01
-0.13466594410040579172630814181134E+01 -0.14764828503492350607513813367713E+01
-0.13464484102498455119367367821057E+01 -0.14762525501230284403886419817115E+01
-0.13462373904375126146180294549113E+01 -0.14760222619031790002763576785801E+01
-0.13460263815667116705702257793514E+01 -0.14757919856893140382647445248227E+01
-0.13458048340278141573675512623919E+01 -0.14755502085857888397859688810567E+01
-0.13455622005634290932194716767713E+01 -0.14752854202780401301256272041538E+01
-0.13452984849475359822629678499688E+01 -0.14749976249072215792091455094132E+01
-0.13450136912820241321565778213745E+01 -0.14746868269743092282198306236313E+01
-0.13447078239966349558730141551457E+01 -0.14743530313400248373206191170876E+01
-0.13442095205279357663020781493014E+01 -0.14738092287164943386188278657381E+01
-0.13436638296347190552603278853248E+01 -0.14732137122308714972667634818050E+01
-0.13430707704143442810295719379964E+01 -0.14725665028387343399415270627184E+01
-0.13424303636218429375959881647192E+01 -0.14718676233147024740434553669958E+01
-0.13417426316691761747123224263729E+01 -0.14711170982516422677983557552746E+01
-0.13410075986244337182582803497377E+01 -0.14703149540598082120793635839447E+01
-0.13402252902109735560222354740600E+01 -0.14694612189659208062163052991252E+01
-0.13393957338065023763198479081172E+01 -0.14685559230121810139825002692446E+01
-0.13385189584420969103516333644663E+01 -0.14675990980552214011801922038773E+01
-0.13375949948011660824280305811051E+01 -0.14665907777649938435628383457919E+01
-0.13366238752183541110062202099191E+01 -0.14655309976235940049433444002462E+01
-0.13356056336783844822384082376916E+01 -0.14644197949240225840051194860592E+01
-0.13345403058148448896819251001222E+01 -0.14632572087688832619475138904534E+01
-0.13334279289089132347486127111545E+01 -0.14620432800690175759079200502404E+01
-0.13322685418880245306944196453283E+01 -0.14607780515420766735286503465111E+01
-0.13310621853244790429394056875346E+01 -0.14594615677110299048933723341280E+01
-0.13298089014339914106684711497518E+01 -0.14580938749026107018701928449867E+01
-0.13285087340741809783716860817839E+01 -0.14566750212456990157610566186646E+01
-0.13271617287430033741414962168889E+01 -0.14552050566696415183058836261197E+01
-0.13257679325771232356579076676493E+01 -0.14536840329025083582263119748230E+01
-0.13243273943502283334267301181952E+01 -0.14521120034692875467940987625326E+01
-0.13228401644712849935015944188948E+01 -0.14504890236900166094635835030668E+01
-0.13213062949827348989296431164215E+01 -0.14488151506778514575480136092755E+01
-0.13197258395586334219392260595035E+01 -0.14470904433370729053255279475791E+01
-0.13180988535027293383693003721949E+01 -0.14453149623610304946328640742702E+01
-0.13164253937464862376183301161445E+01 -0.14434887702300241697487046681403E+01
-0.13147055188470455251134622951364E+01 -0.14416119312091234812977834790770E+01
-0.13129392889851310015985803412999E+01 -0.14396845113459245088768420399144E+01
-0.13111267659628952945566342371656E+01 -0.14377065784682448355474454928549E+01
-0.13092680132017081561268782055902E+01 -0.14356782021817561042893970540452E+01
-0.13073630957398863362556522917638E+01 -0.14335994538675550993109708625129E+01
-0.13054120802303659207283305696753E+01 -0.14314704066796723745766429650899E+01
-0.13034150349383159302144359887201E+01 -0.14292911355425194703070158285645E+01
-0.13013720297386949162649255695011E+01 -0.14270617171482743314839386247065E+01
-0.12992831361137488281587665249910E+01 -0.14247822299542050123946243108618E+01
-0.12971484271504515907237592771537E+01 -0.14224527541799320637641568853235E+01
-0.12949679775378879802033427794444E+01 -0.14200733718046293121603706049569E+01
-0.12927418635645786411379650706860E+01 -0.14176441665641634664584305543471E+01
-0.12904701631157477574924380446425E+01 -0.14151652239481725554795194908029E+01
-0.12881529556705330452257712222753E+01 -0.14126366311970830648607182735696E+01
-0.12857903222991385934720480740074E+01 -0.14100584772990664667328540317707E+01
-0.12833823456599302258870666441754E+01 -0.14074308529869345572281189187579E+01
-0.12809291099964736560781284851468E+01 -0.14047538507349741512050126077833E+01
-0.12784307011345156380041799760650E+01 -0.14020275647557212361706016228496E+01
-0.12758872064789077246431595712670E+01 -0.13992520909966745447678563806191E+01
-0.12732987150104736149977259639444E+01 -0.13964275271369487181415242593549E+01
-0.12706653172828190164906281182026E+01 -0.13935539725838672798517832222118E+01
-0.12679871054190851063730418311505E+01 -0.13906315284694954179356820959342E+01
-0.12652641731086451791472546995794E+01 -0.13876602976471128307847721264160E+01
-0.12624966156037447823346323473135E+01 -0.13846403846876266839328073337798E+01
-0.12596845297160851500455174653216E+01 -0.13815718958759247518606197023398E+01
-0.12568280138133503435121219049103E+01 -0.13784549392071690518767163623708E+01
-0.12539271678156782077240627624202E+01 -0.13752896243830299765683654468752E+01
-0.12509820931920749492558436114154E+01 -0.13720760628078612964301632359749E+01
-0.12479928929567734609411233763705E+01 -0.13688143675848155218146442355489E+01
-0.12449596716655360888455805287207E+01 -0.13655046535119008111201056442665E+01
-0.12418825354119010572845389719770E+01 -0.13621470370779785733444946648989E+01
-0.12387615918233732374552249365723E+01 -0.13587416364587025219215821287888E+01
-0.12355969500575593209893814047847E+01 -0.13552885715123992242211900414101E+01
-0.12323887207982472320202449180987E+01 -0.13517879637758899694407402150401E+01
-0.12291370162514301404575548021188E+01 -0.13482399364602546810162375743488E+01
-0.12258419501412751371028322822240E+01 -0.13446446144465375793643941691000E+01
-0.12225036377060365644166708192059E+01 -0.13410021242813947147532492114532E+01
-0.12191221956939142193527503969097E+01 -0.13373125941726842839443931673342E+01
-0.12156977423588565124326511621847E+01 -0.13335761539849986464292316792192E+01
-0.12122303974563088123083099754076E+01 -0.13297929352351393645256080462329E+01
-0.12087202822389066896339178585476E+01 -0.13259630710875348888758184353472E+01
-0.12051675194521146612261591928993E+01 -0.13220866963496010048771350569675E+01
-0.12015722333298106363361977049271E+01 -0.13181639474670446227982094123497E+01
-0.11979345495898151515340702057009E+01 -0.13141949625191104122586202264692E+01
-0.11942545954293669983340736837449E+01 -0.13101798812137714379068032279382E+01
-0.11905324995205442408304998925549E+01 -0.13061188448828628882046344451712E+01
-0.11867683920056311870597519853782E+01 -0.13020119964771599877643355534404E+01
-0.11829624044924314629101544147229E+01 -0.12978594805613997300498034788767E+01
-0.11791146700495270633239686587829E+01 -0.12936614433092467659449691929590E+01
-0.11752253232014838699778256942909E+01 -0.12894180324982038639706079351645E+01
-0.11712944999240034029766523217833E+01 -0.12851293975044667813876371687208E+01
-0.11673223376390209364988555078035E+01 -0.12807956892977239415466879059857E+01
-0.11633089752097507816341181664405E+01 -0.12764170604359011812651694458128E+01
-0.11592545529356776295864855248093E+01 -0.12719936650598514117509567660774E+01
-0.11551592125474952430582173215265E+01 -0.12675256588879901668633188354420E+01
-0.11510230972019921481187462620737E+01 -0.12630131992108760312095186702200E+01
-0.11468463514768840418547585697838E+01 -0.12584564448857375887081602152263E+01
-0.11426291213655940746885129516169E+01 -0.12538555563309458093733017319060E+01
-0.11383715542719799996069058560659E+01 -0.12492106955204330265018459584702E+01
-0.11340737990050091734522294449882E+01 -0.12445220259780581424100065921648E+01
-0.11297360057733810229448792163713E+01 -0.12397897127719185677235680504288E+01
-0.11253583261800973808311388824547E+01 -0.12350139225086091146628717055292E+01
-0.11209409132169807410470353597657E+01 -0.12301948233274277291422189277565E+01
-0.11164839212591404285806428919004E+01 -0.12253325848945289263446627350911E+01
-0.11119875060593870757770469457801E+01 -0.12204273783970244625183037145788E+01
-0.11074518247425954468633183813856E+01 -0.12154793765370319711781753832671E+01
-0.11028770358000153598392806655383E+01 -0.12104887535256715188513346066008E+01
-0.10982632990835316359274105433298E+01 -0.12054556850770103879999038782578E+01
-0.10936107757998723426746916252460E+01 -0.12003803484019566191823627429750E+01
-0.10889196285047661565206487126804E+01 -0.11952629222021008624423682317722E+01
-0.10841900210970483357083622380558E+01 -0.11901035866635075391598047587806E+01
-0.10794221188127162545076870401417E+01 -0.11849025234504550703996138253024E+01
-0.10746160882189335662748443323119E+01 -0.11796599156991256065464773563551E+01
-0.10697720972079842282010287535814E+01 -0.11743759480112444969866809674141E+01
-0.10648903149911756664824759855174E+01 -0.11690508064476696348879219211805E+01
-0.10599709120926916569204399561199E+01 -0.11636846785219312178586485847904E+01
-0.10550140603433949762173324622608E+01 -0.11582777531937217304745566262064E+01
-0.10500199328745797012171888922797E+01 -0.11528302208623369279108590622836E+01
-0.10449887041116738317746137043390E+01 -0.11473422733600676162380699564137E+01
-0.10399205497678916274170763661186E+01 -0.11418141039455428518274882527842E+01
-0.10348156468378364911979093346884E+01 -0.11362459072970246047717683401340E+01
-0.10296741735910540637623916855837E+01 -0.11306378795056541562253750473281E+01
-0.10244963095655356830347980647128E+01 -0.11249902180686508033357817544120E+01
-0.10192822355611727959275428100658E+01 -0.11193031218824627071415592156051E+01
-0.10140321336331616808859272589143E+01 -0.11135767912358704216723930075139E+01
-0.10087461870853592921509856759857E+01 -0.11078114278030434019707707525229E+01
-0.10034245804635899365358186021024E+01 -0.11020072346365496791817826532025E+01
-0.99806749954890310149135328095414E+00 -0.10961644161603189852894115937649E+01
-0.99267513135078239448956238655463E+00 -0.10902831781625596760104307076994E+01
-0.98724766410030583108113324642754E+00 -0.10843637277886297575466901933156E+01
-0.98178528724325760361774802860915E+00 -0.10784062735338622037937595345816E+01
-0.97628819143319123177071468898165E+00 -0.10724110252363449731065729515677E+01
-0.97075656852444452605855865738444E+00 -0.10663781940696559545061279193661E+01
-0.96519061156510611353625035485208E+00 -0.10603079925355532136205237353691E+01
-0.95959051478993400414201819248695E+00 -0.10542006344566207520295741785313E+01
-0.95395647361322593554770007009062E+00 -0.10480563349688701580766012359977E+01
-0.94828868462164185756214389234866E+00 -0.10418753105142984501298356337535E+01
-0.94258734556697858995706587714739E+00 -0.10356577788334024316328828091255E+01
-0.93685265535889659939838601234194E+00 -0.10294039589576498024839252106367E+01
-0.93108481405759927018253331341828E+00 -0.10231140712019074231703700313761E+01
-0.92528402286646444673101279564299E+00 -0.10167883371568271334826723223574E+01
-0.91945048412462857938862447960572E+00 -0.10104269796811891664342537224455E+01
-0.91358440129952340578452615492793E+00 -0.10040302228942038634669627314169E+01
-0.90768597897936532317872068656648E+00 -0.99759829216777167589545677973864E+00
-0.90175542286559749432974558343044E+00 -0.99113141411870208403907850071062E+00
-0.89579293976528472214154840905569E+00 -0.98462981660089152547291292143206E+00
-0.88979873758346129037514975773988E+00 -0.97809372869746079792293339042358E+00
-0.88377302531543165090116231040704E+00 -0.97152338071285236555524132327994E+00
-0.87771601303902417085779022246414E+00 -0.96491900416488767168186549638013E+00
-0.87162791190679784413827273999916E+00 -0.95828083177678508808007037550813E+00
-0.86550893413820226425271670450449E+00 -0.95160909746913853413745769307231E+00
-0.85935929301169054019426307854851E+00 -0.94490403635185767095903895936545E+00
-0.85317920285678548617705889696435E+00 -0.93816588471606920762132368410818E+00
-0.84696887904609913111202479044167E+00 -0.93139488002598044196254592098193E+00
-0.84072853798730520401129300681540E+00 -0.92459126091070523131655825545577E+00
-0.83445839711506517819264307886159E+00 -0.91775526715605222094239297711683E+00
-0.82815867488290732180914792375681E+00 -0.91088713969627663558119381306086E+00
-0.82182959075505922147165709178019E+00 -0.90398712060579506804930595468911E+00
-0.81547136519823350914502894582438E+00 -0.89705545309086443263541558762134E+00
-0.80908421967336685789387354934085E+00 -0.89009238148122500811897205087382E+00
-0.80266837662731231078846953178984E+00 -0.88309815122170792794035362909584E+00
-0.79622405948448468154626293574751E+00 -0.87607300886380811986186202813688E+00
-0.78975149263845943972223466441284E+00 -0.86901720205722200202558821281677E+00
-0.78325090144352451537406245748632E+00 -0.86193097954135175740837533564795E+00
-0.77672251220618538414516527815139E+00 -0.85481459113677500337631499618851E+00
-0.77016655217662308762493389811052E+00 -0.84766828773668190419911132169575E+00
-0.76358324954010554406185139204370E+00 -0.84049232129827868207983881253952E+00
-0.75697283340835136305418569510111E+00 -0.83328694483415895256688064657008E+00
-0.75033553381084684420028850585609E+00 -0.82605241240364286237389122701606E+00
-0.74367158168611579845954215551037E+00 -0.81878897910408464515794068425946E+00
-0.73698120887294148080889895049325E+00 -0.81149690106214884117532767975242E+00
-0.73026464810154173946070290058779E+00 -0.80417643542505568871053520163088E+00
-0.72352213298469605758293749204785E+00 -0.79682784035179630327401013373423E+00
-0.71675389800882504991798167209230E+00 -0.78945137500431807851282850258377E+00
-0.70996017852502208771138524087683E+00 -0.78204729953868021877766080298105E+00
-0.70314121074003658644368311122704E+00 -0.77461587509618093881171212188935E+00
-0.69629723170720956626536648624041E+00 -0.76715736379445542770858500658261E+00
-0.68942847931735994669661687216553E+00 -0.75967202871854667888008029928502E+00
-0.68253519228962306233541928156506E+00 -0.75216013391194780324726802332802E+00
-0.67561761016223958458250095514872E+00 -0.74462194436761810690703421228787E+00
-0.66867597328329557200558597934656E+00 -0.73705772601897237528561589664979E+00
-0.66171052280141308489411928431104E+00 -0.72946774573084352507711022524527E+00
-0.65472150065639114738267700005263E+00 -0.72185227129042089820365590028084E+00
-0.64770914956979631173466546496973E+00 -0.71421157139816224735289395225012E+00
-0.64067371303550361693618229492393E+00 -0.70654591565868212461084594665965E+00
-0.63361543531018621078250386552728E+00 -0.69885557457161585620610176072986E+00
-0.62653456140375414529872274423895E+00 -0.69114081952246003007295150800090E+00
-0.61943133706974186615031120600062E+00 -0.68340192277339053192586216382778E+00
-0.61230600879564375712871193478592E+00 -0.67563915745405761952631061265888E+00
-0.60515882379319737154377979412969E+00 -0.66785279755235956638933924820632E+00
-0.59799002998861401680434438886210E+00 -0.66004311790519519859007726747861E+00
-0.59079987601275597645817402101580E+00 -0.65221039418919506116336882107495E+00
-0.58358861119126054115107529291680E+00 -0.64435490291143379385812492428893E+00
-0.57635648553460853895115997314026E+00 -0.63647692140012167016784679231847E+00
-0.56910374972813945714860895983005E+00 -0.62857672779527817451730216039761E+00
-0.56183065512201047291094636993065E+00 -0.62065460103938686939988246132091E+00
-0.55453745372109884172418118663244E+00 -0.61271082086803304904453606888451E+00
-0.54722439817484871064868869571293E+00 -0.60474566780052407434266422739523E+00
-0.53989174176705938620582795444914E+00 -0.59675942313049311584519433380595E+00
-0.53253973840561607571559984964866E+00 -0.58875236891648811612786162295879E+00
-0.52516864261216136374261452688880E+00 -0.58072478797254469967171987219408E+00
-0.51777870951170691444174201019820E+00 -0.57267696385874529145265600878034E+00
-0.51037019482218468092035686148124E+00 -0.56460918087176471297494692617338E+00
-0.50294335484393619747374420537020E+00 -0.55652172403540224088271296960680E+00
-0.49549844644913975401887615413531E+00 -0.54841487909110206155026780985126E+00
-0.48803572707117390304035500574880E+00 -0.54028893248846199350948558403791E+00
-0.48055545469391582918842308113038E+00 -0.53214417137573117693155929875260E+00
-0.47305788784097552300098076559617E+00 -0.52398088359029853086879059950307E+00
-0.46554328556486144599484387871445E+00 -0.51579935764917103709568599778448E+00
-0.45801190743607902955524569835275E+00 -0.50759988273944432332146913044824E+00
-0.45046401353216006559267835424264E+00 -0.49938274870876540626158541481974E+00
-0.44289986442662103845899107375134E+00 -0.49114824605578886960285389855454E+00
-0.43531972117784949938458032653476E+00 -0.48289666592062648496878187247253E+00
-0.42772384531791683352291696995621E+00 -0.47462830007529258679510457080092E+00
-0.42011249884131675065674366839375E+00 -0.46634344091414441611712710857721E+00
-0.41248594419362613946030734095950E+00 -0.45804238144432024992618693836900E+00
-0.40484444426008800454914956243299E+00 -0.44972541527617390938112604764200E+00
-0.39718826235411480167734716945875E+00 -0.44139283661370889064705371640342E+00
-0.38951766220570903990945522449020E+00 -0.43304494024501129964254246322831E+00
-0.38183290794980058499667185426442E+00 -0.42468202153268399899896050949756E+00
-0.37413426411449793977605567752426E+00 -0.41630437640428176679449269585146E+00
-0.36642199560925119461998368210985E+00 -0.40791230134274888204928646403382E+00
-0.35869636771292537580406041698147E+00 -0.39950609337686143000118363760463E+00
-0.35095764606178058842884372705515E+00 -0.39108605007167291746811883861382E+00
-0.34320609663735743726861535943431E+00 -0.38265246951896685042259635045360E+00
-0.33544198575426432429914171819846E+00 -0.37420565032771605381771443861823E+00
-0.32766558004786590727454367600533E+00 -0.36574589161454914081719085094846E+00
-0.31987714646186656598811382995899E+00 -0.35727349299422893697865781223822E+00
-0.31207695223578912547118685681872E+00 -0.34878875457013783428705515573416E+00
-0.30426526489234384390789796564879E+00 -0.34029197692477923033035623478189E+00
-0.29644235222468556791786545811152E+00 -0.33178346111028875032874751122059E+00
-0.28860848228355441934775465460669E+00 -0.32326350863896186681349958615274E+00
-0.28076392336429769876070238283234E+00 -0.31473242147379739626631857644698E+00
-0.27290894399376846904551315908074E+00 -0.30619050201905763542242783666684E+00
-0.26504381291709741978968470548990E+00 -0.29763805311084851950096254740414E+00
-0.25716879908433332362890580718156E+00 -0.28907537800771912405050760956784E+00
-0.24928417163694816772045239194155E+00 -0.28050278038128373998808925329872E+00
-0.24139019989420307112059481104644E+00 -0.27192056430686792579779153170059E+00
-0.23348715333936852396901492046749E+00 -0.26332903425417897800581420611588E+00
-0.22557530160579595311567446460985E+00 -0.25472849507800432662798213147166E+00
-0.21765491446283427460203502254881E+00 -0.24611925200893753997364123863540E+00
-0.20972626180158535442720735438184E+00 -0.23750161064413672887077253642866E+00
-0.20178961362049583510594527556336E+00 -0.22887587693811400100404467259479E+00
-0.19384524001077346029727991078011E+00 -0.22024235719355970019770836565114E+00
-0.18589341114162902697350385228368E+00 -0.21160135805220408592172730314220E+00
-0.17793439724533009382245461814872E+00 -0.20295318648571635010526930254735E+00
-0.16996846860206483438098904048896E+00 -0.19429814978664550976915778250672E+00
-0.16199589552460609623913186408823E+00 -0.18563655555940388780140043274451E+00
-0.15401694834276805294231906361807E+00 -0.17696871171129611787223915222603E+00
-0.14603189738764888158063491165014E+00 -0.16829492644359609026537278264694E+00
-0.13804101297564911854413681033796E+00 -0.15961550824267389107385003100905E+00
-0.13004456539225785566936584974585E+00 -0.15093076587117614193355438544843E+00
-0.12204282487559754205891438077470E+00 -0.14224100835926196522568206778643E+00
-0.11403606159971651702149364219332E+00 -0.13354654499589680191485045735264E+00
-0.10602454565762018082732660588068E+00 -0.12484768532020836463136062098126E+00
-0.98008547044027985231463456361647E-01 -0.11614473911290680612577532118835E+00
-0.89988335637847509243980819767831E-01 -0.10743801638777159127865804257362E+00
-0.81964181184350760708880622737090E-01 -0.98727827383210914787067203136476E-01
-0.73936353277041053702235780520216E-01 -0.90014482553893110530207390431792E-01
-0.65905121339197996191240026652561E-01 -0.81298292562457921053171369894858E-01
-0.57870754605084123526269555624292E-01 -0.72579568271308000897369429773920E-01
-0.49833522100800400536114358613038E-01 -0.63858620734485451631423251661747E-01
-0.41793692624773897628498676564626E-01 -0.55135761189638956527160252542441E-01
-0.33751534727860647400571251924105E-01 -0.46411301050082662920593289569026E-01
-0.25707316693047215785905126445427E-01 -0.37685551896954170489328738364123E-01
-0.17661306514730824705959940951904E-01 -0.28958825471474544554196110111955E-01
-0.96137718775603773733624345397394E-02 -0.20231433667314182157119572841495E-01
-0.15649801348165636775786785660800E-02 -0.11503688523072859991865676709328E-01
0.64848017136912448552614053761233E-02 -0.27759022148744688798110423655897E-02
0.14535307044232391563343629739191E-01 0.59516129509137189864912750786153E-02
0.22586269632293333930186365422112E-01 0.14678544544834912561277764527330E-01
0.30637423676272273651404786989587E-01 0.23404580021362257046090194294104E-01
0.38688503821754831248681570488661E-01 0.32129406725777841811295861850313E-01
0.46739245186404531052317968335999E-01 0.40852711900905768511475961012947E-01
0.54789383385493604834525027560654E-01 0.49574182693690952489216915571845E-01
0.62838654558109918337491440110243E-01 0.58293506161618572807233656796489E-01
0.70886795394073868278060515433243E-01 0.67010369278964949178665464040968E-01
0.78933543161599842140717887097582E-01 0.75724458942872959072885880725605E-01
0.86978635735743826088174862510987E-01 0.84435461979244313714048231166010E-01
0.95021811627675395383894381342641E-01 0.93143065148438753547858493393554E-01
0.10306281001481932454858935054522E+00 0.10184695515077305440873342283409E+00
0.11110137077191395942446436213058E+00 0.11054681863180896573297043761507E+00
0.11913723450303181279490304443513E+00 0.11924234218742071621778186127471E+00
0.12717014257462012418950480584988E+00 0.12793321236863215075981898413229E+00
0.13519983714961200124062638758876E+00 0.13661911568621202423422851361939E+00
0.14322606122267014985319048650491E+00 0.14529973861501638483607539835663E+00
0.15124855865662618764959043422504E+00 0.15397476759806604443442389048017E+00
0.15926707422018141531623949023408E+00 0.16264388905034580465730554277465E+00
0.16728135362694199828334315752154E+00 0.17130678936231359310293782142744E+00
0.17529114357586386176587417769098E+00 0.17996315490310393707890029836430E+00
0.18329619179318985403525580986531E+00 0.18861267202341156714319906913222E+00
0.19129624707596562787240561006382E+00 0.19725502705804049269797033167775E+00
0.19929105933722685165061006344851E+00 0.20588990632810070779585698838598E+00
0.20728037965295862486987031357325E+00 0.21451699614283607003904103361266E+00
0.21526396031093121040336702599665E+00 0.22313598280106579348498044335516E+00
0.22324155486152810503223692969646E+00 0.23174655259221760396570317030412E+00
0.23121291817068686384893797492087E+00 0.24034839179693758779185080771626E+00
0.23917780647508348783981134580980E+00 0.24894118668724779519759443395844E+00
0.24713597743970119902868222320836E+00 0.25752462352623715235208606182838E+00
0.25508719021793266282930916145380E+00 0.26609838856725538290364288442248E+00
0.26303120551437785399985959007743E+00 0.27466216805258751045558955433434E+00
0.27096778565051070195795498767884E+00 0.28321564821158275146403242057325E+00
0.27889669463340037223188373790381E+00 0.29175851525820765137672750759570E+00
0.28681769822768876229053766745494E+00 0.30029045538799579074741918759238E+00
0.29473056403103881568550420126190E+00 0.30881115477436008166712751131785E+00
0.30263506155328718570385367875822E+00 0.31732029956423626331800563330667E+00
0.31053096229955246553879233981325E+00 0.32581757587302156097815628027874E+00
0.31841803985756879479570608027974E+00 0.33430266977876991648859920661000E+00
0.32629606998953762985877043666606E+00 0.34277526731560657427398071513705E+00
0.33416483072881539936730903474512E+00 0.35123505446631613856747331014066E+00
0.34202410248177563662427396602078E+00 0.35968171715406419642224891184185E+00
0.34987366813522138615917275243428E+00 0.36811494123320104061706532091955E+00
0.35771331316974253969077434372051E+00 0.37653441247909958619860214725735E+00
0.36554282577946092750867029069240E+00 0.38493981657697418125564412769474E+00
0.37336199699863056092418787303568E+00 0.39333083910962290099044998353432E+00
0.38117062083560904178428205119133E+00 0.40170716554403499676093984869585E+00
0.38896849441476005772939874475085E+00 0.41006848121679882788061545744433E+00
0.39675541812689423368615567546287E+00 0.41841447131824345688615524309343E+00
0.40453119578891351737803994682086E+00 0.42674482087524335392698564021500E+00
0.41229563481338176585787349538867E+00 0.43505921473260858628541960825076E+00
0.42004854638881407935499769495487E+00 0.44335733753298263861448126034841E+00
0.42778974567154934277842855878103E+00 0.45163887369516131374338264132490E+00
0.43551905199015277529752405472543E+00 0.45990350739074268237415328661523E+00
0.44323628906338810279826535849322E+00 0.46815092251901307104473495559665E+00
0.45094128523289580438074082227258E+00 0.47638080267996783579419696466966E+00
0.45863387371183265983389171982389E+00 0.48459283114535957114542462246695E+00
0.46631389285084648305646020342418E+00 0.49278669082766104518577789656834E+00
0.47398118642290428962722483767172E+00 0.50096206424682292150986071859054E+00
0.48163560392864614201455715325301E+00 0.50911863349470040235157393370653E+00
0.48927700092411309982861793521608E+00 0.51725608019701601607991609651462E+00
0.49690523937289191053873395132031E+00 0.52537408547271826608333750002948E+00
0.50452018802493991854661711453764E+00 0.53347232989058971878956417084147E+00
0.51212172282460178798592600685892E+00 0.54155049342295017860435578482983E+00
0.51970972735060741725960268425148E+00 0.54960825539629609462270492914485E+00
0.52728409329115351589317450411496E+00 0.55764529443870648872276285032418E+00
0.53484472095753074000002012968407E+00 0.56566128842384489129563475365431E+00
0.54239151984015735146149330851504E+00 0.57365591441137743530580978198673E+00
0.54992440921133934615997311443233E+00 0.58162884858362491035929827196497E+00
0.55744331877959768235658696060519E+00 0.58957976617826434261185316179828E+00
0.56494818940099486374363265490504E+00 0.59750834141689285911274754873676E+00
0.57243897385357123168427445379028E+00 0.60541424742927098781286866581854E+00
0.57991563768177692878875508889594E+00 0.61329715617306697891472253598718E+00
0.58737816011867492926659371536383E+00 0.62115673834893204799969526342908E+00
0.59482653509471472311884755943307E+00 0.62899266331075679008284245282824E+00
0.60226077234305664331315407479199E+00 0.63680459897097713562764678844974E+00
0.60968089861279333590153104018086E+00 0.64459221170083518681769156579423E+00
0.61708695900299607011358616932392E+00 0.65235516622554473457961619201683E+00
0.62447901843235523342494342976223E+00 0.66009312551437167649689032286311E+00
0.63185716326133322751373478715117E+00 0.66780575066572325571832456635758E+00
0.63922150308625375690138188881585E+00 0.67549270078744396653209680500443E+00
0.64657217272770344310465635533862E+00 0.68315363287265991740002988434011E+00
0.65390933443908755778136681754454E+00 0.69078820167169107691156175875064E+00
0.66123318036528124717948306427794E+00 0.69839605956078853753593231561604E+00
0.66854393528617806884751238671852E+00 0.70597685640875541028319115124162E+00
0.67584185968572105950532755317809E+00 0.71353023944290001668738433718267E+00
0.68312725319391541452363192787544E+00 0.72105585311627328135825384223267E+00
0.69040045845761586918126967271078E+00 0.72855333897878774616300618410211E+00
0.69766186550587770117795274138113E+00 0.73602233555564905153916969547338E+00
0.70491191668776775820884829589765E+00 0.74346247823760643448207137931910E+00
0.71215111227525371782413066603062E+00 0.75087339918891708415910560224446E+00
0.71938001684180064243968655818225E+00 0.75825472728072473248857405943079E+00
0.72659926654944281066683988249550E+00 0.76560608805989196930601612273559E+00
0.73380957750447058220233163628103E+00 0.77292710376638913477718785461097E+00
0.74101175537592487417173474959501E+00 0.78021739341634832991494858009122E+00
0.74820670651371657014538492391810E+00 0.78747657297316990975501629535380E+00
0.75539545085690665580224334811221E+00 0.79470425563606139898646039355909E+00
0.76257913699090564477781388365006E+00 0.80190005228466824893809684264448E+00
0.76975905979953299418582742767465E+00 0.80906357213098647444115573491631E+00
0.77693668127062408645353661602162E+00 0.81619442364635354932974676617139E+00
0.78411365515969449904933423551199E+00 0.82329221585480647899582435663039E+00
0.79129185641044410867749492324607E+00 0.83035656011353954212868102101083E+00
0.79847341648049457013678759485542E+00 0.83738707255037924002287460789636E+00
0.80566076608061947360704898455957E+00 0.84438337737127818749945304833078E+00
0.81285668724879062192220162492456E+00 0.85134511139012297568287702101484E+00
0.82006437747813681769184708382844E+00 0.85827193009343601785952698028047E+00
0.82728752903433090830905280489311E+00 0.86516351622556279382417241440725E+00
0.83453042930370706058543267227863E+00 0.87201959063824762927229809290528E+00
0.84179808548627908431388761940634E+00 0.87883993012501833023705455508656E+00
0.84909639276909884971938054942705E+00 0.88562438361248353969840429822742E+00
0.85643232943366301887475923436871E+00 0.89237292156543098225880370764558E+00
0.86381428834744980892241077299690E+00 0.89908562529105193522277981827740E+00
0.87125230201175218904271684502829E+00 0.90576292154760677726008205980257E+00
0.87875902548023138569851184530848E+00 0.91240516288416527490494079111502E+00
0.88634906563587593148895670458486E+00 0.91901437253115791141691227056104E+00
0.89559648502694492111961783044859E+00 0.92690260751110609503444296222659E+00
0.90503808490163093015420853028130E+00 0.93475009677471486673797031264611E+00
0.91473774498838545268815405872792E+00 0.94256565711344839114770244114035E+00
0.92479067569608408790302888555286E+00 0.95036533745806961428222427889385E+00
0.93535029826729897247016296515450E+00 0.95817930768132727536969387074524E+00
0.94607996828259320205915296221898E+00 0.96565757258961766929598591135746E+00
0.95650457049127891420733432394588E+00 0.97241283409958673036501232042475E+00
0.96665665431566372569233181752108E+00 0.97842413695372083370603858666072E+00
0.97655605030265384208717998543669E+00 0.98370184038784031950247989455364E+00
