0.16182069718609003828388919540279E+01 0.80185695010866515112722985668107E+00
0.16208962674385453468678157296343E+01 0.79829586086621189133060660661604E+00
0.16234674418499263480191787119226E+01 0.79496382398814575721631429652165E+00
0.16259021541330416969663545073802E+01 0.79186976339665012939043734793766E+00
0.16281853898521837075429402301380E+01 0.78902046393743084635680801545030E+00
0.16303016528840978310809598632816E+01 0.78642323672218404447166528594094E+00
0.16322466843879165070897177338480E+01 0.78407207974722440755483895658836E+00
0.16340559751910120262019712943111E+01 0.78191499817000916775172487787496E+00
0.16357604048218598806327839158750E+01 0.77990866525559827054446042220108E+00
0.16373804615822219041546098288304E+01 0.77802420838430715786589956277894E+00
0.16389306047024633179937277172716E+01 0.77624117243321186861699457573011E+00
0.16373804615822219041546098288304E+01 0.77802420838430715786589956277894E+00
0.16357604048218598806327839158750E+01 0.77990866525559827054446042220108E+00
0.16340559751910120262019712943111E+01 0.78191499817000916775172487787496E+00
0.16322466843879165070897177338480E+01 0.78407207974722440755483895658836E+00
0.16303016528840978310809598632816E+01 0.78642323672218404447166528594094E+00
0.16281853898521837075429402301380E+01 0.78902046393743084635680801545030E+00
0.16259021541330416969663545073802E+01 0.79186976339665012939043734793766E+00
0.16234674418499263480191787119226E+01 0.79496382398814575721631429652165E+00
0.16208962674385453468678157296343E+01 0.79829586086621189133060660661604E+00
0.16182069718609003828388919540279E+01 0.80185695010866515112722985668107E+00
0.16208558099274083503458732324705E+01 0.80765629893302205032232237483547E+00
0.16240709371693988895683089654703E+01 0.81335604466486748852304428246208E+00
0.16276407505233276213462320956006E+01 0.81905456119201970057853014551085E+00
0.16315772329178152444807578464586E+01 0.82472952703600843326533689133548E+00
0.16358481867347611966274674631062E+01 0.83037863854741004020448256770239E+00
0.16402094025569860901609375491459E+01 0.83575127687127611731433828467291E+00
0.16444604054719140154160384033434E+01 0.84069610944052755970612257926875E+00
0.16486193730675967024101074460701E+01 0.84531258561481352801755963428142E+00
0.16526952855546146799587989514484E+01 0.84966366339182192691436333445710E+00
0.16566935818276720485258406155247E+01 0.85379145074833854124636477576249E+00
0.16599675107166062981587024097470E+01 0.85708358731305799283179231883159E+00
0.16631901512463728086132485214035E+01 0.86025543021078485504358773723910E+00
0.16663619149391527978487699988401E+01 0.86331770477358438545050578597098E+00
0.16694830259481278495198528748268E+01 0.86627907655990054195637876747651E+00
0.16725535467269052948858136231345E+01 0.86914668752521628160428669435451E+00
0.16755734280235557406654491794587E+01 0.87192650214796112644716787322467E+00
0.16785425445981164396760052791403E+01 0.87462355734210445493507730345202E+00
0.16814607200579500552046635665368E+01 0.87724214798747529191829207728113E+00
0.16843277441981932361747382975474E+01 0.87978596742998931665715155599810E+00
0.16871433852040371063459264371040E+01 0.88225821566637408884415331281931E+00
0.16899073982978110856015791497719E+01 0.88466168386313783433070097669257E+00
0.16926195318979356310899524897430E+01 0.88699882124117076369821513919813E+00
0.16952795320173844538907519655446E+01 0.88927178861795951925643016381874E+00
0.16978871454042881359417673189003E+01 0.89148250171603213682137403979809E+00
0.17004421217762492863192172251501E+01 0.89363266652477507258166871546103E+00
0.17029442153971273925872430917934E+01 0.89572380842230255751658090387927E+00
0.17053931861741569675381792305655E+01 0.89775729634733042801047765647401E+00
0.17077888004037634016792415573259E+01 0.89973436300749116435554395421820E+00
0.17101308312594874411655195974963E+01 0.90165612188654909385630788656022E+00
0.17124190590904895159774856789550E+01 0.90352358164569111763656496381641E+00
0.17146532715811371210431407323977E+01 0.90533765838773494626760924975280E+00
0.17168332638091256679733433450393E+01 0.90709918615671030798417631566111E+00
0.17189588382300230715879507103256E+01 0.90880892597102453317510917888438E+00
0.17210298046090781669525689163086E+01 0.91046757363073114922889292961161E+00
0.17230459799159032889391070549895E+01 0.91207576649421676620307400113258E+00
0.17250071881937348487156398285622E+01 0.91363408938392828370051632898853E+00
0.17269132604120499873285523530708E+01 0.91514307975237733530641008103827E+00
0.17287640343091113317553994668209E+01 0.91660323221692825706415283747906E+00
0.17305593542293455395272926161117E+01 0.91801500255355902888704370044361E+00
0.17322990709591988270886843717406E+01 0.91937881122493436811003764538454E+00
0.17339830415641528809667878523043E+01 0.92069504650602094878824498431323E+00
0.17356111292288555531270518635919E+01 0.92196406726054815438766268362301E+00
0.17371832031017654985247098272309E+01 0.92318620541343805337209032574381E+00
0.17386991381452882026846333278924E+01 0.92436176815755427852361066287799E+00
0.17401588149920607010559887475653E+01 0.92549103992748566911605792873804E+00
0.17415621198077999677067363456371E+01 0.92657428416837057747065258434411E+00
0.17429089441609472367650982736026E+01 0.92761174492381805476966810147449E+00
0.17441991848992071125341446416356E+01 0.92860364826364838569171345000656E+00
0.17454327440329709059988629020109E+01 0.92955020356936984725473226689786E+00
0.17466095286255660503289947352214E+01 0.93045160469288328733815469188569E+00
0.17477294506901470551110492540393E+01 0.93130803100196369487886035861876E+00
0.17487924270932246045724814247850E+01 0.93211964832404001344282270031451E+00
0.17497983794641735209586413060217E+01 0.93288660979912436085176155308322E+00
0.17507472341118882826472509184895E+01 0.93360905664903757183866065444336E+00
0.17516389219444045108763313368886E+01 0.93428711887597523460442275741652E+00
0.17524733784027824062397625554367E+01 0.93492091588214967026255299883976E+00
0.17532505433758779984706844248587E+01 0.93551055706017608648263870811166E+00
0.17539703611912489418284399184191E+01 0.93605614223372692451474789685375E+00
0.17546327804088476027964186520126E+01 0.93655776231334819031717623803706E+00
0.17552377541967336493081059801538E+01 0.93701549914257407292528667510841E+00
0.17556091343603867247657600277687E+01 0.93729631458243327996407209401928E+00
0.17559549524119489294699594418496E+01 0.93755767931817578478954521406917E+00
0.17562751974996856599149323219142E+01 0.93779961176508654003699765968532E+00
0.17565698596165755736746716711913E+01 0.93802212880901975268444681775075E+00
0.17568389295698537490596884728481E+01 0.93822524587324218078446368481395E+00
0.17570952138263005503842973077549E+01 0.93841864590402703674480539796510E+00
0.17573515245571303909997713199459E+01 0.93861200239700778041180827832764E+00
0.17576078617451791498720472011560E+01 0.93880531550576273211005137925315E+00
0.17578642253496246509856931010696E+01 0.93899858541454933345692843171475E+00
0.17581206154037040958408979871732E+01 0.93919181220867923496609628816987E+00
0.17578642253496246509856931010696E+01 0.93899858541454933345692843171475E+00
0.17576078617451791498720472011560E+01 0.93880531550576273211005137925315E+00
0.17573515245571303909997713199459E+01 0.93861200239700778041180827832764E+00
0.17570952138263005503842973077549E+01 0.93841864590402703674480539796510E+00
0.17568389295698537490596884728481E+01 0.93822524587324218078446368481395E+00
0.17565698596165755736746716711913E+01 0.93802212880901975268444681775075E+00
0.17562751974996856599149323219142E+01 0.93779961176508654003699765968532E+00
0.17559549524119489294699594418496E+01 0.93755767931817578478954521406917E+00
0.17556091343603867247657600277687E+01 0.93729631458243327996407209401928E+00
0.17552377541967336493081059801538E+01 0.93701549914257407292528667510841E+00
0.17546327804088476027964186520126E+01 0.93655776231334819031717623803706E+00
0.17539703611912489418284399184191E+01 0.93605614223372692451474789685375E+00
0.17532505433758779984706844248587E+01 0.93551055706017608648263870811166E+00
0.17524733784027824062397625554367E+01 0.93492091588214967026255299883976E+00
0.17516389219444045108763313368886E+01 0.93428711887597523460442275741652E+00
0.17507472341118882826472509184895E+01 0.93360905664903757183866065444336E+00
0.17497983794641735209586413060217E+01 0.93288660979912436085176155308322E+00
0.17487924270932246045724814247850E+01 0.93211964832404001344282270031451E+00
0.17477294506901470551110492540393E+01 0.93130803100196369487886035861876E+00
0.17466095286255660503289947352214E+01 0.93045160469288328733815469188569E+00
0.17454327440329709059988629020109E+01 0.92955020356936984725473226689786E+00
0.17441991848992071125341446416356E+01 0.92860364826364838569171345000656E+00
0.17429089441609472367650982736026E+01 0.92761174492381805476966810147449E+00
0.17415621198077999677067363456371E+01 0.92657428416837057747065258434411E+00
0.17401588149920607010559887475653E+01 0.92549103992748566911605792873804E+00
0.17386991381452882026846333278924E+01 0.92436176815755427852361066287799E+00
0.17371832031017654985247098272309E+01 0.92318620541343805337209032574381E+00
0.17356111292288555531270518635919E+01 0.92196406726054815438766268362301E+00
0.17339830415641528809667878523043E+01 0.92069504650602094878824498431323E+00
0.17322990709591988270886843717406E+01 0.91937881122493436811003764538454E+00
0.17305593542293455395272926161117E+01 0.91801500255355902888704370044361E+00
0.17287640343091113317553994668209E+01 0.91660323221692825706415283747906E+00
0.17269132604120499873285523530708E+01 0.91514307975237733530641008103827E+00
0.17250071881937348487156398285622E+01 0.91363408938392828370051632898853E+00
0.17230459799159032889391070549895E+01 0.91207576649421676620307400113258E+00
0.17210298046090781669525689163086E+01 0.91046757363073114922889292961161E+00
0.17189588382300230715879507103256E+01 0.90880892597102453317510917888438E+00
0.17168332638091256679733433450393E+01 0.90709918615671030798417631566111E+00
0.17146532715811371210431407323977E+01 0.90533765838773494626760924975280E+00
0.17124190590904895159774856789550E+01 0.90352358164569111763656496381641E+00
0.17101308312594874411655195974963E+01 0.90165612188654909385630788656022E+00
0.17077888004037634016792415573259E+01 0.89973436300749116435554395421820E+00
0.17053931861741569675381792305655E+01 0.89775729634733042801047765647401E+00
0.17029442153971273925872430917934E+01 0.89572380842230255751658090387927E+00
0.17004421217762492863192172251501E+01 0.89363266652477507258166871546103E+00
0.16978871454042881359417673189003E+01 0.89148250171603213682137403979809E+00
0.16952795320173844538907519655446E+01 0.88927178861795951925643016381874E+00
0.16926195318979356310899524897430E+01 0.88699882124117076369821513919813E+00
0.16899073982978110856015791497719E+01 0.88466168386313783433070097669257E+00
0.16871433852040371063459264371040E+01 0.88225821566637408884415331281931E+00
0.16843277441981932361747382975474E+01 0.87978596742998931665715155599810E+00
0.16814607200579500552046635665368E+01 0.87724214798747529191829207728113E+00
0.16785425445981164396760052791403E+01 0.87462355734210445493507730345202E+00
0.16755734280235557406654491794587E+01 0.87192650214796112644716787322467E+00
0.16725535467269052948858136231345E+01 0.86914668752521628160428669435451E+00
0.16694830259481278495198528748268E+01 0.86627907655990054195637876747651E+00
0.16663619149391527978487699988401E+01 0.86331770477358438545050578597098E+00
0.16631901512463728086132485214035E+01 0.86025543021078485504358773723910E+00
0.16599675107166062981587024097470E+01 0.85708358731305799283179231883159E+00
0.16566935818276720485258406155247E+01 0.85379145074833854124636477576249E+00
0.16526952855546146799587989514484E+01 0.84966366339182192691436333445710E+00
0.16486193730675967024101074460701E+01 0.84531258561481352801755963428142E+00
0.16444604054719140154160384033434E+01 0.84069610944052755970612257926875E+00
0.16402094025569860901609375491459E+01 0.83575127687127611731433828467291E+00
0.16358481867347611966274674631062E+01 0.83037863854741004020448256770239E+00
0.16315772329178152444807578464586E+01 0.82472952703600843326533689133548E+00
0.16276407505233276213462320956006E+01 0.81905456119201970057853014551085E+00
0.16240709371693988895683089654703E+01 0.81335604466486748852304428246208E+00
0.16208558099274083503458732324705E+01 0.80765629893302205032232237483547E+00
0.16182069718609003828388919540279E+01 0.80185695010866515112722985668107E+00
0.16118111749778684397441737938829E+01 0.80094288202269296116916308678680E+00
0.16051214510832981222377407521357E+01 0.79961601811298891775218803005825E+00
0.15980972700096805485983142316216E+01 0.79792485775889876402178515552108E+00
0.15907144984878656168013349504095E+01 0.79586237137368729114407242365039E+00
0.15829474593005812384988381811607E+01 0.79344019090595358101342175627868E+00
0.15751453333349289404778170021347E+01 0.79079245418917155810932264930203E+00
0.15675802528077662572575092823736E+01 0.78805752179139385656090922325993E+00
0.15601608183601721705862651086820E+01 0.78524241720302752142701094268071E+00
0.15528309891707130892009822032287E+01 0.78235285866154281921437299367924E+00
0.15455536494265932821613077397200E+01 0.77939368843108149085089955046712E+00
0.15395106324515372256422517236090E+01 0.77687685311945112698838417502729E+00
0.15334747022834136118876958669354E+01 0.77431682476201505140366045094100E+00
0.15274374565736501631471341771707E+01 0.77171462257520550697475692546951E+00
0.15213918931999965730398284789679E+01 0.76907192743336589351211843945783E+00
0.15153324555886772012077036746102E+01 0.76638996570866224819142990086363E+00
0.15092545625444578106159742463097E+01 0.76366991118610057022038482163953E+00
0.15031544387389958445566542136303E+01 0.76091278349297642462719393794014E+00
0.14970289318291317505078310740984E+01 0.75811950746616154384490562859173E+00
0.14908753946074723909416394239598E+01 0.75529091492682891739300455199035E+00
0.14846915884043488242898232876413E+01 0.75242776179341054762852881690214E+00
0.14784756104816886543968320960634E+01 0.74953073714831177909258314897185E+00
0.14722258363089058269015279584537E+01 0.74660047255319552222929365378961E+00
0.14659408739906120992368178943755E+01 0.74363754932384596771960482998982E+00
0.14596195276242230539281308675687E+01 0.74064250488085021166874351563306E+00
0.14532607676530374618443088548632E+01 0.73761583809293545941618146132212E+00
0.14468637066375244509271675753579E+01 0.73455801386910895475614471644347E+00
0.14404275793073655574181998775346E+01 0.73146946709862302486540640340744E+00
0.14339517260134907403326539858254E+01 0.72835060605455775502252642396991E+00
0.14274355789086595037503389141048E+01 0.72520181534348790924072738316716E+00
0.14208786503336928319936574627290E+01 0.72202345847270536507916361213771E+00
0.14142805230004239434923844471071E+01 0.71881588009254079774239078085238E+00
0.14076408416481609270711779060128E+01 0.71557940796184942043423160322629E+00
0.14009593059164168885206870529108E+01 0.71231435467649730123273034053325E+00
0.13942356642275730811257937227371E+01 0.70902101919419223691505789254657E+00
0.13874697085128612580010543347333E+01 0.70569968818363776939710753720577E+00
0.13806612696462471705305126575400E+01 0.70235063722160620187273689241702E+00
0.13738102134754874390185307846471E+01 0.69897413185790909938677742049504E+00
0.13669164373593023658566335291906E+01 0.69557042856524467541144398241294E+00
0.13599798671353828066177517009685E+01 0.69213977558841074961757962196345E+00
0.13530004544566730275535289660147E+01 0.68868241370528750195949904755817E+00
0.13459781744436975500684531690724E+01 0.68519857691024773569477492122602E+00
0.13389130236091218357113021658649E+01 0.68168849302918045694243409153698E+00
0.13318050180176427862487631572836E+01 0.67815238427407127255655779506690E+00
0.13246541916499948488820373843733E+01 0.67459046774402777139965136592679E+00
0.13174605949445662983610807512656E+01 0.67100295587874015052796539326175E+00
0.13102242934940381594638774890189E+01 0.66739005686960205154635278912507E+00
0.13029453668777238157776755232965E+01 0.66375197503306062550658509879055E+00
0.12956239076130301703771652100796E+01 0.66008891115019922727359006538450E+00
0.12882600202117653941419331042802E+01 0.65640106277607331501381735314304E+00
0.12808538203289646672265192536567E+01 0.65268862452189793442434702313088E+00
0.12734054339935570007897134616627E+01 0.64895178831282448519627000314887E+00
0.12659149969115966932088322383925E+01 0.64519074362372633535087219629213E+00
0.12583826538339810205556596557383E+01 0.64140567769514049284247071577996E+00
0.12508085579816000854090886931690E+01 0.63759677573127194121869339257920E+00
0.12431928705217403006112759105269E+01 0.63376422108175669548186627520919E+00
0.12355357600903238155197345180894E+01 0.62990819540869836852162966877320E+00
0.12278374023552139040905303748936E+01 0.62602887884032921729857718057814E+00
0.12200979796163837090783700425231E+01 0.62212645011250582827245400373371E+00
0.12123176804392353155444748762439E+01 0.61820108669912455852156669229441E+00
0.12044966993177795715377030109811E+01 0.61425296493243025159696205781950E+00
0.11966352363647616252840168440601E+01 0.61028226011409451273920785559559E+00
0.11887334970261381402591470769722E+01 0.60628914661785257677057003803636E+00
0.11807916918175980285061009482407E+01 0.60227379798441041168166768715400E+00
0.11728100360810669616937651009889E+01 0.59823638700926599071883103559763E+00
0.11647887497593540856999269844588E+01 0.59417708582402472211092138497587E+00
0.11567280571872935680598277922283E+01 0.59009606597173871751813172272581E+00
0.11486281868979029512755591113052E+01 0.58599349847674607725641102002579E+00
0.11404893714422306949453689802664E+01 0.58186955390944516803020404452994E+00
0.11323118472216993786768628454892E+01 0.57772440244639905771615671515007E+00
0.11240958543318683824243983350362E+01 0.57355821392612994310392966227683E+00
0.11158416364166463711383274407545E+01 0.56937115790093123506014693587511E+00
0.11075494405320756193920750152098E+01 0.56516340368499646692611230766954E+00
0.10992195170188962462117986324309E+01 0.56093512039913928455922718779425E+00
0.10908521193831704409933506342610E+01 0.55668647701235403647619522759717E+00
0.10824475041843158249717232307042E+01 0.55241764238044613098078753080344E+00
0.10740059309299548920397904203755E+01 0.54812878528194310074199386284756E+00
0.10655276619770430896686506676225E+01 0.54382007445147777284833647910064E+00
0.10570129624387841144996273898159E+01 0.53949167861082170933110962185480E+00
0.10484621000968866582901446283782E+01 0.53514376649773158045021153360459E+00
0.10398753453187542760665228239233E+01 0.53077650689275750501550265055718E+00
0.10312529709792353856850029703496E+01 0.52639006864415261232467081194699E+00
0.10225952523865938048960852989059E+01 0.52198462069101023076575488251173E+00
0.10139024672123868071684793281921E+01 0.51756033208474659234624828917141E+00
0.10051748954249652567617295891522E+01 0.51311737200903695863521055059473E+00
0.99641281922633378477767648054360E+00 0.50865590979830666228113967286888E+00
0.98761652299212943656055279914463E+00 0.50417611495486864288593160080450E+00
0.97878629321449881455660332500542E+00 0.49967815716479418302215101881165E+00
0.96992241844766825532144969055300E+00 0.49516220631259559846382942692303E+00
0.96102518925602117232598575113806E+00 0.49062843249479649184449133773313E+00
0.95209489816450880031420212159750E+00 0.48607700603245584067117861823065E+00
0.94313183961123538492996052368474E+00 0.48150809748271154528143648127374E+00
0.93413630990207042928717341507365E+00 0.47692187764940135947409630151318E+00
0.92510860716715185301595406926920E+00 0.47231851759281703320836580373350E+00
0.91604903131915520237373080671756E+00 0.46769818863864277156794358264651E+00
0.90695788401321129247553639328273E+00 0.46306106238612500568008967200473E+00
0.89783546860836571042450531621081E+00 0.45840731071551944956279504423813E+00
0.88868209013047935464503896373197E+00 0.45373710579485528506653214187335E+00
0.87949805523647781998183839129083E+00 0.44905062008605672717664731818227E+00
0.87028367217986455208118125541457E+00 0.44434802635045763341011042862492E+00
0.86103925077741539985999594756304E+00 0.43962949765374134206450958549577E+00
0.85176510237698365759195410049513E+00 0.43489520737034170861613418000304E+00
0.84246153982634372561129566860237E+00 0.43014532918732875637585635583114E+00
0.83312887744301079426652510582514E+00 0.42538003710781313325624629613851E+00
0.82376743098497636916945640122074E+00 0.42059950545389012024194116210219E+00
0.81437751762230337398494234772167E+00 0.41580390886915069328229153544295E+00
0.80495945590952979946005933245340E+00 0.41099342232078142679064108408525E+00
0.79551356575883146679673509269476E+00 0.40616822110127411856247182302452E+00
0.78604016841389912975267805618430E+00 0.40132848082976666014417873860266E+00
0.77653958642448792517120811925648E+00 0.39647437745303291401891499935172E+00
0.76701214362159893554014150538937E+00 0.39160608724613948493760421540102E+00
0.75745816509325646325305336519229E+00 0.38672378681278693259198112812445E+00
0.74787797716084623613175755066470E+00 0.38182765308535013149994360377090E+00
0.73827190735598246552892869409889E+00 0.37691786332463363419012121920865E+00
0.72864028439787316111880631298450E+00 0.37199459511935477037187145253894E+00
0.71898343817115520639986723209973E+00 0.36705802638536893684045930235568E+00
0.70930169970417325505241095039409E+00 0.36210833536464876121691443448525E+00
0.69959540114767684052574244998903E+00 0.35714570062402879229642081496320E+00
0.68986487575391236095730615143134E+00 0.35217030105372730178677407815292E+00
0.68011045785608858634219345660117E+00 0.34718231586565523849924499172084E+00
0.67033248284819416403856135663817E+00 0.34218192459152216598591298633257E+00
0.66053128716514846672058372338612E+00 0.33716930708074892820960747925506E+00
0.65070720826326709781319086953819E+00 0.33214464349819548483699329164851E+00
0.64086058460102524784989109173226E+00 0.32710811432171244116917001753992E+00
0.63099175562010274797228596521633E+00 0.32205990033952425169837717934458E+00
0.62110106172669524199515551042017E+00 0.31700018264745134061926898146772E+00
0.61118884427307805732325532923436E+00 0.31192914264597883620842224589904E+00
0.60125544553940853054752987811382E+00 0.30684696203717754866789070070297E+00
0.59130120871575434054676876505474E+00 0.30175382282148490622957097535407E+00
0.58132647788433656019965170501150E+00 0.29664990729435158800565330248744E+00
0.57133159800197510739793505250750E+00 0.29153539804275772463660220010877E+00
0.56131691488272714383172461515201E+00 0.28641047794160832847669370808895E+00
0.55128277518070754983734434123473E+00 0.28127533015000798937770885947426E+00
0.54122952637308229808090763920504E+00 0.27613013810742397038025136528355E+00
0.53115751674322631045474254590001E+00 0.27097508552974075590637767698536E+00
0.52106709536403679419105464362368E+00 0.26581035640520950424465105001267E+00
0.51095861208139451726609156194963E+00 0.26063613499029944718374412260800E+00
0.50083241749776556020667188027565E+00 0.25545260580545192200582401662726E+00
0.49068886295593576440929951848084E+00 0.25025995363074358301490246341799E+00
0.48052830052287265417699472988912E+00 0.24505836350146197403213340828769E+00
0.47035108297370715908081484820913E+00 0.23984802070359475462009015595959E+00
0.46015756377582961074040582837465E+00 0.23462911076924022761933729901298E+00
0.44994809707309537342955725055729E+00 0.22940181947193749226078811458099E+00
0.43972303767013257989030742370714E+00 0.22416633282192316912068090236736E+00
0.42948274101674953787531953846746E+00 0.21892283706131577165878858686252E+00
0.41922756319243506340212756120985E+00 0.21367151865923058455548966854074E+00
0.40895786089094847684574434879552E+00 0.20841256430682848376096480304179E+00
0.39867399140499417475992344008427E+00 0.20314616091230067187067124037655E+00
0.38837631261097734245427248191392E+00 0.19787249559579176636090833076687E+00
0.37806518295383699828448240922879E+00 0.19259175568426400124084770228906E+00
0.36774096143195221594744151304671E+00 0.18730412870630447919242502842208E+00
0.35740400758211872948992689611080E+00 0.18200980238687788143659108712951E+00
0.34705468146459276207696412241811E+00 0.17670896464202629170135746752899E+00
0.33669334364819813791880387898848E+00 0.17140180357351852077188672421089E+00
0.32632035519549534709121643202943E+00 0.16608850746345094731117606546694E+00
0.31593607764800806504534371984899E+00 0.16076926476880109322027630424451E+00
0.30554087301150627746735045022561E+00 0.15544426411593608665019933603713E+00
0.29513510374134218778447853914981E+00 0.15011369429507855774431090801363E+00
0.28471913272783743607697581124784E+00 0.14477774425472941828714005541426E+00
0.27429332328171982373148539671558E+00 0.13943660309605155903655034511728E+00
0.26385803911960551458895675426296E+00 0.13409046006721423066751606342855E+00
0.25341364434952780179849231225327E+00 0.12873950455770048684627614715802E+00
0.24296050345650824036204201910462E+00 0.12338392609257883917977388813134E+00
0.23249898128816899547359852660214E+00 0.11802391432673990236464585282281E+00
0.22202944304038570544586988707703E+00 0.11265965903910081284098554276394E+00
0.21155225424297804281572646630989E+00 0.10729135012677686099979932387656E+00
0.20106778074543726143165518008333E+00 0.10191917759922282263735255386992E+00
0.19057638870268991983350659043881E+00 0.96543331572345291378861526146998E-01
0.18007844456089414822811007900832E+00 0.91164002262584850557547096545762E-01
0.16957431504327162121829053658920E+00 0.85781379980974062168577626859131E-01
0.15906436713596839216086659428131E+00 0.80395655127165622346020144158151E-01
0.14854896807394868075645123065632E+00 0.75007018183438474356597590631293E-01
0.13802848532691822554457148924641E+00 0.69615659708677737851108064198289E-01
0.12750328658527572729890451364277E+00 0.64221770332332253726670998947561E-01
0.11697373974609302187353252173715E+00 0.58825540748349950945363344149430E-01
0.10644021289912208534757345322339E+00 0.53427161709091058566143430114774E-01
0.95903074312829063350502053394097E-01 0.48026824019222090857512772921456E-01
0.85362692420453444182090634416403E-01 0.42624718529589079039330008751059E-01
0.74819435806092669451069368708496E-01 0.37221036131072342756362373940496E-01
0.64273673190811266846871205959044E-01 0.31815967748423688880725719614707E-01
0.53725773418773319831917724129874E-01 0.26409704334085777093215580567290E-01
0.43176105443399420640164677610289E-01 0.21002436861995686114438682207928E-01
0.32625038313545366360024975993272E-01 0.15594356321371889718450043586770E-01
0.22072941159703589937894030938400E-01 0.10185653710487452032377425199560E-01
0.11520183180227327088020646091850E-01 0.47765200304277742971288197171430E-02
0.96713362757550245566562427590866E-03 -0.63285372116420111757988805433826E-03
-0.95858382054207613741924293513810E-02 -0.60422765563568259648097284173024E-02
-0.20138362999270597637464769683829E-01 -0.11451557503209842623985282811711E-01
-0.30690071421514994342991480531398E-01 -0.16860505612066431431915842850161E-01
-0.41240594140398447551089578436300E-01 -0.22268929961856438984437502318223E-01
-0.51789561838520100919891960850618E-01 -0.27676639666410135115815924785048E-01
-0.62336605226464841001424030886121E-01 -0.33083443880781107741551505736937E-01
-0.72881355056414248606349707971085E-01 -0.38489151807579225739923676933659E-01
-0.83423442135739200585709566314653E-01 -0.43893572703311457584980935022085E-01
-0.93962497340570961665098998952549E-01 -0.49296515884731503563980635492107E-01
-0.10449815162935448291043294483805E+00 -0.54697790735196577576341580063843E-01
-0.11503003605638141812031436428769E+00 -0.60097206711031285410260176253177E-01
-0.12555778178530416299978719382973E+00 -0.65494573347897898879841208947195E-01
-0.13608102010263083378423138387920E+00 -0.70889700267173267523867505830940E-01
-0.14659938243120031820079590605174E+00 -0.76282397182330281941722934297999E-01
-0.15711250034363902062669367575127E+00 -0.81672473905324911351670981042235E-01
-0.16762000557579751651938450310496E+00 -0.87059740352987890717360978830400E-01
-0.17812153004016893783128317160509E+00 -0.92444006553419975774921663471193E-01
-0.18861670583928735392305721053350E+00 -0.97825082652391390357644506869495E-01
-0.19910516527910587382455078600206E+00 -0.10320277891974366320521233317668E+00
-0.20958654088235853585303570594417E+00 -0.10857690575579514611988556776987E+00
-0.22006046540189827081493959542013E+00 -0.11394727369774785347871875258824E+00
-0.23052657183401938525754375503653E+00 -0.11931369342609638858857424646535E+00
-0.24098449343175738334675689832063E+00 -0.12467597577103894429771969337283E+00
-0.25143386371817051767900678012379E+00 -0.13003393171888805650253240143534E+00
-0.26187431649960106251134033125273E+00 -0.13538737241848316616980010007464E+00
-0.27230548587891593208885088645658E+00 -0.14073610918760235820027519780925E+00
-0.28272700626872793652294810830802E+00 -0.14607995351937439315328588511651E+00
-0.29313851240459606003125558978669E+00 -0.15141871708869020414259552503888E+00
-0.30353963935820470859242483115539E+00 -0.15675221175861270752451393821631E+00
-0.31393002255052340514017817932677E+00 -0.16208024958678620464797604425003E+00
-0.32430929776494435117860680716830E+00 -0.16740264283184285614586287072328E+00
-0.33467710116039938083620023322987E+00 -0.17271920395980811406707310880290E+00
-0.34503306928445534368548356747684E+00 -0.17802974565050306635027290160389E+00
-0.35537683908638795473424357567972E+00 -0.18333408080394342381535807847138E+00
-0.36570804793023392999554436578191E+00 -0.18863202254673659813601857001575E+00
-0.37602633360782065491775059988090E+00 -0.19392338423847381065577389341365E+00
-0.38633133435177409420691271916760E+00 -0.19920797947811914423729269849442E+00
-0.39662268884850378318242480212543E+00 -0.20448562211039388089789091738518E+00
-0.40690003625116499497543644037298E+00 -0.20975612623215649047760928691951E+00
-0.41716301619259829093659151292936E+00 -0.21501930619877735488195932900539E+00
-0.42741126879824522920359574338186E+00 -0.22027497663050836708000766365213E+00
-0.43764443469904074876846707909967E+00 -0.22552295241884696960481623060855E+00
-0.44786215504428179507866999696553E+00 -0.23076304873289424651788909473685E+00
-0.45806407151447152109286921505675E+00 -0.23599508102570639958154592629047E+00
-0.46824982633413948572894001015706E+00 -0.24121886504064015447141560718223E+00
-0.47841906228463643090740065687422E+00 -0.24643421681769085042570507651293E+00
-0.48857142271690503184147904585769E+00 -0.25164095269982345096888918596554E+00
-0.49870655156422473777154640834689E+00 -0.25683888933929607130612006282245E+00
-0.50882409335493057486857610906427E+00 -0.26202784370397583189814061342186E+00
-0.51892369322510762233819361751966E+00 -0.26720763308364577373786971978762E+00
-0.52900499693125708811144907762804E+00 -0.27237807509630477947468948805083E+00
-0.53906765086293787927843519957329E+00 -0.27753898769445691598359444785725E+00
-0.54911130205538033348395844635571E+00 -0.28269018917139349295761296080350E+00
-0.55913559820207257175820335339880E+00 -0.28783149816746477401022278608057E+00
-0.56914018766732033794460579682825E+00 -0.29296273367634209528660523957192E+00
-0.57912471949877784653032260659770E+00 -0.29808371505127080816478586279448E+00
-0.58908884343995149555108549200556E+00 -0.30319426201131174288242693866969E+00
-0.59903220994267504368884004384537E+00 -0.30829419464757374087355332857591E+00
-0.60895447017955490908462138835906E+00 -0.31338333342943430791569048625786E+00
-0.61885527605638817570581961365147E+00 -0.31846149921074930861997630945154E+00
-0.62873428022454919939441912041177E+00 -0.32352851323605239446894905282609E+00
-0.63859113609334794035275967224975E+00 -0.32858419714674115096555705218947E+00
-0.64842549784235758416316878746775E+00 -0.33362837298725289318328839816904E+00
-0.65823702043371138938371452247082E+00 -0.33866086321122759036354198943789E+00
-0.66802535962436937898887230187021E+00 -0.34368149068765847982184988309199E+00
-0.67779017197835337119926910405721E+00 -0.34869007870703013817257406541227E+00
-0.68753111487895068367644947001341E+00 -0.35368645098744350718269730061858E+00
-0.69724784654088605560906397553883E+00 -0.35867043168072785684218593545607E+00
-0.70694002602246120526659860844621E+00 -0.36364184537853910064327960630822E+00
-0.71660731323766212611192924349754E+00 -0.36860051711844463326898683603018E+00
-0.72624936896823304268334981800847E+00 -0.37354627238999403780927385778207E+00
-0.73586585487571749583174954393256E+00 -0.37847893714077559573107457053905E+00
-0.74545643351346581438741229399059E+00 -0.38339833778245831545930830166509E+00
-0.75502076833860823851144576052941E+00 -0.38830430119681932137490542745624E+00
-0.76455852372399419679987149729697E+00 -0.39319665474175603917108260543305E+00
-0.77406936497009685092794912065151E+00 -0.39807522625728340950381768647028E+00
-0.78355295831688216883775635449517E+00 -0.40293984407151557767023027775222E+00
-0.79300897095564321257245439849663E+00 -0.40779033700663161144116046253487E+00
-0.80243707104079821736440570028839E+00 -0.41262653438482553953712608310142E+00
-0.81183692770165309699637802206496E+00 -0.41744826603424000624592625499911E+00
-0.82120821105412684135661570768504E+00 -0.42225536229488373207548344568910E+00
-0.83055059221244050800249064514839E+00 -0.42704765402453179865963379061125E+00
-0.83986374330076929156177401184402E+00 -0.43182497260460942695410832468839E+00
-0.84914733746485634882843062267994E+00 -0.43658714994605856127080715927249E+00
-0.85840104888358942544194960542581E+00 -0.44133401849518668659741726488683E+00
-0.86762455278053903837893302689428E+00 -0.44606541123949859121911615127924E+00
-0.87681752543545739401962772874104E+00 -0.45078116171350962808575577465530E+00
-0.88597964419574016870261433818226E+00 -0.45548110400454130951889463848102E+00
-0.89511058748784603896226436641055E+00 -0.46016507275849864303176201060783E+00
-0.90421003482868003169295962987309E+00 -0.46483290318562816012516135054007E+00
-0.91327766683693374123876749615416E+00 -0.46948443106625851896615467134744E+00
-0.92231316524438692751615747051292E+00 -0.47411949275652051264255463825978E+00
-0.93131621290716808530703235126960E+00 -0.47873792519404904867158133697870E+00
-0.94028649381697335236776550235913E+00 -0.48333956590366507717796588423431E+00
-0.94922369311224479742105880330510E+00 -0.48792425300303805470848151827915E+00
-0.95812749708930590313849175345787E+00 -0.49249182520832852955889134523453E+00
-0.96699759321345569321185134550046E+00 -0.49704212183981033440296468557468E+00
-0.97583367013002006984280847690604E+00 -0.50157498282747273669397068593763E+00
-0.98463541767536002142661246377404E+00 -0.50609024871660188825818837092538E+00
-0.99340252688783708382947856527612E+00 -0.51058776067334163157814329135286E+00
-0.10021346900187344304464974675342E+01 -0.51506736049023312735989309113828E+00
-0.10108316005431352533333357433643E+01 -0.51952889059173329282398309165324E+00
-0.10194929531707553952772025071000E+01 -0.52397219403971215512950396946121E+00
-0.10281184438567324849343176868997E+01 -0.52839711453892828113900931806041E+00
-0.10367077698123693855746964114738E+01 -0.53280349644248223290096378473231E+00
-0.10452606295158327552572303878215E+01 -0.53719118475724828538590102039107E+00
-0.10537767227228056381105557629625E+01 -0.54156002514928402370445772895345E+00
-0.10622557504770939368082824348172E+01 -0.54590986394921696361351706962388E+00
-0.10706974151211867751739074410639E+01 -0.55024054815760897969250210755785E+00
-0.10791014203067701095335881983173E+01 -0.55455192545029757772836523704295E+00
-0.10874674710051927408775287676191E+01 -0.55884384418371443245055927642716E+00
-0.10957952735178857328953006798294E+01 -0.56311615340018019014767600213907E+00
-0.11040845354867333769296346300615E+01 -0.56736870283317627849529606710632E+00
-0.11123349659043963238735794078649E+01 -0.57160134291259286753458768529273E+00
-0.11205462751245862959011089435592E+01 -0.57581392476995264374981871104412E+00
-0.11287181748722919588252108143646E+01 -0.58000630024361133388101582968113E+00
-0.11368503782539554900652138911280E+01 -0.58417832188393295178873270712104E+00
-0.11449425997676001414184841266092E+01 -0.58832984295844147905955910311689E+00
-0.11529945553129074504155778020914E+01 -0.59246071745694741528071443053488E+00
-0.11610059622012446920943312215185E+01 -0.59657080009664962803671052817364E+00
-0.11689765391656417271358198266020E+01 -0.60065994632721204691273531234473E+00
-0.11769060063707171101876188026493E+01 -0.60472801233581554788751878888790E+00
-0.11847940854225529917910680349496E+01 -0.60877485505218409373749097115717E+00
-0.11926404993785183885132146931527E+01 -0.61280033215358509409198828020690E+00
-0.12004449727570413670367091920557E+01 -0.61680430206980443876740843904488E+00
-0.12082072315473280629910800166730E+01 -0.62078662398809558186646740701384E+00
-0.12159270032190301307916425872134E+01 -0.62474715785810186706027577341725E+00
-0.12236040167318590681882802435172E+01 -0.62868576439675333633467587303094E+00
-0.12312380025451473048800354155907E+01 -0.63260230509313630876029786132689E+00
-0.12388286926273564186464449972255E+01 -0.63649664221333694985018608977107E+00
-0.12463758204655309292309287292919E+01 -0.64036863880525725296452154511130E+00
-0.12538791210746985246481058920209E+01 -0.64421815870340464846501666735314E+00
-0.12613383310072160171384164621542E+01 -0.64804506653365407389804268174730E+00
-0.12687531883620598318384416847564E+01 -0.65184922771798236962464127938130E+00
-0.12761234327940628127605635743470E+01 -0.65563050847917582956134495371635E+00
-0.12834488055230944224288295165167E+01 -0.65938877584550928537000831341223E+00
-0.12907290493431861017055444780974E+01 -0.66312389765539759728177490606645E+00
-0.12979639086316007064419028073747E+01 -0.66683574256201917145757190122647E+00
-0.13051531293578450835182650460189E+01 -0.67052418003791094004028541390904E+00
-0.13122964590926270250962432599046E+01 -0.67418908037953511614603986310446E+00
-0.13193936470167545974800613450312E+01 -0.67783031471181727756620970609769E+00
-0.13264444439299788315480157704322E+01 -0.68144775499265567595397326709270E+00
-0.13334486022597788361942271171275E+01 -0.68504127401740178663989522468706E+00
-0.13404058760700889728626020756097E+01 -0.68861074542331121581806369395443E+00
-0.13473160210699683778667050470212E+01 -0.69215604369396643376811588533465E+00
-0.13541787946222119373868628500740E+01 -0.69567704416366891362745381086975E+00
-0.13609939557519025911913668128475E+01 -0.69917362302180228977408832243337E+00
-0.13677612651549049252985478168712E+01 -0.70264565731716581886331644657861E+00
-0.13744804852062993775867606344510E+01 -0.70609302496227787549390010245267E+00
-0.13811513799687572123863461647532E+01 -0.70951560473764924355774023586499E+00
-0.13877737152008553233625517999801E+01 -0.71291327629602628750049899373403E+00
-0.13943472583653315284182615312752E+01 -0.71628592016660398490881334396614E+00
-0.14008717786372789840141889754308E+01 -0.71963341775920807464228772973460E+00
-0.14073470469122804512656452197092E+01 -0.72295565136844674693379094580699E+00
-0.14137728358144812951062064879259E+01 -0.72625250417783168583394363605128E+00
-0.14201489197046016849185361718903E+01 -0.72952386026386764888938887588974E+00
-0.14264750746878869361462066166423E+01 -0.73276960460011148922913733352681E+00
-0.14327510786219966222078366417985E+01 -0.73598962306119963516486510316691E+00
-0.14389767111248313407679348496844E+01 -0.73918380242684401290469130894866E+00
-0.14451517535822972709910009399102E+01 -0.74235203038579686614420953048398E+00
-0.14512759891560085600111067200473E+01 -0.74549419553978344015586763790333E+00
-0.14573492027909264543980632843078E+01 -0.74861018740740303286221175050607E+00
-0.14633711812229356983362931421379E+01 -0.75169989642799797048281633804798E+00
-0.14693417129863576145163326518000E+01 -0.75476321396549077798601988429599E+00
-0.14752605884213994667082737272830E+01 -0.75780003231218858229331346672425E+00
-0.14811275996815403602924256409023E+01 -0.76081024469255546894204185806978E+00
-0.14869425407408525020057325081641E+01 -0.76379374526695212148683510004680E+00
-0.14927052074012588017806007149885E+01 -0.76675042913534320029069384488552E+00
-0.14984153972997254663098895091256E+01 -0.76968019234097117591092317125189E+00
-0.15040729099153899766514807727961E+01 -0.77258293187399798842203162146925E+00
-0.15096775465766239119794491186538E+01 -0.77545854567511312833034863300254E+00
-0.15152291104680305270762126402003E+01 -0.77830693263910883102038089068296E+00
-0.15207274066373769464409689282210E+01 -0.78112799261842176752020029213520E+00
-0.15261722420024602059221686238974E+01 -0.78392162642664120897084246069861E+00
-0.15315634253579076886280985219217E+01 -0.78668773584198399090961724001958E+00
-0.15369007673819109978535872572414E+01 -0.78942622361073526586593797145095E+00
-0.15421840806428936139285428700994E+01 -0.79213699345065592727790633169581E+00
-0.15474131796061118361180965843395E+01 -0.79481995005435569018753758415798E+00
-0.15525878806401882836549452529483E+01 -0.79747499909263203959695264435858E+00
-0.15577080020235791686462569094823E+01 -0.80010204721777583887012756170527E+00
-0.15627733639509732359221042084606E+01 -0.80270100206684105200252806269868E+00
-0.15677837885396237656798928270665E+01 -0.80527177226488191568731802405847E+00
-0.15727390998356124908593369634053E+01 -0.80781426742815386631062260857915E+00
-0.15776391238200454301910883525310E+01 -0.81032839816728097515976013668738E+00
-0.15824836884151806945927727642745E+01 -0.81281407609038806186990843070234E+00
-0.15872726234904875610532086835426E+01 -0.81527121380619795158122494711406E+00
-0.15920057608686371021266889787035E+01 -0.81769972492709404261181004708541E+00
-0.15966829343314239049487134171001E+01 -0.82009952407214736247836146711399E+00
-0.16013039796256185422146930214882E+01 -0.82247052687010860003909905127681E+00
-0.16058687344687509583318735328010E+01 -0.82481264996236494044169022612150E+00
-0.16103770385548242993122616059344E+01 -0.82712581100586120088026769228975E+00
-0.16148287335599591009138226165351E+01 -0.82940992867598566752926745254834E+00
-0.16192236631479675147307053099327E+01 -0.83166492266942004139982495453839E+00
-0.16235616729758575276904000129684E+01 -0.83389071370695396725117875684264E+00
-0.16278426106992670295962305564535E+01 -0.83608722353626344804310984179814E+00
-0.16320663259778272442991957016491E+01 -0.83825437493465339016066352093882E+00
-0.16362326704804556415635374576048E+01 -0.84039209171176420388645833972796E+00
-0.16403414978905781070220814885177E+01 -0.84250029871224213430687331918607E+00
-0.16443926639112799285180866918828E+01 -0.84457892181837340911626716186305E+00
-0.16483860262703858045565255114846E+01 -0.84662788795268212423702304920443E+00
-0.16523214447254683898138042983660E+01 -0.84864712508049160443303931680468E+00
-0.16561987810687854025860341558204E+01 -0.85063656221244931350520149296992E+00
-0.16600178991321449924821047390656E+01 -0.85259612940701515368097722838542E+00
-0.16637786647916992244041403958775E+01 -0.85452575777291304323178982516420E+00
-0.16674809459726656748401728578621E+01 -0.85642537947154578357002927814576E+00
-0.16711246126539766533120970809377E+01 -0.85829492771937290775923919327464E+00
-0.16747095368728562039617859531693E+01 -0.86013433679025184064091789430280E+00
-0.16782355927293246430316307189970E+01 -0.86194354201774179266498250028873E+00
-0.16817026563906302542585390629343E+01 -0.86372247979737044875828385630157E+00
-0.16851106060956083828854234085888E+01 -0.86547108758886401804619105088525E+00
-0.16884593221589673697644110025535E+01 -0.86718930391833911531295257708819E+00
-0.16917486869755014967296784673112E+01 -0.86887706838045817877404221186822E+00
-0.16949785850242307008073077778554E+01 -0.87053432164054690870658765375375E+00
-0.16981489028724667659389828805062E+01 -0.87216100543667423401206290837571E+00
-0.17012595291798060577786536370646E+01 -0.87375706258169504229911159466326E+00
-0.17043103547020485369989845587567E+01 -0.87532243696525472908969325182155E+00
-0.17073012722950429223194713171256E+01 -0.87685707355575654837045040220264E+00
-0.17102321769184580792909313074835E+01 -0.87836091840229086191713913057986E+00
-0.17131029656394800754848403696612E+01 -0.87983391863652640290499622122635E+00
-0.17159135376364351906775645378724E+01 -0.88127602247456411023513403944867E+00
-0.17186637942023386138134522462499E+01 -0.88268717921875225916318506252136E+00
-0.17213536387483684515234512843025E+01 -0.88406733925946418944829514175503E+00
-0.17239829768072655214685163308167E+01 -0.88541645407683749407619733381960E+00
-0.17265517160366581178535103100744E+01 -0.88673447624247511984364770550021E+00
-0.17290597662223121675028540330407E+01 -0.88802135942110829635951245385675E+00
-0.17315070392813063438360197183632E+01 -0.88927705837222104059735872650459E+00
-0.17338934492651322417149274387716E+01 -0.89050152895163633539059389119397E+00
-0.17362189123627193609914341899876E+01 -0.89169472811306392188519293654922E+00
-0.17384833469033848053473311928245E+01 -0.89285661390960955618438074476678E+00
-0.17406866733597077214867224572882E+01 -0.89398714549524575286359746165070E+00
-0.17428288143503282399256310795678E+01 -0.89508628312624390997125207568193E+00
-0.17449096946426708207103869592171E+01 -0.89615398816256785211211794632219E+00
-0.17469292411555920936079200087923E+01 -0.89719022306922865738595278857586E+00
-0.17488873829619527887547087642357E+01 -0.89819495141760070310095432771214E+00
-0.17507840512911140261420320491807E+01 -0.89916813788669900735807794181929E+00
-0.17526191795313575434022607238622E+01 -0.90010974826441773255447104037519E+00
-0.17543927032322300437853038555462E+01 -0.90101974944872967131311156193402E+00
-0.17561045601068114295695290038873E+01 -0.90189810944884705173754418063814E+00
-0.17577546900339067929456569008997E+01 -0.90274479738634318805526944385022E+00
-0.17593430350601624105782289367980E+01 -0.90355978349623524218105137063739E+00
-0.17608695394021051767236667503113E+01 -0.90434303912802789808187338362404E+00
-0.17623341494481057966921791339846E+01 -0.90509453674671796243326727522181E+00
-0.17637368137602655667489856760835E+01 -0.90581424993375992899281172425503E+00
-0.17650774830762265488012346421637E+01 -0.90650215338799226894249773055114E+00
-0.17663561103109052617265649042444E+01 -0.90715822292652466683899449160909E+00
-0.17675726505581497208680717667078E+01 -0.90778243548558599207773591219128E+00
-0.17687270610923197146409671345829E+01 -0.90837476912133297950745161044627E+00
-0.17698193013697905327820196296341E+01 -0.90893520301061983822135767221857E+00
-0.17708493330303796031817753999760E+01 -0.90946371745172823293791134547563E+00
-0.17718171198986966165502970012424E+01 -0.90996029386505832500764606425246E+00
-0.17727226279854165284105998518423E+01 -0.91042491479378015042126807474502E+00
-0.17735658254884756748240752825525E+01 -0.91085756390444582401480308157608E+00
-0.17743466827941909813680136063568E+01 -0.91125822598756227348254869412981E+00
-0.17750651724783020976367420238167E+01 -0.91162688695812455628714491512339E+00
-0.17757212693069365445527305682950E+01 -0.91196353385610973670168894083761E+00
-0.17761239930259444471783750404534E+01 -0.91217017363499039966288206140953E+00
-0.17764989700144929101252856360473E+01 -0.91236257642561566239933656822619E+00
-0.17768461944194749230525480061606E+01 -0.91254073922185575444582670906079E+00
-0.17771656608209800160578732198622E+01 -0.91270465924006826527306791827646E+00
-0.17774573642323784197635195631742E+01 -0.91285433391914275949190682598592E+00
-0.17777351918233001225870232500947E+01 -0.91299688884308264160559594275051E+00
-0.17780130338714243561449200305866E+01 -0.91313945119217062429418776109280E+00
-0.17782908903772033795181101514465E+01 -0.91328202096663817283738738476498E+00
-0.17785687613410894522218760710030E+01 -0.91342459816671674683814426510895E+00
-0.17788466467635348516799893381448E+01 -0.91356718279263782066447090491355E+00
-0.17785687613410894522218760710030E+01 -0.91342459816671674683814426510895E+00
-0.17782908903772033795181101514465E+01 -0.91328202096663817283738738476498E+00
-0.17780130338714243561449200305866E+01 -0.91313945119217062429418776109280E+00
-0.17777351918233001225870232500947E+01 -0.91299688884308264160559594275051E+00
-0.17774573642323784197635195631742E+01 -0.91285433391914275949190682598592E+00
-0.17771656608209800160578732198622E+01 -0.91270465924006826527306791827646E+00
-0.17768461944194749230525480061606E+01 -0.91254073922185575444582670906079E+00
-0.17764989700144929101252856360473E+01 -0.91236257642561566239933656822619E+00
-0.17761239930259444471783750404534E+01 -0.91217017363499039966288206140953E+00
-0.17757212693069365445527305682950E+01 -0.91196353385610973670168894083761E+00
-0.17750651724783020976367420238167E+01 -0.91162688695812455628714491512339E+00
-0.17743466827941909813680136063568E+01 -0.91125822598756227348254869412981E+00
-0.17735658254884756748240752825525E+01 -0.91085756390444582401480308157608E+00
-0.17727226279854165284105998518423E+01 -0.91042491479378015042126807474502E+00
-0.17718171198986966165502970012424E+01 -0.90996029386505832500764606425246E+00
-0.17708493330303796031817753999760E+01 -0.90946371745172823293791134547563E+00
-0.17698193013697905327820196296341E+01 -0.90893520301061983822135767221857E+00
-0.17687270610923197146409671345829E+01 -0.90837476912133297950745161044627E+00
-0.17675726505581497208680717667078E+01 -0.90778243548558599207773591219128E+00
-0.17663561103109052617265649042444E+01 -0.90715822292652466683899449160909E+00
-0.17650774830762265488012346421637E+01 -0.90650215338799226894249773055114E+00
-0.17637368137602655667489856760835E+01 -0.90581424993375992899281172425503E+00
-0.17623341494481057966921791339846E+01 -0.90509453674671796243326727522181E+00
-0.17608695394021051767236667503113E+01 -0.90434303912802789808187338362404E+00
-0.17593430350601624105782289367980E+01 -0.90355978349623524218105137063739E+00
-0.17577546900339067929456569008997E+01 -0.90274479738634318805526944385022E+00
-0.17561045601068114295695290038873E+01 -0.90189810944884705173754418063814E+00
-0.17543927032322300437853038555462E+01 -0.90101974944872967131311156193402E+00
-0.17526191795313575434022607238622E+01 -0.90010974826441773255447104037519E+00
-0.17507840512911140261420320491807E+01 -0.89916813788669900735807794181929E+00
-0.17488873829619527887547087642357E+01 -0.89819495141760070310095432771214E+00
-0.17469292411555920936079200087923E+01 -0.89719022306922865738595278857586E+00
-0.17449096946426708207103869592171E+01 -0.89615398816256785211211794632219E+00
-0.17428288143503282399256310795678E+01 -0.89508628312624390997125207568193E+00
-0.17406866733597077214867224572882E+01 -0.89398714549524575286359746165070E+00
-0.17384833469033848053473311928245E+01 -0.89285661390960955618438074476678E+00
-0.17362189123627193609914341899876E+01 -0.89169472811306392188519293654922E+00
-0.17338934492651322417149274387716E+01 -0.89050152895163633539059389119397E+00
-0.17315070392813063438360197183632E+01 -0.88927705837222104059735872650459E+00
-0.17290597662223121675028540330407E+01 -0.88802135942110829635951245385675E+00
-0.17265517160366581178535103100744E+01 -0.88673447624247511984364770550021E+00
-0.17239829768072655214685163308167E+01 -0.88541645407683749407619733381960E+00
-0.17213536387483684515234512843025E+01 -0.88406733925946418944829514175503E+00
-0.17186637942023386138134522462499E+01 -0.88268717921875225916318506252136E+00
-0.17159135376364351906775645378724E+01 -0.88127602247456411023513403944867E+00
-0.17131029656394800754848403696612E+01 -0.87983391863652640290499622122635E+00
-0.17102321769184580792909313074835E+01 -0.87836091840229086191713913057986E+00
-0.17073012722950429223194713171256E+01 -0.87685707355575654837045040220264E+00
-0.17043103547020485369989845587567E+01 -0.87532243696525472908969325182155E+00
-0.17012595291798060577786536370646E+01 -0.87375706258169504229911159466326E+00
-0.16981489028724667659389828805062E+01 -0.87216100543667423401206290837571E+00
-0.16949785850242307008073077778554E+01 -0.87053432164054690870658765375375E+00
-0.16917486869755014967296784673112E+01 -0.86887706838045817877404221186822E+00
-0.16884593221589673697644110025535E+01 -0.86718930391833911531295257708819E+00
-0.16851106060956083828854234085888E+01 -0.86547108758886401804619105088525E+00
-0.16817026563906302542585390629343E+01 -0.86372247979737044875828385630157E+00
-0.16782355927293246430316307189970E+01 -0.86194354201774179266498250028873E+00
-0.16747095368728562039617859531693E+01 -0.86013433679025184064091789430280E+00
-0.16711246126539766533120970809377E+01 -0.85829492771937290775923919327464E+00
-0.16674809459726656748401728578621E+01 -0.85642537947154578357002927814576E+00
-0.16637786647916992244041403958775E+01 -0.85452575777291304323178982516420E+00
-0.16600178991321449924821047390656E+01 -0.85259612940701515368097722838542E+00
-0.16561987810687854025860341558204E+01 -0.85063656221244931350520149296992E+00
-0.16523214447254683898138042983660E+01 -0.84864712508049160443303931680468E+00
-0.16483860262703858045565255114846E+01 -0.84662788795268212423702304920443E+00
-0.16443926639112799285180866918828E+01 -0.84457892181837340911626716186305E+00
-0.16403414978905781070220814885177E+01 -0.84250029871224213430687331918607E+00
-0.16362326704804556415635374576048E+01 -0.84039209171176420388645833972796E+00
-0.16320663259778272442991957016491E+01 -0.83825437493465339016066352093882E+00
-0.16278426106992670295962305564535E+01 -0.83608722353626344804310984179814E+00
-0.16235616729758575276904000129684E+01 -0.83389071370695396725117875684264E+00
-0.16192236631479675147307053099327E+01 -0.83166492266942004139982495453839E+00
-0.16148287335599591009138226165351E+01 -0.82940992867598566752926745254834E+00
-0.16103770385548242993122616059344E+01 -0.82712581100586120088026769228975E+00
-0.16058687344687509583318735328010E+01 -0.82481264996236494044169022612150E+00
-0.16013039796256185422146930214882E+01 -0.82247052687010860003909905127681E+00
-0.15966829343314239049487134171001E+01 -0.82009952407214736247836146711399E+00
-0.15920057608686371021266889787035E+01 -0.81769972492709404261181004708541E+00
-0.15872726234904875610532086835426E+01 -0.81527121380619795158122494711406E+00
-0.15824836884151806945927727642745E+01 -0.81281407609038806186990843070234E+00
-0.15776391238200454301910883525310E+01 -0.81032839816728097515976013668738E+00
-0.15727390998356124908593369634053E+01 -0.80781426742815386631062260857915E+00
-0.15677837885396237656798928270665E+01 -0.80527177226488191568731802405847E+00
-0.15627733639509732359221042084606E+01 -0.80270100206684105200252806269868E+00
-0.15577080020235791686462569094823E+01 -0.80010204721777583887012756170527E+00
-0.15525878806401882836549452529483E+01 -0.79747499909263203959695264435858E+00
-0.15474131796061118361180965843395E+01 -0.79481995005435569018753758415798E+00
-0.15421840806428936139285428700994E+01 -0.79213699345065592727790633169581E+00
-0.15369007673819109978535872572414E+01 -0.78942622361073526586593797145095E+00
-0.15315634253579076886280985219217E+01 -0.78668773584198399090961724001958E+00
-0.15261722420024602059221686238974E+01 -0.78392162642664120897084246069861E+00
-0.15207274066373769464409689282210E+01 -0.78112799261842176752020029213520E+00
-0.15152291104680305270762126402003E+01 -0.77830693263910883102038089068296E+00
-0.15096775465766239119794491186538E+01 -0.77545854567511312833034863300254E+00
-0.15040729099153899766514807727961E+01 -0.77258293187399798842203162146925E+00
-0.14984153972997254663098895091256E+01 -0.76968019234097117591092317125189E+00
-0.14927052074012588017806007149885E+01 -0.76675042913534320029069384488552E+00
-0.14869425407408525020057325081641E+01 -0.76379374526695212148683510004680E+00
-0.14811275996815403602924256409023E+01 -0.76081024469255546894204185806978E+00
-0.14752605884213994667082737272830E+01 -0.75780003231218858229331346672425E+00
-0.14693417129863576145163326518000E+01 -0.75476321396549077798601988429599E+00
-0.14633711812229356983362931421379E+01 -0.75169989642799797048281633804798E+00
-0.14573492027909264543980632843078E+01 -0.74861018740740303286221175050607E+00
-0.14512759891560085600111067200473E+01 -0.74549419553978344015586763790333E+00
-0.14451517535822972709910009399102E+01 -0.74235203038579686614420953048398E+00
-0.14389767111248313407679348496844E+01 -0.73918380242684401290469130894866E+00
-0.14327510786219966222078366417985E+01 -0.73598962306119963516486510316691E+00
-0.14264750746878869361462066166423E+01 -0.73276960460011148922913733352681E+00
-0.14201489197046016849185361718903E+01 -0.72952386026386764888938887588974E+00
-0.14137728358144812951062064879259E+01 -0.72625250417783168583394363605128E+00
-0.14073470469122804512656452197092E+01 -0.72295565136844674693379094580699E+00
-0.14008717786372789840141889754308E+01 -0.71963341775920807464228772973460E+00
-0.13943472583653315284182615312752E+01 -0.71628592016660398490881334396614E+00
-0.13877737152008553233625517999801E+01 -0.71291327629602628750049899373403E+00
-0.13811513799687572123863461647532E+01 -0.70951560473764924355774023586499E+00
-0.13744804852062993775867606344510E+01 -0.70609302496227787549390010245267E+00
-0.13677612651549049252985478168712E+01 -0.70264565731716581886331644657861E+00
-0.13609939557519025911913668128475E+01 -0.69917362302180228977408832243337E+00
-0.13541787946222119373868628500740E+01 -0.69567704416366891362745381086975E+00
-0.13473160210699683778667050470212E+01 -0.69215604369396643376811588533465E+00
-0.13404058760700889728626020756097E+01 -0.68861074542331121581806369395443E+00
-0.13334486022597788361942271171275E+01 -0.68504127401740178663989522468706E+00
-0.13264444439299788315480157704322E+01 -0.68144775499265567595397326709270E+00
-0.13193936470167545974800613450312E+01 -0.67783031471181727756620970609769E+00
-0.13122964590926270250962432599046E+01 -0.67418908037953511614603986310446E+00
-0.13051531293578450835182650460189E+01 -0.67052418003791094004028541390904E+00
-0.12979639086316007064419028073747E+01 -0.66683574256201917145757190122647E+00
-0.12907290493431861017055444780974E+01 -0.66312389765539759728177490606645E+00
-0.12834488055230944224288295165167E+01 -0.65938877584550928537000831341223E+00
-0.12761234327940628127605635743470E+01 -0.65563050847917582956134495371635E+00
-0.12687531883620598318384416847564E+01 -0.65184922771798236962464127938130E+00
-0.12613383310072160171384164621542E+01 -0.64804506653365407389804268174730E+00
-0.12538791210746985246481058920209E+01 -0.64421815870340464846501666735314E+00
-0.12463758204655309292309287292919E+01 -0.64036863880525725296452154511130E+00
-0.12388286926273564186464449972255E+01 -0.63649664221333694985018608977107E+00
-0.12312380025451473048800354155907E+01 -0.63260230509313630876029786132689E+00
-0.12236040167318590681882802435172E+01 -0.62868576439675333633467587303094E+00
-0.12159270032190301307916425872134E+01 -0.62474715785810186706027577341725E+00
-0.12082072315473280629910800166730E+01 -0.62078662398809558186646740701384E+00
-0.12004449727570413670367091920557E+01 -0.61680430206980443876740843904488E+00
-0.11926404993785183885132146931527E+01 -0.61280033215358509409198828020690E+00
-0.11847940854225529917910680349496E+01 -0.60877485505218409373749097115717E+00
-0.11769060063707171101876188026493E+01 -0.60472801233581554788751878888790E+00
-0.11689765391656417271358198266020E+01 -0.60065994632721204691273531234473E+00
-0.11610059622012446920943312215185E+01 -0.59657080009664962803671052817364E+00
-0.11529945553129074504155778020914E+01 -0.59246071745694741528071443053488E+00
-0.11449425997676001414184841266092E+01 -0.58832984295844147905955910311689E+00
-0.11368503782539554900652138911280E+01 -0.58417832188393295178873270712104E+00
-0.11287181748722919588252108143646E+01 -0.58000630024361133388101582968113E+00
-0.11205462751245862959011089435592E+01 -0.57581392476995264374981871104412E+00
-0.11123349659043963238735794078649E+01 -0.57160134291259286753458768529273E+00
-0.11040845354867333769296346300615E+01 -0.56736870283317627849529606710632E+00
-0.10957952735178857328953006798294E+01 -0.56311615340018019014767600213907E+00
-0.10874674710051927408775287676191E+01 -0.55884384418371443245055927642716E+00
-0.10791014203067701095335881983173E+01 -0.55455192545029757772836523704295E+00
-0.10706974151211867751739074410639E+01 -0.55024054815760897969250210755785E+00
-0.10622557504770939368082824348172E+01 -0.54590986394921696361351706962388E+00
-0.10537767227228056381105557629625E+01 -0.54156002514928402370445772895345E+00
-0.10452606295158327552572303878215E+01 -0.53719118475724828538590102039107E+00
-0.10367077698123693855746964114738E+01 -0.53280349644248223290096378473231E+00
-0.10281184438567324849343176868997E+01 -0.52839711453892828113900931806041E+00
-0.10194929531707553952772025071000E+01 -0.52397219403971215512950396946121E+00
-0.10108316005431352533333357433643E+01 -0.51952889059173329282398309165324E+00
-0.10021346900187344304464974675342E+01 -0.51506736049023312735989309113828E+00
-0.99340252688783708382947856527612E+00 -0.51058776067334163157814329135286E+00
-0.98463541767536002142661246377404E+00 -0.50609024871660188825818837092538E+00
-0.97583367013002006984280847690604E+00 -0.50157498282747273669397068593763E+00
-0.96699759321345569321185134550046E+00 -0.49704212183981033440296468557468E+00
-0.95812749708930590313849175345787E+00 -0.49249182520832852955889134523453E+00
-0.94922369311224479742105880330510E+00 -0.48792425300303805470848151827915E+00
-0.94028649381697335236776550235913E+00 -0.48333956590366507717796588423431E+00
-0.93131621290716808530703235126960E+00 -0.47873792519404904867158133697870E+00
-0.92231316524438692751615747051292E+00 -0.47411949275652051264255463825978E+00
-0.91327766683693374123876749615416E+00 -0.46948443106625851896615467134744E+00
-0.90421003482868003169295962987309E+00 -0.46483290318562816012516135054007E+00
-0.89511058748784603896226436641055E+00 -0.46016507275849864303176201060783E+00
-0.88597964419574016870261433818226E+00 -0.45548110400454130951889463848102E+00
-0.87681752543545739401962772874104E+00 -0.45078116171350962808575577465530E+00
-0.86762455278053903837893302689428E+00 -0.44606541123949859121911615127924E+00
-0.85840104888358942544194960542581E+00 -0.44133401849518668659741726488683E+00
-0.84914733746485634882843062267994E+00 -0.43658714994605856127080715927249E+00
-0.83986374330076929156177401184402E+00 -0.43182497260460942695410832468839E+00
-0.83055059221244050800249064514839E+00 -0.42704765402453179865963379061125E+00
-0.82120821105412684135661570768504E+00 -0.42225536229488373207548344568910E+00
-0.81183692770165309699637802206496E+00 -0.41744826603424000624592625499911E+00
-0.80243707104079821736440570028839E+00 -0.41262653438482553953712608310142E+00
-0.79300897095564321257245439849663E+00 -0.40779033700663161144116046253487E+00
-0.78355295831688216883775635449517E+00 -0.40293984407151557767023027775222E+00
-0.77406936497009685092794912065151E+00 -0.39807522625728340950381768647028E+00
-0.76455852372399419679987149729697E+00 -0.39319665474175603917108260543305E+00
-0.75502076833860823851144576052941E+00 -0.38830430119681932137490542745624E+00
-0.74545643351346581438741229399059E+00 -0.38339833778245831545930830166509E+00
-0.73586585487571749583174954393256E+00 -0.37847893714077559573107457053905E+00
-0.72624936896823304268334981800847E+00 -0.37354627238999403780927385778207E+00
-0.71660731323766212611192924349754E+00 -0.36860051711844463326898683603018E+00
-0.70694002602246120526659860844621E+00 -0.36364184537853910064327960630822E+00
-0.69724784654088605560906397553883E+00 -0.35867043168072785684218593545607E+00
-0.68753111487895068367644947001341E+00 -0.35368645098744350718269730061858E+00
-0.67779017197835337119926910405721E+00 -0.34869007870703013817257406541227E+00
-0.66802535962436937898887230187021E+00 -0.34368149068765847982184988309199E+00
-0.65823702043371138938371452247082E+00 -0.33866086321122759036354198943789E+00
-0.64842549784235758416316878746775E+00 -0.33362837298725289318328839816904E+00
-0.63859113609334794035275967224975E+00 -0.32858419714674115096555705218947E+00
-0.62873428022454919939441912041177E+00 -0.32352851323605239446894905282609E+00
-0.61885527605638817570581961365147E+00 -0.31846149921074930861997630945154E+00
-0.60895447017955490908462138835906E+00 -0.31338333342943430791569048625786E+00
-0.59903220994267504368884004384537E+00 -0.30829419464757374087355332857591E+00
-0.58908884343995149555108549200556E+00 -0.30319426201131174288242693866969E+00
-0.57912471949877784653032260659770E+00 -0.29808371505127080816478586279448E+00
-0.56914018766732033794460579682825E+00 -0.29296273367634209528660523957192E+00
-0.55913559820207257175820335339880E+00 -0.28783149816746477401022278608057E+00
-0.54911130205538033348395844635571E+00 -0.28269018917139349295761296080350E+00
-0.53906765086293787927843519957329E+00 -0.27753898769445691598359444785725E+00
-0.52900499693125708811144907762804E+00 -0.27237807509630477947468948805083E+00
-0.51892369322510762233819361751966E+00 -0.26720763308364577373786971978762E+00
-0.50882409335493057486857610906427E+00 -0.26202784370397583189814061342186E+00
-0.49870655156422473777154640834689E+00 -0.25683888933929607130612006282245E+00
-0.48857142271690503184147904585769E+00 -0.25164095269982345096888918596554E+00
-0.47841906228463643090740065687422E+00 -0.24643421681769085042570507651293E+00
-0.46824982633413948572894001015706E+00 -0.24121886504064015447141560718223E+00
-0.45806407151447152109286921505675E+00 -0.23599508102570639958154592629047E+00
-0.44786215504428179507866999696553E+00 -0.23076304873289424651788909473685E+00
-0.43764443469904074876846707909967E+00 -0.22552295241884696960481623060855E+00
-0.42741126879824522920359574338186E+00 -0.22027497663050836708000766365213E+00
-0.41716301619259829093659151292936E+00 -0.21501930619877735488195932900539E+00
-0.40690003625116499497543644037298E+00 -0.20975612623215649047760928691951E+00
-0.39662268884850378318242480212543E+00 -0.20448562211039388089789091738518E+00
-0.38633133435177409420691271916760E+00 -0.19920797947811914423729269849442E+00
-0.37602633360782065491775059988090E+00 -0.19392338423847381065577389341365E+00
-0.36570804793023392999554436578191E+00 -0.18863202254673659813601857001575E+00
-0.35537683908638795473424357567972E+00 -0.18333408080394342381535807847138E+00
-0.34503306928445534368548356747684E+00 -0.17802974565050306635027290160389E+00
-0.33467710116039938083620023322987E+00 -0.17271920395980811406707310880290E+00
-0.32430929776494435117860680716830E+00 -0.16740264283184285614586287072328E+00
-0.31393002255052340514017817932677E+00 -0.16208024958678620464797604425003E+00
-0.30353963935820470859242483115539E+00 -0.15675221175861270752451393821631E+00
-0.29313851240459606003125558978669E+00 -0.15141871708869020414259552503888E+00
-0.28272700626872793652294810830802E+00 -0.14607995351937439315328588511651E+00
-0.27230548587891593208885088645658E+00 -0.14073610918760235820027519780925E+00
-0.26187431649960106251134033125273E+00 -0.13538737241848316616980010007464E+00
-0.25143386371817051767900678012379E+00 -0.13003393171888805650253240143534E+00
-0.24098449343175738334675689832063E+00 -0.12467597577103894429771969337283E+00
-0.23052657183401938525754375503653E+00 -0.11931369342609638858857424646535E+00
-0.22006046540189827081493959542013E+00 -0.11394727369774785347871875258824E+00
-0.20958654088235853585303570594417E+00 -0.10857690575579514611988556776987E+00
-0.19910516527910587382455078600206E+00 -0.10320277891974366320521233317668E+00
-0.18861670583928735392305721053350E+00 -0.97825082652391390357644506869495E-01
-0.17812153004016893783128317160509E+00 -0.92444006553419975774921663471193E-01
-0.16762000557579751651938450310496E+00 -0.87059740352987890717360978830400E-01
-0.15711250034363902062669367575127E+00 -0.81672473905324911351670981042235E-01
-0.14659938243120031820079590605174E+00 -0.76282397182330281941722934297999E-01
-0.13608102010263083378423138387920E+00 -0.70889700267173267523867505830940E-01
-0.12555778178530416299978719382973E+00 -0.65494573347897898879841208947195E-01
-0.11503003605638141812031436428769E+00 -0.60097206711031285410260176253177E-01
-0.10449815162935448291043294483805E+00 -0.54697790735196577576341580063843E-01
-0.93962497340570961665098998952549E-01 -0.49296515884731503563980635492107E-01
-0.83423442135739200585709566314653E-01 -0.43893572703311457584980935022085E-01
-0.72881355056414248606349707971085E-01 -0.38489151807579225739923676933659E-01
-0.62336605226464841001424030886121E-01 -0.33083443880781107741551505736937E-01
-0.51789561838520100919891960850618E-01 -0.27676639666410135115815924785048E-01
-0.41240594140398447551089578436300E-01 -0.22268929961856438984437502318223E-01
-0.30690071421514994342991480531398E-01 -0.16860505612066431431915842850161E-01
-0.20138362999270597637464769683829E-01 -0.11451557503209842623985282811711E-01
-0.95858382054207613741924293513810E-02 -0.60422765563568259648097284173024E-02
0.96713362757550245566562427590866E-03 -0.63285372116420111757988805433826E-03
0.11520183180227327088020646091850E-01 0.47765200304277742971288197171430E-02
0.22072941159703589937894030938400E-01 0.10185653710487452032377425199560E-01
0.32625038313545366360024975993272E-01 0.15594356321371889718450043586770E-01
0.43176105443399420640164677610289E-01 0.21002436861995686114438682207928E-01
0.53725773418773319831917724129874E-01 0.26409704334085777093215580567290E-01
0.64273673190811266846871205959044E-01 0.31815967748423688880725719614707E-01
0.74819435806092669451069368708496E-01 0.37221036131072342756362373940496E-01
0.85362692420453444182090634416403E-01 0.42624718529589079039330008751059E-01
0.95903074312829063350502053394097E-01 0.48026824019222090857512772921456E-01
0.10644021289912208534757345322339E+00 0.53427161709091058566143430114774E-01
0.11697373974609302187353252173715E+00 0.58825540748349950945363344149430E-01
0.12750328658527572729890451364277E+00 0.64221770332332253726670998947561E-01
0.13802848532691822554457148924641E+00 0.69615659708677737851108064198289E-01
0.14854896807394868075645123065632E+00 0.75007018183438474356597590631293E-01
0.15906436713596839216086659428131E+00 0.80395655127165622346020144158151E-01
0.16957431504327162121829053658920E+00 0.85781379980974062168577626859131E-01
0.18007844456089414822811007900832E+00 0.91164002262584850557547096545762E-01
0.19057638870268991983350659043881E+00 0.96543331572345291378861526146998E-01
0.20106778074543726143165518008333E+00 0.10191917759922282263735255386992E+00
0.21155225424297804281572646630989E+00 0.10729135012677686099979932387656E+00
0.22202944304038570544586988707703E+00 0.11265965903910081284098554276394E+00
0.23249898128816899547359852660214E+00 0.11802391432673990236464585282281E+00
0.24296050345650824036204201910462E+00 0.12338392609257883917977388813134E+00
0.25341364434952780179849231225327E+00 0.12873950455770048684627614715802E+00
0.26385803911960551458895675426296E+00 0.13409046006721423066751606342855E+00
0.27429332328171982373148539671558E+00 0.13943660309605155903655034511728E+00
0.28471913272783743607697581124784E+00 0.14477774425472941828714005541426E+00
0.29513510374134218778447853914981E+00 0.15011369429507855774431090801363E+00
0.30554087301150627746735045022561E+00 0.15544426411593608665019933603713E+00
0.31593607764800806504534371984899E+00 0.16076926476880109322027630424451E+00
0.32632035519549534709121643202943E+00 0.16608850746345094731117606546694E+00
0.33669334364819813791880387898848E+00 0.17140180357351852077188672421089E+00
0.34705468146459276207696412241811E+00 0.17670896464202629170135746752899E+00
0.35740400758211872948992689611080E+00 0.18200980238687788143659108712951E+00
0.36774096143195221594744151304671E+00 0.18730412870630447919242502842208E+00
0.37806518295383699828448240922879E+00 0.19259175568426400124084770228906E+00
0.38837631261097734245427248191392E+00 0.19787249559579176636090833076687E+00
0.39867399140499417475992344008427E+00 0.20314616091230067187067124037655E+00
0.40895786089094847684574434879552E+00 0.20841256430682848376096480304179E+00
0.41922756319243506340212756120985E+00 0.21367151865923058455548966854074E+00
0.42948274101674953787531953846746E+00 0.21892283706131577165878858686252E+00
0.43972303767013257989030742370714E+00 0.22416633282192316912068090236736E+00
0.44994809707309537342955725055729E+00 0.22940181947193749226078811458099E+00
0.46015756377582961074040582837465E+00 0.23462911076924022761933729901298E+00
0.47035108297370715908081484820913E+00 0.23984802070359475462009015595959E+00
0.48052830052287265417699472988912E+00 0.24505836350146197403213340828769E+00
0.49068886295593576440929951848084E+00 0.25025995363074358301490246341799E+00
0.50083241749776556020667188027565E+00 0.25545260580545192200582401662726E+00
0.51095861208139451726609156194963E+00 0.26063613499029944718374412260800E+00
0.52106709536403679419105464362368E+00 0.26581035640520950424465105001267E+00
0.53115751674322631045474254590001E+00 0.27097508552974075590637767698536E+00
0.54122952637308229808090763920504E+00 0.27613013810742397038025136528355E+00
0.55128277518070754983734434123473E+00 0.28127533015000798937770885947426E+00
0.56131691488272714383172461515201E+00 0.28641047794160832847669370808895E+00
0.57133159800197510739793505250750E+00 0.29153539804275772463660220010877E+00
0.58132647788433656019965170501150E+00 0.29664990729435158800565330248744E+00
0.59130120871575434054676876505474E+00 0.30175382282148490622957097535407E+00
0.60125544553940853054752987811382E+00 0.30684696203717754866789070070297E+00
0.61118884427307805732325532923436E+00 0.31192914264597883620842224589904E+00
0.62110106172669524199515551042017E+00 0.31700018264745134061926898146772E+00
0.63099175562010274797228596521633E+00 0.32205990033952425169837717934458E+00
0.64086058460102524784989109173226E+00 0.32710811432171244116917001753992E+00
0.65070720826326709781319086953819E+00 0.33214464349819548483699329164851E+00
0.66053128716514846672058372338612E+00 0.33716930708074892820960747925506E+00
0.67033248284819416403856135663817E+00 0.34218192459152216598591298633257E+00
0.68011045785608858634219345660117E+00 0.34718231586565523849924499172084E+00
0.68986487575391236095730615143134E+00 0.35217030105372730178677407815292E+00
0.69959540114767684052574244998903E+00 0.35714570062402879229642081496320E+00
0.70930169970417325505241095039409E+00 0.36210833536464876121691443448525E+00
0.71898343817115520639986723209973E+00 0.36705802638536893684045930235568E+00
0.72864028439787316111880631298450E+00 0.37199459511935477037187145253894E+00
0.73827190735598246552892869409889E+00 0.37691786332463363419012121920865E+00
0.74787797716084623613175755066470E+00 0.38182765308535013149994360377090E+00
0.75745816509325646325305336519229E+00 0.38672378681278693259198112812445E+00
0.76701214362159893554014150538937E+00 0.39160608724613948493760421540102E+00
0.77653958642448792517120811925648E+00 0.39647437745303291401891499935172E+00
0.78604016841389912975267805618430E+00 0.40132848082976666014417873860266E+00
0.79551356575883146679673509269476E+00 0.40616822110127411856247182302452E+00
0.80495945590952979946005933245340E+00 0.41099342232078142679064108408525E+00
0.81437751762230337398494234772167E+00 0.41580390886915069328229153544295E+00
0.82376743098497636916945640122074E+00 0.42059950545389012024194116210219E+00
0.83312887744301079426652510582514E+00 0.42538003710781313325624629613851E+00
0.84246153982634372561129566860237E+00 0.43014532918732875637585635583114E+00
0.85176510237698365759195410049513E+00 0.43489520737034170861613418000304E+00
0.86103925077741539985999594756304E+00 0.43962949765374134206450958549577E+00
0.87028367217986455208118125541457E+00 0.44434802635045763341011042862492E+00
0.87949805523647781998183839129083E+00 0.44905062008605672717664731818227E+00
0.88868209013047935464503896373197E+00 0.45373710579485528506653214187335E+00
0.89783546860836571042450531621081E+00 0.45840731071551944956279504423813E+00
0.90695788401321129247553639328273E+00 0.46306106238612500568008967200473E+00
0.91604903131915520237373080671756E+00 0.46769818863864277156794358264651E+00
0.92510860716715185301595406926920E+00 0.47231851759281703320836580373350E+00
0.93413630990207042928717341507365E+00 0.47692187764940135947409630151318E+00
0.94313183961123538492996052368474E+00 0.48150809748271154528143648127374E+00
0.95209489816450880031420212159750E+00 0.48607700603245584067117861823065E+00
0.96102518925602117232598575113806E+00 0.49062843249479649184449133773313E+00
0.96992241844766825532144969055300E+00 0.49516220631259559846382942692303E+00
0.97878629321449881455660332500542E+00 0.49967815716479418302215101881165E+00
0.98761652299212943656055279914463E+00 0.50417611495486864288593160080450E+00
0.99641281922633378477767648054360E+00 0.50865590979830666228113967286888E+00
0.10051748954249652567617295891522E+01 0.51311737200903695863521055059473E+00
0.10139024672123868071684793281921E+01 0.51756033208474659234624828917141E+00
0.10225952523865938048960852989059E+01 0.52198462069101023076575488251173E+00
0.10312529709792353856850029703496E+01 0.52639006864415261232467081194699E+00
0.10398753453187542760665228239233E+01 0.53077650689275750501550265055718E+00
0.10484621000968866582901446283782E+01 0.53514376649773158045021153360459E+00
0.10570129624387841144996273898159E+01 0.53949167861082170933110962185480E+00
0.10655276619770430896686506676225E+01 0.54382007445147777284833647910064E+00
0.10740059309299548920397904203755E+01 0.54812878528194310074199386284756E+00
0.10824475041843158249717232307042E+01 0.55241764238044613098078753080344E+00
0.10908521193831704409933506342610E+01 0.55668647701235403647619522759717E+00
0.10992195170188962462117986324309E+01 0.56093512039913928455922718779425E+00
0.11075494405320756193920750152098E+01 0.56516340368499646692611230766954E+00
0.11158416364166463711383274407545E+01 0.56937115790093123506014693587511E+00
0.11240958543318683824243983350362E+01 0.57355821392612994310392966227683E+00
0.11323118472216993786768628454892E+01 0.57772440244639905771615671515007E+00
0.11404893714422306949453689802664E+01 0.58186955390944516803020404452994E+00
0.11486281868979029512755591113052E+01 0.58599349847674607725641102002579E+00
0.11567280571872935680598277922283E+01 0.59009606597173871751813172272581E+00
0.11647887497593540856999269844588E+01 0.59417708582402472211092138497587E+00
0.11728100360810669616937651009889E+01 0.59823638700926599071883103559763E+00
0.11807916918175980285061009482407E+01 0.60227379798441041168166768715400E+00
0.11887334970261381402591470769722E+01 0.60628914661785257677057003803636E+00
0.11966352363647616252840168440601E+01 0.61028226011409451273920785559559E+00
0.12044966993177795715377030109811E+01 0.61425296493243025159696205781950E+00
0.12123176804392353155444748762439E+01 0.61820108669912455852156669229441E+00
0.12200979796163837090783700425231E+01 0.62212645011250582827245400373371E+00
0.12278374023552139040905303748936E+01 0.62602887884032921729857718057814E+00
0.12355357600903238155197345180894E+01 0.62990819540869836852162966877320E+00
0.12431928705217403006112759105269E+01 0.63376422108175669548186627520919E+00
0.12508085579816000854090886931690E+01 0.63759677573127194121869339257920E+00
0.12583826538339810205556596557383E+01 0.64140567769514049284247071577996E+00
0.12659149969115966932088322383925E+01 0.64519074362372633535087219629213E+00
0.12734054339935570007897134616627E+01 0.64895178831282448519627000314887E+00
0.12808538203289646672265192536567E+01 0.65268862452189793442434702313088E+00
0.12882600202117653941419331042802E+01 0.65640106277607331501381735314304E+00
0.12956239076130301703771652100796E+01 0.66008891115019922727359006538450E+00
0.13029453668777238157776755232965E+01 0.66375197503306062550658509879055E+00
0.13102242934940381594638774890189E+01 0.66739005686960205154635278912507E+00
0.13174605949445662983610807512656E+01 0.67100295587874015052796539326175E+00
0.13246541916499948488820373843733E+01 0.67459046774402777139965136592679E+00
0.13318050180176427862487631572836E+01 0.67815238427407127255655779506690E+00
0.13389130236091218357113021658649E+01 0.68168849302918045694243409153698E+00
0.13459781744436975500684531690724E+01 0.68519857691024773569477492122602E+00
0.13530004544566730275535289660147E+01 0.68868241370528750195949904755817E+00
0.13599798671353828066177517009685E+01 0.69213977558841074961757962196345E+00
0.13669164373593023658566335291906E+01 0.69557042856524467541144398241294E+00
0.13738102134754874390185307846471E+01 0.69897413185790909938677742049504E+00
0.13806612696462471705305126575400E+01 0.70235063722160620187273689241702E+00
0.13874697085128612580010543347333E+01 0.70569968818363776939710753720577E+00
0.13942356642275730811257937227371E+01 0.70902101919419223691505789254657E+00
0.14009593059164168885206870529108E+01 0.71231435467649730123273034053325E+00
0.14076408416481609270711779060128E+01 0.71557940796184942043423160322629E+00
0.14142805230004239434923844471071E+01 0.71881588009254079774239078085238E+00
0.14208786503336928319936574627290E+01 0.72202345847270536507916361213771E+00
0.14274355789086595037503389141048E+01 0.72520181534348790924072738316716E+00
0.14339517260134907403326539858254E+01 0.72835060605455775502252642396991E+00
0.14404275793073655574181998775346E+01 0.73146946709862302486540640340744E+00
0.14468637066375244509271675753579E+01 0.73455801386910895475614471644347E+00
0.14532607676530374618443088548632E+01 0.73761583809293545941618146132212E+00
0.14596195276242230539281308675687E+01 0.74064250488085021166874351563306E+00
0.14659408739906120992368178943755E+01 0.74363754932384596771960482998982E+00
0.14722258363089058269015279584537E+01 0.74660047255319552222929365378961E+00
0.14784756104816886543968320960634E+01 0.74953073714831177909258314897185E+00
0.14846915884043488242898232876413E+01 0.75242776179341054762852881690214E+00
0.14908753946074723909416394239598E+01 0.75529091492682891739300455199035E+00
0.14970289318291317505078310740984E+01 0.75811950746616154384490562859173E+00
0.15031544387389958445566542136303E+01 0.76091278349297642462719393794014E+00
0.15092545625444578106159742463097E+01 0.76366991118610057022038482163953E+00
0.15153324555886772012077036746102E+01 0.76638996570866224819142990086363E+00
0.15213918931999965730398284789679E+01 0.76907192743336589351211843945783E+00
0.15274374565736501631471341771707E+01 0.77171462257520550697475692546951E+00
0.15334747022834136118876958669354E+01 0.77431682476201505140366045094100E+00
0.15395106324515372256422517236090E+01 0.77687685311945112698838417502729E+00
0.15455536494265932821613077397200E+01 0.77939368843108149085089955046712E+00
0.15528309891707130892009822032287E+01 0.78235285866154281921437299367924E+00
0.15601608183601721705862651086820E+01 0.78524241720302752142701094268071E+00
0.15675802528077662572575092823736E+01 0.78805752179139385656090922325993E+00
0.15751453333349289404778170021347E+01 0.79079245418917155810932264930203E+00
0.15829474593005812384988381811607E+01 0.79344019090595358101342175627868E+00
0.15907144984878656168013349504095E+01 0.79586237137368729114407242365039E+00
0.15980972700096805485983142316216E+01 0.79792485775889876402178515552108E+00
0.16051214510832981222377407521357E+01 0.79961601811298891775218803005825E+00
0.16118111749778684397441737938829E+01 0.80094288202269296116916308678680E+00
