0.14217979636938410824546701172606E+01 -0.79005493095116857607510975536807E+00
0.14255066658342566160696313553372E+01 -0.78529430315791667546184971742702E+00
0.14290307359503853022239875820453E+01 -0.78083443174858841574792908269720E+00
0.14323521362994703197587271857133E+01 -0.77668754978780588536107894140184E+00
0.14354532599935348405049551240359E+01 -0.77286337498751180648659845769953E+00
0.14383160388907148726168313233750E+01 -0.76937277248180324132822892965035E+00
0.14409376136251585975662101169793E+01 -0.76620883744857856207912991739018E+00
0.14433682112412809623038398083179E+01 -0.76330260608568118741172701858643E+00
0.14456510408607951906811213852921E+01 -0.76059644978172601012624356511823E+00
0.14478148093380779219639472441893E+01 -0.75805198276843071839013144850249E+00
0.14498797993353449942352289007808E+01 -0.75564202061951418645181414706075E+00
0.14478148093380779219639472441893E+01 -0.75805198276843071839013144850249E+00
0.14456510408607951906811213852921E+01 -0.76059644978172601012624356511823E+00
0.14433682112412809623038398083179E+01 -0.76330260608568118741172701858643E+00
0.14409376136251585975662101169793E+01 -0.76620883744857856207912991739018E+00
0.14383160388907148726168313233750E+01 -0.76937277248180324132822892965035E+00
0.14354532599935348405049551240359E+01 -0.77286337498751180648659845769953E+00
0.14323521362994703197587271857133E+01 -0.77668754978780588536107894140184E+00
0.14290307359503853022239875820453E+01 -0.78083443174858841574792908269720E+00
0.14255066658342566160696313553372E+01 -0.78529430315791667546184971742702E+00
0.14217979636938410824546701172606E+01 -0.79005493095116857607510975536807E+00
0.14131830431760643665768367437758E+01 -0.78873007999152798046744216063643E+00
0.14042511800432853421638021534839E+01 -0.78667584778536292491532253129486E+00
0.13949174740422246461944932425517E+01 -0.78416905735056917318476583381787E+00
0.13851686996557968747176610307560E+01 -0.78115261713319425091594392013218E+00
0.13749817901950595408938439952333E+01 -0.77763433759929338590116383645932E+00
0.13648165443038891334086020730543E+01 -0.77381480329807019839020984097304E+00
0.13550223597611948608215257525149E+01 -0.76989173216750917838101799092062E+00
0.13454740120032598863670098583913E+01 -0.76587266869829840748076200177205E+00
0.13360940675977758700566662045695E+01 -0.76176539128013366917313398009787E+00
0.13268317719652468503874278460140E+01 -0.75757504337011030301772631203583E+00
0.13191760822498164897335528355983E+01 -0.75402520339260991426140027999294E+00
0.13115613717026805164192138055635E+01 -0.75042449190774805105465364540842E+00
0.13039754379618279756638382282550E+01 -0.74677543341364782052497035862470E+00
0.12964085873746363074809909218024E+01 -0.74308011649362323221390365315328E+00
0.12888529670448308140732640521989E+01 -0.73934037750197089160250933870977E+00
0.12813021330016975548911638350728E+01 -0.73555784886857655836450472395198E+00
0.12737507406456035003153682389914E+01 -0.73173399193666689314819628524072E+00
0.12661943167251830192680500431655E+01 -0.72787012263596271299424604282143E+00
0.12586290880025412202182364780244E+01 -0.72396743232554706590069696946976E+00
0.12510518503421411586251460844669E+01 -0.72002700498858717215354290308893E+00
0.12434598672133428709238760120294E+01 -0.71604983155691885920996153832983E+00
0.12358507899701121468296521117612E+01 -0.71203682193400732433006695990190E+00
0.12282225945030675950094510324178E+01 -0.70798881515060080999213342818542E+00
0.12205735303703905091861219630605E+01 -0.70390658799232984509491863972362E+00
0.12129020795584067867138431858102E+01 -0.69979086236785341323431841751008E+00
0.12052069227570987703605288685282E+01 -0.69564231163229813170204887586095E+00
0.11974869115606222435314201761750E+01 -0.69146156603904386617625465590192E+00
0.11897410453833656403102893735228E+01 -0.68724921746028149077700838281755E+00
0.11819684521615548846318930503595E+01 -0.68300582349101148219222390081055E+00
0.11741683721181733931455829558832E+01 -0.67873191103066753117568768090493E+00
0.11663401440251621981318835645934E+01 -0.67442797942014996062859383972765E+00
0.11584831935154937293499400734861E+01 -0.67009450319884093358140312773630E+00
0.11505970230886805688054922721934E+01 -0.66573193453547280751046605587948E+00
0.11426812035236545061669852328311E+01 -0.66134070537799621969047217710812E+00
0.11347353664678440379956667279094E+01 -0.65692122936045825354083444457706E+00
0.11267591980144344126588684500250E+01 -0.65247390349902137510504841646679E+00
0.11187524331139623065321540022555E+01 -0.64799910970439648080859792053163E+00
0.11107148506936390065130727395888E+01 -0.64349721613392832938911088350174E+00
0.11026462693796544906276082592015E+01 -0.63896857840320467379318312529488E+00
0.10945465437353571859461717471048E+01 -0.63441354067424309496570439528632E+00
0.10864155609425295822281789111639E+01 -0.62983243663493776464303228393085E+00
0.10782532378646716669747448023749E+01 -0.62522559038244909430130710385034E+00
0.10700595184407952461093898640222E+01 -0.62059331722152491696331272169279E+00
0.10618343713661438693313401928032E+01 -0.61593592438730050715722836773219E+00
0.10535777880227981570374034127299E+01 -0.61125371170089883799157107820687E+00
0.10452897806285795781461016597959E+01 -0.60654697216510021074687337125031E+00
0.10369703805772154662971681993671E+01 -0.60181599250644985611673407634042E+00
0.10286196369465454627251670901707E+01 -0.59706105366939594452192163392328E+00
0.10202376151547645130066817233928E+01 -0.59228243126738148658795445663299E+00
0.10118243957474131483606250712910E+01 -0.58748039599523395622304533976554E+00
0.10033800733001293384552757097351E+01 -0.58265521400669352547369392658394E+00
0.99490475542413397360473813064103E+00 -0.57780714726048429406370258559768E+00
0.98639856186309630103095958863607E+00 -0.57293645383795117043861819139547E+00
0.97786162367145628459519614593495E+00 -0.56804338823495191191301541736200E+00
0.96929408246550986662283864353772E+00 -0.56312820163040217760796038615644E+00
0.96069608973962320705877943914431E+00 -0.55819114213361555230862404803254E+00
0.95206780624085476995506960105832E+00 -0.55323245501235384438954081703925E+00
0.94340940139605561902693646719313E+00 -0.54825238290330624601221995684496E+00
0.93472105278620673358580475801025E+00 -0.54325116600653880274163583825350E+00
0.92600294566334732073965200022162E+00 -0.53822904226530079355195438967984E+00
0.91725527250597139907874113077169E+00 -0.53318624753243763695179640123337E+00
0.90847823260922463314426485141279E+00 -0.52812301572453678882187443085154E+00
0.89967203170663287992830729792039E+00 -0.52303957896482435401646162675314E+00
0.89083688162044329880010990012859E+00 -0.51793616771573383427984231175021E+00
0.88197299993796906806326443800900E+00 -0.51281301090198116733651407124704E+00
0.87308060971159819884704212899445E+00 -0.50767033602490349826575729659363E+00
0.86415993918036958312833949641565E+00 -0.50250836926874846417610243401739E+00
0.85521122151122782886304909495949E+00 -0.49732733559954055150603350637860E+00
0.84623469455826165701196473610093E+00 -0.49212745885709375196501534317179E+00
0.83723060063839311761916716703258E+00 -0.48690896184068999652001510691908E+00
0.82819918632213672595037100909546E+00 -0.48167206638889772617836600594146E+00
0.81914070223817834577073592374589E+00 -0.47641699345396386205202773742621E+00
0.81005540289064225945037690528638E+00 -0.47114396317117635909305865029319E+00
0.80094354648802181944430073909008E+00 -0.46585319492355992130436734185352E+00
0.79180539478284061930088373040105E+00 -0.46054490740223848154708881552374E+00
0.78264121292119971151864888981457E+00 -0.45521931866277017968341309185328E+00
0.77345126930143920863812986050884E+00 -0.44987664617773554486644886368724E+00
0.76423583544121241228592353169347E+00 -0.44451710688583854246223789305212E+00
0.75499518585233480331825000325827E+00 -0.43914091723775618229542557368319E+00
0.74572959792281776160848014449898E+00 -0.43374829323895851028894682836509E+00
0.73643935180555946805795603488449E+00 -0.42833945048969958895974853658271E+00
0.72712473031319693566155754803105E+00 -0.42291460422236660598245559109981E+00
0.71778601881867590686864860143661E+00 -0.41747396933636028649543929188443E+00
0.70842350516112486466429920670495E+00 -0.41201776043066523333304609902665E+00
0.69903747955665605489445571234644E+00 -0.40654619183425880750173720297136E+00
0.68962823451374770407068659949755E+00 -0.40105947763449485926316429419737E+00
0.68019606475288686795931817902162E+00 -0.39555783170358903900464623325690E+00
0.67074126713018006863989696762331E+00 -0.39004146772332462690296478329061E+00
0.66126414056466104028419924775729E+00 -0.38451059920808633997564695082920E+00
0.65176498596904524142399927309318E+00 -0.37896543952632517513250378625198E+00
0.64224410618370124229189509187059E+00 -0.37340620192054835972582868031030E+00
0.63270180591362528547604380484832E+00 -0.36783309952592200122381742575049E+00
0.62313839166822326850866867383666E+00 -0.36224634538756904862406637118979E+00
0.61355417170371646274288036821033E+00 -0.35664615247663775438593624149613E+00
0.60394945596800306721762973455602E+00 -0.35103273370521325430226247333064E+00
0.59432455604781905269487540252810E+00 -0.34540630194013768103471178686622E+00
0.58467978511805284600335341706002E+00 -0.33976707001580086678598569189536E+00
0.57501545789307922267038743853495E+00 -0.33411525074596062627086020091787E+00
0.56533189057998762766134946973797E+00 -0.32845105693464519070512487509309E+00
0.55562940083358806771117676173374E+00 -0.32277470138619036315546862718425E+00
0.54590830771308651454108354427775E+00 -0.31708639691445713071946113331968E+00
0.53616893164032940912757468878309E+00 -0.31138635635127579036748417341248E+00
0.52641159435952280387522713621546E+00 -0.30567479255415713872667873926404E+00
0.51663661889833948094307319901829E+00 -0.29995191841331046905187178342097E+00
0.50684432953033143119260645688128E+00 -0.29421794685800482777060076330317E+00
0.49703505173857293428018452002894E+00 -0.28847309086230846794032994592931E+00
0.48720911218046182525362614579909E+00 -0.28271756345023779130044877688310E+00
0.47736683865361260288703892370887E+00 -0.27695157770034792353332961554516E+00
0.46750856006278162546393441044773E+00 -0.27117534674979177264990236742494E+00
0.45763460638776184437757043768103E+00 -0.26538908379787603561529155665061E+00
0.44774530865219757415372385188887E+00 -0.25959300210913860423886777312307E+00
0.43784099889326498852642923789115E+00 -0.25378731501597137273548350207788E+00
0.42792201013217144302156637470447E+00 -0.24797223592081150198980996328636E+00
0.41798867634543058142320185658177E+00 -0.24214797829792226452709473349292E+00
0.40804133243686819595136990194062E+00 -0.23631475569478259680944228725011E+00
0.39808031421032293657073663215640E+00 -0.23047278173310615039519927361308E+00
0.38810595834300220105323692191229E+00 -0.22462227010950552197379347125827E+00
0.37811860235945895515961784985858E+00 -0.21876343459582028075986548044301E+00
0.36811858460615956138399621605210E+00 -0.21289648903912444165510565931097E+00
0.35810624422660690674625627144491E+00 -0.20702164736142730747626745258897E+00
0.34808192113699548248150003214138E+00 -0.20113912355908395702002213628686E+00
0.33804595600236738312690598573987E+00 -0.19524913170192703933451371532943E+00
0.32799869021324489912407914979998E+00 -0.18935188593213381427367475839862E+00
0.31794046586271655781716691455902E+00 -0.18344760046284057867163269383589E+00
0.30787162572395232176504499275432E+00 -0.17753648957651522294629474295453E+00
0.29779251322812797129363489138606E+00 -0.17161876762309962296723048648512E+00
0.28770347244273760590315763038263E+00 -0.16569464901793219694133773974263E+00
0.27760484805027576591107034416574E+00 -0.15976434823945932656322141687329E+00
0.26749698532727147427718585907110E+00 -0.15382807982674729966642712874200E+00
0.25738023012365589534471789146202E+00 -0.14788605837680101864028308498989E+00
0.24725492884244977519189737911966E+00 -0.14193849854169972162177105175019E+00
0.23712142841975414458044299788014E+00 -0.13598561502555709851720106744595E+00
0.22698007630502992059181558902322E+00 -0.13002762258131363795752658583889E+00
0.21683122044165379902463381859560E+00 -0.12406473600736832121383685012626E+00
0.20667520924773736999563006003838E+00 -0.11809717014405612312591422836897E+00
0.19651239159719679850496780106057E+00 -0.11212513986997941280018345946108E+00
0.18634311680106271897650877806949E+00 -0.10614886009819774125651476846773E+00
0.17616773458901879914328666983055E+00 -0.10016854577228310101071274865094E+00
0.16598659509115929992506150685165E+00 -0.94184411862246213285774569683169E-01
0.15580004881995499717509064099909E+00 -0.88196673360338798692787247381107E-01
0.14560844665241986636065832417425E+00 -0.82205545276737944556387285806626E-01
0.13541213981246877193202515701063E+00 -0.76211242635116732039211202689082E-01
0.12521147985345753980599724170435E+00 -0.70213980468105725364864976994425E-01
0.11500681864089942207504970053543E+00 -0.64213973812651290460705442345988E-01
0.10479850833534871501231988531005E+00 -0.58211437705272967354316501603963E-01
0.94586901375444878154318137327323E-01 -0.52206587177226280918975030998380E-01
0.84372350461113034880364078023357E-01 -0.46199637249572368753912727539912E-01
0.74155208536909047936638115863676E-01 -0.40190802928161634307775949661044E-01
0.63935828775510549528395476722307E-01 -0.34180299198531383043631180223328E-01
0.53714564561340884212751200968996E-01 -0.28168341020723495627994645581478E-01
0.43491769474326526251444420689896E-01 -0.22155143324024582972926117381970E-01
0.33267797273779812568933365643898E-01 -0.16140921001632250851351292493913E-01
0.23043001882401829328374464837634E-01 -0.10125888905249271121586435180879E-01
0.12817737370403556719178077941391E-01 -0.41102618396104528555917066042609E-02
0.25923579397376105500163293425221E-02 0.19057454430563147383538506551056E-02
-0.76327820915606220058740562723362E-02 0.79219182486312476841688195999383E-02
-0.17857328304928411379705305212253E-01 0.13938041946764306311258377601778E-01
-0.28080926196730567231411456786786E-01 0.19953901976594483014847273873494E-01
-0.38303221193616780590553863325417E-01 0.25969283852523506257080246344020E-01
-0.48523858667786592421512622561922E-01 0.31983973170042861801343314076337E-01
-0.58742483952162129882221946765105E-01 0.37997755611611212735381534208886E-01
-0.68958742355475739974778108502450E-01 0.44010416952580073329357887623502E-01
-0.79172279177270952629831279570560E-01 0.50021743067166794086178674017655E-01
-0.89382739722822761208459582779704E-01 0.56031519934469156515051345411628E-01
-0.99589769317978639621994981366909E-01 0.62039533644526427669514275601049E-01
-0.10979301332392208071733570672682E+00 0.68045570404416984814398482692481E-01
-0.11999211715186292935989000459522E+00 0.74049416544397405221008662536411E-01
-0.13018672627765398995526188179692E+00 0.80050858524077140637166897366155E-01
-0.14037648625633834513413130960563E+00 0.86049682938629112323775656991312E-01
-0.15056104273662868981690019609480E+00 0.92045676525034109156150817352687E-01
-0.16074004147531933973185793513769E+00 0.98038626168356712870719625519492E-01
-0.17091312835163492345141357295666E+00 0.10402831890805275600493319132412E+00
-0.18107994938151557443080465837362E+00 0.11001454194430558436186114823577E+00
-0.19124015073184068305867051528300E+00 0.11599708264438979311480168065562E+00
-0.20139337873459365910945244111827E+00 0.12197572854906216045675326450856E+00
-0.21153927990096801298847953712137E+00 0.12795026737897684594600242698936E+00
-0.22167750093541630857493317892735E+00 0.13392048704112540565277196640592E+00
-0.23180768874964391752631934796130E+00 0.13988617563529855822386301732436E+00
-0.24192949047654825920338019666085E+00 0.14584712146056961925590262940561E+00
-0.25204255348410459897792982096072E+00 0.15180311302179860087834554700137E+00
-0.26214652538919977391147101406077E+00 0.15775393903615492180217909314576E+00
-0.27224105407141505017941215902555E+00 0.16369938843965835986951102051501E+00
-0.28232578768675855425537260770704E+00 0.16963925039373676964317575462031E+00
-0.29240037468134784205406469596393E+00 0.17557331429180011925235277999581E+00
-0.30246446380504569302680464357559E+00 0.18150136976582914494241678846080E+00
-0.31251770412504661989618043753027E+00 0.18742320669297785974027914607776E+00
-0.32255974503941752205279097542822E+00 0.19333861520218942993262025614047E+00
-0.33259023629059199756451815349854E+00 0.19924738568082385945177559390851E+00
-0.34260882797881903395556948982800E+00 0.20514930878129680356784981120723E+00
-0.35261517057556738027429403409414E+00 0.21104417542772911093079222161173E+00
-0.36260891493688497174874930073096E+00 0.21693177682260518493132691535984E+00
-0.37258971231671547983167239231643E+00 0.22281190445344029266191751295861E+00
-0.38255721438017146251252724185871E+00 0.22868435009945624777614588755259E+00
-0.39251107321676394591794925473258E+00 0.23454890583826260337163044354017E+00
-0.40245094135359175880237000748259E+00 0.24040536405254619565055862654727E+00
-0.41237647176848681805786736213675E+00 0.24625351743676415646922444489434E+00
-0.42228731790311957970384670056648E+00 0.25209315900384291761408426342184E+00
-0.43218313367606318726218154823842E+00 0.25792408209188134395447448232391E+00
-0.44206357349581582327050529714483E+00 0.26374608037085620785634711312976E+00
-0.45192829227378420008358985684022E+00 0.26955894784933165832766939116140E+00
-0.46177694543722526689067711420754E+00 0.27536247888116973609438299637122E+00
-0.47160918894214949801008926475484E+00 0.28115646817224216524569733130816E+00
-0.48142467928618348517857122335080E+00 0.28694071078714432022174525828534E+00
-0.49122307352139309987454643509714E+00 0.29271500215590706556653767233188E+00
-0.50100402926706818113886043098730E+00 0.29847913808071022342847243228940E+00
-0.51076720472246673764335374837529E+00 0.30423291474259342271917028187837E+00
-0.52051225867952115097426166357316E+00 0.30997612870816583594833218978306E+00
-0.53023885053550538719112204510098E+00 0.31570857693631392560128024628664E+00
-0.53994664030566277509814695637494E+00 0.32143005678490574834637862614776E+00
-0.54963528863579583555009054758456E+00 0.32714036601749223776572664101869E+00
-0.55930445681481676402948868116711E+00 0.33283930281000463272151164339616E+00
-0.56895380678726006749309647366818E+00 0.33852666575744709267720319367405E+00
-0.57858300116575575873385241075974E+00 0.34420225388058477405602702996845E+00
-0.58819170324346496264681785945094E+00 0.34986586663262596203100355107302E+00
-0.59777957700647618230497162415050E+00 0.35551730390589863137022978003120E+00
-0.60734628714616345827747858845544E+00 0.36115636603852031322835522986765E+00
-0.61689149907150584806933385476763E+00 0.36678285382106077467249169389509E+00
-0.62641487892136832140571915378079E+00 0.37239656850319782280010324355293E+00
-0.63591609357674402989791779609295E+00 0.37799731180036460097451031445810E+00
-0.64539481067295776156760521239291E+00 0.38358488590038866765638467844001E+00
-0.65485069861183103817181087116141E+00 0.38915909347012266156619774626598E+00
-0.66428342657380768212737023310688E+00 0.39471973766206501116849736290856E+00
-0.67369266453004106158770028244708E+00 0.40026662212097159525456857903679E+00
-0.68307808325444217180786493191611E+00 0.40579955099045644924838163815288E+00
-0.69243935433568836355723988033937E+00 0.41131832891958278936483296825756E+00
-0.70177615018919300320178403106406E+00 0.41682276106944260045139837792053E+00
-0.71108814406903569759498802192564E+00 0.42231265311972441643721045778293E+00
-0.72037501007985325247184344953997E+00 0.42778781127527014130460386917182E+00
-0.72963642318869045006462534132365E+00 0.43324804227261903948502336915662E+00
-0.73887205923681175373026944226644E+00 0.43869315338653904301847094449283E+00
-0.74808159495147241128727890202217E+00 0.44412295243654604097387444062882E+00
-0.75726470795764973980462857629623E+00 0.44953724779340767024709639997081E+00
-0.76642107678973450319300877856397E+00 0.45493584838563647105403707366919E+00
-0.77555038090318074691439142388581E+00 0.46031856370596538382758539844856E+00
-0.78465230068611666941341288824550E+00 0.46568520381781165184859888958301E+00
-0.79372651747091289852803630045109E+00 0.47103557936172432637752969842740E+00
-0.80277271354571101700738292009829E+00 0.47636950156181658187462546982995E+00
-0.81179057216591049445711083851595E+00 0.48168678223218314816514394122906E+00
-0.82077977756561405757885688635787E+00 0.48698723378330095059684425931175E+00
-0.82974001496903184187151207722332E+00 0.49227066922841432820131997576711E+00
-0.83867097060184316150225270276045E+00 0.49753690218990292021712863791712E+00
-0.84757233170251680986066617808761E+00 0.50278574690563271991820254042327E+00
-0.85644378653358881187793625497930E+00 0.50801701823529018950705316596384E+00
-0.86528502439289781041523542882900E+00 0.51323053166669812572730719260184E+00
-0.87409573562477766647080268570131E+00 0.51842610332211442760625204277975E+00
-0.88287561163120707217109564992131E+00 0.52360354996451131124866238453975E+00
-0.89162434488291642466837985489168E+00 0.52876268900383725802826943073862E+00
-0.90034162893045069041640675593423E+00 0.53390333850325912850261939068545E+00
-0.90902715841518901465894741089179E+00 0.53902531718538546470350153876438E+00
-0.91768062908032031069874883079269E+00 0.54412844443846984363508243949798E+00
-0.92630173778177497137882257351254E+00 0.54921254032259482609472054141640E+00
-0.93489018249911184948173612441944E+00 0.55427742557583556094872444691945E+00
-0.94344566234636075236208421729948E+00 0.55932292162040284885862280418225E+00
-0.95196787758282017068323827161266E+00 0.56434885056876530501493205035709E+00
-0.96045652962380985304824350668639E+00 0.56935503522975109701651911896844E+00
-0.96891132105137776830487457947427E+00 0.57434129911462747773246619175722E+00
-0.97733195562496174452788497667709E+00 0.57930746644315927142541476406165E+00
-0.98571813829200505932846399155759E+00 0.58425336214964541373666294424691E+00
-0.99406957519852570018732592766167E+00 0.58917881188893291865295393788612E+00
-0.10023859736996396050096879334966E+01 0.59408364204240870330276224706397E+00
-0.10106670423700367444519645467552E+01 0.59896767972396865917484609187835E+00
-0.10189124910144105362778765924233E+01 0.60383075278596332739955582798555E+00
-0.10271220306778400959451182436879E+01 0.60867268982512072086135618512533E+00
-0.10352953736561246338306181714286E+01 0.61349332018844532145128952022119E+00
-0.10434322335060704346209398036814E+01 0.61829247397909318764395310675619E+00
-0.10515323250557296897253522113012E+01 0.62306998206222311625722718712332E+00
-0.10595953644145911575398665012019E+01 0.62782567607082331531921677654309E+00
-0.10676210689837216916233363878001E+01 0.63255938841151375850510653471517E+00
-0.10756091574658596910228323464133E+01 0.63727095227032280109078821722224E+00
-0.10835593498754591623442664204509E+01 0.64196020161843980310863975025402E+00
-0.10914713675486838605576424189744E+01 0.64662697121794153346094177669857E+00
-0.10993449331533526456427373664591E+01 0.65127109662749314914557548850489E+00
-0.11071797706988341246831522298805E+01 0.65589241420802347888693106581171E+00
-0.11149756055458916183607006032931E+01 0.66049076112837378654443336120609E+00
-0.11227321644164773344947808375292E+01 0.66506597537092050867835896555820E+00
-0.11304491754034757631224108185431E+01 0.66961789573717120164177731739454E+00
-0.11381263679803963494538610873369E+01 0.67414636185333342645291931751622E+00
-0.11457634730110143127035218376592E+01 0.67865121417585720617545589530934E+00
-0.11533602227589604376495409252833E+01 0.68313229399694898400380582893092E+00
-0.11609163508972585933025082738472E+01 0.68758944345005929461820384244627E+00
-0.11684315925178113163170809974254E+01 0.69202250551534174157764608137172E+00
-0.11759056841408328337052687522160E+01 0.69643132402508407257947482350134E+00
-0.11833383637242296520890471828480E+01 0.70081574366911154442903304731368E+00
-0.11907293706729277344612901048217E+01 0.70517561000016094827414620737283E+00
-0.11980784458481470215964498307791E+01 0.70951076943922662933496526292785E+00
-0.12053853315766218345680691924918E+01 0.71382106928087707444710858890748E+00
-0.12126497716597679572821844537749E+01 0.71810635769854279167562568955243E+00
-0.12198715113827954829185043738927E+01 0.72236648374977439427028385245461E+00
-0.12270502975237673334003565552046E+01 0.72660129738147124298364312470344E+00
-0.12341858783626031439668328359624E+01 0.73081064943508049728877717075112E+00
-0.12412780036900283918000815626134E+01 0.73499439165176580053865542318883E+00
-0.12483264248164682179707224246435E+01 0.73915237667754587969555888558538E+00
-0.12553308945808862102858268488981E+01 0.74328445806840277452887113350622E+00
-0.12622911673595668675465314548005E+01 0.74739049029535933172259781298340E+00
-0.12692069990748429276941335702012E+01 0.75147032874952592312881283801374E+00
-0.12760781472037657589412702575820E+01 0.75552382974711575581635746250441E+00
-0.12829043707867196823385413046182E+01 0.75955085053442973233068194686081E+00
-0.12896854304359796820934694455377E+01 0.76355124929280871973875389925276E+00
-0.12964210883442115407869649655237E+01 0.76752488514355524938645549724235E+00
-0.13031111082929154259308841107096E+01 0.77147161815282262578001469499107E+00
-0.13097552556608114879222124614291E+01 0.77539130933647224104601933677367E+00
-0.13163532974321677357254870434882E+01 0.77928382066489872715981875690909E+00
-0.13229050022050701416735221700466E+01 0.78314901506782241051526662289776E+00
-0.13294101401996340691368766789978E+01 0.78698675643904948614737455645801E+00
-0.13358684832661574533009656910443E+01 0.79079690964119901440552627188090E+00
-0.13422798048932150977557194470082E+01 0.79457934051039716347093701839607E+00
-0.13486438802156936715775499814579E+01 0.79833391586093823061041833666480E+00
-0.13549604860227680757927945763371E+01 0.80206050348991202373531965223957E+00
-0.13612294007658171609206237153515E+01 0.80575897218179815632349711490603E+00
-0.13674504045662806610296991470514E+01 0.80942919171302622911473052732690E+00
-0.13736232792234556639364924295230E+01 0.81307103285650221463682573673959E+00
-0.13797478082222325991195299032239E+01 0.81668436738610070764144194206536E+00
-0.13858237767407708856644774942523E+01 0.82026906808112303796333465185574E+00
-0.13918509716581137895856518436467E+01 0.82382500873072084713606704418774E+00
-0.13978291815617422953751069385537E+01 0.82735206413828498153948127831412E+00
-0.14037581967550673772571690412585E+01 0.83085011012579976003312015558058E+00
-0.14096378092648611843381550379447E+01 0.83431902353816218144782183721570E+00
-0.14154678128486262378820344377397E+01 0.83775868224746599870974728268302E+00
-0.14212480030019025483419551249016E+01 0.84116896515725057669318045978675E+00
-0.14269781769655128132349360432633E+01 0.84454975220671432306188819532480E+00
-0.14326581337327448726257623831252E+01 0.84790092437489227621644371160982E+00
-0.14382876740564715165331123252992E+01 0.85122236368479830480962513823054E+00
-0.14438666004562076687002445458994E+01 0.85451395320753104573988720678045E+00
-0.14493947172251039442994838189069E+01 0.85777557706634382337497686714888E+00
-0.14548718304368772229089207178890E+01 0.86100712044067848879748127934357E+00
-0.14602977479526775112554040884502E+01 0.86420846957016266098428176259099E+00
-0.14656722794278909697200618133795E+01 0.86737951175857042190106174794601E+00
-0.14709952363188787583456360177768E+01 0.87052013537774645906022775288110E+00
-0.14762664318896519793318791500878E+01 0.87363022987149323892297589893407E+00
-0.14814856812184817977067292851469E+01 0.87670968575942122487206285821273E+00
-0.14866528012044452155606999190619E+01 0.87975839464076175011849191556673E+00
-0.14917676105739053654793421657319E+01 0.88277624919814294129076122158468E+00
-0.14968299298869275088099510026967E+01 0.88576314320132795332536398918059E+00
-0.15018395815436289812345441943798E+01 0.88871897151091565288731014726172E+00
-0.15067963897904640509174182843733E+01 0.89164363008200362135421188126917E+00
-0.15117001807264428098760020453747E+01 0.89453701596781327478361133595122E+00
-0.15165507823092842154473048389105E+01 0.89739902732327707552696128309670E+00
-0.15213480243615031546299307606759E+01 0.90022956340858739615250453331438E+00
-0.15260917385764307148661824051043E+01 0.90302852459270729966511270167331E+00
-0.15307817585241684718463362229181E+01 0.90579581235684286276537504137433E+00
-0.15354179196574755738536380254399E+01 0.90853132929787695195377619158855E+00
-0.15400000593175891619072715442519E+01 0.91123497913176448003197459780225E+00
-0.15445280167399779161273547376502E+01 0.91390666669688841675519707807591E+00
-0.15490016330600272636493715682543E+01 0.91654629795737756151654742781238E+00
-0.15534207513186587512179504787955E+01 0.91915378000638470126286591418349E+00
-0.15577852164678799305245127427168E+01 0.92172902106932585278882666426095E+00
-0.15620948753762678809058342876123E+01 0.92427193050708028351081296128686E+00
-0.15663495768343837548234350086388E+01 0.92678241881915089472330863601467E+00
-0.15705491715601194222649565882925E+01 0.92926039764678531570543250174382E+00
-0.15746935122039758447032863799671E+01 0.93170577977605717800377770486594E+00
-0.15787824533542725254519875097108E+01 0.93411847914090770692927866567807E+00
-0.15828158515422885323643336337624E+01 0.93649841082614757827039126328553E+00
-0.15867935652473344977983524201977E+01 0.93884549107041840584785668385481E+00
-0.15907154549017554140711379657415E+01 0.94115963726911456124794923953368E+00
-0.15945813828958643311241223818230E+01 0.94344076797726457929809349606156E+00
-0.15983912135828065242412166086869E+01 0.94568880291237222831336217020231E+00
-0.16021448132833542627116067108005E+01 0.94790366295721727796123062394233E+00
-0.16058420502906315407350971882062E+01 0.95008527016261557019008862342391E+00
-0.16094827948747691839300038926135E+01 0.95223354775013874379256812513315E+00
-0.16130669192874898110337721146207E+01 0.95434842011479294610949928888109E+00
-0.16165942977666225362217183991168E+01 0.95642981282765683827661161605628E+00
-0.16200648065405473813425761591103E+01 0.95847765263847877848419828315940E+00
-0.16234783238325692110120354489872E+01 0.96049186747823271928010426809792E+00
-0.16268347298652209116803763931706E+01 0.96247238646163332343338942648918E+00
-0.16301339068644958616234077863716E+01 0.96441913988960954292539339402383E+00
-0.16333757390640094845435304021052E+01 0.96633205925173719407006503491886E+00
-0.16365601127090896395977027699749E+01 0.96821107722862989411966926711438E+00
-0.16396869160607959211289733858447E+01 0.97005612769428867342070879435807E+00
-0.16427560393998674685175324444834E+01 0.97186714571840996205269086298775E+00
-0.16457673750305994915337015328244E+01 0.97364406756865195552642686450107E+00
-0.16487208172846479462483131179058E+01 0.97538683071285913340731342504823E+00
-0.16516162625247626552406923350429E+01 0.97709537382124518830809163253785E+00
-0.16544536091484487008488483540604E+01 0.97876963676853376938842358028121E+00
-0.16572327575915552922099744298957E+01 0.98040956063605750139137778628748E+00
-0.16599536103317932867505201093810E+01 0.98201508771381475875666991701769E+00
-0.16626160718921798356472231585506E+01 0.98358616150248439061276126246458E+00
-0.16652200488444110223488978524467E+01 0.98512272671539829126361889478200E+00
-0.16677654498121621275858716139548E+01 0.98662472928047160341794835973477E+00
-0.16702521854743149810427512265813E+01 0.98809211634209052894346910545259E+00
-0.16726801685681130954538449504634E+01 0.98952483626295791296810700140032E+00
-0.16750493138922435905139079221178E+01 0.99092283862589606152626520744636E+00
-0.16773595383098464992620542133696E+01 0.99228607423560728051568083697250E+00
-0.16796107607514512111183235766818E+01 0.99361449512039164073459870876627E+00
-0.16818029022178393469543770162360E+01 0.99490805453382200080999708282087E+00
-0.16839358857828351230449108263627E+01 0.99616670695637649264419525749236E+00
-0.16860096365960218650888806817848E+01 0.99739040809702796246703173605180E+00
-0.16880240818853854627772550000828E+01 0.99857911489479072951207881888172E+00
-0.16899791509598843861174248766145E+01 0.99973278552022435538251848854382E+00
-0.16918747752119460039829002282872E+01 0.10008513793768943833768667131076E+01
-0.16937108881198894474871635065207E+01 0.10019348571027901465621918908123E+01
-0.16954874252502746617486095184101E+01 0.10029831805716994353186631850601E+01
-0.16972043242601777458591165553763E+01 0.10039963128945399936273286200874E+01
-0.16988615248993924095295472776154E+01 0.10049742184206479883001099540707E+01
-0.17004589690125574435657748428547E+01 0.10059168627390230085867409906463E+01
-0.17019966005412103544994265367019E+01 0.10068242126795300024974214204138E+01
-0.17034743655257667449896592476183E+01 0.10076962363140577951808796665677E+01
-0.17048922121074256168440150041932E+01 0.10085329029576342594031493926467E+01
-0.17062500905300005326336919215703E+01 0.10093341831694980687363955451446E+01
-0.17075479531416764491388607209248E+01 0.10101000487541270157284988710025E+01
-0.17087857543966922174970947195351E+01 0.10108304727622229163039690053789E+01
-0.17099634508569487771428098761807E+01 0.10115254294916528566602214118387E+01
-0.17110810011935428242517969529628E+01 0.10121848944883470346851517146621E+01
-0.17121383661882260956872935141901E+01 0.10128088445471528604281276817498E+01
-0.17131355087347898840627125555298E+01 0.10133972577126457762138664979569E+01
-0.17140723938403756331288976551857E+01 0.10139501132798954649643225974662E+01
-0.17149489886267090994571873192411E+01 0.10144673917951912456227143168269E+01
-0.17157652623312648308171451765779E+01 0.10149490750567154069490531966786E+01
-0.17165211863083417233579875702446E+01 0.10153951461151970208068898247475E+01
-0.17172167340301045212990870146338E+01 0.10158055892744528208253395085589E+01
-0.17178518810874342008084405190958E+01 0.10161803900920816559458790322680E+01
-0.17182417454399739444474365880861E+01 0.10164104494384772248079980993231E+01
-0.17186047490219877749697677187795E+01 0.10166246582589755282436021111165E+01
-0.17189408861716852079816136792431E+01 0.10168230132035781692708194677878E+01
-0.17192501516463066220706249030272E+01 0.10170055111702336398538600843930E+01
-0.17195325406222107928500697566758E+01 0.10171721493048765826582148212764E+01
-0.17198014968378641894619076335991E+01 0.10173308607713130661531086297556E+01
-0.17200704670381975466532972034987E+01 0.10174895805122183334250506549660E+01
-0.17203394512236486457628816334979E+01 0.10176483085278512006121653819434E+01
-0.17206084493946603495939991390341E+01 0.10178070448184619145339649153605E+01
-0.17208774615516597352218649735877E+01 0.10179657893843274798197561966395E+01
-0.17206084493946603495939991390341E+01 0.10178070448184619145339649153605E+01
-0.17203394512236486457628816334979E+01 0.10176483085278512006121653819434E+01
-0.17200704670381975466532972034987E+01 0.10174895805122183334250506549660E+01
-0.17198014968378641894619076335991E+01 0.10173308607713130661531086297556E+01
-0.17195325406222107928500697566758E+01 0.10171721493048765826582148212764E+01
-0.17192501516463066220706249030272E+01 0.10170055111702336398538600843930E+01
-0.17189408861716852079816136792431E+01 0.10168230132035781692708194677878E+01
-0.17186047490219877749697677187795E+01 0.10166246582589755282436021111165E+01
-0.17182417454399739444474365880861E+01 0.10164104494384772248079980993231E+01
-0.17178518810874342008084405190958E+01 0.10161803900920816559458790322680E+01
-0.17172167340301045212990870146338E+01 0.10158055892744528208253395085589E+01
-0.17165211863083417233579875702446E+01 0.10153951461151970208068898247475E+01
-0.17157652623312648308171451765779E+01 0.10149490750567154069490531966786E+01
-0.17149489886267090994571873192411E+01 0.10144673917951912456227143168269E+01
-0.17140723938403756331288976551857E+01 0.10139501132798954649643225974662E+01
-0.17131355087347898840627125555298E+01 0.10133972577126457762138664979569E+01
-0.17121383661882260956872935141901E+01 0.10128088445471528604281276817498E+01
-0.17110810011935428242517969529628E+01 0.10121848944883470346851517146621E+01
-0.17099634508569487771428098761807E+01 0.10115254294916528566602214118387E+01
-0.17087857543966922174970947195351E+01 0.10108304727622229163039690053789E+01
-0.17075479531416764491388607209248E+01 0.10101000487541270157284988710025E+01
-0.17062500905300005326336919215703E+01 0.10093341831694980687363955451446E+01
-0.17048922121074256168440150041932E+01 0.10085329029576342594031493926467E+01
-0.17034743655257667449896592476183E+01 0.10076962363140577951808796665677E+01
-0.17019966005412103544994265367019E+01 0.10068242126795300024974214204138E+01
-0.17004589690125574435657748428547E+01 0.10059168627390230085867409906463E+01
-0.16988615248993924095295472776154E+01 0.10049742184206479883001099540707E+01
-0.16972043242601777458591165553763E+01 0.10039963128945399936273286200874E+01
-0.16954874252502746617486095184101E+01 0.10029831805716994353186631850601E+01
-0.16937108881198894474871635065207E+01 0.10019348571027901465621918908123E+01
-0.16918747752119460039829002282872E+01 0.10008513793768943833768667131076E+01
-0.16899791509598843861174248766145E+01 0.99973278552022435538251848854382E+00
-0.16880240818853854627772550000828E+01 0.99857911489479072951207881888172E+00
-0.16860096365960218650888806817848E+01 0.99739040809702796246703173605180E+00
-0.16839358857828351230449108263627E+01 0.99616670695637649264419525749236E+00
-0.16818029022178393469543770162360E+01 0.99490805453382200080999708282087E+00
-0.16796107607514512111183235766818E+01 0.99361449512039164073459870876627E+00
-0.16773595383098464992620542133696E+01 0.99228607423560728051568083697250E+00
-0.16750493138922435905139079221178E+01 0.99092283862589606152626520744636E+00
-0.16726801685681130954538449504634E+01 0.98952483626295791296810700140032E+00
-0.16702521854743149810427512265813E+01 0.98809211634209052894346910545259E+00
-0.16677654498121621275858716139548E+01 0.98662472928047160341794835973477E+00
-0.16652200488444110223488978524467E+01 0.98512272671539829126361889478200E+00
-0.16626160718921798356472231585506E+01 0.98358616150248439061276126246458E+00
-0.16599536103317932867505201093810E+01 0.98201508771381475875666991701769E+00
-0.16572327575915552922099744298957E+01 0.98040956063605750139137778628748E+00
-0.16544536091484487008488483540604E+01 0.97876963676853376938842358028121E+00
-0.16516162625247626552406923350429E+01 0.97709537382124518830809163253785E+00
-0.16487208172846479462483131179058E+01 0.97538683071285913340731342504823E+00
-0.16457673750305994915337015328244E+01 0.97364406756865195552642686450107E+00
-0.16427560393998674685175324444834E+01 0.97186714571840996205269086298775E+00
-0.16396869160607959211289733858447E+01 0.97005612769428867342070879435807E+00
-0.16365601127090896395977027699749E+01 0.96821107722862989411966926711438E+00
-0.16333757390640094845435304021052E+01 0.96633205925173719407006503491886E+00
-0.16301339068644958616234077863716E+01 0.96441913988960954292539339402383E+00
-0.16268347298652209116803763931706E+01 0.96247238646163332343338942648918E+00
-0.16234783238325692110120354489872E+01 0.96049186747823271928010426809792E+00
-0.16200648065405473813425761591103E+01 0.95847765263847877848419828315940E+00
-0.16165942977666225362217183991168E+01 0.95642981282765683827661161605628E+00
-0.16130669192874898110337721146207E+01 0.95434842011479294610949928888109E+00
-0.16094827948747691839300038926135E+01 0.95223354775013874379256812513315E+00
-0.16058420502906315407350971882062E+01 0.95008527016261557019008862342391E+00
-0.16021448132833542627116067108005E+01 0.94790366295721727796123062394233E+00
-0.15983912135828065242412166086869E+01 0.94568880291237222831336217020231E+00
-0.15945813828958643311241223818230E+01 0.94344076797726457929809349606156E+00
-0.15907154549017554140711379657415E+01 0.94115963726911456124794923953368E+00
-0.15867935652473344977983524201977E+01 0.93884549107041840584785668385481E+00
-0.15828158515422885323643336337624E+01 0.93649841082614757827039126328553E+00
-0.15787824533542725254519875097108E+01 0.93411847914090770692927866567807E+00
-0.15746935122039758447032863799671E+01 0.93170577977605717800377770486594E+00
-0.15705491715601194222649565882925E+01 0.92926039764678531570543250174382E+00
-0.15663495768343837548234350086388E+01 0.92678241881915089472330863601467E+00
-0.15620948753762678809058342876123E+01 0.92427193050708028351081296128686E+00
-0.15577852164678799305245127427168E+01 0.92172902106932585278882666426095E+00
-0.15534207513186587512179504787955E+01 0.91915378000638470126286591418349E+00
-0.15490016330600272636493715682543E+01 0.91654629795737756151654742781238E+00
-0.15445280167399779161273547376502E+01 0.91390666669688841675519707807591E+00
-0.15400000593175891619072715442519E+01 0.91123497913176448003197459780225E+00
-0.15354179196574755738536380254399E+01 0.90853132929787695195377619158855E+00
-0.15307817585241684718463362229181E+01 0.90579581235684286276537504137433E+00
-0.15260917385764307148661824051043E+01 0.90302852459270729966511270167331E+00
-0.15213480243615031546299307606759E+01 0.90022956340858739615250453331438E+00
-0.15165507823092842154473048389105E+01 0.89739902732327707552696128309670E+00
-0.15117001807264428098760020453747E+01 0.89453701596781327478361133595122E+00
-0.15067963897904640509174182843733E+01 0.89164363008200362135421188126917E+00
-0.15018395815436289812345441943798E+01 0.88871897151091565288731014726172E+00
-0.14968299298869275088099510026967E+01 0.88576314320132795332536398918059E+00
-0.14917676105739053654793421657319E+01 0.88277624919814294129076122158468E+00
-0.14866528012044452155606999190619E+01 0.87975839464076175011849191556673E+00
-0.14814856812184817977067292851469E+01 0.87670968575942122487206285821273E+00
-0.14762664318896519793318791500878E+01 0.87363022987149323892297589893407E+00
-0.14709952363188787583456360177768E+01 0.87052013537774645906022775288110E+00
-0.14656722794278909697200618133795E+01 0.86737951175857042190106174794601E+00
-0.14602977479526775112554040884502E+01 0.86420846957016266098428176259099E+00
-0.14548718304368772229089207178890E+01 0.86100712044067848879748127934357E+00
-0.14493947172251039442994838189069E+01 0.85777557706634382337497686714888E+00
-0.14438666004562076687002445458994E+01 0.85451395320753104573988720678045E+00
-0.14382876740564715165331123252992E+01 0.85122236368479830480962513823054E+00
-0.14326581337327448726257623831252E+01 0.84790092437489227621644371160982E+00
-0.14269781769655128132349360432633E+01 0.84454975220671432306188819532480E+00
-0.14212480030019025483419551249016E+01 0.84116896515725057669318045978675E+00
-0.14154678128486262378820344377397E+01 0.83775868224746599870974728268302E+00
-0.14096378092648611843381550379447E+01 0.83431902353816218144782183721570E+00
-0.14037581967550673772571690412585E+01 0.83085011012579976003312015558058E+00
-0.13978291815617422953751069385537E+01 0.82735206413828498153948127831412E+00
-0.13918509716581137895856518436467E+01 0.82382500873072084713606704418774E+00
-0.13858237767407708856644774942523E+01 0.82026906808112303796333465185574E+00
-0.13797478082222325991195299032239E+01 0.81668436738610070764144194206536E+00
-0.13736232792234556639364924295230E+01 0.81307103285650221463682573673959E+00
-0.13674504045662806610296991470514E+01 0.80942919171302622911473052732690E+00
-0.13612294007658171609206237153515E+01 0.80575897218179815632349711490603E+00
-0.13549604860227680757927945763371E+01 0.80206050348991202373531965223957E+00
-0.13486438802156936715775499814579E+01 0.79833391586093823061041833666480E+00
-0.13422798048932150977557194470082E+01 0.79457934051039716347093701839607E+00
-0.13358684832661574533009656910443E+01 0.79079690964119901440552627188090E+00
-0.13294101401996340691368766789978E+01 0.78698675643904948614737455645801E+00
-0.13229050022050701416735221700466E+01 0.78314901506782241051526662289776E+00
-0.13163532974321677357254870434882E+01 0.77928382066489872715981875690909E+00
-0.13097552556608114879222124614291E+01 0.77539130933647224104601933677367E+00
-0.13031111082929154259308841107096E+01 0.77147161815282262578001469499107E+00
-0.12964210883442115407869649655237E+01 0.76752488514355524938645549724235E+00
-0.12896854304359796820934694455377E+01 0.76355124929280871973875389925276E+00
-0.12829043707867196823385413046182E+01 0.75955085053442973233068194686081E+00
-0.12760781472037657589412702575820E+01 0.75552382974711575581635746250441E+00
-0.12692069990748429276941335702012E+01 0.75147032874952592312881283801374E+00
-0.12622911673595668675465314548005E+01 0.74739049029535933172259781298340E+00
-0.12553308945808862102858268488981E+01 0.74328445806840277452887113350622E+00
-0.12483264248164682179707224246435E+01 0.73915237667754587969555888558538E+00
-0.12412780036900283918000815626134E+01 0.73499439165176580053865542318883E+00
-0.12341858783626031439668328359624E+01 0.73081064943508049728877717075112E+00
-0.12270502975237673334003565552046E+01 0.72660129738147124298364312470344E+00
-0.12198715113827954829185043738927E+01 0.72236648374977439427028385245461E+00
-0.12126497716597679572821844537749E+01 0.71810635769854279167562568955243E+00
-0.12053853315766218345680691924918E+01 0.71382106928087707444710858890748E+00
-0.11980784458481470215964498307791E+01 0.70951076943922662933496526292785E+00
-0.11907293706729277344612901048217E+01 0.70517561000016094827414620737283E+00
-0.11833383637242296520890471828480E+01 0.70081574366911154442903304731368E+00
-0.11759056841408328337052687522160E+01 0.69643132402508407257947482350134E+00
-0.11684315925178113163170809974254E+01 0.69202250551534174157764608137172E+00
-0.11609163508972585933025082738472E+01 0.68758944345005929461820384244627E+00
-0.11533602227589604376495409252833E+01 0.68313229399694898400380582893092E+00
-0.11457634730110143127035218376592E+01 0.67865121417585720617545589530934E+00
-0.11381263679803963494538610873369E+01 0.67414636185333342645291931751622E+00
-0.11304491754034757631224108185431E+01 0.66961789573717120164177731739454E+00
-0.11227321644164773344947808375292E+01 0.66506597537092050867835896555820E+00
-0.11149756055458916183607006032931E+01 0.66049076112837378654443336120609E+00
-0.11071797706988341246831522298805E+01 0.65589241420802347888693106581171E+00
-0.10993449331533526456427373664591E+01 0.65127109662749314914557548850489E+00
-0.10914713675486838605576424189744E+01 0.64662697121794153346094177669857E+00
-0.10835593498754591623442664204509E+01 0.64196020161843980310863975025402E+00
-0.10756091574658596910228323464133E+01 0.63727095227032280109078821722224E+00
-0.10676210689837216916233363878001E+01 0.63255938841151375850510653471517E+00
-0.10595953644145911575398665012019E+01 0.62782567607082331531921677654309E+00
-0.10515323250557296897253522113012E+01 0.62306998206222311625722718712332E+00
-0.10434322335060704346209398036814E+01 0.61829247397909318764395310675619E+00
-0.10352953736561246338306181714286E+01 0.61349332018844532145128952022119E+00
-0.10271220306778400959451182436879E+01 0.60867268982512072086135618512533E+00
-0.10189124910144105362778765924233E+01 0.60383075278596332739955582798555E+00
-0.10106670423700367444519645467552E+01 0.59896767972396865917484609187835E+00
-0.10023859736996396050096879334966E+01 0.59408364204240870330276224706397E+00
-0.99406957519852570018732592766167E+00 0.58917881188893291865295393788612E+00
-0.98571813829200505932846399155759E+00 0.58425336214964541373666294424691E+00
-0.97733195562496174452788497667709E+00 0.57930746644315927142541476406165E+00
-0.96891132105137776830487457947427E+00 0.57434129911462747773246619175722E+00
-0.96045652962380985304824350668639E+00 0.56935503522975109701651911896844E+00
-0.95196787758282017068323827161266E+00 0.56434885056876530501493205035709E+00
-0.94344566234636075236208421729948E+00 0.55932292162040284885862280418225E+00
-0.93489018249911184948173612441944E+00 0.55427742557583556094872444691945E+00
-0.92630173778177497137882257351254E+00 0.54921254032259482609472054141640E+00
-0.91768062908032031069874883079269E+00 0.54412844443846984363508243949798E+00
-0.90902715841518901465894741089179E+00 0.53902531718538546470350153876438E+00
-0.90034162893045069041640675593423E+00 0.53390333850325912850261939068545E+00
-0.89162434488291642466837985489168E+00 0.52876268900383725802826943073862E+00
-0.88287561163120707217109564992131E+00 0.52360354996451131124866238453975E+00
-0.87409573562477766647080268570131E+00 0.51842610332211442760625204277975E+00
-0.86528502439289781041523542882900E+00 0.51323053166669812572730719260184E+00
-0.85644378653358881187793625497930E+00 0.50801701823529018950705316596384E+00
-0.84757233170251680986066617808761E+00 0.50278574690563271991820254042327E+00
-0.83867097060184316150225270276045E+00 0.49753690218990292021712863791712E+00
-0.82974001496903184187151207722332E+00 0.49227066922841432820131997576711E+00
-0.82077977756561405757885688635787E+00 0.48698723378330095059684425931175E+00
-0.81179057216591049445711083851595E+00 0.48168678223218314816514394122906E+00
-0.80277271354571101700738292009829E+00 0.47636950156181658187462546982995E+00
-0.79372651747091289852803630045109E+00 0.47103557936172432637752969842740E+00
-0.78465230068611666941341288824550E+00 0.46568520381781165184859888958301E+00
-0.77555038090318074691439142388581E+00 0.46031856370596538382758539844856E+00
-0.76642107678973450319300877856397E+00 0.45493584838563647105403707366919E+00
-0.75726470795764973980462857629623E+00 0.44953724779340767024709639997081E+00
-0.74808159495147241128727890202217E+00 0.44412295243654604097387444062882E+00
-0.73887205923681175373026944226644E+00 0.43869315338653904301847094449283E+00
-0.72963642318869045006462534132365E+00 0.43324804227261903948502336915662E+00
-0.72037501007985325247184344953997E+00 0.42778781127527014130460386917182E+00
-0.71108814406903569759498802192564E+00 0.42231265311972441643721045778293E+00
-0.70177615018919300320178403106406E+00 0.41682276106944260045139837792053E+00
-0.69243935433568836355723988033937E+00 0.41131832891958278936483296825756E+00
-0.68307808325444217180786493191611E+00 0.40579955099045644924838163815288E+00
-0.67369266453004106158770028244708E+00 0.40026662212097159525456857903679E+00
-0.66428342657380768212737023310688E+00 0.39471973766206501116849736290856E+00
-0.65485069861183103817181087116141E+00 0.38915909347012266156619774626598E+00
-0.64539481067295776156760521239291E+00 0.38358488590038866765638467844001E+00
-0.63591609357674402989791779609295E+00 0.37799731180036460097451031445810E+00
-0.62641487892136832140571915378079E+00 0.37239656850319782280010324355293E+00
-0.61689149907150584806933385476763E+00 0.36678285382106077467249169389509E+00
-0.60734628714616345827747858845544E+00 0.36115636603852031322835522986765E+00
-0.59777957700647618230497162415050E+00 0.35551730390589863137022978003120E+00
-0.58819170324346496264681785945094E+00 0.34986586663262596203100355107302E+00
-0.57858300116575575873385241075974E+00 0.34420225388058477405602702996845E+00
-0.56895380678726006749309647366818E+00 0.33852666575744709267720319367405E+00
-0.55930445681481676402948868116711E+00 0.33283930281000463272151164339616E+00
-0.54963528863579583555009054758456E+00 0.32714036601749223776572664101869E+00
-0.53994664030566277509814695637494E+00 0.32143005678490574834637862614776E+00
-0.53023885053550538719112204510098E+00 0.31570857693631392560128024628664E+00
-0.52051225867952115097426166357316E+00 0.30997612870816583594833218978306E+00
-0.51076720472246673764335374837529E+00 0.30423291474259342271917028187837E+00
-0.50100402926706818113886043098730E+00 0.29847913808071022342847243228940E+00
-0.49122307352139309987454643509714E+00 0.29271500215590706556653767233188E+00
-0.48142467928618348517857122335080E+00 0.28694071078714432022174525828534E+00
-0.47160918894214949801008926475484E+00 0.28115646817224216524569733130816E+00
-0.46177694543722526689067711420754E+00 0.27536247888116973609438299637122E+00
-0.45192829227378420008358985684022E+00 0.26955894784933165832766939116140E+00
-0.44206357349581582327050529714483E+00 0.26374608037085620785634711312976E+00
-0.43218313367606318726218154823842E+00 0.25792408209188134395447448232391E+00
-0.42228731790311957970384670056648E+00 0.25209315900384291761408426342184E+00
-0.41237647176848681805786736213675E+00 0.24625351743676415646922444489434E+00
-0.40245094135359175880237000748259E+00 0.24040536405254619565055862654727E+00
-0.39251107321676394591794925473258E+00 0.23454890583826260337163044354017E+00
-0.38255721438017146251252724185871E+00 0.22868435009945624777614588755259E+00
-0.37258971231671547983167239231643E+00 0.22281190445344029266191751295861E+00
-0.36260891493688497174874930073096E+00 0.21693177682260518493132691535984E+00
-0.35261517057556738027429403409414E+00 0.21104417542772911093079222161173E+00
-0.34260882797881903395556948982800E+00 0.20514930878129680356784981120723E+00
-0.33259023629059199756451815349854E+00 0.19924738568082385945177559390851E+00
-0.32255974503941752205279097542822E+00 0.19333861520218942993262025614047E+00
-0.31251770412504661989618043753027E+00 0.18742320669297785974027914607776E+00
-0.30246446380504569302680464357559E+00 0.18150136976582914494241678846080E+00
-0.29240037468134784205406469596393E+00 0.17557331429180011925235277999581E+00
-0.28232578768675855425537260770704E+00 0.16963925039373676964317575462031E+00
-0.27224105407141505017941215902555E+00 0.16369938843965835986951102051501E+00
-0.26214652538919977391147101406077E+00 0.15775393903615492180217909314576E+00
-0.25204255348410459897792982096072E+00 0.15180311302179860087834554700137E+00
-0.24192949047654825920338019666085E+00 0.14584712146056961925590262940561E+00
-0.23180768874964391752631934796130E+00 0.13988617563529855822386301732436E+00
-0.22167750093541630857493317892735E+00 0.13392048704112540565277196640592E+00
-0.21153927990096801298847953712137E+00 0.12795026737897684594600242698936E+00
-0.20139337873459365910945244111827E+00 0.12197572854906216045675326450856E+00
-0.19124015073184068305867051528300E+00 0.11599708264438979311480168065562E+00
-0.18107994938151557443080465837362E+00 0.11001454194430558436186114823577E+00
-0.17091312835163492345141357295666E+00 0.10402831890805275600493319132412E+00
-0.16074004147531933973185793513769E+00 0.98038626168356712870719625519492E-01
-0.15056104273662868981690019609480E+00 0.92045676525034109156150817352687E-01
-0.14037648625633834513413130960563E+00 0.86049682938629112323775656991312E-01
-0.13018672627765398995526188179692E+00 0.80050858524077140637166897366155E-01
-0.11999211715186292935989000459522E+00 0.74049416544397405221008662536411E-01
-0.10979301332392208071733570672682E+00 0.68045570404416984814398482692481E-01
-0.99589769317978639621994981366909E-01 0.62039533644526427669514275601049E-01
-0.89382739722822761208459582779704E-01 0.56031519934469156515051345411628E-01
-0.79172279177270952629831279570560E-01 0.50021743067166794086178674017655E-01
-0.68958742355475739974778108502450E-01 0.44010416952580073329357887623502E-01
-0.58742483952162129882221946765105E-01 0.37997755611611212735381534208886E-01
-0.48523858667786592421512622561922E-01 0.31983973170042861801343314076337E-01
-0.38303221193616780590553863325417E-01 0.25969283852523506257080246344020E-01
-0.28080926196730567231411456786786E-01 0.19953901976594483014847273873494E-01
-0.17857328304928411379705305212253E-01 0.13938041946764306311258377601778E-01
-0.76327820915606220058740562723362E-02 0.79219182486312476841688195999383E-02
0.25923579397376105500163293425221E-02 0.19057454430563147383538506551056E-02
0.12817737370403556719178077941391E-01 -0.41102618396104528555917066042609E-02
0.23043001882401829328374464837634E-01 -0.10125888905249271121586435180879E-01
0.33267797273779812568933365643898E-01 -0.16140921001632250851351292493913E-01
0.43491769474326526251444420689896E-01 -0.22155143324024582972926117381970E-01
0.53714564561340884212751200968996E-01 -0.28168341020723495627994645581478E-01
0.63935828775510549528395476722307E-01 -0.34180299198531383043631180223328E-01
0.74155208536909047936638115863676E-01 -0.40190802928161634307775949661044E-01
0.84372350461113034880364078023357E-01 -0.46199637249572368753912727539912E-01
0.94586901375444878154318137327323E-01 -0.52206587177226280918975030998380E-01
0.10479850833534871501231988531005E+00 -0.58211437705272967354316501603963E-01
0.11500681864089942207504970053543E+00 -0.64213973812651290460705442345988E-01
0.12521147985345753980599724170435E+00 -0.70213980468105725364864976994425E-01
0.13541213981246877193202515701063E+00 -0.76211242635116732039211202689082E-01
0.14560844665241986636065832417425E+00 -0.82205545276737944556387285806626E-01
0.15580004881995499717509064099909E+00 -0.88196673360338798692787247381107E-01
0.16598659509115929992506150685165E+00 -0.94184411862246213285774569683169E-01
0.17616773458901879914328666983055E+00 -0.10016854577228310101071274865094E+00
0.18634311680106271897650877806949E+00 -0.10614886009819774125651476846773E+00
0.19651239159719679850496780106057E+00 -0.11212513986997941280018345946108E+00
0.20667520924773736999563006003838E+00 -0.11809717014405612312591422836897E+00
0.21683122044165379902463381859560E+00 -0.12406473600736832121383685012626E+00
0.22698007630502992059181558902322E+00 -0.13002762258131363795752658583889E+00
0.23712142841975414458044299788014E+00 -0.13598561502555709851720106744595E+00
0.24725492884244977519189737911966E+00 -0.14193849854169972162177105175019E+00
0.25738023012365589534471789146202E+00 -0.14788605837680101864028308498989E+00
0.26749698532727147427718585907110E+00 -0.15382807982674729966642712874200E+00
0.27760484805027576591107034416574E+00 -0.15976434823945932656322141687329E+00
0.28770347244273760590315763038263E+00 -0.16569464901793219694133773974263E+00
0.29779251322812797129363489138606E+00 -0.17161876762309962296723048648512E+00
0.30787162572395232176504499275432E+00 -0.17753648957651522294629474295453E+00
0.31794046586271655781716691455902E+00 -0.18344760046284057867163269383589E+00
0.32799869021324489912407914979998E+00 -0.18935188593213381427367475839862E+00
0.33804595600236738312690598573987E+00 -0.19524913170192703933451371532943E+00
0.34808192113699548248150003214138E+00 -0.20113912355908395702002213628686E+00
0.35810624422660690674625627144491E+00 -0.20702164736142730747626745258897E+00
0.36811858460615956138399621605210E+00 -0.21289648903912444165510565931097E+00
0.37811860235945895515961784985858E+00 -0.21876343459582028075986548044301E+00
0.38810595834300220105323692191229E+00 -0.22462227010950552197379347125827E+00
0.39808031421032293657073663215640E+00 -0.23047278173310615039519927361308E+00
0.40804133243686819595136990194062E+00 -0.23631475569478259680944228725011E+00
0.41798867634543058142320185658177E+00 -0.24214797829792226452709473349292E+00
0.42792201013217144302156637470447E+00 -0.24797223592081150198980996328636E+00
0.43784099889326498852642923789115E+00 -0.25378731501597137273548350207788E+00
0.44774530865219757415372385188887E+00 -0.25959300210913860423886777312307E+00
0.45763460638776184437757043768103E+00 -0.26538908379787603561529155665061E+00
0.46750856006278162546393441044773E+00 -0.27117534674979177264990236742494E+00
0.47736683865361260288703892370887E+00 -0.27695157770034792353332961554516E+00
0.48720911218046182525362614579909E+00 -0.28271756345023779130044877688310E+00
0.49703505173857293428018452002894E+00 -0.28847309086230846794032994592931E+00
0.50684432953033143119260645688128E+00 -0.29421794685800482777060076330317E+00
0.51663661889833948094307319901829E+00 -0.29995191841331046905187178342097E+00
0.52641159435952280387522713621546E+00 -0.30567479255415713872667873926404E+00
0.53616893164032940912757468878309E+00 -0.31138635635127579036748417341248E+00
0.54590830771308651454108354427775E+00 -0.31708639691445713071946113331968E+00
0.55562940083358806771117676173374E+00 -0.32277470138619036315546862718425E+00
0.56533189057998762766134946973797E+00 -0.32845105693464519070512487509309E+00
0.57501545789307922267038743853495E+00 -0.33411525074596062627086020091787E+00
0.58467978511805284600335341706002E+00 -0.33976707001580086678598569189536E+00
0.59432455604781905269487540252810E+00 -0.34540630194013768103471178686622E+00
0.60394945596800306721762973455602E+00 -0.35103273370521325430226247333064E+00
0.61355417170371646274288036821033E+00 -0.35664615247663775438593624149613E+00
0.62313839166822326850866867383666E+00 -0.36224634538756904862406637118979E+00
0.63270180591362528547604380484832E+00 -0.36783309952592200122381742575049E+00
0.64224410618370124229189509187059E+00 -0.37340620192054835972582868031030E+00
0.65176498596904524142399927309318E+00 -0.37896543952632517513250378625198E+00
0.66126414056466104028419924775729E+00 -0.38451059920808633997564695082920E+00
0.67074126713018006863989696762331E+00 -0.39004146772332462690296478329061E+00
0.68019606475288686795931817902162E+00 -0.39555783170358903900464623325690E+00
0.68962823451374770407068659949755E+00 -0.40105947763449485926316429419737E+00
0.69903747955665605489445571234644E+00 -0.40654619183425880750173720297136E+00
0.70842350516112486466429920670495E+00 -0.41201776043066523333304609902665E+00
0.71778601881867590686864860143661E+00 -0.41747396933636028649543929188443E+00
0.72712473031319693566155754803105E+00 -0.42291460422236660598245559109981E+00
0.73643935180555946805795603488449E+00 -0.42833945048969958895974853658271E+00
0.74572959792281776160848014449898E+00 -0.43374829323895851028894682836509E+00
0.75499518585233480331825000325827E+00 -0.43914091723775618229542557368319E+00
0.76423583544121241228592353169347E+00 -0.44451710688583854246223789305212E+00
0.77345126930143920863812986050884E+00 -0.44987664617773554486644886368724E+00
0.78264121292119971151864888981457E+00 -0.45521931866277017968341309185328E+00
0.79180539478284061930088373040105E+00 -0.46054490740223848154708881552374E+00
0.80094354648802181944430073909008E+00 -0.46585319492355992130436734185352E+00
0.81005540289064225945037690528638E+00 -0.47114396317117635909305865029319E+00
0.81914070223817834577073592374589E+00 -0.47641699345396386205202773742621E+00
0.82819918632213672595037100909546E+00 -0.48167206638889772617836600594146E+00
0.83723060063839311761916716703258E+00 -0.48690896184068999652001510691908E+00
0.84623469455826165701196473610093E+00 -0.49212745885709375196501534317179E+00
0.85521122151122782886304909495949E+00 -0.49732733559954055150603350637860E+00
0.86415993918036958312833949641565E+00 -0.50250836926874846417610243401739E+00
0.87308060971159819884704212899445E+00 -0.50767033602490349826575729659363E+00
0.88197299993796906806326443800900E+00 -0.51281301090198116733651407124704E+00
0.89083688162044329880010990012859E+00 -0.51793616771573383427984231175021E+00
0.89967203170663287992830729792039E+00 -0.52303957896482435401646162675314E+00
0.90847823260922463314426485141279E+00 -0.52812301572453678882187443085154E+00
0.91725527250597139907874113077169E+00 -0.53318624753243763695179640123337E+00
0.92600294566334732073965200022162E+00 -0.53822904226530079355195438967984E+00
0.93472105278620673358580475801025E+00 -0.54325116600653880274163583825350E+00
0.94340940139605561902693646719313E+00 -0.54825238290330624601221995684496E+00
0.95206780624085476995506960105832E+00 -0.55323245501235384438954081703925E+00
0.96069608973962320705877943914431E+00 -0.55819114213361555230862404803254E+00
0.96929408246550986662283864353772E+00 -0.56312820163040217760796038615644E+00
0.97786162367145628459519614593495E+00 -0.56804338823495191191301541736200E+00
0.98639856186309630103095958863607E+00 -0.57293645383795117043861819139547E+00
0.99490475542413397360473813064103E+00 -0.57780714726048429406370258559768E+00
0.10033800733001293384552757097351E+01 -0.58265521400669352547369392658394E+00
0.10118243957474131483606250712910E+01 -0.58748039599523395622304533976554E+00
0.10202376151547645130066817233928E+01 -0.59228243126738148658795445663299E+00
0.10286196369465454627251670901707E+01 -0.59706105366939594452192163392328E+00
0.10369703805772154662971681993671E+01 -0.60181599250644985611673407634042E+00
0.10452897806285795781461016597959E+01 -0.60654697216510021074687337125031E+00
0.10535777880227981570374034127299E+01 -0.61125371170089883799157107820687E+00
0.10618343713661438693313401928032E+01 -0.61593592438730050715722836773219E+00
0.10700595184407952461093898640222E+01 -0.62059331722152491696331272169279E+00
0.10782532378646716669747448023749E+01 -0.62522559038244909430130710385034E+00
0.10864155609425295822281789111639E+01 -0.62983243663493776464303228393085E+00
0.10945465437353571859461717471048E+01 -0.63441354067424309496570439528632E+00
0.11026462693796544906276082592015E+01 -0.63896857840320467379318312529488E+00
0.11107148506936390065130727395888E+01 -0.64349721613392832938911088350174E+00
0.11187524331139623065321540022555E+01 -0.64799910970439648080859792053163E+00
0.11267591980144344126588684500250E+01 -0.65247390349902137510504841646679E+00
0.11347353664678440379956667279094E+01 -0.65692122936045825354083444457706E+00
0.11426812035236545061669852328311E+01 -0.66134070537799621969047217710812E+00
0.11505970230886805688054922721934E+01 -0.66573193453547280751046605587948E+00
0.11584831935154937293499400734861E+01 -0.67009450319884093358140312773630E+00
0.11663401440251621981318835645934E+01 -0.67442797942014996062859383972765E+00
0.11741683721181733931455829558832E+01 -0.67873191103066753117568768090493E+00
0.11819684521615548846318930503595E+01 -0.68300582349101148219222390081055E+00
0.11897410453833656403102893735228E+01 -0.68724921746028149077700838281755E+00
0.11974869115606222435314201761750E+01 -0.69146156603904386617625465590192E+00
0.12052069227570987703605288685282E+01 -0.69564231163229813170204887586095E+00
0.12129020795584067867138431858102E+01 -0.69979086236785341323431841751008E+00
0.12205735303703905091861219630605E+01 -0.70390658799232984509491863972362E+00
0.12282225945030675950094510324178E+01 -0.70798881515060080999213342818542E+00
0.12358507899701121468296521117612E+01 -0.71203682193400732433006695990190E+00
0.12434598672133428709238760120294E+01 -0.71604983155691885920996153832983E+00
0.12510518503421411586251460844669E+01 -0.72002700498858717215354290308893E+00
0.12586290880025412202182364780244E+01 -0.72396743232554706590069696946976E+00
0.12661943167251830192680500431655E+01 -0.72787012263596271299424604282143E+00
0.12737507406456035003153682389914E+01 -0.73173399193666689314819628524072E+00
0.12813021330016975548911638350728E+01 -0.73555784886857655836450472395198E+00
0.12888529670448308140732640521989E+01 -0.73934037750197089160250933870977E+00
0.12964085873746363074809909218024E+01 -0.74308011649362323221390365315328E+00
0.13039754379618279756638382282550E+01 -0.74677543341364782052497035862470E+00
0.13115613717026805164192138055635E+01 -0.75042449190774805105465364540842E+00
0.13191760822498164897335528355983E+01 -0.75402520339260991426140027999294E+00
0.13268317719652468503874278460140E+01 -0.75757504337011030301772631203583E+00
0.13360940675977758700566662045695E+01 -0.76176539128013366917313398009787E+00
0.13454740120032598863670098583913E+01 -0.76587266869829840748076200177205E+00
0.13550223597611948608215257525149E+01 -0.76989173216750917838101799092062E+00
0.13648165443038891334086020730543E+01 -0.77381480329807019839020984097304E+00
0.13749817901950595408938439952333E+01 -0.77763433759929338590116383645932E+00
0.13851686996557968747176610307560E+01 -0.78115261713319425091594392013218E+00
0.13949174740422246461944932425517E+01 -0.78416905735056917318476583381787E+00
0.14042511800432853421638021534839E+01 -0.78667584778536292491532253129486E+00
0.14131830431760643665768367437758E+01 -0.78873007999152798046744216063643E+00
0.14217979636938410824546701172606E+01 -0.79005493095116857607510975536807E+00
0.14253219502300503251537666832698E+01 -0.79793864581668563149064957790122E+00
0.14294781026800694403266243292502E+01 -0.80582152091507992767981260578575E+00
0.14341950826635489369738355126125E+01 -0.81373364221415565914197537380123E+00
0.14394457893994084626597455282828E+01 -0.82167530255340524731119259115176E+00
0.14451874135458041724281327056453E+01 -0.82965172484377079660774153315969E+00
0.14510992398710599054835958978037E+01 -0.83730616146073898992024024951677E+00
0.14569082320104454865838947951880E+01 -0.84441415777684050483907634281628E+00
0.14626356916494945662539098032083E+01 -0.85110885268716613705473516469469E+00
0.14682924983750818870423798996129E+01 -0.85747362820982794541490973162946E+00
0.14738842588169263027388009214291E+01 -0.86356492555744070453902830014561E+00
0.14784969983251243001902155106179E+01 -0.86846099822558501180559508075005E+00
0.14830671732355652199319492681425E+01 -0.87321311324751374963310543195501E+00
0.14875957246689960498141200564265E+01 -0.87783476232220583628615607837213E+00
0.14920826202500986546400911108566E+01 -0.88233743295132594046894462879466E+00
0.14965278405278374152034648198084E+01 -0.88673040341995997895370881574240E+00
0.15009311688071576370964269956306E+01 -0.89102146653273690169934712944569E+00
0.15052923249418379698198032483121E+01 -0.89521717142615650357364717058057E+00
0.15096109671512792330465422027699E+01 -0.89932309758505916576859914445620E+00
0.15138867217087758615528065466090E+01 -0.90334403147980643072888477203956E+00
0.15181191942643672860533812127156E+01 -0.90728411264994946336474976404775E+00
0.15223079806484568581151009032126E+01 -0.91114694443180442405820158135837E+00
0.15264526734470015066584675304252E+01 -0.91493568259539818115884725314985E+00
0.15305528668718964276341401915849E+01 -0.91865310588331947803689974314672E+00
0.15346081600259225764182014727776E+01 -0.92230167313163227489979524484819E+00
0.15386181591563918599106246444825E+01 -0.92588356983053872841623144421693E+00
0.15425824791442230581936963454251E+01 -0.92940074644761738316472443388346E+00
0.15465007444580468898103627822916E+01 -0.93285495020601768886162297863091E+00
0.15503725897197689830249731052035E+01 -0.93624775163142157256058300396808E+00
0.15541976599927652572522549761179E+01 -0.93958056687604324304816897692025E+00
0.15579756108714637880267758796193E+01 -0.94285467660839719733612884738349E+00
0.15617061084302889639087174731753E+01 -0.94607124208905669279818839349197E+00
0.15653888290741853336474985330913E+01 -0.94923131892503514708318944284916E+00
0.15690234593217431577310880085168E+01 -0.95233586889690156359646554500089E+00
0.15726096955436810782919386574559E+01 -0.95538577017632324371664369051375E+00
0.15761472436733914494052637142014E+01 -0.95838182619185701809922120227698E+00
0.15796358189017746916257587993038E+01 -0.96132477335357137396614402175947E+00
0.15830751453652710041137508387583E+01 -0.96421528780953929275828665231333E+00
0.15864649558335297223400676098686E+01 -0.96705399137718983044389193566894E+00
0.15898049914013147658493454224987E+01 -0.96984145676831436061201839284028E+00
0.15930950011878736441853314952925E+01 -0.97257821220691454567627659107762E+00
0.15963347420459710643669891736471E+01 -0.97526474552310639993175055759538E+00
0.15995239782820264278440891026338E+01 -0.97790150779320802842468383654564E+00
0.16026624813882262298082999168972E+01 -0.98048891658536247799754268803901E+00
0.16057500297870633873001106479425E+01 -0.98302735886113246548194956796068E+00
0.16087864085884482435913573620344E+01 -0.98551719357609316308717047152858E+00
0.16117714093593119041990557559828E+01 -0.98795875401626235128212992985898E+00
0.16147048299054631137968784954494E+01 -0.99035234990202161776081117847982E+00
0.16175864740653484339378924007522E+01 -0.99269826928681668978921421915438E+00
0.16204161515152897916996657338678E+01 -0.99499678027423788849459980829060E+00
0.16231936775857261979138208255704E+01 -0.99724813257395398060702838829658E+00
0.16259188730879575014598510936031E+01 -0.99945255891431257297354951348743E+00
0.16285915641508772654596463973663E+01 -0.10016102763271486626581065056606E+01
0.16312115820671791452818105951125E+01 -0.10037214873183976190241651209748E+01
0.16337787631485285281580295094060E+01 -0.10057863809364374600595270188841E+01
0.16362929485892043354487006804422E+01 -0.10078051337486459905936131902234E+01
0.16387539843377312018429054547084E+01 -0.10097779107354136561236743629288E+01
0.16411617209760429761135914087192E+01 -0.10117048661097753156936091987353E+01
0.16435160136057383523443419232354E+01 -0.10135861440698879350731555713556E+01
0.16458167217410116692435588244726E+01 -0.10154218794907653939666568276779E+01
0.16480637092078642354031528851496E+01 -0.10172121985609700110329446433665E+01
0.16502568440492229534469452352043E+01 -0.10189572193693370460842031266221E+01
0.16523959984356153094416541530455E+01 -0.10206570524462624364227868985569E+01
0.16544810485810705062891561974299E+01 -0.10223118012636032544905392361862E+01
0.16565118746639362112210045375996E+01 -0.10239215626968171994866217766289E+01
0.16584883607523212407184710114128E+01 -0.10254864274525947038857789042449E+01
0.16604103947338909767731248437454E+01 -0.10270064804649052520404209326866E+01
0.16622778682497614612827543125519E+01 -0.10284818012620883297475017242460E+01
0.16640906766322540778653752530720E+01 -0.10299124643073578630404543828445E+01
0.16658487188462880055067995327323E+01 -0.10312985393148584505919773439053E+01
0.16675518974342030080327805317329E+01 -0.10326400915432053440226315215541E+01
0.16692001184638184746999769492507E+01 -0.10339371820682551537810584823075E+01
0.16707932914795479488670591250467E+01 -0.10351898680366906567976798431256E+01
0.16723313294564004006680410385648E+01 -0.10363982029018543077638310282136E+01
0.16738141487567108189845415870417E+01 -0.10375622366431328041967768081625E+01
0.16752416690894538708669058723348E+01 -0.10386820159700764551162458983158E+01
0.16766138134720038111031201262466E+01 -0.10397575845123282812026514724737E+01
0.16779305081942137138193840480903E+01 -0.10407889829963423632764795458599E+01
0.16791916827846958409493850921348E+01 -0.10417762494097821752115882694338E+01
0.16803972699791928468010141545636E+01 -0.10427194191544107078497945106503E+01
0.16815472056909379282714299723960E+01 -0.10436185251882122529900381709686E+01
0.16826414289829087150528981497613E+01 -0.10444735981574200166806595079504E+01
0.16836798820418868541755827454649E+01 -0.10452846665190642537505178912169E+01
0.16846625101542416040016279799739E+01 -0.10460517566546011755732599062013E+01
0.16855892616833617553867435854004E+01 -0.10467748929751332416883336562552E+01
0.16864600880486657383916792224882E+01 -0.10474540980186859175797597546538E+01
0.16872749437061250462523884939622E+01 -0.10480893925399644056625066270022E+01
0.16880337861302400773667688913170E+01 -0.10486807955929766237826855152933E+01
0.16887365757974084276502771952680E+01 -0.10492283246068784057407958141414E+01
0.16893832761706013290961132169689E+01 -0.10497319954554004502214216579276E+01
0.16899738536845606697177466369148E+01 -0.10501918225210957546337287379564E+01
0.16903363774337434861335129400609E+01 -0.10504740226821430737888794539465E+01
0.16906739356810057718653968811245E+01 -0.10507367460009647687280532915009E+01
0.16909865206770678005872162588794E+01 -0.10509799956910810496161987833971E+01
0.16912741252408154737457196720993E+01 -0.10512037747195756281187846261019E+01
0.16915367427728993958368034570576E+01 -0.10514080857933607612077280303526E+01
0.16917868742790179986246224286655E+01 -0.10516026598924117805059500254134E+01
0.16920370248724704279657517236000E+01 -0.10517972263349854909532147574837E+01
0.16922871945472417045814967859435E+01 -0.10519917851479702735718068394988E+01
0.16925373832972378701949903311720E+01 -0.10521863363583054709341442982094E+01
0.16927875911164671499206821649772E+01 -0.10523808799927486416258543692176E+01
0.16925373832972378701949903311720E+01 -0.10521863363583054709341442982094E+01
0.16922871945472417045814967859435E+01 -0.10519917851479702735718068394988E+01
0.16920370248724704279657517236000E+01 -0.10517972263349854909532147574837E+01
0.16917868742790179986246224286655E+01 -0.10516026598924117805059500254134E+01
0.16915367427728993958368034570576E+01 -0.10514080857933607612077280303526E+01
0.16912741252408154737457196720993E+01 -0.10512037747195756281187846261019E+01
0.16909865206770678005872162588794E+01 -0.10509799956910810496161987833971E+01
0.16906739356810057718653968811245E+01 -0.10507367460009647687280532915009E+01
0.16903363774337434861335129400609E+01 -0.10504740226821430737888794539465E+01
0.16899738536845606697177466369148E+01 -0.10501918225210957546337287379564E+01
0.16893832761706013290961132169689E+01 -0.10497319954554004502214216579276E+01
0.16887365757974084276502771952680E+01 -0.10492283246068784057407958141414E+01
0.16880337861302400773667688913170E+01 -0.10486807955929766237826855152933E+01
0.16872749437061250462523884939622E+01 -0.10480893925399644056625066270022E+01
0.16864600880486657383916792224882E+01 -0.10474540980186859175797597546538E+01
0.16855892616833617553867435854004E+01 -0.10467748929751332416883336562552E+01
0.16846625101542416040016279799739E+01 -0.10460517566546011755732599062013E+01
0.16836798820418868541755827454649E+01 -0.10452846665190642537505178912169E+01
0.16826414289829087150528981497613E+01 -0.10444735981574200166806595079504E+01
0.16815472056909379282714299723960E+01 -0.10436185251882122529900381709686E+01
0.16803972699791928468010141545636E+01 -0.10427194191544107078497945106503E+01
0.16791916827846958409493850921348E+01 -0.10417762494097821752115882694338E+01
0.16779305081942137138193840480903E+01 -0.10407889829963423632764795458599E+01
0.16766138134720038111031201262466E+01 -0.10397575845123282812026514724737E+01
0.16752416690894538708669058723348E+01 -0.10386820159700764551162458983158E+01
0.16738141487567108189845415870417E+01 -0.10375622366431328041967768081625E+01
0.16723313294564004006680410385648E+01 -0.10363982029018543077638310282136E+01
0.16707932914795479488670591250467E+01 -0.10351898680366906567976798431256E+01
0.16692001184638184746999769492507E+01 -0.10339371820682551537810584823075E+01
0.16675518974342030080327805317329E+01 -0.10326400915432053440226315215541E+01
0.16658487188462880055067995327323E+01 -0.10312985393148584505919773439053E+01
0.16640906766322540778653752530720E+01 -0.10299124643073578630404543828445E+01
0.16622778682497614612827543125519E+01 -0.10284818012620883297475017242460E+01
0.16604103947338909767731248437454E+01 -0.10270064804649052520404209326866E+01
0.16584883607523212407184710114128E+01 -0.10254864274525947038857789042449E+01
0.16565118746639362112210045375996E+01 -0.10239215626968171994866217766289E+01
0.16544810485810705062891561974299E+01 -0.10223118012636032544905392361862E+01
0.16523959984356153094416541530455E+01 -0.10206570524462624364227868985569E+01
0.16502568440492229534469452352043E+01 -0.10189572193693370460842031266221E+01
0.16480637092078642354031528851496E+01 -0.10172121985609700110329446433665E+01
0.16458167217410116692435588244726E+01 -0.10154218794907653939666568276779E+01
0.16435160136057383523443419232354E+01 -0.10135861440698879350731555713556E+01
0.16411617209760429761135914087192E+01 -0.10117048661097753156936091987353E+01
0.16387539843377312018429054547084E+01 -0.10097779107354136561236743629288E+01
0.16362929485892043354487006804422E+01 -0.10078051337486459905936131902234E+01
0.16337787631485285281580295094060E+01 -0.10057863809364374600595270188841E+01
0.16312115820671791452818105951125E+01 -0.10037214873183976190241651209748E+01
0.16285915641508772654596463973663E+01 -0.10016102763271486626581065056606E+01
0.16259188730879575014598510936031E+01 -0.99945255891431257297354951348743E+00
0.16231936775857261979138208255704E+01 -0.99724813257395398060702838829658E+00
0.16204161515152897916996657338678E+01 -0.99499678027423788849459980829060E+00
0.16175864740653484339378924007522E+01 -0.99269826928681668978921421915438E+00
0.16147048299054631137968784954494E+01 -0.99035234990202161776081117847982E+00
0.16117714093593119041990557559828E+01 -0.98795875401626235128212992985898E+00
0.16087864085884482435913573620344E+01 -0.98551719357609316308717047152858E+00
0.16057500297870633873001106479425E+01 -0.98302735886113246548194956796068E+00
0.16026624813882262298082999168972E+01 -0.98048891658536247799754268803901E+00
0.15995239782820264278440891026338E+01 -0.97790150779320802842468383654564E+00
0.15963347420459710643669891736471E+01 -0.97526474552310639993175055759538E+00
0.15930950011878736441853314952925E+01 -0.97257821220691454567627659107762E+00
0.15898049914013147658493454224987E+01 -0.96984145676831436061201839284028E+00
0.15864649558335297223400676098686E+01 -0.96705399137718983044389193566894E+00
0.15830751453652710041137508387583E+01 -0.96421528780953929275828665231333E+00
0.15796358189017746916257587993038E+01 -0.96132477335357137396614402175947E+00
0.15761472436733914494052637142014E+01 -0.95838182619185701809922120227698E+00
0.15726096955436810782919386574559E+01 -0.95538577017632324371664369051375E+00
0.15690234593217431577310880085168E+01 -0.95233586889690156359646554500089E+00
0.15653888290741853336474985330913E+01 -0.94923131892503514708318944284916E+00
0.15617061084302889639087174731753E+01 -0.94607124208905669279818839349197E+00
0.15579756108714637880267758796193E+01 -0.94285467660839719733612884738349E+00
0.15541976599927652572522549761179E+01 -0.93958056687604324304816897692025E+00
0.15503725897197689830249731052035E+01 -0.93624775163142157256058300396808E+00
0.15465007444580468898103627822916E+01 -0.93285495020601768886162297863091E+00
0.15425824791442230581936963454251E+01 -0.92940074644761738316472443388346E+00
0.15386181591563918599106246444825E+01 -0.92588356983053872841623144421693E+00
0.15346081600259225764182014727776E+01 -0.92230167313163227489979524484819E+00
0.15305528668718964276341401915849E+01 -0.91865310588331947803689974314672E+00
0.15264526734470015066584675304252E+01 -0.91493568259539818115884725314985E+00
0.15223079806484568581151009032126E+01 -0.91114694443180442405820158135837E+00
0.15181191942643672860533812127156E+01 -0.90728411264994946336474976404775E+00
0.15138867217087758615528065466090E+01 -0.90334403147980643072888477203956E+00
0.15096109671512792330465422027699E+01 -0.89932309758505916576859914445620E+00
0.15052923249418379698198032483121E+01 -0.89521717142615650357364717058057E+00
0.15009311688071576370964269956306E+01 -0.89102146653273690169934712944569E+00
0.14965278405278374152034648198084E+01 -0.88673040341995997895370881574240E+00
0.14920826202500986546400911108566E+01 -0.88233743295132594046894462879466E+00
0.14875957246689960498141200564265E+01 -0.87783476232220583628615607837213E+00
0.14830671732355652199319492681425E+01 -0.87321311324751374963310543195501E+00
0.14784969983251243001902155106179E+01 -0.86846099822558501180559508075005E+00
0.14738842588169263027388009214291E+01 -0.86356492555744070453902830014561E+00
0.14682924983750818870423798996129E+01 -0.85747362820982794541490973162946E+00
0.14626356916494945662539098032083E+01 -0.85110885268716613705473516469469E+00
0.14569082320104454865838947951880E+01 -0.84441415777684050483907634281628E+00
0.14510992398710599054835958978037E+01 -0.83730616146073898992024024951677E+00
0.14451874135458041724281327056453E+01 -0.82965172484377079660774153315969E+00
0.14394457893994084626597455282828E+01 -0.82167530255340524731119259115176E+00
0.14341950826635489369738355126125E+01 -0.81373364221415565914197537380123E+00
0.14294781026800694403266243292502E+01 -0.80582152091507992767981260578575E+00
0.14253219502300503251537666832698E+01 -0.79793864581668563149064957790122E+00
