0.19429516292306039327072963881252E+01 -0.22524532023705276629945898773731E+00
0.19438519484530952269793581493840E+01 -0.22326610047624519919593950060759E+00
0.19447454137164987575245380591038E+01 -0.22141695036636352038536036019889E+00
0.19456214032664694132598808433949E+01 -0.21969835712262244367729196681074E+00
0.19464683252500039376526479853057E+01 -0.21811388787508994502017598392358E+00
0.19472744714557218637140650852278E+01 -0.21666788286279957830597002842887E+00
0.19480327424567988895289901439392E+01 -0.21535738731200362152290919949328E+00
0.19487525680644941170856663488203E+01 -0.21415377415464550940743022009261E+00
0.19494430877755094441109949270076E+01 -0.21303313563894620140015138823070E+00
0.19501103083016583146884841520792E+01 -0.21197954753567442322151511980169E+00
0.19507584323993579256544297687035E+01 -0.21098173263275722901219351158945E+00
0.19501103083016583146884841520792E+01 -0.21197954753567442322151511980169E+00
0.19494430877755094441109949270076E+01 -0.21303313563894620140015138823070E+00
0.19487525680644941170856663488203E+01 -0.21415377415464550940743022009261E+00
0.19480327424567988895289901439392E+01 -0.21535738731200362152290919949328E+00
0.19472744714557218637140650852278E+01 -0.21666788286279957830597002842887E+00
0.19464683252500039376526479853057E+01 -0.21811388787508994502017598392358E+00
0.19456214032664694132598808433949E+01 -0.21969835712262244367729196681074E+00
0.19447454137164987575245380591038E+01 -0.22141695036636352038536036019889E+00
0.19438519484530952269793581493840E+01 -0.22326610047624519919593950060759E+00
0.19429516292306039327072963881252E+01 -0.22524532023705276629945898773731E+00
0.19398175213028136945868897227999E+01 -0.22554576210755834467496118756214E+00
0.19364454279448605269082870383098E+01 -0.22568649377293364683701021617333E+00
0.19328152614743248050080074215878E+01 -0.22575765700702055373340035405784E+00
0.19289004842587408402573586528997E+01 -0.22573843080778067686345526624228E+00
0.19246767359193204385658667248573E+01 -0.22563080717802767690130305879920E+00
0.19203296979949099346392174155910E+01 -0.22544889080306832186408114490441E+00
0.19160198749389736695410636005948E+01 -0.22521414377905548841959851217765E+00
0.19117067450984148263561122629538E+01 -0.22493662306706639899939644080494E+00
0.19073657811861634152076751686426E+01 -0.22462338893667018137761061361645E+00
0.19029810475225995795843328481577E+01 -0.22427862481376152545216849584782E+00
0.18992855615678742295130520946107E+01 -0.22397074056369193760730971460055E+00
0.18955473276688471853715373736840E+01 -0.22364524682000624693035579455752E+00
0.18917627460792235945853625322268E+01 -0.22330353080795949341897037384885E+00
0.18879289925419072974633017557200E+01 -0.22294666510188249460812509500859E+00
0.18840438170050443642780325088298E+01 -0.22257553650361473993873714537410E+00
0.18801054064094223023399916566511E+01 -0.22219089044448281787338641731239E+00
0.18761122864279012798502466377274E+01 -0.22179336070894159293566321246182E+00
0.18720632494544265940867766190868E+01 -0.22138349126638139772371608661232E+00
0.18679573008186358101776938908829E+01 -0.22096175286710775146770818766249E+00
0.18637936179456464164381389862422E+01 -0.22052855591997930350873540232038E+00
0.18595715188907282774025343561413E+01 -0.22008426063946669610851962076625E+00
0.18552904377802101494085684766853E+01 -0.21962918514300885829031423887823E+00
0.18509499054180535695954709025893E+01 -0.21916361198365005920377285853784E+00
0.18465495338093938773350312206070E+01 -0.21868779347137675644258645711360E+00
0.18420890036911438801946111420531E+01 -0.21820195604534019536165096859891E+00
0.18375680543972121412100182437947E+01 -0.21770630389439509391035810064088E+00
0.18329864755549593193489693353770E+01 -0.21720102197656524645658485885710E+00
0.18283441002316315425095183658477E+01 -0.21668627855366049388932991249947E+00
0.18236407992388786080030347313974E+01 -0.21616222733167116069163458907094E+00
0.18188764763696543129837536484710E+01 -0.21562900927827489475811425860810E+00
0.18140510643913731814095729244534E+01 -0.21508675417409338364652520193777E+00
0.18091645216567078696220816511558E+01 -0.21453558194302686640740694898689E+00
0.18042168292220696280887812076548E+01 -0.21397560379821095353443017363114E+00
0.17992079883859011437570571373008E+01 -0.21340692323326061522013538231237E+00
0.17941380185760740114589275108264E+01 -0.21282963688303566862936336340306E+00
0.17890069555291292108720462669769E+01 -0.21224383527384369577429197863952E+00
0.17838148497147013900946744635044E+01 -0.21164960347953849748140430577440E+00
0.17785617649668933532422753779001E+01 -0.21104702169718588792853836732986E+00
0.17732477772911008014132209246548E+01 -0.21043616575371203088240399748835E+00
0.17678729738202012894402303063688E+01 -0.20981710755310445836944665422550E+00
0.17624374518984061349570448006374E+01 -0.20918991547223222832884909569632E+00
0.17569413182746315748160034505464E+01 -0.20855465471210351825329126274088E+00
0.17513846883901622429712954600740E+01 -0.20791138761035472102432673658771E+00
0.17457676857477697166925001861395E+01 -0.20726017391990680638601655061409E+00
0.17400904413514229605981030659581E+01 -0.20660107105801246464105358364052E+00
0.17343530932073657125051600320742E+01 -0.20593413432931897317150518176604E+00
0.17285557858786955443183590983461E+01 -0.20525941712606690020849544634292E+00
0.17226986700867191146678863147620E+01 -0.20457697110812032678284159813104E+00
0.17167819023533122863487284711044E+01 -0.20388684636516387172424406646784E+00
0.17108056446793175859572906071039E+01 -0.20318909156309414622349905361534E+00
0.17047700642546915371594348180205E+01 -0.20248375407637225049602838422422E+00
0.16986753331966888442932057745485E+01 -0.20177088010787979946473872155476E+00
0.16925216283128618344927023414108E+01 -0.20105051479762917932055635030874E+00
0.16863091308860696761354408490902E+01 -0.20032270232151232222992837369322E+00
0.16800380264790503028573140274232E+01 -0.19958748598113034444720484247657E+00
0.16737085047564149365619284362556E+01 -0.19884490828562267343223191384173E+00
0.16673207593221879389019614361211E+01 -0.19809501102630639713940226157612E+00
0.16608749875712431445013731380113E+01 -0.19733783534484441663501467378091E+00
0.16543713905531852387605980131771E+01 -0.19657342179557875546135396450981E+00
0.16478101728473937788595116031806E+01 -0.19580181040259477577624525583117E+00
0.16411915424480976522308480368974E+01 -0.19502304071202005214159658139959E+00
0.16345157106584759639375578365809E+01 -0.19423715184000683821888557217764E+00
0.16277828919928944739024258581853E+01 -0.19344418251679882812183248210147E+00
0.16209933040864850107368394675351E+01 -0.19264417112724185930956866098691E+00
0.16141471676113625189580423849295E+01 -0.19183715574805911700056939781022E+00
0.16072447061988498961834043721960E+01 -0.19102317418218058363491424786906E+00
0.16002861463671478077656564336748E+01 -0.19020226399038506996018985988958E+00
0.15932717174539447878035805488039E+01 -0.18937446252048871870140390445428E+00
0.15862016515535177869072781646586E+01 -0.18853980693429148678291797473574E+00
0.15790761834579147571254117412570E+01 -0.18769833423246973563850332063922E+00
0.15718955506018572611718977788952E+01 -0.18685008127758851744118779406106E+00
0.15646599930110321728801524562730E+01 -0.18599508481538814090628525540664E+00
0.15573697532534773493472495295038E+01 -0.18513338149448587563116169659038E+00
0.15500250763937943377218762210781E+01 -0.18426500788462120040353701484672E+00
0.15426262099499441814808028402035E+01 -0.18339000049356007565631992958665E+00
0.15351734038524097853173758418461E+01 -0.18250839578276438694471081842408E+00
0.15276669104055241587985411881146E+01 -0.18162023018192271200214919414264E+00
0.15201069842507852630231078274538E+01 -0.18072554010242979777068828832587E+00
0.15124938823319954002679223404028E+01 -0.17982436194989468062772763040063E+00
0.15048278638620717920134864276085E+01 -0.17891673213575140531956150394499E+00
0.14971091902913989140903876484974E+01 -0.17800268708803771074207148696475E+00
0.14893381252775930649109410471131E+01 -0.17708226326140459004191432181460E+00
0.14815149346565704747417255676970E+01 -0.17615549714641123481800951836323E+00
0.14736398864148142397483310193142E+01 -0.17522242527815761567563517378171E+00
0.14657132506627457840430322952294E+01 -0.17428308424430195411432941119726E+00
0.14577352996091156218844733014964E+01 -0.17333751069250579989647924795146E+00
0.14497063075363332470116841836162E+01 -0.17238574133734722460405496409760E+00
0.14416265507766645970720363346035E+01 -0.17142781296673874045594737964935E+00
0.14334963076892305739802086357409E+01 -0.17046376244788336780897360037046E+00
0.14253158586377448091359265117177E+01 -0.16949362673280040272453710275729E+00
0.14170854859689356721728647593286E+01 -0.16851744286344944219589891837257E+00
0.14088054739915998915553713724259E+01 -0.16753524797647974968684216550553E+00
0.14004761089562410016619804892461E+01 -0.16654707930762857015386412565685E+00
0.13920976790352483434716940865940E+01 -0.16555297419579183706546358255443E+00
0.13836704743035762365493624615969E+01 -0.16455297008678851443443444185456E+00
0.13751947867198863065870095881111E+01 -0.16354710453683696215191310578253E+00
0.13666709101081184482879066501364E+01 -0.16253541521576255331210427373141E+00
0.13580991401394582819002613127430E+01 -0.16151793990995267452525637141499E+00
0.13494797743146723191490799239304E+01 -0.16049471652507488426198759210516E+00
0.13408131119467826495750770240025E+01 -0.15946578308857235323297310009617E+00
0.13320994541440570483050609256851E+01 -0.15843117775195032573250352030759E+00
0.13233391037932903456819409541743E+01 -0.15739093879286636380832981104207E+00
0.13145323655433553531001596802795E+01 -0.15634510461703519017277020036286E+00
0.13056795457890041329136616997179E+01 -0.15529371375995950277864904484820E+00
0.12967809526548996515339459038718E+01 -0.15423680488849736208022642264135E+00
0.12878368959798617153473282723930E+01 -0.15317441680227377996166084214159E+00
0.12788476873013106909280915541170E+01 -0.15210658843494803379653323651672E+00
0.12698136398398925065618864782125E+01 -0.15103335885534192618060384002397E+00
0.12607350684842753321115677532582E+01 -0.14995476726843921205805818482331E+00
0.12516122897760983959708417484482E+01 -0.14887085301626165993655402337747E+00
0.12424456218950679339944028936791E+01 -0.14778165557862908057470336532347E+00
0.12332353846441838199045772017485E+01 -0.14668721457380971099847290285993E+00
0.12239818994350883307363761629065E+01 -0.14558756975906678117675964179270E+00
0.12146854892735284440031325382403E+01 -0.14448276103110643594835946283583E+00
0.12053464787449198143799555820152E+01 -0.14337282842643244974928107633161E+00
0.11959651940000071558305630593501E+01 -0.14225781212161269584151104405344E+00
0.11865419627406105274443992116581E+01 -0.14113775243346127765726208286959E+00
0.11770771142054508172199188225620E+01 -0.14001268981914193844100342823461E+00
0.11675709791560493395904212672813E+01 -0.13888266487619493642098363953731E+00
0.11580238898626916270499532420421E+01 -0.13774771834249245822208291353522E+00
0.11484361800904534894855996407550E+01 -0.13660789109612634645040934312552E+00
0.11388081850852799505214582400277E+01 -0.13546322415522963631293760123018E+00
0.11291402415601143667664430270627E+01 -0.13431375867773741399772489251340E+00
0.11194326876810720241033258349666E+01 -0.13315953596108815235423425409314E+00
0.11096858630536533773351378128935E+01 -0.13200059744186946260919745934914E+00
0.10999001087089927897715375374502E+01 -0.13083698469541008731306144253774E+00
0.10900757670901391524809226012227E+01 -0.12966873943532092488736015668333E+00
0.10802131820383643125626501268161E+01 -0.12849590351298761853012929319667E+00
0.10703126987794958741180106971070E+01 -0.12731851891701680246238659103760E+00
0.10603746639102707632689666509352E+01 -0.12613662777263762923757209145395E+00
0.10503994253847076565986997223781E+01 -0.12495027234106151612310345179579E+00
0.10403873325004939346485272839356E+01 -0.12375949501880097706978533700459E+00
0.10303387358853853444242672594514E+01 -0.12256433833694982038788583932822E+00
0.10202539874836162116067741504980E+01 -0.12136484496042659569743156789300E+00
0.10101334405423168717450995836074E+01 -0.12016105768718208594565510942785E+00
0.99997744959793679151219567996583E+00 -0.11895301944737322658452577163116E+00
0.98978637046267183204460084289120E+00 -0.11774077330250448591627857923337E+00
0.97956056021089240852587661966326E+00 -0.11652436244453785409772800373262E+00
0.96930037716557240489214994008496E+00 -0.11530383019497281470778534653677E+00
0.95900618088471576247689777513078E+00 -0.11407922000389803623482568533905E+00
0.94867833214778030099553904623688E+00 -0.11285057544901541975295269369323E+00
0.93831719294209688937105763300219E+00 -0.11161794023463716955398185972593E+00
0.92792312644928240280535266274859E+00 -0.11038135819065782541747831232968E+00
0.91749649703164628058257910190564E+00 -0.10914087327150254073168660929803E+00
0.90703767021858772158664633518314E+00 -0.10789652955505024800391479667127E+00
0.89654701269298446179076182477336E+00 -0.10664837124153624786394674443954E+00
0.88602489227757156016024098115017E+00 -0.10539644265243092699579941653911E+00
0.87547167792130723738352663918286E+00 -0.10414078822929977072696971283204E+00
0.86488773968572965618335712728230E+00 -0.10288145253264131579688237115295E+00
0.85427344873129776239847489211547E+00 -0.10161848024070680210046478605832E+00
0.84362917730372124405999419938536E+00 -0.10035191614830104352977709311340E+00
0.83295529872027530110464730353894E+00 -0.99081805165564808724683128148281E-01
0.82225218735610057135755512279460E+00 -0.97808192316740019363415335034160E-01
0.81152021863048897666561960863844E+00 -0.96531122738918515945743725197026E-01
0.80075976899315232819266408784970E+00 -0.95250641680774213352300424804367E-01
0.78997121591047663537076034610792E+00 -0.93966794501279876523449095322832E-01
0.77915493785175888775894741193529E+00 -0.92679626668408842172609233806940E-01
0.76831131427542702482940297554008E+00 -0.91389183757821843670415712514980E-01
0.75744072561524372869884426118808E+00 -0.90095511451540173087510871667315E-01
0.74654355326649161746007932426198E+00 -0.88798655536605271116642197202307E-01
0.73562017957214240777310750348051E+00 -0.87498661903724645706195368008604E-01
0.72467098780900663765865585650480E+00 -0.86195576545905623201854227508781E-01
0.71369636217386693213604024352848E+00 -0.84889445557076642322569322895330E-01
0.70269668776959238936971293884078E+00 -0.83580315130696773422460919373386E-01
0.69167235059123527753289361188348E+00 -0.82268231558353272615813556204739E-01
0.68062373751210920370387099605282E+00 -0.80953241228348451750437094134703E-01
0.66955123626984924965059745118410E+00 -0.79635390624275918724881033068351E-01
0.65845523545245376324763270787960E+00 -0.78314726323585920460076075499084E-01
0.64733612448430810966165930382190E+00 -0.76991294996140679445899698460596E-01
0.63619429361218960681974541376691E+00 -0.75665143402760245169440854065774E-01
0.62503013389125522130479798976435E+00 -0.74336318393758760414176773035055E-01
0.61384403717101013321601340883925E+00 -0.73004866907471029177402057728158E-01
0.60263639608125903123322494375236E+00 -0.71670835968771251105418570351321E-01
0.59140760401803912789573922638880E+00 -0.70334272687581974403898715820115E-01
0.58015805512953556408147377199985E+00 -0.68995224257375467933850398532983E-01
0.56888814430197890678581025680782E+00 -0.67653737953666838869546754849731E-01
0.55759826714552565982655540198755E+00 -0.66309861132498943657429767287476E-01
0.54628881998012079864847979081403E+00 -0.64963641228920239982500479169307E-01
0.53496019982134365632153531798224E+00 -0.63615125755454805525517233230525E-01
0.52361280436623691813033467051471E+00 -0.62264362300565530676596218159392E-01
0.51224703197911844191071703937562E+00 -0.60911398527110000949051844982833E-01
0.50086328167737702504907436216601E+00 -0.59556282170790068899567555025628E-01
0.48946195311725168229201185482679E+00 -0.58199061038595058175253788445413E-01
0.47804344657959540619555626190468E+00 -0.56839783007237470527200754295329E-01
0.46660816295562227469739381299355E+00 -0.55478496021584243468997126139673E-01
0.45515650373264004451494129374880E+00 -0.54115248093080941008044031425523E-01
0.44368887097976706221247825630091E+00 -0.52750087298170460120916052654802E-01
0.43220566733363434540061313393881E+00 -0.51383061776706369913504602097019E-01
0.42070729598407332153416289344550E+00 -0.50014219730360567644964838977987E-01
0.40919416065978882852346973302570E+00 -0.48643609421025932819730558652804E-01
0.39766666561401869871598908587684E+00 -0.47271279169213789041763721149336E-01
0.38612521561017939776255469294048E+00 -0.45897277352446381659256358339098E-01
0.37457021590749820275989409733997E+00 -0.44521652403645051189911242144865E-01
0.36300207224663320147832571612824E+00 -0.43144452809513043488249425504675E-01
0.35142119083527943684575964997791E+00 -0.41765727108914538918807831393433E-01
0.33982797833376408127553501545641E+00 -0.40385523891249264666029998734058E-01
0.32822284184062894006438503309340E+00 -0.39003891794822427136832945960957E-01
0.31660618887820140021281715259374E+00 -0.37620879505211463910679121339186E-01
0.30497842737815497862888225325620E+00 -0.36236535753628164522519356724864E-01
0.29333996566705808670315122568839E+00 -0.34850909315277502885508083564877E-01
0.28169121245191327811705047659267E+00 -0.33464049007712586369880912578188E-01
0.27003257680568587883671507835426E+00 -0.32076003689186279176564338597653E-01
0.25836446815282347433960561089821E+00 -0.30686822256999373656998372237253E-01
0.24668729625476586715974636177924E+00 -0.29296553645845446654480631979894E-01
0.23500147119544632545463230914503E+00 -0.27905246826152799686723144777944E-01
0.22330740336678459866636884773277E+00 -0.26512950802423264001173742446595E-01
0.21160550345417182069175288928208E+00 -0.25119714611567927882338076533257E-01
0.19989618242194767833959878734192E+00 -0.23725587321240486236841982819200E-01
0.18817985149887081046493126888165E+00 -0.22330618028167556885173441313227E-01
0.17645692216358215238027075814022E+00 -0.20934855856476778334170714490011E-01
0.16472780613006228081358547451917E+00 -0.19538349956021983386035617837433E-01
0.15299291533308246774543868507413E+00 -0.18141149500706685940483234444322E-01
0.14125266191365092207293448546675E+00 -0.16743303686804593890310850833612E-01
0.12950745820445330838488917064645E+00 -0.15344861731278689793586878376661E-01
0.11775771671528940220608407669994E+00 -0.13945872870097779805827033175758E-01
0.10600385011850507558006666626071E+00 -0.12546386356551278512110767935961E-01
0.94246271234421031011534735513521E-01 -0.11146451459562339301524373002996E-01
0.82485393016758031119534873467245E-01 -0.97461174619988329525764168321031E-02
0.70721628538059429820698714124802E-01 -0.83454336589832411499820292288341E-02
0.58955390975111561609523756605530E-01 -0.69444493562004146840304353276706E-02
0.47187093594361931383293209714789E-01 -0.55432138682044190134016102894601E-02
0.35417149737336343758456348594051E-01 -0.41417765167236733461326980767862E-02
0.23645972806054773656184722636327E-01 -0.27401866289648209916255945211129E-02
0.11873976248446908666849052711944E-01 -0.13384935359158625527789548735364E-02
0.10157354376781608264908509078469E-03 0.63253429352434846217593502861293E-04
-0.11670821811986393202026579453817E-01 0.14650049333855905485543323865841E-02
-0.23442796320661602020211794278935E-01 0.28667116440457843631346925087154E-02
-0.35213936496527415317382233156227E-01 0.42683242322125623652404646297942E-02
-0.46983828880857338634143097101178E-01 0.56697933734848116947332242524979E-02
-0.58752060056506305916222944177890E-01 0.70710697498831385957772464766534E-02
-0.70518216662485539615705750718839E-01 0.84721040515525453352923182603899E-02
-0.82281885408534301986359669141005E-01 0.98728469784662109543978672884171E-02
-0.94042653089687696303734688433618E-01 0.11273249242128988189958478208164E-01
-0.10580010660084050603319829950511E+00 0.12673261567281813356534232399102E-01
-0.11755383295130614044366105789068E+00 0.14072834693605925820733947311552E-01
-0.12930341927937051521735735910518E+00 0.15471919377427418018365984261867E-01
-0.14104845286684042458822187235139E+00 0.16870466393422011866527902632018E-01
-0.15278852115358553224356462899581E+00 0.18268426536319327471034318963161E-01
-0.16452321175207411632400600967908E+00 0.19665750622607871201473808887062E-01
-0.17625211246190131760180996416469E+00 0.21062389492238948852575707183878E-01
-0.18797481128431036850791122568565E+00 0.22458294010331186622983106932544E-01
-0.19969089643670522416394481552531E+00 0.23853415068874068618667395693162E-01
-0.21139995636715515139267435493752E+00 0.25247703588431565558527128658308E-01
-0.22310157976889001001415258501734E+00 0.26641110519844959738028037495939E-01
-0.23479535559478625051970322247206E+00 0.28033586845935455921452310918817E-01
-0.24648087307184268951727783556441E+00 0.29425083583205854194376934518358E-01
-0.25815772171564615027326096010449E+00 0.30815551783541652981811650331455E-01
-0.26982549134482602092111525642989E+00 0.32204942535911575085818724652445E-01
-0.28148377209549726099610231126034E+00 0.33593206968067041568565715198786E-01
-0.29313215443569164841051646715765E+00 0.34980296248240693108777764674213E-01
-0.30477022917977671149330782524133E+00 0.36366161586844231845014628649414E-01
-0.31639758750286149592879265113771E+00 0.37750754238164785117607126302864E-01
-0.32801382095518934848868612137237E+00 0.39134025502060691559179836372594E-01
-0.33961852147651633043891712855754E+00 0.40515926725655375755162712080137E-01
-0.35121128141047602625301431241382E+00 0.41896409305030809104535815808650E-01
-0.36279169351892865057965406027656E+00 0.43275424686918924285769357704862E-01
-0.37435935099629548051072738873315E+00 0.44652924370391785629962225068229E-01
-0.38591384748387748500313562630079E+00 0.46028859908550861266177012390840E-01
-0.39745477708415694510200308590555E+00 0.47403182910213720716325476203346E-01
-0.40898173437508345551170406430137E+00 0.48775845041600044906893829545773E-01
-0.42049431442434154072191572917623E+00 0.50146798028015566142279175272574E-01
-0.43199211280360122013458715683022E+00 0.51515993655534141632731565306424E-01
-0.44347472560275018790049045517540E+00 0.52883383772678326236834540166590E-01
-0.45494174944410698148840239566467E+00 0.54248920292097764171568138466990E-01
-0.46639278149661544576246548483572E+00 0.55612555192245805917887644123470E-01
-0.47782741949001905209213344673601E+00 0.56974240519054231891876690431557E-01
-0.48924526172901532888240265323251E+00 0.58333928387605201696095737436714E-01
-0.50064590710738954175222080132249E+00 0.59691570983802451631335395238270E-01
-0.51202895512212695252113140675430E+00 0.61047120566038593695253929404496E-01
-0.52339400588750413572762381152169E+00 0.62400529466861146233692877086498E-01
-0.53474066014915744057505439997975E+00 0.63751750094636358918115030234989E-01
-0.54606851929812927178591123400190E+00 0.65100734935209934779128164451283E-01
-0.55737718538489100615098698555232E+00 0.66447436553565741030273524579143E-01
-0.56866626113334285429431019679493E+00 0.67791807595481728200279326073716E-01
-0.57993534995478912370981721360034E+00 0.69133800789183622525308722541009E-01
-0.59118405596188908262696099699745E+00 0.70473368946995491955791521787381E-01
-0.60241198398258322006752589634334E+00 0.71810464966987752682308861715345E-01
-0.61361873957399337679371518841011E+00 0.73145041834622769382561177347158E-01
-0.62480392903629747715047256929021E+00 0.74477052624396680420363962768995E-01
-0.63596715942657740955821589550967E+00 0.75806450501479364473294458249168E-01
-0.64710803857264033774957227141457E+00 0.77133188723350708783560241684661E-01
-0.65822617508681209981373467199090E+00 0.78457220641433884475840857045746E-01
-0.66932117837970355046067720141568E+00 0.79778499702725986051750166345146E-01
-0.68039265867394752585393168941855E+00 0.81096979451425003780635628247394E-01
-0.69144022701790790130466985062664E+00 0.82412613530553605018565832497769E-01
-0.70246349529935875590991664917892E+00 0.83725355683579939727338677177714E-01
-0.71346207625913399088396267613102E+00 0.85035159756035060418947017852188E-01
-0.72443558350474663081205145880493E+00 0.86341979697126325913428443648266E-01
-0.73538363152397754575823079578842E+00 0.87645769561348032166774126014993E-01
-0.74630583569843274428874425406343E+00 0.88946483510088170381300651201144E-01
-0.75720181231706934828629967120290E+00 0.90244075813231916775288786834461E-01
-0.76807117858968868797200244036241E+00 0.91538500850760727363193254933053E-01
-0.77891355266039813335379001677589E+00 0.92829713114348465407092052123608E-01
-0.78972855362103825145851954090053E+00 0.94117667208953556234445784317139E-01
-0.80051580152457792488682430218424E+00 0.95402317854407022221025473785465E-01
-0.81127491739847417898611353304163E+00 0.96683619886996845961145805154517E-01
-0.82200552325799847878419725245689E+00 0.97961528261048449640828094318389E-01
-0.83270724211952803895748745033607E+00 0.99235998050500996750281070795990E-01
-0.84337969801380064405545181785534E+00 0.10050698445047970719124077950962E+00
-0.85402251599913540035213491049914E+00 0.10177444277886406248471335978167E+00
-0.86463532217461553852616738855891E+00 0.10303832847785160340678861600226E+00
-0.87521774369323555005730354848340E+00 0.10429859711551757297971717182534E+00
-0.88576940877501080539866521425533E+00 0.10555520438737111456334517235438E+00
-0.89628994672004855545718632849903E+00 0.10680810611790495738867186383345E+00
-0.90677898792158298324143750116994E+00 0.10805725826214355743057900130288E+00
-0.91723616387896892009367612333386E+00 0.10930261690718396842570961315224E+00
-0.92766110721063894286442601302891E+00 0.11054413827373440733239622023354E+00
-0.93805345166701963629101717895820E+00 0.11178177871764665579096197676690E+00
-0.94841283214340782271671852315669E+00 0.11301549473144471642373424024780E+00
-0.95873888469280752236270810301943E+00 0.11424524294584874274157903151982E+00
-0.96903124653872486077108890507148E+00 0.11547098013129347180330166333296E+00
-0.97928955608792241929108032718915E+00 0.11669266319944250158784343512517E+00
-0.98951345294313157633919441010619E+00 0.11791024920469786421534225202248E+00
-0.99970257791572263643837007891200E+00 0.11912369534570404253612079397064E+00
-0.10098565730383327149513244794746E+01 0.12033295896684731415970546050724E+00
-0.10199750815774499530418529947213E+01 0.12153799755975011509363068653306E+00
-0.10300577480459550006130599847655E+01 0.12273876876476045481341066889767E+00
-0.10401042182156177840577920964457E+01 0.12393523037243568663232355824038E+00
-0.10501141391295503969997584761383E+01 0.12512734032502154387603295397632E+00
-0.10600871591146153186592229406911E+01 0.12631505671792586837204317358841E+00
-0.10700229277937878195966994749575E+01 0.12749833780118671879343858224871E+00
-0.10799210960984731334001910124903E+01 0.12867714198093562084572830748881E+00
-0.10897813162807777275940708775724E+01 0.12985142782085497332566812461375E+00
-0.10996032419257332711775318029275E+01 0.13102115404363015584922754128395E+00
-0.11093865279634744899004784837012E+01 0.13218627953239622940544203192340E+00
-0.11191308306813692591502191421140E+01 0.13334676333217888294875657710089E+00
-0.11288358077361008986184615221029E+01 0.13450256465132970668457918942333E+00
-0.11385011181657021445211361716655E+01 0.13565364286295627408160391469456E+00
-0.11481264224015408350700999590873E+01 0.13679995750634579072050993135184E+00
-0.11577113822802563041555490703546E+01 0.13794146828838372672729060126526E+00
-0.11672556610556462240277988985770E+01 0.13907813508496575542050308721662E+00
-0.11767589234105034176877524327031E+01 0.14020991794240451157169552346103E+00
-0.11862208354684033153241195331158E+01 0.14133677707883058446406055950160E+00
-0.11956410648054389729352807091249E+01 0.14245867288558637784136455959409E+00
-0.12050192804619069310212471886216E+01 0.14357556592861540408711975833355E+00
-0.12143551529539396933060624730776E+01 0.14468741694984450080845129349429E+00
-0.12236483542850876048054579373757E+01 0.14579418686856016177539733954213E+00
-0.12328985579578481341361245314131E+01 0.14689583678277897154712301152659E+00
-0.12421054389851414097891067101018E+01 0.14799232797061138160220180644414E+00
-0.12512686739017341769768058388251E+01 0.14908362189161964208208602739403E+00
-0.12603879407756086403928940916201E+01 0.15016968018816918240318731246206E+00
-0.12694629192192785198654823618892E+01 0.15125046468677345592951650740399E+00
-0.12784932904010507772932590042337E+01 0.15232593739943256203091796625437E+00
-0.12874787370562307073722870072309E+01 0.15339606052496567571439990211420E+00
-0.12964189434982753335663342020429E+01 0.15446079645033620737871575453823E+00
-0.13053135956298873906903274824384E+01 0.15552010775197139564157241558115E+00
-0.13141623809540565425584629442102E+01 0.15657395719707424115906712138862E+00
-0.13229649885850426172678874370474E+01 0.15762230774492955612896596896571E+00
-0.13317211092593024895516990910542E+01 0.15866512254820308512763258484561E+00
-0.13404304353463603119887972909977E+01 0.15970236495423360380504327492659E+00
-0.13490926608596196190584875378986E+01 0.16073399850631867329537701848751E+00
-0.13577074814671182576683353778259E+01 0.16175998694499329268853399206245E+00
-0.13662745945022248043726332538347E+01 0.16278029420930152821143025530556E+00
-0.13747936989742761824819722305688E+01 0.16379488443806149482452489181712E+00
-0.13832644955791569148578096169699E+01 0.16480372197112323729677281843940E+00
-0.13916866867098184577896764081440E+01 0.16580677135061969442876863282092E+00
-0.14000599764667393015581938643369E+01 0.16680399732221017596582355330367E+00
-0.14083840706683246817814823100429E+01 0.16779536483631728705834725880732E+00
-0.14166586768612460189029643410943E+01 0.16878083904935649488616816364986E+00
-0.14248835043307196929450953855717E+01 0.16976038532495809859107240649151E+00
-0.14330582641107245238583163071803E+01 0.17073396923518263844452410813614E+00
-0.14411826689941576933776465017349E+01 0.17170155656172853149976018831926E+00
-0.14492564335429290544791051993961E+01 0.17266311329713251237475980046761E+00
-0.14572792740979928570098827783089E+01 0.17361860564596261599030326164720E+00
-0.14652509087893174403892006366093E+01 0.17456800002600396211288590195401E+00
-0.14731710575457914886809486033642E+01 0.17551126306943700127015748557920E+00
-0.14810394421050672511963174626179E+01 0.17644836162400794503724271927421E+00
-0.14888557860233404022394690731280E+01 0.17737926275419208277795708316780E+00
-0.14966198146850654064174667684360E+01 0.17830393374234943600767256715241E+00
-0.15043312553126072213081184912650E+01 0.17922234208987227738788818965471E+00
-0.15119898369758279074519968343567E+01 0.18013445551832604032852911596695E+00
-0.15195952906016081891426071587698E+01 0.18104024197058118294335676662779E+00
-0.15271473489833049197268532761545E+01 0.18193966961193856192005411946258E+00
-0.15346457467901404815491480767007E+01 0.18283270683124606809826431252121E+00
-0.15420902205765293411149864504873E+01 0.18371932224200794460639544752842E+00
-0.15494805087913355285668114045599E+01 0.18459948468348619903278470615388E+00
-0.15568163517870650851452068843956E+01 0.18547316322179398380149884692873E+00
-0.15640974918289915332452338771494E+01 0.18634032715098095343877110856901E+00
-0.15713236731042131693443560109957E+01 0.18720094599411082401246320034230E+00
-0.15784946417306440514464457874127E+01 0.18805498950433087003188356228572E+00
-0.15856101457659358481400426507031E+01 0.18890242766593323275387561118925E+00
-0.15926699352163322747605773255053E+01 0.18974323069540848819903470085658E+00
-0.15996737620454552478806158445160E+01 0.19057736904249041243872082892971E+00
-0.16066213801830211205535184304324E+01 0.19140481339119328915205127847498E+00
-0.16135125455334892911790803034203E+01 0.19222553466084072509399650631816E+00
-0.16203470159846398669093483699557E+01 0.19303950400708579592445763816056E+00
-0.16271245514160828564329062604998E+01 0.19384669282292381241964718400410E+00
-0.16338449137076967295990244003298E+01 0.19464707273969595168319390901008E+00
-0.16405078667479966523343707120909E+01 0.19544061562808501927192687660169E+00
-0.16471131764424322798622774344642E+01 0.19622729359910248807168325677516E+00
-0.16536606107216147155166621118085E+01 0.19700707900506734289679294220149E+00
-0.16601499395494720950397413784300E+01 0.19777994444057647139338302437547E+00
-0.16665809349313337453019422367329E+01 0.19854586274346644134895068974898E+00
-0.16729533709219425964773326369552E+01 0.19930480699576671518731991205534E+00
-0.16792670236333957858408489129308E+01 0.20005675052464456441819217191810E+00
-0.16855216712430124405547381998668E+01 0.20080166690334102512270862206345E+00
-0.16917170940011293263594281077330E+01 0.20153952995209850895994522665185E+00
-0.16978530742388235373465648718808E+01 0.20227031373907969868998392831907E+00
-0.17039293963755617707886815569910E+01 0.20299399258127757279329161339335E+00
-0.17099458469267765430138402666683E+01 0.20371054104541700819267956561399E+00
-0.17159022145113686804266836298601E+01 0.20441993394884738624807607342849E+00
-0.17217982898591355574923633489963E+01 0.20512214636042641483632053409770E+00
-0.17276338658181256251235232716606E+01 0.20581715360139524834003639565409E+00
-0.17334087373619180256772317976225E+01 0.20650493124624481024278566692528E+00
-0.17391227015968278815505264634405E+01 0.20718545512357299321188461539961E+00
-0.17447755577690363833334676658127E+01 0.20785870131693300983403270317705E+00
-0.17503671072716457022075629891844E+01 0.20852464616567308804450459802541E+00
-0.17558971536516586093210327140991E+01 0.20918326626576697913799316341853E+00
-0.17613655026168820039269646797215E+01 0.20983453847063511551530121945422E+00
-0.17667719620427550878280252006232E+01 0.21047843989195760558354150775959E+00
-0.17721163419791008828649396840605E+01 0.21111494790047710910202569551815E+00
-0.17773984546568012034620563310945E+01 0.21174404012679373840964655777248E+00
-0.17826181144943958778871450632941E+01 0.21236569446214970788692497489299E+00
-0.17877751381046036163738078410661E+01 0.21297988905920581670579811029214E+00
-0.17928693443007673656764240359190E+01 0.21358660233280819975080260344063E+00
-0.17979005541032210629256605238299E+01 0.21418581296074593255346720408779E+00
-0.18028685907455793921104022518330E+01 0.21477749988449963567754386291624E+00
-0.18077732796809498454012965993747E+01 0.21536164230998072643378446064590E+00
-0.18126144485880662845872982815577E+01 0.21593821970826124128608381633481E+00
-0.18173919273773450245996963389252E+01 0.21650721181629455696060225344887E+00
-0.18221055481968616854991935043906E+01 0.21706859863762667339531693174786E+00
-0.18267551454382499050198708074824E+01 0.21762236044309813562375295600200E+00
-0.18313405557425212084917425472829E+01 0.21816847777153672086795291204369E+00
-0.18358616180058054450344477471176E+01 0.21870693143044054448968786904487E+00
-0.18403181733850125085632264161985E+01 0.21923770249665173557575132056104E+00
-0.18447100653034139698747458672090E+01 0.21976077231702087933079084998877E+00
-0.18490371394561457585030889681312E+01 0.22027612250906175887763006060544E+00
-0.18532992438156304107713843723042E+01 0.22078373496159667119137060045794E+00
-0.18574962286369196309621341858405E+01 0.22128359183539218008820961882029E+00
-0.18616279464629564591156119910802E+01 0.22177567556378550266913959261699E+00
-0.18656942521297571618621286684886E+01 0.22225996885330115334741116270359E+00
-0.18696950027715124559960190411686E+01 0.22273645468425795281132608483280E+00
-0.18736300578256079983315534389393E+01 0.22320511631136660162530725503236E+00
-0.18774992790375638586188888419199E+01 0.22366593726431758233935389084340E+00
-0.18813025304658930836398041152122E+01 0.22411890134835930521730252307772E+00
-0.18850396784868786485980628671514E+01 0.22456399264486662574565625955087E+00
-0.18887105917992693086905562460883E+01 0.22500119551189984134376852076346E+00
-0.18923151414288935747740967096661E+01 0.22543049458475362163665796002370E+00
-0.18958532007331920342425814101760E+01 0.22585187477649659399916760873968E+00
-0.18993246454056676751503143310208E+01 0.22626532127850092235510142933929E+00
-0.19027293534802541963708374440405E+01 0.22667081956096217358375381146539E+00
-0.19060672053356019159740929258896E+01 0.22706835537340950459052396811892E+00
-0.19093380836992814823352611650242E+01 0.22745791474520587700021269460511E+00
-0.19125418736519048921854694270067E+01 0.22783948398603858742479022478437E+00
-0.19156784626311638138144885141937E+01 0.22821304968639986251311049661581E+00
-0.19187477404357852080292832892355E+01 0.22857859871805770337926015697468E+00
-0.19217495992294038546282864031983E+01 0.22893611823451674085336091057844E+00
-0.19246839335443518392567526480490E+01 0.22928559567146917076095259897433E+00
-0.19275506402853646782154613397349E+01 0.22962701874723608769971262885518E+00
-0.19303496187332043095634532509540E+01 0.22996037546319846220885365334776E+00
-0.19330807705481983437598371832089E+01 0.23028565410421847796495449257621E+00
-0.19357439997736958233388758503937E+01 0.23060284323905084500175334201339E+00
-0.19383392128394392232487517807017E+01 0.23091193172074409925537417336212E+00
-0.19408663185648525355429566896408E+01 0.23121290868703198902038651318628E+00
-0.19433252281622454819602567370045E+01 0.23150576356071481462845466866033E+00
-0.19457158552399335167935504493045E+01 0.23179048605003078998636736080063E+00
-0.19480381158052737032154858182677E+01 0.23206706614901739779109383598771E+00
-0.19502919282676163138082085909562E+01 0.23233549413786262246283785465134E+00
-0.19524772134411718699106984567167E+01 0.23259576058324629142508208485787E+00
-0.19545938945477939160090109648809E+01 0.23284785633867122351055189867750E+00
-0.19566418972196769388037520413081E+01 0.23309177254478433627982727592738E+00
-0.19586211495019697365256305405697E+01 0.23332750062968776359748905002699E+00
-0.19605315818553039922690453868832E+01 0.23355503230923973195487662828236E+00
-0.19623731271582378401663079618596E+01 0.23377435958734546549212687079315E+00
-0.19641457207096146332414183306488E+01 0.23398547475623789882898254581019E+00
-0.19658493002308365175865672802098E+01 0.23418837039674831004717780277368E+00
-0.19674838058680529742685802571700E+01 0.23438303937856679509112878209439E+00
-0.19690491801942640841171131734580E+01 0.23456947486049261416733958698470E+00
-0.19705453682113385593685930998768E+01 0.23474767029067439557253321729041E+00
-0.19719723173519464076195700290968E+01 0.23491761940684015435319167612587E+00
-0.19733299774814061570098270599987E+01 0.23507931623651715922760324380491E+00
-0.19746183008994466138636005642644E+01 0.23523275509724165633034279406688E+00
-0.19758372423418830945723626700964E+01 0.23537793059675833046080002275976E+00
-0.19769867589822079981027207870393E+01 0.23551483763320971863391248200548E+00
-0.19780668104330957880637598398570E+01 0.23564347139531510597460484371297E+00
-0.19790773587478221320053817167185E+01 0.23576382736254009835433066872124E+00
-0.19800183684215976010785145408116E+01 0.23587590130525352701779561042122E+00
-0.19808898063928146819105452008144E+01 0.23597968928488111776313928554459E+00
-0.19816916420442113477210500784435E+01 0.23607518765402911935223546588392E+00
-0.19824238472039419605573287609243E+01 0.23616239305665416419103210065680E+00
-0.19828732875659968151278301458959E+01 0.23621592126269583925540169692758E+00
-0.19832917625408750456148916295629E+01 0.23626576150172194461840022778848E+00
-0.19836792655939981753495520864733E+01 0.23631191299527613984758492495734E+00
-0.19840357906744207405550157758930E+01 0.23635437502251894500181756494720E+00
-0.19843613322149251045848013686630E+01 0.23639314692023643586898214065626E+00
-0.19846713883207296567488097652094E+01 0.23643007450790013240025410208495E+00
-0.19849814605669681788015107799103E+01 0.23646700401834682325967424637289E+00
-0.19852915489541447923891774154960E+01 0.23650393545163705344450669987427E+00
-0.19856016534827639247630873369101E+01 0.23654086880782891345736772318536E+00
-0.19859117741533291006401792738208E+01 0.23657780408698814998246939156363E+00
-0.19856016534827639247630873369101E+01 0.23654086880782891345736772318536E+00
-0.19852915489541447923891774154960E+01 0.23650393545163705344450669987427E+00
-0.19849814605669681788015107799103E+01 0.23646700401834682325967424637289E+00
-0.19846713883207296567488097652094E+01 0.23643007450790013240025410208495E+00
-0.19843613322149251045848013686630E+01 0.23639314692023643586898214065626E+00
-0.19840357906744207405550157758930E+01 0.23635437502251894500181756494720E+00
-0.19836792655939981753495520864733E+01 0.23631191299527613984758492495734E+00
-0.19832917625408750456148916295629E+01 0.23626576150172194461840022778848E+00
-0.19828732875659968151278301458959E+01 0.23621592126269583925540169692758E+00
-0.19824238472039419605573287609243E+01 0.23616239305665416419103210065680E+00
-0.19816916420442113477210500784435E+01 0.23607518765402911935223546588392E+00
-0.19808898063928146819105452008144E+01 0.23597968928488111776313928554459E+00
-0.19800183684215976010785145408116E+01 0.23587590130525352701779561042122E+00
-0.19790773587478221320053817167185E+01 0.23576382736254009835433066872124E+00
-0.19780668104330957880637598398570E+01 0.23564347139531510597460484371297E+00
-0.19769867589822079981027207870393E+01 0.23551483763320971863391248200548E+00
-0.19758372423418830945723626700964E+01 0.23537793059675833046080002275976E+00
-0.19746183008994466138636005642644E+01 0.23523275509724165633034279406688E+00
-0.19733299774814061570098270599987E+01 0.23507931623651715922760324380491E+00
-0.19719723173519464076195700290968E+01 0.23491761940684015435319167612587E+00
-0.19705453682113385593685930998768E+01 0.23474767029067439557253321729041E+00
-0.19690491801942640841171131734580E+01 0.23456947486049261416733958698470E+00
-0.19674838058680529742685802571700E+01 0.23438303937856679509112878209439E+00
-0.19658493002308365175865672802098E+01 0.23418837039674831004717780277368E+00
-0.19641457207096146332414183306488E+01 0.23398547475623789882898254581019E+00
-0.19623731271582378401663079618596E+01 0.23377435958734546549212687079315E+00
-0.19605315818553039922690453868832E+01 0.23355503230923973195487662828236E+00
-0.19586211495019697365256305405697E+01 0.23332750062968776359748905002699E+00
-0.19566418972196769388037520413081E+01 0.23309177254478433627982727592738E+00
-0.19545938945477939160090109648809E+01 0.23284785633867122351055189867750E+00
-0.19524772134411718699106984567167E+01 0.23259576058324629142508208485787E+00
-0.19502919282676163138082085909562E+01 0.23233549413786262246283785465134E+00
-0.19480381158052737032154858182677E+01 0.23206706614901739779109383598771E+00
-0.19457158552399335167935504493045E+01 0.23179048605003078998636736080063E+00
-0.19433252281622454819602567370045E+01 0.23150576356071481462845466866033E+00
-0.19408663185648525355429566896408E+01 0.23121290868703198902038651318628E+00
-0.19383392128394392232487517807017E+01 0.23091193172074409925537417336212E+00
-0.19357439997736958233388758503937E+01 0.23060284323905084500175334201339E+00
-0.19330807705481983437598371832089E+01 0.23028565410421847796495449257621E+00
-0.19303496187332043095634532509540E+01 0.22996037546319846220885365334776E+00
-0.19275506402853646782154613397349E+01 0.22962701874723608769971262885518E+00
-0.19246839335443518392567526480490E+01 0.22928559567146917076095259897433E+00
-0.19217495992294038546282864031983E+01 0.22893611823451674085336091057844E+00
-0.19187477404357852080292832892355E+01 0.22857859871805770337926015697468E+00
-0.19156784626311638138144885141937E+01 0.22821304968639986251311049661581E+00
-0.19125418736519048921854694270067E+01 0.22783948398603858742479022478437E+00
-0.19093380836992814823352611650242E+01 0.22745791474520587700021269460511E+00
-0.19060672053356019159740929258896E+01 0.22706835537340950459052396811892E+00
-0.19027293534802541963708374440405E+01 0.22667081956096217358375381146539E+00
-0.18993246454056676751503143310208E+01 0.22626532127850092235510142933929E+00
-0.18958532007331920342425814101760E+01 0.22585187477649659399916760873968E+00
-0.18923151414288935747740967096661E+01 0.22543049458475362163665796002370E+00
-0.18887105917992693086905562460883E+01 0.22500119551189984134376852076346E+00
-0.18850396784868786485980628671514E+01 0.22456399264486662574565625955087E+00
-0.18813025304658930836398041152122E+01 0.22411890134835930521730252307772E+00
-0.18774992790375638586188888419199E+01 0.22366593726431758233935389084340E+00
-0.18736300578256079983315534389393E+01 0.22320511631136660162530725503236E+00
-0.18696950027715124559960190411686E+01 0.22273645468425795281132608483280E+00
-0.18656942521297571618621286684886E+01 0.22225996885330115334741116270359E+00
-0.18616279464629564591156119910802E+01 0.22177567556378550266913959261699E+00
-0.18574962286369196309621341858405E+01 0.22128359183539218008820961882029E+00
-0.18532992438156304107713843723042E+01 0.22078373496159667119137060045794E+00
-0.18490371394561457585030889681312E+01 0.22027612250906175887763006060544E+00
-0.18447100653034139698747458672090E+01 0.21976077231702087933079084998877E+00
-0.18403181733850125085632264161985E+01 0.21923770249665173557575132056104E+00
-0.18358616180058054450344477471176E+01 0.21870693143044054448968786904487E+00
-0.18313405557425212084917425472829E+01 0.21816847777153672086795291204369E+00
-0.18267551454382499050198708074824E+01 0.21762236044309813562375295600200E+00
-0.18221055481968616854991935043906E+01 0.21706859863762667339531693174786E+00
-0.18173919273773450245996963389252E+01 0.21650721181629455696060225344887E+00
-0.18126144485880662845872982815577E+01 0.21593821970826124128608381633481E+00
-0.18077732796809498454012965993747E+01 0.21536164230998072643378446064590E+00
-0.18028685907455793921104022518330E+01 0.21477749988449963567754386291624E+00
-0.17979005541032210629256605238299E+01 0.21418581296074593255346720408779E+00
-0.17928693443007673656764240359190E+01 0.21358660233280819975080260344063E+00
-0.17877751381046036163738078410661E+01 0.21297988905920581670579811029214E+00
-0.17826181144943958778871450632941E+01 0.21236569446214970788692497489299E+00
-0.17773984546568012034620563310945E+01 0.21174404012679373840964655777248E+00
-0.17721163419791008828649396840605E+01 0.21111494790047710910202569551815E+00
-0.17667719620427550878280252006232E+01 0.21047843989195760558354150775959E+00
-0.17613655026168820039269646797215E+01 0.20983453847063511551530121945422E+00
-0.17558971536516586093210327140991E+01 0.20918326626576697913799316341853E+00
-0.17503671072716457022075629891844E+01 0.20852464616567308804450459802541E+00
-0.17447755577690363833334676658127E+01 0.20785870131693300983403270317705E+00
-0.17391227015968278815505264634405E+01 0.20718545512357299321188461539961E+00
-0.17334087373619180256772317976225E+01 0.20650493124624481024278566692528E+00
-0.17276338658181256251235232716606E+01 0.20581715360139524834003639565409E+00
-0.17217982898591355574923633489963E+01 0.20512214636042641483632053409770E+00
-0.17159022145113686804266836298601E+01 0.20441993394884738624807607342849E+00
-0.17099458469267765430138402666683E+01 0.20371054104541700819267956561399E+00
-0.17039293963755617707886815569910E+01 0.20299399258127757279329161339335E+00
-0.16978530742388235373465648718808E+01 0.20227031373907969868998392831907E+00
-0.16917170940011293263594281077330E+01 0.20153952995209850895994522665185E+00
-0.16855216712430124405547381998668E+01 0.20080166690334102512270862206345E+00
-0.16792670236333957858408489129308E+01 0.20005675052464456441819217191810E+00
-0.16729533709219425964773326369552E+01 0.19930480699576671518731991205534E+00
-0.16665809349313337453019422367329E+01 0.19854586274346644134895068974898E+00
-0.16601499395494720950397413784300E+01 0.19777994444057647139338302437547E+00
-0.16536606107216147155166621118085E+01 0.19700707900506734289679294220149E+00
-0.16471131764424322798622774344642E+01 0.19622729359910248807168325677516E+00
-0.16405078667479966523343707120909E+01 0.19544061562808501927192687660169E+00
-0.16338449137076967295990244003298E+01 0.19464707273969595168319390901008E+00
-0.16271245514160828564329062604998E+01 0.19384669282292381241964718400410E+00
-0.16203470159846398669093483699557E+01 0.19303950400708579592445763816056E+00
-0.16135125455334892911790803034203E+01 0.19222553466084072509399650631816E+00
-0.16066213801830211205535184304324E+01 0.19140481339119328915205127847498E+00
-0.15996737620454552478806158445160E+01 0.19057736904249041243872082892971E+00
-0.15926699352163322747605773255053E+01 0.18974323069540848819903470085658E+00
-0.15856101457659358481400426507031E+01 0.18890242766593323275387561118925E+00
-0.15784946417306440514464457874127E+01 0.18805498950433087003188356228572E+00
-0.15713236731042131693443560109957E+01 0.18720094599411082401246320034230E+00
-0.15640974918289915332452338771494E+01 0.18634032715098095343877110856901E+00
-0.15568163517870650851452068843956E+01 0.18547316322179398380149884692873E+00
-0.15494805087913355285668114045599E+01 0.18459948468348619903278470615388E+00
-0.15420902205765293411149864504873E+01 0.18371932224200794460639544752842E+00
-0.15346457467901404815491480767007E+01 0.18283270683124606809826431252121E+00
-0.15271473489833049197268532761545E+01 0.18193966961193856192005411946258E+00
-0.15195952906016081891426071587698E+01 0.18104024197058118294335676662779E+00
-0.15119898369758279074519968343567E+01 0.18013445551832604032852911596695E+00
-0.15043312553126072213081184912650E+01 0.17922234208987227738788818965471E+00
-0.14966198146850654064174667684360E+01 0.17830393374234943600767256715241E+00
-0.14888557860233404022394690731280E+01 0.17737926275419208277795708316780E+00
-0.14810394421050672511963174626179E+01 0.17644836162400794503724271927421E+00
-0.14731710575457914886809486033642E+01 0.17551126306943700127015748557920E+00
-0.14652509087893174403892006366093E+01 0.17456800002600396211288590195401E+00
-0.14572792740979928570098827783089E+01 0.17361860564596261599030326164720E+00
-0.14492564335429290544791051993961E+01 0.17266311329713251237475980046761E+00
-0.14411826689941576933776465017349E+01 0.17170155656172853149976018831926E+00
-0.14330582641107245238583163071803E+01 0.17073396923518263844452410813614E+00
-0.14248835043307196929450953855717E+01 0.16976038532495809859107240649151E+00
-0.14166586768612460189029643410943E+01 0.16878083904935649488616816364986E+00
-0.14083840706683246817814823100429E+01 0.16779536483631728705834725880732E+00
-0.14000599764667393015581938643369E+01 0.16680399732221017596582355330367E+00
-0.13916866867098184577896764081440E+01 0.16580677135061969442876863282092E+00
-0.13832644955791569148578096169699E+01 0.16480372197112323729677281843940E+00
-0.13747936989742761824819722305688E+01 0.16379488443806149482452489181712E+00
-0.13662745945022248043726332538347E+01 0.16278029420930152821143025530556E+00
-0.13577074814671182576683353778259E+01 0.16175998694499329268853399206245E+00
-0.13490926608596196190584875378986E+01 0.16073399850631867329537701848751E+00
-0.13404304353463603119887972909977E+01 0.15970236495423360380504327492659E+00
-0.13317211092593024895516990910542E+01 0.15866512254820308512763258484561E+00
-0.13229649885850426172678874370474E+01 0.15762230774492955612896596896571E+00
-0.13141623809540565425584629442102E+01 0.15657395719707424115906712138862E+00
-0.13053135956298873906903274824384E+01 0.15552010775197139564157241558115E+00
-0.12964189434982753335663342020429E+01 0.15446079645033620737871575453823E+00
-0.12874787370562307073722870072309E+01 0.15339606052496567571439990211420E+00
-0.12784932904010507772932590042337E+01 0.15232593739943256203091796625437E+00
-0.12694629192192785198654823618892E+01 0.15125046468677345592951650740399E+00
-0.12603879407756086403928940916201E+01 0.15016968018816918240318731246206E+00
-0.12512686739017341769768058388251E+01 0.14908362189161964208208602739403E+00
-0.12421054389851414097891067101018E+01 0.14799232797061138160220180644414E+00
-0.12328985579578481341361245314131E+01 0.14689583678277897154712301152659E+00
-0.12236483542850876048054579373757E+01 0.14579418686856016177539733954213E+00
-0.12143551529539396933060624730776E+01 0.14468741694984450080845129349429E+00
-0.12050192804619069310212471886216E+01 0.14357556592861540408711975833355E+00
-0.11956410648054389729352807091249E+01 0.14245867288558637784136455959409E+00
-0.11862208354684033153241195331158E+01 0.14133677707883058446406055950160E+00
-0.11767589234105034176877524327031E+01 0.14020991794240451157169552346103E+00
-0.11672556610556462240277988985770E+01 0.13907813508496575542050308721662E+00
-0.11577113822802563041555490703546E+01 0.13794146828838372672729060126526E+00
-0.11481264224015408350700999590873E+01 0.13679995750634579072050993135184E+00
-0.11385011181657021445211361716655E+01 0.13565364286295627408160391469456E+00
-0.11288358077361008986184615221029E+01 0.13450256465132970668457918942333E+00
-0.11191308306813692591502191421140E+01 0.13334676333217888294875657710089E+00
-0.11093865279634744899004784837012E+01 0.13218627953239622940544203192340E+00
-0.10996032419257332711775318029275E+01 0.13102115404363015584922754128395E+00
-0.10897813162807777275940708775724E+01 0.12985142782085497332566812461375E+00
-0.10799210960984731334001910124903E+01 0.12867714198093562084572830748881E+00
-0.10700229277937878195966994749575E+01 0.12749833780118671879343858224871E+00
-0.10600871591146153186592229406911E+01 0.12631505671792586837204317358841E+00
-0.10501141391295503969997584761383E+01 0.12512734032502154387603295397632E+00
-0.10401042182156177840577920964457E+01 0.12393523037243568663232355824038E+00
-0.10300577480459550006130599847655E+01 0.12273876876476045481341066889767E+00
-0.10199750815774499530418529947213E+01 0.12153799755975011509363068653306E+00
-0.10098565730383327149513244794746E+01 0.12033295896684731415970546050724E+00
-0.99970257791572263643837007891200E+00 0.11912369534570404253612079397064E+00
-0.98951345294313157633919441010619E+00 0.11791024920469786421534225202248E+00
-0.97928955608792241929108032718915E+00 0.11669266319944250158784343512517E+00
-0.96903124653872486077108890507148E+00 0.11547098013129347180330166333296E+00
-0.95873888469280752236270810301943E+00 0.11424524294584874274157903151982E+00
-0.94841283214340782271671852315669E+00 0.11301549473144471642373424024780E+00
-0.93805345166701963629101717895820E+00 0.11178177871764665579096197676690E+00
-0.92766110721063894286442601302891E+00 0.11054413827373440733239622023354E+00
-0.91723616387896892009367612333386E+00 0.10930261690718396842570961315224E+00
-0.90677898792158298324143750116994E+00 0.10805725826214355743057900130288E+00
-0.89628994672004855545718632849903E+00 0.10680810611790495738867186383345E+00
-0.88576940877501080539866521425533E+00 0.10555520438737111456334517235438E+00
-0.87521774369323555005730354848340E+00 0.10429859711551757297971717182534E+00
-0.86463532217461553852616738855891E+00 0.10303832847785160340678861600226E+00
-0.85402251599913540035213491049914E+00 0.10177444277886406248471335978167E+00
-0.84337969801380064405545181785534E+00 0.10050698445047970719124077950962E+00
-0.83270724211952803895748745033607E+00 0.99235998050500996750281070795990E-01
-0.82200552325799847878419725245689E+00 0.97961528261048449640828094318389E-01
-0.81127491739847417898611353304163E+00 0.96683619886996845961145805154517E-01
-0.80051580152457792488682430218424E+00 0.95402317854407022221025473785465E-01
-0.78972855362103825145851954090053E+00 0.94117667208953556234445784317139E-01
-0.77891355266039813335379001677589E+00 0.92829713114348465407092052123608E-01
-0.76807117858968868797200244036241E+00 0.91538500850760727363193254933053E-01
-0.75720181231706934828629967120290E+00 0.90244075813231916775288786834461E-01
-0.74630583569843274428874425406343E+00 0.88946483510088170381300651201144E-01
-0.73538363152397754575823079578842E+00 0.87645769561348032166774126014993E-01
-0.72443558350474663081205145880493E+00 0.86341979697126325913428443648266E-01
-0.71346207625913399088396267613102E+00 0.85035159756035060418947017852188E-01
-0.70246349529935875590991664917892E+00 0.83725355683579939727338677177714E-01
-0.69144022701790790130466985062664E+00 0.82412613530553605018565832497769E-01
-0.68039265867394752585393168941855E+00 0.81096979451425003780635628247394E-01
-0.66932117837970355046067720141568E+00 0.79778499702725986051750166345146E-01
-0.65822617508681209981373467199090E+00 0.78457220641433884475840857045746E-01
-0.64710803857264033774957227141457E+00 0.77133188723350708783560241684661E-01
-0.63596715942657740955821589550967E+00 0.75806450501479364473294458249168E-01
-0.62480392903629747715047256929021E+00 0.74477052624396680420363962768995E-01
-0.61361873957399337679371518841011E+00 0.73145041834622769382561177347158E-01
-0.60241198398258322006752589634334E+00 0.71810464966987752682308861715345E-01
-0.59118405596188908262696099699745E+00 0.70473368946995491955791521787381E-01
-0.57993534995478912370981721360034E+00 0.69133800789183622525308722541009E-01
-0.56866626113334285429431019679493E+00 0.67791807595481728200279326073716E-01
-0.55737718538489100615098698555232E+00 0.66447436553565741030273524579143E-01
-0.54606851929812927178591123400190E+00 0.65100734935209934779128164451283E-01
-0.53474066014915744057505439997975E+00 0.63751750094636358918115030234989E-01
-0.52339400588750413572762381152169E+00 0.62400529466861146233692877086498E-01
-0.51202895512212695252113140675430E+00 0.61047120566038593695253929404496E-01
-0.50064590710738954175222080132249E+00 0.59691570983802451631335395238270E-01
-0.48924526172901532888240265323251E+00 0.58333928387605201696095737436714E-01
-0.47782741949001905209213344673601E+00 0.56974240519054231891876690431557E-01
-0.46639278149661544576246548483572E+00 0.55612555192245805917887644123470E-01
-0.45494174944410698148840239566467E+00 0.54248920292097764171568138466990E-01
-0.44347472560275018790049045517540E+00 0.52883383772678326236834540166590E-01
-0.43199211280360122013458715683022E+00 0.51515993655534141632731565306424E-01
-0.42049431442434154072191572917623E+00 0.50146798028015566142279175272574E-01
-0.40898173437508345551170406430137E+00 0.48775845041600044906893829545773E-01
-0.39745477708415694510200308590555E+00 0.47403182910213720716325476203346E-01
-0.38591384748387748500313562630079E+00 0.46028859908550861266177012390840E-01
-0.37435935099629548051072738873315E+00 0.44652924370391785629962225068229E-01
-0.36279169351892865057965406027656E+00 0.43275424686918924285769357704862E-01
-0.35121128141047602625301431241382E+00 0.41896409305030809104535815808650E-01
-0.33961852147651633043891712855754E+00 0.40515926725655375755162712080137E-01
-0.32801382095518934848868612137237E+00 0.39134025502060691559179836372594E-01
-0.31639758750286149592879265113771E+00 0.37750754238164785117607126302864E-01
-0.30477022917977671149330782524133E+00 0.36366161586844231845014628649414E-01
-0.29313215443569164841051646715765E+00 0.34980296248240693108777764674213E-01
-0.28148377209549726099610231126034E+00 0.33593206968067041568565715198786E-01
-0.26982549134482602092111525642989E+00 0.32204942535911575085818724652445E-01
-0.25815772171564615027326096010449E+00 0.30815551783541652981811650331455E-01
-0.24648087307184268951727783556441E+00 0.29425083583205854194376934518358E-01
-0.23479535559478625051970322247206E+00 0.28033586845935455921452310918817E-01
-0.22310157976889001001415258501734E+00 0.26641110519844959738028037495939E-01
-0.21139995636715515139267435493752E+00 0.25247703588431565558527128658308E-01
-0.19969089643670522416394481552531E+00 0.23853415068874068618667395693162E-01
-0.18797481128431036850791122568565E+00 0.22458294010331186622983106932544E-01
-0.17625211246190131760180996416469E+00 0.21062389492238948852575707183878E-01
-0.16452321175207411632400600967908E+00 0.19665750622607871201473808887062E-01
-0.15278852115358553224356462899581E+00 0.18268426536319327471034318963161E-01
-0.14104845286684042458822187235139E+00 0.16870466393422011866527902632018E-01
-0.12930341927937051521735735910518E+00 0.15471919377427418018365984261867E-01
-0.11755383295130614044366105789068E+00 0.14072834693605925820733947311552E-01
-0.10580010660084050603319829950511E+00 0.12673261567281813356534232399102E-01
-0.94042653089687696303734688433618E-01 0.11273249242128988189958478208164E-01
-0.82281885408534301986359669141005E-01 0.98728469784662109543978672884171E-02
-0.70518216662485539615705750718839E-01 0.84721040515525453352923182603899E-02
-0.58752060056506305916222944177890E-01 0.70710697498831385957772464766534E-02
-0.46983828880857338634143097101178E-01 0.56697933734848116947332242524979E-02
-0.35213936496527415317382233156227E-01 0.42683242322125623652404646297942E-02
-0.23442796320661602020211794278935E-01 0.28667116440457843631346925087154E-02
-0.11670821811986393202026579453817E-01 0.14650049333855905485543323865841E-02
0.10157354376781608264908509078469E-03 0.63253429352434846217593502861293E-04
0.11873976248446908666849052711944E-01 -0.13384935359158625527789548735364E-02
0.23645972806054773656184722636327E-01 -0.27401866289648209916255945211129E-02
0.35417149737336343758456348594051E-01 -0.41417765167236733461326980767862E-02
0.47187093594361931383293209714789E-01 -0.55432138682044190134016102894601E-02
0.58955390975111561609523756605530E-01 -0.69444493562004146840304353276706E-02
0.70721628538059429820698714124802E-01 -0.83454336589832411499820292288341E-02
0.82485393016758031119534873467245E-01 -0.97461174619988329525764168321031E-02
0.94246271234421031011534735513521E-01 -0.11146451459562339301524373002996E-01
0.10600385011850507558006666626071E+00 -0.12546386356551278512110767935961E-01
0.11775771671528940220608407669994E+00 -0.13945872870097779805827033175758E-01
0.12950745820445330838488917064645E+00 -0.15344861731278689793586878376661E-01
0.14125266191365092207293448546675E+00 -0.16743303686804593890310850833612E-01
0.15299291533308246774543868507413E+00 -0.18141149500706685940483234444322E-01
0.16472780613006228081358547451917E+00 -0.19538349956021983386035617837433E-01
0.17645692216358215238027075814022E+00 -0.20934855856476778334170714490011E-01
0.18817985149887081046493126888165E+00 -0.22330618028167556885173441313227E-01
0.19989618242194767833959878734192E+00 -0.23725587321240486236841982819200E-01
0.21160550345417182069175288928208E+00 -0.25119714611567927882338076533257E-01
0.22330740336678459866636884773277E+00 -0.26512950802423264001173742446595E-01
0.23500147119544632545463230914503E+00 -0.27905246826152799686723144777944E-01
0.24668729625476586715974636177924E+00 -0.29296553645845446654480631979894E-01
0.25836446815282347433960561089821E+00 -0.30686822256999373656998372237253E-01
0.27003257680568587883671507835426E+00 -0.32076003689186279176564338597653E-01
0.28169121245191327811705047659267E+00 -0.33464049007712586369880912578188E-01
0.29333996566705808670315122568839E+00 -0.34850909315277502885508083564877E-01
0.30497842737815497862888225325620E+00 -0.36236535753628164522519356724864E-01
0.31660618887820140021281715259374E+00 -0.37620879505211463910679121339186E-01
0.32822284184062894006438503309340E+00 -0.39003891794822427136832945960957E-01
0.33982797833376408127553501545641E+00 -0.40385523891249264666029998734058E-01
0.35142119083527943684575964997791E+00 -0.41765727108914538918807831393433E-01
0.36300207224663320147832571612824E+00 -0.43144452809513043488249425504675E-01
0.37457021590749820275989409733997E+00 -0.44521652403645051189911242144865E-01
0.38612521561017939776255469294048E+00 -0.45897277352446381659256358339098E-01
0.39766666561401869871598908587684E+00 -0.47271279169213789041763721149336E-01
0.40919416065978882852346973302570E+00 -0.48643609421025932819730558652804E-01
0.42070729598407332153416289344550E+00 -0.50014219730360567644964838977987E-01
0.43220566733363434540061313393881E+00 -0.51383061776706369913504602097019E-01
0.44368887097976706221247825630091E+00 -0.52750087298170460120916052654802E-01
0.45515650373264004451494129374880E+00 -0.54115248093080941008044031425523E-01
0.46660816295562227469739381299355E+00 -0.55478496021584243468997126139673E-01
0.47804344657959540619555626190468E+00 -0.56839783007237470527200754295329E-01
0.48946195311725168229201185482679E+00 -0.58199061038595058175253788445413E-01
0.50086328167737702504907436216601E+00 -0.59556282170790068899567555025628E-01
0.51224703197911844191071703937562E+00 -0.60911398527110000949051844982833E-01
0.52361280436623691813033467051471E+00 -0.62264362300565530676596218159392E-01
0.53496019982134365632153531798224E+00 -0.63615125755454805525517233230525E-01
0.54628881998012079864847979081403E+00 -0.64963641228920239982500479169307E-01
0.55759826714552565982655540198755E+00 -0.66309861132498943657429767287476E-01
0.56888814430197890678581025680782E+00 -0.67653737953666838869546754849731E-01
0.58015805512953556408147377199985E+00 -0.68995224257375467933850398532983E-01
0.59140760401803912789573922638880E+00 -0.70334272687581974403898715820115E-01
0.60263639608125903123322494375236E+00 -0.71670835968771251105418570351321E-01
0.61384403717101013321601340883925E+00 -0.73004866907471029177402057728158E-01
0.62503013389125522130479798976435E+00 -0.74336318393758760414176773035055E-01
0.63619429361218960681974541376691E+00 -0.75665143402760245169440854065774E-01
0.64733612448430810966165930382190E+00 -0.76991294996140679445899698460596E-01
0.65845523545245376324763270787960E+00 -0.78314726323585920460076075499084E-01
0.66955123626984924965059745118410E+00 -0.79635390624275918724881033068351E-01
0.68062373751210920370387099605282E+00 -0.80953241228348451750437094134703E-01
0.69167235059123527753289361188348E+00 -0.82268231558353272615813556204739E-01
0.70269668776959238936971293884078E+00 -0.83580315130696773422460919373386E-01
0.71369636217386693213604024352848E+00 -0.84889445557076642322569322895330E-01
0.72467098780900663765865585650480E+00 -0.86195576545905623201854227508781E-01
0.73562017957214240777310750348051E+00 -0.87498661903724645706195368008604E-01
0.74654355326649161746007932426198E+00 -0.88798655536605271116642197202307E-01
0.75744072561524372869884426118808E+00 -0.90095511451540173087510871667315E-01
0.76831131427542702482940297554008E+00 -0.91389183757821843670415712514980E-01
0.77915493785175888775894741193529E+00 -0.92679626668408842172609233806940E-01
0.78997121591047663537076034610792E+00 -0.93966794501279876523449095322832E-01
0.80075976899315232819266408784970E+00 -0.95250641680774213352300424804367E-01
0.81152021863048897666561960863844E+00 -0.96531122738918515945743725197026E-01
0.82225218735610057135755512279460E+00 -0.97808192316740019363415335034160E-01
0.83295529872027530110464730353894E+00 -0.99081805165564808724683128148281E-01
0.84362917730372124405999419938536E+00 -0.10035191614830104352977709311340E+00
0.85427344873129776239847489211547E+00 -0.10161848024070680210046478605832E+00
0.86488773968572965618335712728230E+00 -0.10288145253264131579688237115295E+00
0.87547167792130723738352663918286E+00 -0.10414078822929977072696971283204E+00
0.88602489227757156016024098115017E+00 -0.10539644265243092699579941653911E+00
0.89654701269298446179076182477336E+00 -0.10664837124153624786394674443954E+00
0.90703767021858772158664633518314E+00 -0.10789652955505024800391479667127E+00
0.91749649703164628058257910190564E+00 -0.10914087327150254073168660929803E+00
0.92792312644928240280535266274859E+00 -0.11038135819065782541747831232968E+00
0.93831719294209688937105763300219E+00 -0.11161794023463716955398185972593E+00
0.94867833214778030099553904623688E+00 -0.11285057544901541975295269369323E+00
0.95900618088471576247689777513078E+00 -0.11407922000389803623482568533905E+00
0.96930037716557240489214994008496E+00 -0.11530383019497281470778534653677E+00
0.97956056021089240852587661966326E+00 -0.11652436244453785409772800373262E+00
0.98978637046267183204460084289120E+00 -0.11774077330250448591627857923337E+00
0.99997744959793679151219567996583E+00 -0.11895301944737322658452577163116E+00
0.10101334405423168717450995836074E+01 -0.12016105768718208594565510942785E+00
0.10202539874836162116067741504980E+01 -0.12136484496042659569743156789300E+00
0.10303387358853853444242672594514E+01 -0.12256433833694982038788583932822E+00
0.10403873325004939346485272839356E+01 -0.12375949501880097706978533700459E+00
0.10503994253847076565986997223781E+01 -0.12495027234106151612310345179579E+00
0.10603746639102707632689666509352E+01 -0.12613662777263762923757209145395E+00
0.10703126987794958741180106971070E+01 -0.12731851891701680246238659103760E+00
0.10802131820383643125626501268161E+01 -0.12849590351298761853012929319667E+00
0.10900757670901391524809226012227E+01 -0.12966873943532092488736015668333E+00
0.10999001087089927897715375374502E+01 -0.13083698469541008731306144253774E+00
0.11096858630536533773351378128935E+01 -0.13200059744186946260919745934914E+00
0.11194326876810720241033258349666E+01 -0.13315953596108815235423425409314E+00
0.11291402415601143667664430270627E+01 -0.13431375867773741399772489251340E+00
0.11388081850852799505214582400277E+01 -0.13546322415522963631293760123018E+00
0.11484361800904534894855996407550E+01 -0.13660789109612634645040934312552E+00
0.11580238898626916270499532420421E+01 -0.13774771834249245822208291353522E+00
0.11675709791560493395904212672813E+01 -0.13888266487619493642098363953731E+00
0.11770771142054508172199188225620E+01 -0.14001268981914193844100342823461E+00
0.11865419627406105274443992116581E+01 -0.14113775243346127765726208286959E+00
0.11959651940000071558305630593501E+01 -0.14225781212161269584151104405344E+00
0.12053464787449198143799555820152E+01 -0.14337282842643244974928107633161E+00
0.12146854892735284440031325382403E+01 -0.14448276103110643594835946283583E+00
0.12239818994350883307363761629065E+01 -0.14558756975906678117675964179270E+00
0.12332353846441838199045772017485E+01 -0.14668721457380971099847290285993E+00
0.12424456218950679339944028936791E+01 -0.14778165557862908057470336532347E+00
0.12516122897760983959708417484482E+01 -0.14887085301626165993655402337747E+00
0.12607350684842753321115677532582E+01 -0.14995476726843921205805818482331E+00
0.12698136398398925065618864782125E+01 -0.15103335885534192618060384002397E+00
0.12788476873013106909280915541170E+01 -0.15210658843494803379653323651672E+00
0.12878368959798617153473282723930E+01 -0.15317441680227377996166084214159E+00
0.12967809526548996515339459038718E+01 -0.15423680488849736208022642264135E+00
0.13056795457890041329136616997179E+01 -0.15529371375995950277864904484820E+00
0.13145323655433553531001596802795E+01 -0.15634510461703519017277020036286E+00
0.13233391037932903456819409541743E+01 -0.15739093879286636380832981104207E+00
0.13320994541440570483050609256851E+01 -0.15843117775195032573250352030759E+00
0.13408131119467826495750770240025E+01 -0.15946578308857235323297310009617E+00
0.13494797743146723191490799239304E+01 -0.16049471652507488426198759210516E+00
0.13580991401394582819002613127430E+01 -0.16151793990995267452525637141499E+00
0.13666709101081184482879066501364E+01 -0.16253541521576255331210427373141E+00
0.13751947867198863065870095881111E+01 -0.16354710453683696215191310578253E+00
0.13836704743035762365493624615969E+01 -0.16455297008678851443443444185456E+00
0.13920976790352483434716940865940E+01 -0.16555297419579183706546358255443E+00
0.14004761089562410016619804892461E+01 -0.16654707930762857015386412565685E+00
0.14088054739915998915553713724259E+01 -0.16753524797647974968684216550553E+00
0.14170854859689356721728647593286E+01 -0.16851744286344944219589891837257E+00
0.14253158586377448091359265117177E+01 -0.16949362673280040272453710275729E+00
0.14334963076892305739802086357409E+01 -0.17046376244788336780897360037046E+00
0.14416265507766645970720363346035E+01 -0.17142781296673874045594737964935E+00
0.14497063075363332470116841836162E+01 -0.17238574133734722460405496409760E+00
0.14577352996091156218844733014964E+01 -0.17333751069250579989647924795146E+00
0.14657132506627457840430322952294E+01 -0.17428308424430195411432941119726E+00
0.14736398864148142397483310193142E+01 -0.17522242527815761567563517378171E+00
0.14815149346565704747417255676970E+01 -0.17615549714641123481800951836323E+00
0.14893381252775930649109410471131E+01 -0.17708226326140459004191432181460E+00
0.14971091902913989140903876484974E+01 -0.17800268708803771074207148696475E+00
0.15048278638620717920134864276085E+01 -0.17891673213575140531956150394499E+00
0.15124938823319954002679223404028E+01 -0.17982436194989468062772763040063E+00
0.15201069842507852630231078274538E+01 -0.18072554010242979777068828832587E+00
0.15276669104055241587985411881146E+01 -0.18162023018192271200214919414264E+00
0.15351734038524097853173758418461E+01 -0.18250839578276438694471081842408E+00
0.15426262099499441814808028402035E+01 -0.18339000049356007565631992958665E+00
0.15500250763937943377218762210781E+01 -0.18426500788462120040353701484672E+00
0.15573697532534773493472495295038E+01 -0.18513338149448587563116169659038E+00
0.15646599930110321728801524562730E+01 -0.18599508481538814090628525540664E+00
0.15718955506018572611718977788952E+01 -0.18685008127758851744118779406106E+00
0.15790761834579147571254117412570E+01 -0.18769833423246973563850332063922E+00
0.15862016515535177869072781646586E+01 -0.18853980693429148678291797473574E+00
0.15932717174539447878035805488039E+01 -0.18937446252048871870140390445428E+00
0.16002861463671478077656564336748E+01 -0.19020226399038506996018985988958E+00
0.16072447061988498961834043721960E+01 -0.19102317418218058363491424786906E+00
0.16141471676113625189580423849295E+01 -0.19183715574805911700056939781022E+00
0.16209933040864850107368394675351E+01 -0.19264417112724185930956866098691E+00
0.16277828919928944739024258581853E+01 -0.19344418251679882812183248210147E+00
0.16345157106584759639375578365809E+01 -0.19423715184000683821888557217764E+00
0.16411915424480976522308480368974E+01 -0.19502304071202005214159658139959E+00
0.16478101728473937788595116031806E+01 -0.19580181040259477577624525583117E+00
0.16543713905531852387605980131771E+01 -0.19657342179557875546135396450981E+00
0.16608749875712431445013731380113E+01 -0.19733783534484441663501467378091E+00
0.16673207593221879389019614361211E+01 -0.19809501102630639713940226157612E+00
0.16737085047564149365619284362556E+01 -0.19884490828562267343223191384173E+00
0.16800380264790503028573140274232E+01 -0.19958748598113034444720484247657E+00
0.16863091308860696761354408490902E+01 -0.20032270232151232222992837369322E+00
0.16925216283128618344927023414108E+01 -0.20105051479762917932055635030874E+00
0.16986753331966888442932057745485E+01 -0.20177088010787979946473872155476E+00
0.17047700642546915371594348180205E+01 -0.20248375407637225049602838422422E+00
0.17108056446793175859572906071039E+01 -0.20318909156309414622349905361534E+00
0.17167819023533122863487284711044E+01 -0.20388684636516387172424406646784E+00
0.17226986700867191146678863147620E+01 -0.20457697110812032678284159813104E+00
0.17285557858786955443183590983461E+01 -0.20525941712606690020849544634292E+00
0.17343530932073657125051600320742E+01 -0.20593413432931897317150518176604E+00
0.17400904413514229605981030659581E+01 -0.20660107105801246464105358364052E+00
0.17457676857477697166925001861395E+01 -0.20726017391990680638601655061409E+00
0.17513846883901622429712954600740E+01 -0.20791138761035472102432673658771E+00
0.17569413182746315748160034505464E+01 -0.20855465471210351825329126274088E+00
0.17624374518984061349570448006374E+01 -0.20918991547223222832884909569632E+00
0.17678729738202012894402303063688E+01 -0.20981710755310445836944665422550E+00
0.17732477772911008014132209246548E+01 -0.21043616575371203088240399748835E+00
0.17785617649668933532422753779001E+01 -0.21104702169718588792853836732986E+00
0.17838148497147013900946744635044E+01 -0.21164960347953849748140430577440E+00
0.17890069555291292108720462669769E+01 -0.21224383527384369577429197863952E+00
0.17941380185760740114589275108264E+01 -0.21282963688303566862936336340306E+00
0.17992079883859011437570571373008E+01 -0.21340692323326061522013538231237E+00
0.18042168292220696280887812076548E+01 -0.21397560379821095353443017363114E+00
0.18091645216567078696220816511558E+01 -0.21453558194302686640740694898689E+00
0.18140510643913731814095729244534E+01 -0.21508675417409338364652520193777E+00
0.18188764763696543129837536484710E+01 -0.21562900927827489475811425860810E+00
0.18236407992388786080030347313974E+01 -0.21616222733167116069163458907094E+00
0.18283441002316315425095183658477E+01 -0.21668627855366049388932991249947E+00
0.18329864755549593193489693353770E+01 -0.21720102197656524645658485885710E+00
0.18375680543972121412100182437947E+01 -0.21770630389439509391035810064088E+00
0.18420890036911438801946111420531E+01 -0.21820195604534019536165096859891E+00
0.18465495338093938773350312206070E+01 -0.21868779347137675644258645711360E+00
0.18509499054180535695954709025893E+01 -0.21916361198365005920377285853784E+00
0.18552904377802101494085684766853E+01 -0.21962918514300885829031423887823E+00
0.18595715188907282774025343561413E+01 -0.22008426063946669610851962076625E+00
0.18637936179456464164381389862422E+01 -0.22052855591997930350873540232038E+00
0.18679573008186358101776938908829E+01 -0.22096175286710775146770818766249E+00
0.18720632494544265940867766190868E+01 -0.22138349126638139772371608661232E+00
0.18761122864279012798502466377274E+01 -0.22179336070894159293566321246182E+00
0.18801054064094223023399916566511E+01 -0.22219089044448281787338641731239E+00
0.18840438170050443642780325088298E+01 -0.22257553650361473993873714537410E+00
0.18879289925419072974633017557200E+01 -0.22294666510188249460812509500859E+00
0.18917627460792235945853625322268E+01 -0.22330353080795949341897037384885E+00
0.18955473276688471853715373736840E+01 -0.22364524682000624693035579455752E+00
0.18992855615678742295130520946107E+01 -0.22397074056369193760730971460055E+00
0.19029810475225995795843328481577E+01 -0.22427862481376152545216849584782E+00
0.19073657811861634152076751686426E+01 -0.22462338893667018137761061361645E+00
0.19117067450984148263561122629538E+01 -0.22493662306706639899939644080494E+00
0.19160198749389736695410636005948E+01 -0.22521414377905548841959851217765E+00
0.19203296979949099346392174155910E+01 -0.22544889080306832186408114490441E+00
0.19246767359193204385658667248573E+01 -0.22563080717802767690130305879920E+00
0.19289004842587408402573586528997E+01 -0.22573843080778067686345526624228E+00
0.19328152614743248050080074215878E+01 -0.22575765700702055373340035405784E+00
0.19364454279448605269082870383098E+01 -0.22568649377293364683701021617333E+00
0.19398175213028136945868897227999E+01 -0.22554576210755834467496118756214E+00
0.19429516292306039327072963881252E+01 -0.22524532023705276629945898773731E+00
0.19448475589144722141512778494499E+01 -0.22763847322492210309477156635543E+00
0.19469064861514810224315545553534E+01 -0.22991926351579901696492300665243E+00
0.19491060919881614942831350078661E+01 -0.23208439762620305168296006159044E+00
0.19514135392029476807743662515620E+01 -0.23413945591994133712697942303056E+00
0.19537990121836323364739091160281E+01 -0.23608562642609630609058435047429E+00
0.19561231584609967209904546839896E+01 -0.23784484684324668496071452183649E+00
0.19582882461970421129760427522134E+01 -0.23938481780850447441143178584520E+00
0.19603145116723267796089905526291E+01 -0.24075367607976948335770367408239E+00
0.19622138926991074867000601182801E+01 -0.24198205627654574049210010249229E+00
0.19639939347141874326884633733228E+01 -0.24309099414356938081777501621650E+00
0.19653898729911488250762280816977E+01 -0.24393486902252064628853456716756E+00
0.19667085269273438121840953670361E+01 -0.24471312534824113050318298950461E+00
0.19679515148679322825933428308857E+01 -0.24543105358609240069580253121630E+00
0.19691200385889928172771847788463E+01 -0.24609303842261440218918452175172E+00
0.19702150493608786706965891393665E+01 -0.24670267373275805985961321355344E+00
0.19712372953576709066590829997939E+01 -0.24726296119647719424055714282230E+00
0.19721873750149899400005456884254E+01 -0.24777642061720411007585523550634E+00
0.19730657697146931643773290483959E+01 -0.24824518286604293686024524735634E+00
0.19738728695478073156268516388696E+01 -0.24867105730185644069919484211970E+00
0.19746089919282096627093148288432E+01 -0.24905558487519336549145954442075E+00
0.19750604396836024859478217395877E+01 -0.24928962030206505341312131131144E+00
0.19754805217798704065730019854028E+01 -0.24950620870880737968608137107804E+00
0.19758692965013406613406701927257E+01 -0.24970565152664403702187466224031E+00
0.19762268129484392479254908052830E+01 -0.24988822200708276356036816355100E+00
0.19765531144296827578571099386034E+01 -0.25005416279946610872759018607548E+00
0.19768637686413870378645515263263E+01 -0.25021154353263325707418614572978E+00
0.19771743193754130120596282273434E+01 -0.25036829205909070702131118774532E+00
0.19774847694573076718201274575753E+01 -0.25052441783882405701355213256161E+00
0.19777951216144214620144465062559E+01 -0.25067993012981924322578209097616E+00
0.19781053785056546363158042049859E+01 -0.25083483794297445454487415047782E+00
0.19777951216144214620144465062559E+01 -0.25067993012981924322578209097616E+00
0.19774847694573076718201274575753E+01 -0.25052441783882405701355213256161E+00
0.19771743193754130120596282273434E+01 -0.25036829205909070702131118774532E+00
0.19768637686413870378645515263263E+01 -0.25021154353263325707418614572978E+00
0.19765531144296827578571099386034E+01 -0.25005416279946610872759018607548E+00
0.19762268129484392479254908052830E+01 -0.24988822200708276356036816355100E+00
0.19758692965013406613406701927257E+01 -0.24970565152664403702187466224031E+00
0.19754805217798704065730019854028E+01 -0.24950620870880737968608137107804E+00
0.19750604396836024859478217395877E+01 -0.24928962030206505341312131131144E+00
0.19746089919282096627093148288432E+01 -0.24905558487519336549145954442075E+00
0.19738728695478073156268516388696E+01 -0.24867105730185644069919484211970E+00
0.19730657697146931643773290483959E+01 -0.24824518286604293686024524735634E+00
0.19721873750149899400005456884254E+01 -0.24777642061720411007585523550634E+00
0.19712372953576709066590829997939E+01 -0.24726296119647719424055714282230E+00
0.19702150493608786706965891393665E+01 -0.24670267373275805985961321355344E+00
0.19691200385889928172771847788463E+01 -0.24609303842261440218918452175172E+00
0.19679515148679322825933428308857E+01 -0.24543105358609240069580253121630E+00
0.19667085269273438121840953670361E+01 -0.24471312534824113050318298950461E+00
0.19653898729911488250762280816977E+01 -0.24393486902252064628853456716756E+00
0.19639939347141874326884633733228E+01 -0.24309099414356938081777501621650E+00
0.19622138926991074867000601182801E+01 -0.24198205627654574049210010249229E+00
0.19603145116723267796089905526291E+01 -0.24075367607976948335770367408239E+00
0.19582882461970421129760427522134E+01 -0.23938481780850447441143178584520E+00
0.19561231584609967209904546839896E+01 -0.23784484684324668496071452183649E+00
0.19537990121836323364739091160281E+01 -0.23608562642609630609058435047429E+00
0.19514135392029476807743662515620E+01 -0.23413945591994133712697942303056E+00
0.19491060919881614942831350078661E+01 -0.23208439762620305168296006159044E+00
0.19469064861514810224315545553534E+01 -0.22991926351579901696492300665243E+00
0.19448475589144722141512778494499E+01 -0.22763847322492210309477156635543E+00
