0.13967409304591247559682048256103E+00 0.22858619088322971207854083393798E+00
0.14989787355762697960546175959359E+00 0.22807353410964751130440807241185E+00
0.15952872503543687666711708050150E+00 0.22759720100004477533400764176317E+00
0.16852604897640110416757819124254E+00 0.22715585958523714813955128896372E+00
0.17685894747831653535477095933288E+00 0.22675077299088654096867477930348E+00
0.18449495988770835643595197027507E+00 0.22638289824839460538137267549541E+00
0.19144120657623428253995514527247E+00 0.22605112107948138448502578948603E+00
0.19784264219069400380426525654481E+00 0.22574782674946313084497183849380E+00
0.20382155701552209339428557325541E+00 0.22546670269179440185323094724018E+00
0.20945934061182708767599956510019E+00 0.22520353210871249472454194030251E+00
0.21481358956802007794565288732186E+00 0.22495532189837802415087359335054E+00
0.20945934061182708767599956510019E+00 0.22520353210871249472454194030251E+00
0.20382155701552209339428557325541E+00 0.22546670269179440185323094724018E+00
0.19784264219069400380426525654481E+00 0.22574782674946313084497183849380E+00
0.19144120657623428253995514527247E+00 0.22605112107948138448502578948603E+00
0.18449495988770835643595197027507E+00 0.22638289824839460538137267549541E+00
0.17685894747831653535477095933288E+00 0.22675077299088654096867477930348E+00
0.16852604897640110416757819124254E+00 0.22715585958523714813955128896372E+00
0.15952872503543687666711708050150E+00 0.22759720100004477533400764176317E+00
0.14989787355762697960546175959359E+00 0.22807353410964751130440807241185E+00
0.13967409304591247559682048256103E+00 0.22858619088322971207854083393798E+00
0.13321926043394492716558822872161E+00 0.24183593239637267363827431401751E+00
0.12762750954616556671003450501069E+00 0.25612503856044603196952507013924E+00
0.12241658613558122140442095655753E+00 0.27126544401167964607088831244720E+00
0.11765401725233538962683857383161E+00 0.28729404129389169492594464847747E+00
0.11330656467830215923650677692268E+00 0.30419825125788361898873057643435E+00
0.10950375812779187474732883976811E+00 0.32115428231757353153379922268035E+00
0.10626500596153821850115381913401E+00 0.33752314716437032192831855430510E+00
0.10345026220582499359891091779900E+00 0.35347578105812870928720724884121E+00
0.10096788632991570093565690536384E+00 0.36911529611530773188416445381672E+00
0.98756730599463192157874088319294E-01 0.38450933399301487491485030671250E+00
0.97085249507292374571524429218541E-01 0.39718373162312634679209037097307E+00
0.95549084391925713292860324049743E-01 0.40973971501639934988715369533792E+00
0.94131478254843168033524037466938E-01 0.42219250929912292560194861389075E+00
0.92818859671701668248000443081025E-01 0.43455416265018896723698297001732E+00
0.91599941153663499003920067380333E-01 0.44683433337965762163602829958398E+00
0.90465208898896926018674695275384E-01 0.45904085985360843228092497897760E+00
0.89406556593285478385419526584422E-01 0.47118017073893129616197028153201E+00
0.88417012327926241941625478486332E-01 0.48325758602287793838451160705410E+00
0.87490530441041601960025924277463E-01 0.49527754193719694885400968877619E+00
0.86621830124344841685938565461669E-01 0.50724376178028119853836592759953E+00
0.85806268469148089586257818546438E-01 0.51915938754831287974909318748609E+00
0.85039739333685657381048047820056E-01 0.53102708269493062046793531346841E+00
0.84318591869649783306955738871130E-01 0.54284911329723593140774102867642E+00
0.83639564220693548750574291518734E-01 0.55462741284921596787465018805661E+00
0.82999729072792049155321095210877E-01 0.56636363448656594318557328742451E+00
0.82396448564914293295065977578932E-01 0.57805919345365611489063342100963E+00
0.81827336666286504407420398241298E-01 0.58971530191629455240915708624202E+00
0.81290227564166965168812753741848E-01 0.60133299771331281814078938406273E+00
0.80783148930661582829333569216233E-01 0.61291316826640547969544581481321E+00
0.80304299180776012235132573618105E-01 0.62445657059100918993942432674254E+00
0.79852028018833386705217553395889E-01 0.63596384814385563879669272676366E+00
0.79424819712166172801318738688356E-01 0.64743554508612657946246482199760E+00
0.79021278640716730717206974620712E-01 0.65887211842144469451386052572656E+00
0.78640116756838511483783827050453E-01 0.67027394837569802016429046145633E+00
0.78280142657005194588949480055959E-01 0.68164134731403214529564758685901E+00
0.77940252020596887547525742367700E-01 0.69297456743421302236942408692094E+00
0.77619419213628539055616057388345E-01 0.70427380743129885698658351793079E+00
0.77316689889614379374803599794660E-01 0.71553921829339463437799554041953E+00
0.77031174447536154991375328490589E-01 0.72677090836015535291369764418106E+00
0.76762042229484074037518582251148E-01 0.73796894775309921647007766132725E+00
0.76508516359036530710793326032593E-01 0.74913337226850494555307319010214E+00
0.76269869136663892626439294993183E-01 0.76026418680879743781555720576844E+00
0.76045417921020260690342471234597E-01 0.77136136841616603721522973301541E+00
0.75834521435442481239773129860459E-01 0.78242486896217156936380796777889E+00
0.75636576447694131459228820916897E-01 0.79345461753885724749132882485304E+00
0.75451014778302743570128141000033E-01 0.80445052259003891048054028315139E+00
0.75277300598987899514281190625319E-01 0.81541247381576441961212928541469E+00
0.75114927987873564801355872307367E-01 0.82634034387817414751346689278253E+00
0.74963418712580273241115818051627E-01 0.83723398993300194441429713097928E+00
0.74822320216042050807544011714967E-01 0.84809325500759669608524125398485E+00
0.74691203783092162144446626602776E-01 0.85891796924350111887845075306855E+00
0.74569662868600233259720191244357E-01 0.86970795101921659019938877256708E+00
0.74457311570298270685421100946062E-01 0.88046300796673102298504092185970E+00
0.74353783231462934690307051413062E-01 0.89118293789363868331148900982961E+00
0.74258729160371554255448097988791E-01 0.90186752962118143360530617754447E+00
0.74171817454971519464283602146152E-01 0.91251656374725557461147122081454E+00
0.74092731922519695548763371027578E-01 0.92312981334232100590495443546824E+00
0.74021171085100537076910970290361E-01 0.93370704458519580088748660228059E+00
0.73956847262933903143539138548200E-01 0.94424801734488748424795771640184E+00
0.73899485728262829560907424857325E-01 0.95475248571390099054684727077036E+00
0.73848823923381807255850435966695E-01 0.96522019849783418642097356154159E+00
0.73804610737044142796061795735599E-01 0.97565089966553080348910675653490E+00
0.73766605834085050779264467238052E-01 0.98604432876358444784401147982682E+00
0.73734579033620871340762838998344E-01 0.99640022129857143153349443599995E+00
0.73708309731655667513465269121518E-01 0.10067183090900257922378500446303E+01
0.73687586364335407576129951450766E-01 0.10169983205968478103347875075885E+01
0.73672205908460685675466881820716E-01 0.10272399812195559261176956810854E+01
0.73661973416192863040941199297504E-01 0.10374430135805428431329484987408E+01
0.73656701581178334010406459545240E-01 0.10476071377842725660604962486318E+01
0.73656210333581161451353955207590E-01 0.10577320716591672764121294417338E+01
0.73660326461737764500275458407912E-01 0.10678175309827491071932912521365E+01
0.73668883258363637054280727442869E-01 0.10778632296914594676691797719541E+01
0.73681720189422205205640060790806E-01 0.10878688800764312188111138791639E+01
0.73698682583937612565388139302679E-01 0.10978341929663732523505180666321E+01
0.73719621343181689891345348518594E-01 0.11077588778986161177321942012597E+01
0.73744392667801531386620399409651E-01 0.11176426432792675660246132529786E+01
0.73772857801577450791850786914178E-01 0.11274851965333435416691703258164E+01
0.73804882790609625319466398932486E-01 0.11372862442456576269482585799230E+01
0.73840338256835742025798644880752E-01 0.11470454922931828093712469312878E+01
0.73879099184866159740597540709070E-01 0.11567626459695399049987880374769E+01
0.73921044721213145034748195302695E-01 0.11664374101022011034717803476592E+01
0.73966057985058365893529917642833E-01 0.11760694891629566312046282627325E+01
0.74014025889774609020633511803321E-01 0.11856585873721356670432771443630E+01
0.74064838974478514651652801276703E-01 0.11952044087970386981333919130863E+01
0.74118391244946564673953273334566E-01 0.12047066574449957775779517294760E+01
0.74174580023278923603257211388489E-01 0.12141650373514316318580834242475E+01
0.74233305805741525284723397362518E-01 0.12235792526632893180853986718126E+01
0.74294472128260204390339765484885E-01 0.12329490077181327897979621463887E+01
0.74357985439079923052835709953862E-01 0.12422740071192245617482015868911E+01
0.74423754978137213232261444895954E-01 0.12515539558068518959645244055283E+01
0.74491692662727802264953623689868E-01 0.12607885591261513202397622292639E+01
0.74561712979080396111107490888314E-01 0.12699775228916639667771711044492E+01
0.74633732879476774615775150522206E-01 0.12791205534488346454266251815717E+01
0.74707671684582127182401078587105E-01 0.12882173577326528981255684595040E+01
0.74783450990674265801762330517210E-01 0.12972676433236183216914316541294E+01
0.74860994581481302918844907085663E-01 0.13062711185011983475418367199234E+01
0.74940228344357103301834091973152E-01 0.13152274922949362567755770943487E+01
0.75021080190543528903536893925672E-01 0.13241364745333535914613903967772E+01
0.75103479979282337366804640337758E-01 0.13329977758907805924587174203062E+01
0.75187359445559653710335590236334E-01 0.13418111079322419539148604970181E+01
0.75272652131275927592312688652872E-01 0.13505761831565105751148445002737E+01
0.75359293319650521967844636259490E-01 0.13592927150374397723392943959537E+01
0.75447219972682291728079610740657E-01 0.13679604180636727939051731346978E+01
0.75536370671496995131778698582139E-01 0.13765790077768225021740799390118E+01
0.75626685559425515552343393861470E-01 0.13851482008082097787622547403908E+01
0.75718106287665139206312518056059E-01 0.13936677149142392034981113496575E+01
0.75810575963385697611061505151858E-01 0.14021372690104897270864678083624E+01
0.75904039100151463722882956458373E-01 0.14105565832045900019983646191034E+01
0.75998441570536839185008821424356E-01 0.14189253788279421714396327532477E+01
0.76093730560821583487003656746462E-01 0.14272433784663599559176075599000E+01
0.76189854527658508100501225738686E-01 0.14355103059896731073789015383001E+01
0.76286763156612420968178674468080E-01 0.14437258865803563376459608346540E+01
0.76384407322475188543795036487662E-01 0.14518898467612310098070814885779E+01
0.76482739051268213319112809969021E-01 0.14600019144222859638238096570282E+01
0.76581711483847095626717381991324E-01 0.14680618188466637042051815238701E+01
0.76681278841029979309997244061133E-01 0.14760692907358510077488332327528E+01
0.76781396390174792073111679024885E-01 0.14840240622341143273817733495847E+01
0.76882020413133495484276532304544E-01 0.14919258669522159736480537224304E+01
0.76983108175518948911881999216451E-01 0.14997744399904439990765160424729E+01
0.77084617897219433970949444222517E-01 0.15075695179609903209800690684833E+01
0.77186508724102786825496506511387E-01 0.15153108390097043215788863634992E+01
0.77288740700853584869125210243581E-01 0.15229981428372524939704450753752E+01
0.77391274744890119659284305877739E-01 0.15306311707197100156991743335178E+01
0.77494072621311440558515101421174E-01 0.15382096655286086522669787478927E+01
0.77597096918826432269435082825246E-01 0.15457333717504657398149191165240E+01
0.77700311026620673673916648502592E-01 0.15532020355058158323222876105374E+01
0.77803679112117800389269562968120E-01 0.15606154045677657626727668952873E+01
0.77907166099595504051247052827663E-01 0.15679732283800934949776815186182E+01
0.78010737649617665388604255835203E-01 0.15752752580749087334574785341891E+01
0.78114360139246591585841275120047E-01 0.15825212464898935834518077331284E+01
0.78218000643000888290863064917301E-01 0.15897109481851388606085483721099E+01
0.78321626914526101476205477673579E-01 0.15968441194595924519189472363748E+01
0.78425207368947586207510159367001E-01 0.16039205183671346560840579253251E+01
0.78528711065875844368356938904633E-01 0.16109399047322934203384831598151E+01
0.78632107693036417768733354988645E-01 0.16179020401656138338149974109930E+01
0.78735367550498247275823262915286E-01 0.16248066880786939828283645714940E+01
0.78838461535473812871571613550298E-01 0.16316536136988979995810045009214E+01
0.78941361127669591278076037020012E-01 0.16384425840837597803187920192412E+01
0.79044038375160952802957816738630E-01 0.16451733681350846198680101288709E+01
0.79146465880772196328528206148565E-01 0.16518457366127626633207279017927E+01
0.79248616788939705661367324634050E-01 0.16584594621482999378797102672284E+01
0.79350464773038880328859886151627E-01 0.16650143192580783076910526858406E+01
0.79451984023156140538971026959539E-01 0.16715100843563525282586487080269E+01
0.79553149234287731656741126705349E-01 0.16779465357679913189329269296216E+01
0.79653935594949157435184998414751E-01 0.16843234537409716186612134530368E+01
0.79754318776177400043906263102215E-01 0.16906406204586321211654463658202E+01
0.79854274920912519423405988881030E-01 0.16968978200516931798567871624342E+01
0.79953780633741346570781369860214E-01 0.17030948386100509150216753593031E+01
0.80052812970991646628819087549529E-01 0.17092314641943489359553162821571E+01
0.80151349431161475286529331164058E-01 0.17153074868473371445145332857848E+01
0.80249367945671110276768179052533E-01 0.17213226986050196611883718440858E+01
0.80346846869926421002062045067617E-01 0.17272768935076000124552633897785E+01
0.80443764974680298982343597668564E-01 0.17331698676102269899954371269954E+01
0.80540101437682207664798938133410E-01 0.17390014189935464283486183384836E+01
0.80635835835604012919628372040378E-01 0.17447713477740637338127257650578E+01
0.80730948136232772975976335704314E-01 0.17504794561143210662169754394776E+01
0.80825418690920294404427925387944E-01 0.17561255482328935651607718181016E+01
0.80919228227279736534404216498972E-01 0.17617094304142084856416110494216E+01
0.81012357842120693525571036611697E-01 0.17672309110181908672202269946925E+01
0.81104788994613906119660253869109E-01 0.17726898004897397309321031261728E+01
0.81196503499677669558506194846674E-01 0.17780859113680371376627871471966E+01
0.81287483521577414605950763700004E-01 0.17834190582956949478939127974407E+01
0.81377711567731664046067746661324E-01 0.17886890580277407509557389381460E+01
0.81467170482716417695386644872415E-01 0.17938957294404467806425237812243E+01
0.81555843442461621070614310433570E-01 0.17990388935400044342441465056678E+01
0.81643713948632681312015745338055E-01 0.18041183734710470695235015259325E+01
0.81730765823190546217590769313970E-01 0.18091339945250233319992960623178E+01
0.81816983203124679801147338740117E-01 0.18140855841484238317243635038765E+01
0.81902350535352848602723802107631E-01 0.18189729719508630898593062218479E+01
0.81986852571781704500084503308217E-01 0.18237959897130193217553147515856E+01
0.82070474364523431796681514061168E-01 0.18285544713944336864664938698006E+01
0.82153201261262877856287143556205E-01 0.18332482531411715307504562685215E+01
0.82235018900770247837185815727809E-01 0.18378771732933470350361169189886E+01
0.82315913208554396640484497279935E-01 0.18424410723925131498899270682745E+01
0.82395870392652764157038095730449E-01 0.18469397931889192074342857793124E+01
0.82474876939552723667056662745412E-01 0.18513731806486366991094500225940E+01
0.82552919610240768358346789680079E-01 0.18557410819605557496037459958062E+01
0.82629985436375133828678747653803E-01 0.18600433465432535021332254053011E+01
0.82706061716577966613404562583186E-01 0.18642798260517355737065735473136E+01
0.82781136012843559276200633905751E-01 0.18684503743840523788466866017631E+01
0.82855196147058744919215955839084E-01 0.18725548476877913066898141633248E+01
0.82928230197632036345463178074569E-01 0.18765931043664462117284315231412E+01
0.83000226496228391421992279998473E-01 0.18805650050856652503420543423071E+01
0.83071173624606246056905602102802E-01 0.18844704127793780331202630568544E+01
0.83141060411553677068101499403676E-01 0.18883091926558040539244957171230E+01
0.83209875929920941512466127862027E-01 0.18920812122033419769283952110029E+01
0.83277609493746312448020708704446E-01 0.18957863411963421023369636298202E+01
0.83344250655472794969687223809798E-01 0.18994244517007623396571140762177E+01
0.83409789203252735355839117609575E-01 0.19029954180797084285907837849782E+01
0.83474215158338087256615840732994E-01 0.19064991169988598945233307219154E+01
0.83537518772553718223690996818620E-01 0.19099354274317818302233500548211E+01
0.83599690525851646426905941757638E-01 0.19133042306651238888839931475998E+01
0.83660721123943576666342065829161E-01 0.19166054103037068816235572195869E+01
0.83720601496010128734633300846416E-01 0.19198388522754977306373021484895E+01
0.83779322792484148621697185485282E-01 0.19230044448364738019540205978622E+01
0.83836876382906427713060619563958E-01 0.19261020785753766521800650332608E+01
0.83893253853851865335263540715602E-01 0.19291316464183563907243184018901E+01
0.83948447006924082406813143264886E-01 0.19320930436335070755825938443271E+01
0.84002447856816970587730892425142E-01 0.19349861678352933921495053122159E+01
0.84055248629441240185773106578752E-01 0.19378109189888697373435881915153E+01
0.84106841760114426839675668125512E-01 0.19405671994142916594566234238244E+01
0.84157219891812868880423724834378E-01 0.19432549137906206274645805748643E+01
0.84206375873483936480686754368329E-01 0.19458739691599221493619055562616E+01
0.84254302758417353094507808565782E-01 0.19484242749311581429831009046863E+01
0.84300993802673897213925973598968E-01 0.19509057428839735832024179402092E+01
0.84346442463570415234981800536147E-01 0.19533182871723781079607266237420E+01
0.84390642398219778395102958951875E-01 0.19556618243283228283464985536479E+01
0.84433587462124430747946375341500E-01 0.19579362732651728233626402646186E+01
0.84475271707822606637686034896497E-01 0.19601415552810755529871151102035E+01
0.84515689383585796446960431650993E-01 0.19622775940622255970931268646228E+01
0.84554834932166696718306274123862E-01 0.19643443156860260530096430990251E+01
0.84592702989596271924397827026340E-01 0.19663416486241468638988609627558E+01
0.84629288384029259469240429601746E-01 0.19682695237454803423912984549435E+01
0.84664586134636952011354685458574E-01 0.19701278743189942886306807677745E+01
0.84698591450546433301331324386085E-01 0.19719166360164827240253889680904E+01
0.84731299729825430639513475218340E-01 0.19736357469152148125274024466325E+01
0.84762706558511909372054866336805E-01 0.19752851475004818985135507439565E+01
0.84792807709687694876432755328211E-01 0.19768647806680430798833653346780E+01
0.84821599142595252046061514610504E-01 0.19783745917264694594793578185463E+01
0.84849077001797156439730267452805E-01 0.19798145283993872522293154160087E+01
0.84875237616377137757558927825945E-01 0.19811845408276200094165485252455E+01
0.84900077499183071301774429134439E-01 0.19824845815712300246615836991828E+01
0.84923593346108604360847776284912E-01 0.19837146056114592534342955122627E+01
0.84945782035420657233012596542194E-01 0.19848745703525696523896788474412E+01
0.84966640627109574662875927675553E-01 0.19859644356235835621492488891883E+01
0.84986166362327420612058377849615E-01 0.19869841636799230359917818345785E+01
0.85004356662723227093909094596202E-01 0.19879337192049518412386085895165E+01
0.85021209130224329984264825858780E-01 0.19888130693114097582908702587439E+01
0.85036721545689181174684785543345E-01 0.19896221835427694411679541189452E+01
0.85050891870926458986257231720899E-01 0.19903610338744297876987567395335E+01
0.85059592221039248267878939602465E-01 0.19908145525244735886372814185341E+01
0.85067694748341783290228337970669E-01 0.19912368243689070507215659988924E+01
0.85075198980548300477521112928361E-01 0.19916278429070044908146909256728E+01
0.85082104480653132472588672334612E-01 0.19919876021191016690755465374795E+01
0.85088410846741337405326656987431E-01 0.19923160964667074743561061152600E+01
0.85094418102414757102596677865464E-01 0.19926289646848773673125366984598E+01
0.85100426521528648006069803572445E-01 0.19929418489607540524685677415017E+01
0.85106436103909020752382218123680E-01 0.19932547492949168022830133169595E+01
0.85112446849237686753581887866915E-01 0.19935676656879476341546946332576E+01
0.85118458757646629616312865033605E-01 0.19938805981404198929147278176680E+01
0.85112446849237686753581887866915E-01 0.19935676656879476341546946332576E+01
0.85106436103909020752382218123680E-01 0.19932547492949168022830133169595E+01
0.85100426521528648006069803572445E-01 0.19929418489607540524685677415017E+01
0.85094418102414757102596677865464E-01 0.19926289646848773673125366984598E+01
0.85088410846741337405326656987431E-01 0.19923160964667074743561061152600E+01
0.85082104480653132472588672334612E-01 0.19919876021191016690755465374795E+01
0.85075198980548300477521112928361E-01 0.19916278429070044908146909256728E+01
0.85067694748341783290228337970669E-01 0.19912368243689070507215659988924E+01
0.85059592221039248267878939602465E-01 0.19908145525244735886372814185341E+01
0.85050891870926458986257231720899E-01 0.19903610338744297876987567395335E+01
0.85036721545689181174684785543345E-01 0.19896221835427694411679541189452E+01
0.85021209130224329984264825858780E-01 0.19888130693114097582908702587439E+01
0.85004356662723227093909094596202E-01 0.19879337192049518412386085895165E+01
0.84986166362327420612058377849615E-01 0.19869841636799230359917818345785E+01
0.84966640627109574662875927675553E-01 0.19859644356235835621492488891883E+01
0.84945782035420657233012596542194E-01 0.19848745703525696523896788474412E+01
0.84923593346108604360847776284912E-01 0.19837146056114592534342955122627E+01
0.84900077499183071301774429134439E-01 0.19824845815712300246615836991828E+01
0.84875237616377137757558927825945E-01 0.19811845408276200094165485252455E+01
0.84849077001797156439730267452805E-01 0.19798145283993872522293154160087E+01
0.84821599142595252046061514610504E-01 0.19783745917264694594793578185463E+01
0.84792807709687694876432755328211E-01 0.19768647806680430798833653346780E+01
0.84762706558511909372054866336805E-01 0.19752851475004818985135507439565E+01
0.84731299729825430639513475218340E-01 0.19736357469152148125274024466325E+01
0.84698591450546433301331324386085E-01 0.19719166360164827240253889680904E+01
0.84664586134636952011354685458574E-01 0.19701278743189942886306807677745E+01
0.84629288384029259469240429601746E-01 0.19682695237454803423912984549435E+01
0.84592702989596271924397827026340E-01 0.19663416486241468638988609627558E+01
0.84554834932166696718306274123862E-01 0.19643443156860260530096430990251E+01
0.84515689383585796446960431650993E-01 0.19622775940622255970931268646228E+01
0.84475271707822606637686034896497E-01 0.19601415552810755529871151102035E+01
0.84433587462124430747946375341500E-01 0.19579362732651728233626402646186E+01
0.84390642398219778395102958951875E-01 0.19556618243283228283464985536479E+01
0.84346442463570415234981800536147E-01 0.19533182871723781079607266237420E+01
0.84300993802673897213925973598968E-01 0.19509057428839735832024179402092E+01
0.84254302758417353094507808565782E-01 0.19484242749311581429831009046863E+01
0.84206375873483936480686754368329E-01 0.19458739691599221493619055562616E+01
0.84157219891812868880423724834378E-01 0.19432549137906206274645805748643E+01
0.84106841760114426839675668125512E-01 0.19405671994142916594566234238244E+01
0.84055248629441240185773106578752E-01 0.19378109189888697373435881915153E+01
0.84002447856816970587730892425142E-01 0.19349861678352933921495053122159E+01
0.83948447006924082406813143264886E-01 0.19320930436335070755825938443271E+01
0.83893253853851865335263540715602E-01 0.19291316464183563907243184018901E+01
0.83836876382906427713060619563958E-01 0.19261020785753766521800650332608E+01
0.83779322792484148621697185485282E-01 0.19230044448364738019540205978622E+01
0.83720601496010128734633300846416E-01 0.19198388522754977306373021484895E+01
0.83660721123943576666342065829161E-01 0.19166054103037068816235572195869E+01
0.83599690525851646426905941757638E-01 0.19133042306651238888839931475998E+01
0.83537518772553718223690996818620E-01 0.19099354274317818302233500548211E+01
0.83474215158338087256615840732994E-01 0.19064991169988598945233307219154E+01
0.83409789203252735355839117609575E-01 0.19029954180797084285907837849782E+01
0.83344250655472794969687223809798E-01 0.18994244517007623396571140762177E+01
0.83277609493746312448020708704446E-01 0.18957863411963421023369636298202E+01
0.83209875929920941512466127862027E-01 0.18920812122033419769283952110029E+01
0.83141060411553677068101499403676E-01 0.18883091926558040539244957171230E+01
0.83071173624606246056905602102802E-01 0.18844704127793780331202630568544E+01
0.83000226496228391421992279998473E-01 0.18805650050856652503420543423071E+01
0.82928230197632036345463178074569E-01 0.18765931043664462117284315231412E+01
0.82855196147058744919215955839084E-01 0.18725548476877913066898141633248E+01
0.82781136012843559276200633905751E-01 0.18684503743840523788466866017631E+01
0.82706061716577966613404562583186E-01 0.18642798260517355737065735473136E+01
0.82629985436375133828678747653803E-01 0.18600433465432535021332254053011E+01
0.82552919610240768358346789680079E-01 0.18557410819605557496037459958062E+01
0.82474876939552723667056662745412E-01 0.18513731806486366991094500225940E+01
0.82395870392652764157038095730449E-01 0.18469397931889192074342857793124E+01
0.82315913208554396640484497279935E-01 0.18424410723925131498899270682745E+01
0.82235018900770247837185815727809E-01 0.18378771732933470350361169189886E+01
0.82153201261262877856287143556205E-01 0.18332482531411715307504562685215E+01
0.82070474364523431796681514061168E-01 0.18285544713944336864664938698006E+01
0.81986852571781704500084503308217E-01 0.18237959897130193217553147515856E+01
0.81902350535352848602723802107631E-01 0.18189729719508630898593062218479E+01
0.81816983203124679801147338740117E-01 0.18140855841484238317243635038765E+01
0.81730765823190546217590769313970E-01 0.18091339945250233319992960623178E+01
0.81643713948632681312015745338055E-01 0.18041183734710470695235015259325E+01
0.81555843442461621070614310433570E-01 0.17990388935400044342441465056678E+01
0.81467170482716417695386644872415E-01 0.17938957294404467806425237812243E+01
0.81377711567731664046067746661324E-01 0.17886890580277407509557389381460E+01
0.81287483521577414605950763700004E-01 0.17834190582956949478939127974407E+01
0.81196503499677669558506194846674E-01 0.17780859113680371376627871471966E+01
0.81104788994613906119660253869109E-01 0.17726898004897397309321031261728E+01
0.81012357842120693525571036611697E-01 0.17672309110181908672202269946925E+01
0.80919228227279736534404216498972E-01 0.17617094304142084856416110494216E+01
0.80825418690920294404427925387944E-01 0.17561255482328935651607718181016E+01
0.80730948136232772975976335704314E-01 0.17504794561143210662169754394776E+01
0.80635835835604012919628372040378E-01 0.17447713477740637338127257650578E+01
0.80540101437682207664798938133410E-01 0.17390014189935464283486183384836E+01
0.80443764974680298982343597668564E-01 0.17331698676102269899954371269954E+01
0.80346846869926421002062045067617E-01 0.17272768935076000124552633897785E+01
0.80249367945671110276768179052533E-01 0.17213226986050196611883718440858E+01
0.80151349431161475286529331164058E-01 0.17153074868473371445145332857848E+01
0.80052812970991646628819087549529E-01 0.17092314641943489359553162821571E+01
0.79953780633741346570781369860214E-01 0.17030948386100509150216753593031E+01
0.79854274920912519423405988881030E-01 0.16968978200516931798567871624342E+01
0.79754318776177400043906263102215E-01 0.16906406204586321211654463658202E+01
0.79653935594949157435184998414751E-01 0.16843234537409716186612134530368E+01
0.79553149234287731656741126705349E-01 0.16779465357679913189329269296216E+01
0.79451984023156140538971026959539E-01 0.16715100843563525282586487080269E+01
0.79350464773038880328859886151627E-01 0.16650143192580783076910526858406E+01
0.79248616788939705661367324634050E-01 0.16584594621482999378797102672284E+01
0.79146465880772196328528206148565E-01 0.16518457366127626633207279017927E+01
0.79044038375160952802957816738630E-01 0.16451733681350846198680101288709E+01
0.78941361127669591278076037020012E-01 0.16384425840837597803187920192412E+01
0.78838461535473812871571613550298E-01 0.16316536136988979995810045009214E+01
0.78735367550498247275823262915286E-01 0.16248066880786939828283645714940E+01
0.78632107693036417768733354988645E-01 0.16179020401656138338149974109930E+01
0.78528711065875844368356938904633E-01 0.16109399047322934203384831598151E+01
0.78425207368947586207510159367001E-01 0.16039205183671346560840579253251E+01
0.78321626914526101476205477673579E-01 0.15968441194595924519189472363748E+01
0.78218000643000888290863064917301E-01 0.15897109481851388606085483721099E+01
0.78114360139246591585841275120047E-01 0.15825212464898935834518077331284E+01
0.78010737649617665388604255835203E-01 0.15752752580749087334574785341891E+01
0.77907166099595504051247052827663E-01 0.15679732283800934949776815186182E+01
0.77803679112117800389269562968120E-01 0.15606154045677657626727668952873E+01
0.77700311026620673673916648502592E-01 0.15532020355058158323222876105374E+01
0.77597096918826432269435082825246E-01 0.15457333717504657398149191165240E+01
0.77494072621311440558515101421174E-01 0.15382096655286086522669787478927E+01
0.77391274744890119659284305877739E-01 0.15306311707197100156991743335178E+01
0.77288740700853584869125210243581E-01 0.15229981428372524939704450753752E+01
0.77186508724102786825496506511387E-01 0.15153108390097043215788863634992E+01
0.77084617897219433970949444222517E-01 0.15075695179609903209800690684833E+01
0.76983108175518948911881999216451E-01 0.14997744399904439990765160424729E+01
0.76882020413133495484276532304544E-01 0.14919258669522159736480537224304E+01
0.76781396390174792073111679024885E-01 0.14840240622341143273817733495847E+01
0.76681278841029979309997244061133E-01 0.14760692907358510077488332327528E+01
0.76581711483847095626717381991324E-01 0.14680618188466637042051815238701E+01
0.76482739051268213319112809969021E-01 0.14600019144222859638238096570282E+01
0.76384407322475188543795036487662E-01 0.14518898467612310098070814885779E+01
0.76286763156612420968178674468080E-01 0.14437258865803563376459608346540E+01
0.76189854527658508100501225738686E-01 0.14355103059896731073789015383001E+01
0.76093730560821583487003656746462E-01 0.14272433784663599559176075599000E+01
0.75998441570536839185008821424356E-01 0.14189253788279421714396327532477E+01
0.75904039100151463722882956458373E-01 0.14105565832045900019983646191034E+01
0.75810575963385697611061505151858E-01 0.14021372690104897270864678083624E+01
0.75718106287665139206312518056059E-01 0.13936677149142392034981113496575E+01
0.75626685559425515552343393861470E-01 0.13851482008082097787622547403908E+01
0.75536370671496995131778698582139E-01 0.13765790077768225021740799390118E+01
0.75447219972682291728079610740657E-01 0.13679604180636727939051731346978E+01
0.75359293319650521967844636259490E-01 0.13592927150374397723392943959537E+01
0.75272652131275927592312688652872E-01 0.13505761831565105751148445002737E+01
0.75187359445559653710335590236334E-01 0.13418111079322419539148604970181E+01
0.75103479979282337366804640337758E-01 0.13329977758907805924587174203062E+01
0.75021080190543528903536893925672E-01 0.13241364745333535914613903967772E+01
0.74940228344357103301834091973152E-01 0.13152274922949362567755770943487E+01
0.74860994581481302918844907085663E-01 0.13062711185011983475418367199234E+01
0.74783450990674265801762330517210E-01 0.12972676433236183216914316541294E+01
0.74707671684582127182401078587105E-01 0.12882173577326528981255684595040E+01
0.74633732879476774615775150522206E-01 0.12791205534488346454266251815717E+01
0.74561712979080396111107490888314E-01 0.12699775228916639667771711044492E+01
0.74491692662727802264953623689868E-01 0.12607885591261513202397622292639E+01
0.74423754978137213232261444895954E-01 0.12515539558068518959645244055283E+01
0.74357985439079923052835709953862E-01 0.12422740071192245617482015868911E+01
0.74294472128260204390339765484885E-01 0.12329490077181327897979621463887E+01
0.74233305805741525284723397362518E-01 0.12235792526632893180853986718126E+01
0.74174580023278923603257211388489E-01 0.12141650373514316318580834242475E+01
0.74118391244946564673953273334566E-01 0.12047066574449957775779517294760E+01
0.74064838974478514651652801276703E-01 0.11952044087970386981333919130863E+01
0.74014025889774609020633511803321E-01 0.11856585873721356670432771443630E+01
0.73966057985058365893529917642833E-01 0.11760694891629566312046282627325E+01
0.73921044721213145034748195302695E-01 0.11664374101022011034717803476592E+01
0.73879099184866159740597540709070E-01 0.11567626459695399049987880374769E+01
0.73840338256835742025798644880752E-01 0.11470454922931828093712469312878E+01
0.73804882790609625319466398932486E-01 0.11372862442456576269482585799230E+01
0.73772857801577450791850786914178E-01 0.11274851965333435416691703258164E+01
0.73744392667801531386620399409651E-01 0.11176426432792675660246132529786E+01
0.73719621343181689891345348518594E-01 0.11077588778986161177321942012597E+01
0.73698682583937612565388139302679E-01 0.10978341929663732523505180666321E+01
0.73681720189422205205640060790806E-01 0.10878688800764312188111138791639E+01
0.73668883258363637054280727442869E-01 0.10778632296914594676691797719541E+01
0.73660326461737764500275458407912E-01 0.10678175309827491071932912521365E+01
0.73656210333581161451353955207590E-01 0.10577320716591672764121294417338E+01
0.73656701581178334010406459545240E-01 0.10476071377842725660604962486318E+01
0.73661973416192863040941199297504E-01 0.10374430135805428431329484987408E+01
0.73672205908460685675466881820716E-01 0.10272399812195559261176956810854E+01
0.73687586364335407576129951450766E-01 0.10169983205968478103347875075885E+01
0.73708309731655667513465269121518E-01 0.10067183090900257922378500446303E+01
0.73734579033620871340762838998344E-01 0.99640022129857143153349443599995E+00
0.73766605834085050779264467238052E-01 0.98604432876358444784401147982682E+00
0.73804610737044142796061795735599E-01 0.97565089966553080348910675653490E+00
0.73848823923381807255850435966695E-01 0.96522019849783418642097356154159E+00
0.73899485728262829560907424857325E-01 0.95475248571390099054684727077036E+00
0.73956847262933903143539138548200E-01 0.94424801734488748424795771640184E+00
0.74021171085100537076910970290361E-01 0.93370704458519580088748660228059E+00
0.74092731922519695548763371027578E-01 0.92312981334232100590495443546824E+00
0.74171817454971519464283602146152E-01 0.91251656374725557461147122081454E+00
0.74258729160371554255448097988791E-01 0.90186752962118143360530617754447E+00
0.74353783231462934690307051413062E-01 0.89118293789363868331148900982961E+00
0.74457311570298270685421100946062E-01 0.88046300796673102298504092185970E+00
0.74569662868600233259720191244357E-01 0.86970795101921659019938877256708E+00
0.74691203783092162144446626602776E-01 0.85891796924350111887845075306855E+00
0.74822320216042050807544011714967E-01 0.84809325500759669608524125398485E+00
0.74963418712580273241115818051627E-01 0.83723398993300194441429713097928E+00
0.75114927987873564801355872307367E-01 0.82634034387817414751346689278253E+00
0.75277300598987899514281190625319E-01 0.81541247381576441961212928541469E+00
0.75451014778302743570128141000033E-01 0.80445052259003891048054028315139E+00
0.75636576447694131459228820916897E-01 0.79345461753885724749132882485304E+00
0.75834521435442481239773129860459E-01 0.78242486896217156936380796777889E+00
0.76045417921020260690342471234597E-01 0.77136136841616603721522973301541E+00
0.76269869136663892626439294993183E-01 0.76026418680879743781555720576844E+00
0.76508516359036530710793326032593E-01 0.74913337226850494555307319010214E+00
0.76762042229484074037518582251148E-01 0.73796894775309921647007766132725E+00
0.77031174447536154991375328490589E-01 0.72677090836015535291369764418106E+00
0.77316689889614379374803599794660E-01 0.71553921829339463437799554041953E+00
0.77619419213628539055616057388345E-01 0.70427380743129885698658351793079E+00
0.77940252020596887547525742367700E-01 0.69297456743421302236942408692094E+00
0.78280142657005194588949480055959E-01 0.68164134731403214529564758685901E+00
0.78640116756838511483783827050453E-01 0.67027394837569802016429046145633E+00
0.79021278640716730717206974620712E-01 0.65887211842144469451386052572656E+00
0.79424819712166172801318738688356E-01 0.64743554508612657946246482199760E+00
0.79852028018833386705217553395889E-01 0.63596384814385563879669272676366E+00
0.80304299180776012235132573618105E-01 0.62445657059100918993942432674254E+00
0.80783148930661582829333569216233E-01 0.61291316826640547969544581481321E+00
0.81290227564166965168812753741848E-01 0.60133299771331281814078938406273E+00
0.81827336666286504407420398241298E-01 0.58971530191629455240915708624202E+00
0.82396448564914293295065977578932E-01 0.57805919345365611489063342100963E+00
0.82999729072792049155321095210877E-01 0.56636363448656594318557328742451E+00
0.83639564220693548750574291518734E-01 0.55462741284921596787465018805661E+00
0.84318591869649783306955738871130E-01 0.54284911329723593140774102867642E+00
0.85039739333685657381048047820056E-01 0.53102708269493062046793531346841E+00
0.85806268469148089586257818546438E-01 0.51915938754831287974909318748609E+00
0.86621830124344841685938565461669E-01 0.50724376178028119853836592759953E+00
0.87490530441041601960025924277463E-01 0.49527754193719694885400968877619E+00
0.88417012327926241941625478486332E-01 0.48325758602287793838451160705410E+00
0.89406556593285478385419526584422E-01 0.47118017073893129616197028153201E+00
0.90465208898896926018674695275384E-01 0.45904085985360843228092497897760E+00
0.91599941153663499003920067380333E-01 0.44683433337965762163602829958398E+00
0.92818859671701668248000443081025E-01 0.43455416265018896723698297001732E+00
0.94131478254843168033524037466938E-01 0.42219250929912292560194861389075E+00
0.95549084391925713292860324049743E-01 0.40973971501639934988715369533792E+00
0.97085249507292374571524429218541E-01 0.39718373162312634679209037097307E+00
0.98756730599463192157874088319294E-01 0.38450933399301487491485030671250E+00
0.10096788632991570093565690536384E+00 0.36911529611530773188416445381672E+00
0.10345026220582499359891091779900E+00 0.35347578105812870928720724884121E+00
0.10626500596153821850115381913401E+00 0.33752314716437032192831855430510E+00
0.10950375812779187474732883976811E+00 0.32115428231757353153379922268035E+00
0.11330656467830215923650677692268E+00 0.30419825125788361898873057643435E+00
0.11765401725233538962683857383161E+00 0.28729404129389169492594464847747E+00
0.12241658613558122140442095655753E+00 0.27126544401167964607088831244720E+00
0.12762750954616556671003450501069E+00 0.25612503856044603196952507013924E+00
0.13321926043394492716558822872161E+00 0.24183593239637267363827431401751E+00
0.13967409304591247559682048256103E+00 0.22858619088322971207854083393798E+00
0.13201684412573710628645448458412E+00 0.21598365214593655236766054021580E+00
0.12486621922254702293845779915523E+00 0.20237178102127530226653347502292E+00
0.11807868523803447760490727654297E+00 0.18779933406135744172822695553967E+00
0.11164104995773937649933069928914E+00 0.17226033881578705579364597365265E+00
0.10550213971884963156498551060271E+00 0.15577427118073402187712064951036E+00
0.99886203334243604175589672579347E-01 0.13914722770848578885367900342487E+00
0.94882356911669733893994271654178E-01 0.12302006667509699897392225164898E+00
0.90333377816010483151906828495079E-01 0.10723811859644036406177404195666E+00
0.86139142816587325602259347699173E-01 0.91708320524559060041839346287007E-01
0.82230652653513740683890510945441E-01 0.76370369728983954085137817376663E-01
0.79156925339491445965852210455746E-01 0.63704771082063999630053538866519E-01
0.76223837451490822354431940483326E-01 0.51126348201620641139813839376361E-01
0.73415293772169740796722404756716E-01 0.38621284944480497625672840077447E-01
0.70716342945632813084467063571078E-01 0.26179147643723547731865329521763E-01
0.68115154016889558935700802235670E-01 0.13791496238921478829449777901795E-01
0.65601592950078701280340602688377E-01 0.14515660296769517412388399794585E-02
0.63167117649529486785473404487138E-01 -0.10846167489377011481247591949950E-01
0.60804385790091830389004357856607E-01 -0.23106239830085044821805981719936E-01
0.58507059620630452825937872366136E-01 -0.35332406095758788431252656635420E-01
0.56269620256702515573028664146416E-01 -0.47527792020385632603672305657474E-01
0.54087233237764233514963677413658E-01 -0.59695012266659767085226441496734E-01
0.51955637828241895444021099954230E-01 -0.71836261814652807403668307507543E-01
0.49871059250183014843121355008302E-01 -0.83953388192039617615187316764969E-01
0.47830136976934838450727476991318E-01 -0.96047948913157082244259584173040E-01
0.45829866088964064320867576107764E-01 -0.10812125768455458484219878895566E+00
0.43867548752947288458649757947105E-01 -0.12017442187676722860319147583705E+00
0.41940753821633711848088413933400E-01 -0.13220837316977074156489143106757E+00
0.40047282941040252439417981814513E-01 -0.14422389280087417816267677917283E+00
0.38185141937980770425358942630226E-01 -0.15622163251096139251392486246126E+00
0.36352516518235500682608752175263E-01 -0.16820213203346506575694065954964E+00
0.34547751511478727812170251321129E-01 -0.18016583378420024060206140843873E+00
0.32769333053125493260177671940415E-01 -0.19211309526892262876520867857420E+00
0.31015873213501747568799496660241E-01 -0.20404419961794289408846233424233E+00
0.29286096678104497862989429552208E-01 -0.21595936457433032812790700616481E+00
0.27578829156233085757090903494274E-01 -0.22785875019802016120762440187521E+00
0.25892987253455857038776278268661E-01 -0.23974246549792400411393370697709E+00
0.24227569589798750207521911186827E-01 -0.25161057416458971799788732848621E+00
0.22581648982818132899222692102135E-01 -0.26346309954459525286730867833327E+00
0.20954365544838795393045435987427E-01 -0.27530002897282344493299262772520E+00
0.19344920568123121329776216334959E-01 -0.28712131755866303585888710352534E+00
0.17752571091748994315764980895058E-01 -0.29892689150594153599830179530676E+00
0.16176625060419954476168587737037E-01 -0.31071665103321051727836159253571E+00
0.14616436999011374427881159888470E-01 -0.32249047295023845035041411580166E+00
0.13071404137927332168970818998702E-01 -0.33424821293773603761676514253537E+00
0.11540962933735153149921250116632E-01 -0.34598970757006256202216802650865E+00
0.10024585937408574498911564383259E-01 -0.35771477611463621247797732982507E+00
0.85217789691196917908051959481533E-02 -0.36942322213676348286154624604756E+00
0.70320785640978016568784448701282E-02 -0.38111483493442285500491977326064E+00
0.55550496587957565140150553524914E-02 -0.39278939082403372876190779834163E+00
0.40902834906208659862255023235234E-02 -0.40444665429529802920956385179697E+00
0.26373956879101937750229996102952E-02 -0.41608637905071206630605129882915E+00
0.11960245297621473874532319923245E-02 -0.42770830894324451730633342388951E+00
-0.23417064215155755151045218445503E-03 -0.43931217882388414633971592700827E+00
-0.16535108755020781084424097918088E-02 -0.45089771530923774457308621256035E+00
-0.30622989367871899742577535139567E-02 -0.46246463747805606884262969880567E+00
-0.44608205306065681043650759751229E-02 -0.47401265750444560804574139336394E+00
-0.58493454195429580895812539753869E-02 -0.48554148123456697569000413891569E+00
-0.72281284542452958733964408192660E-02 -0.49705080871278954598591072702398E+00
-0.85974105222411423794991249536639E-02 -0.50854033466255834818009735441954E+00
-0.99574194230725637762564471323959E-02 -0.52000974892660860192993605527206E+00
-0.11308370676534210432907714194859E-01 -0.53145873687062479760245939448537E+00
-0.12650468270071155307179986854654E-01 -0.54288697975397306334719075491736E+00
-0.13983905350764445794026703468316E-01 -0.55429415507072643283374565261262E+00
-0.15308864866773120634584795839224E-01 -0.56567993686384458673742892577806E+00
-0.16625520162607574674990773927544E-01 -0.57704399601505845326017341430825E+00
-0.17934035532176429529936330957792E-01 -0.58838600051273257464478910212505E+00
-0.19234566733155439265733194643578E-01 -0.59970561569973756942389380151392E+00
-0.20527261465888769944409361297454E-01 -0.61100250450315280216144029528557E+00
-0.21812259819721966361852737883466E-01 -0.62227632764742928964062013424897E+00
-0.23089694689395190394293804826920E-01 -0.63352674385247776641983921012922E+00
-0.24359692163878752702344400740947E-01 -0.64475341001799830883614343115920E+00
-0.25622371889816066991420440301995E-01 -0.65595598139523886185647298817312E+00
-0.26877847411542132841692042890751E-01 -0.66713411174725102301648796769327E+00
-0.28126226489469613092020872472722E-01 -0.67828745349860965797738008846396E+00
-0.29367611398477423467237506896917E-01 -0.68941565787547046358889555984621E+00
-0.30602099207793381028627731623890E-01 -0.70051837503675576142895829677061E+00
-0.31829782043733918609150488124931E-01 -0.71159525419718611490262841509298E+00
-0.33050747336549480556750863305524E-01 -0.72264594374280950349943864614201E+00
-0.34265078052517753650098610054634E-01 -0.73367009133961803782229972012126E+00
-0.35472852912332963158580488835345E-01 -0.74466734403579319103687767327964E+00
-0.36674146596753369795359307294420E-01 -0.75563734835806764530302963595437E+00
-0.37869029940391979579161893482319E-01 -0.76657975040265266749969676232982E+00
-0.39057570114462381825030379081566E-01 -0.77749419592113892441323436683402E+00
-0.40239830799229855080071096156217E-01 -0.78838033040174378382373982773773E+00
-0.41415872346858777998146657574496E-01 -0.79923779914624733757907300276163E+00
-0.42585751935291170302925152658209E-01 -0.81006624734292892602930627809065E+00
-0.43749523713747111520038059403138E-01 -0.82086532013579113814032074441958E+00
-0.44907238940388560563171983880869E-01 -0.83163466269033571759515592207301E+00
-0.46058946112651559910043491203312E-01 -0.84237392025613032458995248979951E+00
-0.47204691090710727718458182984815E-01 -0.85308273822639102897673918543460E+00
-0.48344517214508786858298921577668E-01 -0.86376076219478288567199455389322E+00
-0.49478465414750837795367452371764E-01 -0.87440763800962799962303302350198E+00
-0.50606574318235276086817030841410E-01 -0.88502301182569442044553168335318E+00
-0.51728880347865842406943858536944E-01 -0.89560653015372432228873955846190E+00
-0.52845417817666571412206105319258E-01 -0.90615783990785241066845913140387E+00
-0.53956219023096864437250758978256E-01 -0.91667658845104766112558842977127E+00
-0.55061314326945482151262116372366E-01 -0.92716242363870685844115622223652E+00
-0.56160732241062679455310389219371E-01 -0.93761499386051592836899621867109E+00
-0.57254499504170697438378556251800E-01 -0.94803394808068650180533426277026E+00
-0.58342641155978003688012526838915E-01 -0.95841893587667086984909013539314E+00
-0.59425180607809572519671931032237E-01 -0.96876960747644311575534326847894E+00
-0.60502139709945967154787273338419E-01 -0.97908561379443903544395502412995E+00
-0.61573538815858897130965539966325E-01 -0.98936660646622936690870488776386E+00
-0.62639396843511631942051561111700E-01 -0.99961223788200425409318565941271E+00
-0.63699731333887567688454076793614E-01 -0.10098221612189372597797356484001E+01
-0.64754558506895922164733380652268E-01 -0.10199960304724924536541059328687E+01
-0.65803893314796540021155790656491E-01 -0.10301335004867361737590481408768E+01
-0.66847749493276352657784187460891E-01 -0.10402342269837083980062098872947E+01
-0.67886139610300599110520528138687E-01 -0.10502978665919053121947189177204E+01
-0.68919075112856773640605321191003E-01 -0.10603240768739233825469652831114E+01
-0.69946566371699904642418678743638E-01 -0.10703125163533086954137941403803E+01
-0.70968622724202338601325515123411E-01 -0.10802628445406547848198847281695E+01
-0.71985252515405237738858768708635E-01 -0.10901747219589877923989422072372E+01
-0.72996463137362167783542705503225E-01 -0.11000478101684773177812774031320E+01
-0.74002261066861026073644040918223E-01 -0.11098817717905061686503688730152E+01
-0.75002651901605034650694140898989E-01 -0.11196762705311320224045738672594E+01
-0.75997640394928403105224444003864E-01 -0.11294309712039711147983814390063E+01
-0.76987230489119630304236015108355E-01 -0.11391455397525332726145571992116E+01
-0.77971425347418088937613415656549E-01 -0.11488196432720331404981152696300E+01
-0.78950227384749930963811911087336E-01 -0.11584529500307044753907666111304E+01
-0.79923638297262054518814436687594E-01 -0.11680451294906395543628039466092E+01
-0.80891659090711991516799623386165E-01 -0.11775958523281765078729819316234E+01
-0.81854290107766901680971763544696E-01 -0.11871047904538549296207408813646E+01
-0.82811531054262817344045435850259E-01 -0.11965716170319586344069025777410E+01
-0.83763381024472714139925338754704E-01 -0.12059960064996651875667030622293E+01
-0.84709838525427996920724354501578E-01 -0.12153776345858173937346781328543E+01
-0.85650901500337314342542011841447E-01 -0.12247161783293348751509013913750E+01
-0.86586567351143062787874095729519E-01 -0.12340113160972798276535335791369E+01
-0.87516832960254544009797033010792E-01 -0.12432627276025896739470451460492E+01
-0.88441694711494523835546797920037E-01 -0.12524700939214950035936497634485E+01
-0.89361148510293051826324778432908E-01 -0.12616330975106282476667611582009E+01
-0.90275189803163249731685127168312E-01 -0.12707514222238421716409787764274E+01
-0.91183813596488105517503721685779E-01 -0.12798247533287444905116092564852E+01
-0.92087014474650530156089764115062E-01 -0.12888527775229608891772660475355E+01
-0.92984786617532274834088793590536E-01 -0.12978351829501374462217352452800E+01
-0.93877123817410719044378086324735E-01 -0.13067716592156894448583771896075E+01
-0.94764019495277438445810689868787E-01 -0.13156618974023081289375998449296E+01
-0.95645466716603573532385009877754E-01 -0.13245055900852323894772750580463E+01
-0.96521458206575061136063602616049E-01 -0.13333024313472923055251127914842E+01
-0.97391986364818802638889413602913E-01 -0.13420521167937351743835470534886E+01
-0.98257043279642048520093704342135E-01 -0.13507543435668373526644637623237E+01
-0.99116620741802975304137499120923E-01 -0.13594088103603115922122756517887E+01
-0.99970710257832989364893910643673E-01 -0.13680152174335145185832832839227E+01
-0.10081930306292832783959304301810E+00 -0.13765732666254607060857488214902E+01
-0.10166239013342722735279335620481E+00 -0.13850826613686493795880968196728E+01
-0.10249996219889020298089115307345E+00 -0.13935431067027082718162605344167E+01
-0.10333200975379844863703574125691E+00 -0.14019543092878605100573165050153E+01
-0.10415852306888514015289184653036E+00 -0.14103159774182189041636552085035E+01
-0.10497949220211408975494115141256E+00 -0.14186278210349120456523854017240E+01
-0.10579490700931928699658008392629E+00 -0.14268895517390470920883729942200E+01
-0.10660475715451807665948916528016E+00 -0.14351008828045125412759271095503E+01
-0.10740903211991034000995610284422E+00 -0.14432615291906254245678224319268E+01
-0.10820772121557560589985044797493E+00 -0.14513712075546264440739430321576E+01
-0.10900081358887938709884547946976E+00 -0.14594296362640261023866919602180E+01
-0.10978829823359919495190935891561E+00 -0.14674365354088058441971966628741E+01
-0.11057016399878078680413225441347E+00 -0.14753916268134766174000296249688E+01
-0.11134639959733490809409637640566E+00 -0.14832946340489980295293483556327E+01
-0.11211699361438274268010383433403E+00 -0.14911452824445613826379690701261E+01
-0.11288193451536016663817696769117E+00 -0.14989432990992377682354888778748E+01
-0.11364121065388951304526120865876E+00 -0.15066884128934962142539069979584E+01
-0.11439481027942579331972517110010E+00 -0.15143803545005911826844345700820E+01
-0.11514272154468715484344279963585E+00 -0.15220188563978241924601279346242E+01
-0.11588493251287529021138185833578E+00 -0.15296036528776809624839786054032E+01
-0.11662143116469442063792060170746E+00 -0.15371344800588448572223276251182E+01
-0.11735220540517524291048116162822E+00 -0.15446110758970907185388672448636E+01
-0.11807724307031025127994101646481E+00 -0.15520331801960590526215575831581E+01
-0.11879653193350777392720783538237E+00 -0.15594005346179128519749709403674E+01
-0.11951005971186934372681039346026E+00 -0.15667128826938803618919870809373E+01
-0.12021781407229794423523423599964E+00 -0.15739699698346810745556981219155E+01
-0.12091978263744127514831105306216E+00 -0.15811715433408423832305697444837E+01
-0.12161595299147668050213546651155E+00 -0.15883173524129024104458160287507E+01
-0.12230631268574203834844238422512E+00 -0.15954071481615043293435595524917E+01
-0.12299084924421799712795424990042E+00 -0.16024406836173821666010235064344E+01
-0.12366955016886626632578637560188E+00 -0.16094177137412384630000634894271E+01
-0.12434240294482861411380352597232E+00 -0.16163379954335164787034534153050E+01
-0.12500939504549099630186049030749E+00 -0.16232012875440664950396905442120E+01
-0.12567051393741669710094338353402E+00 -0.16300073508817083270682420149623E+01
-0.12632574708515313386257972008218E+00 -0.16367559482236905753446785784046E+01
-0.12697508195591586649408280785617E+00 -0.16434468443250473158607261138261E+01
-0.12761850602415365101253973441633E+00 -0.16500798059278537172337570946605E+01
-0.12825600677599816219233847547534E+00 -0.16566546017703803407720726184169E+01
-0.12888757171360173139538779651408E+00 -0.16631710025961483545498526607259E+01
-0.12951318835936707651836929210952E+00 -0.16696287811628849725689954179629E+01
-0.13013284426007108150703763844503E+00 -0.16760277122513806247448919934066E+01
-0.13074652699088696992504997882199E+00 -0.16823675726742482069708767064619E+01
-0.13135422415930689989382522206514E+00 -0.16886481412845855035982635298210E+01
-0.13195592340896843979880231955282E+00 -0.16948691989845404439276644542515E+01
-0.13255161242338752284705383457547E+00 -0.17010305287337805771653094677649E+01
-0.13314127892960026977661025545437E+00 -0.17071319155578668649033600163238E+01
-0.13372491070171677166233297220713E+00 -0.17131731465565327588821089907678E+01
-0.13430249556438877374431871217054E+00 -0.17191540109118680516375207163686E+01
-0.13487402139619392344926409605610E+00 -0.17250742998964090211127859676839E+01
-0.13543947613293907181172186617452E+00 -0.17309338068811348554649452811333E+01
-0.13599884777088415497585653142448E+00 -0.17367323273433702758664430734370E+01
-0.13655212436988957763746065070600E+00 -0.17424696588745956147151409550574E+01
-0.13709929405648864956577685534745E+00 -0.17481456011881641047289230090322E+01
-0.13764034502688709237650371048541E+00 -0.17537599561269263479997655333855E+01
-0.13817526554989200764970073256839E+00 -0.17593125276707639005040285330474E+01
-0.13870404396977101215290143521142E+00 -0.17648031219440295543979842171152E+01
-0.13922666870904522155578914804148E+00 -0.17702315472228975977030631132974E+01
-0.13974312827121519091499879096435E+00 -0.17755976139426218890420673896377E+01
-0.14025341124342420506918924559693E+00 -0.17809011347047032779127750772274E+01
-0.14075750629905859431466841328348E+00 -0.17861419242839663079510061078486E+01
-0.14125540220028715083980712726182E+00 -0.17913197996355449772940651305103E+01
-0.14174708780054144935999597631340E+00 -0.17964345799017788647473057175924E+01
-0.14223255204693820927677103182005E+00 -0.18014860864190180957830533698288E+01
-0.14271178398264503775368584290261E+00 -0.18064741427243389355400331214071E+01
-0.14318477274919112181265066293588E+00 -0.18113985745621693302973453231427E+01
-0.14365150758872385513520279625969E+00 -0.18162592098908245418313409382953E+01
-0.14411197784621290867169803247822E+00 -0.18210558788889534983168038095642E+01
-0.14456617297160276413739798360926E+00 -0.18257884139618951457771750629976E+01
-0.14501408252191513057372762053061E+00 -0.18304566497479460307616160120032E+01
-0.14545569616330180633479250719946E+00 -0.18350604231245381770897245417170E+01
-0.14589100367304983817212418298844E+00 -0.18395995732143277881503876883669E+01
-0.14631999494153923439875068149661E+00 -0.18440739413911951528036344827807E+01
-0.14674265997415512363904153095316E+00 -0.18484833712861552402158331698231E+01
-0.14715898889315419806336948898972E+00 -0.18528277087931795035004322442884E+01
-0.14756897193948749155562556242070E+00 -0.18571068020749287989366091919308E+01
-0.14797259947457984500053198027656E+00 -0.18613205015683972721371575761479E+01
-0.14836986198206681765702356208849E+00 -0.18654686599904679093821034374480E+01
-0.14876075006949026202914057150980E+00 -0.18695511323433788327828315669217E+01
-0.14914525446995321451211379064309E+00 -0.18735677759201013591039385336833E+01
-0.14952336604373480038127156171093E+00 -0.18775184503096291622957302541443E+01
-0.14989507577986600026795991503105E+00 -0.18814030174021788500390447881188E+01
-0.15026037479766718060187185693839E+00 -0.18852213413943020600525864282160E+01
-0.15061925434824775094460064548299E+00 -0.18889732887939088379244945673105E+01
-0.15097170581596890185505925863149E+00 -0.18926587284252024882716107238196E+01
-0.15131772071987008750366056975077E+00 -0.18962775314335260577003676856658E+01
-0.15165729071505970339722926817497E+00 -0.18998295712901200274008201545029E+01
-0.15199040759407078961111836050744E+00 -0.19033147237967916474298189954468E+01
-0.15231706328818227386368756809640E+00 -0.19067328670904956880802735798232E+01
-0.15263724986870625096027670155682E+00 -0.19100838816478267889242722642472E+01
-0.15295095954824201252891315438407E+00 -0.19133676502894230568952405959632E+01
-0.15325818468189724114539292707918E+00 -0.19165840581842813118936215616923E+01
-0.15355891776847714380556100434801E+00 -0.19197329928539838302409247024477E+01
-0.15385315145164138941621167178351E+00 -0.19228143441768363953003015950132E+01
-0.15414087852103029895659063131279E+00 -0.19258280043919178948747747271899E+01
-0.15442209191335983910790147261261E+00 -0.19287738681030413487849907890021E+01
-0.15469678471348646094434794771714E+00 -0.19316518322826263283049442077680E+01
-0.15496495015544200409334415890930E+00 -0.19344617962754827942472407921435E+01
-0.15522658162343899816599891380953E+00 -0.19372036618025063375749414348103E+01
-0.15548167265284706035246814167303E+00 -0.19398773329642847347717485943778E+01
-0.15573021693114040801127022471371E+00 -0.19424827162446159676514413778224E+01
-0.15597220829881717849774755116964E+00 -0.19450197205139373978008195665933E+01
-0.15620764075029082458492932875153E+00 -0.19474882570326664319449892699380E+01
-0.15643650843475367334418532366857E+00 -0.19498882394544523583710889282331E+01
-0.15665880565701354260537154691087E+00 -0.19522195838293394630077066972510E+01
-0.15687452687830315988741651498103E+00 -0.19544822086068414743817606914283E+01
-0.15708366671706300963590434304516E+00 -0.19566760346389270625931256613780E+01
-0.15728621994969793448051742493854E+00 -0.19588009851829167199097190363886E+01
-0.15748218151130754635652608106011E+00 -0.19608569859042906608157054723091E+01
-0.15767154649639098016472287786174E+00 -0.19628439648794079627977601388204E+01
-0.15785431015952604170454735814781E+00 -0.19647618525981367871321036201213E+01
-0.15803046791602318733339556299923E+00 -0.19666105819663957121993457296462E+01
-0.15820001534255441028523571399056E+00 -0.19683900883086061652448842486086E+01
-0.15836294817775738220029978143914E+00 -0.19701003093700558475115241466287E+01
-0.15851926232281503412713386082156E+00 -0.19717411853191732493089829434594E+01
-0.15866895384201078923846798823781E+00 -0.19733126587497131619764756426345E+01
-0.15881201896325960693615592787756E+00 -0.19748146746828531372284342160286E+01
-0.15894845407861512268364634260176E+00 -0.19762471805692009593731090696880E+01
-0.15907825574475297834979639091970E+00 -0.19776101262907130117025238910016E+01
-0.15920142068343057613470003807149E+00 -0.19789034641625236214701113327605E+01
-0.15931794578192335766051110841073E+00 -0.19801271489346852326172169202003E+01
-0.15942782809343785889331232855206E+00 -0.19812811377938195427462321958378E+01
-0.15953106483750156080001505592484E+00 -0.19823653903646794249481760485739E+01
-0.15962765340032981947713738904925E+00 -0.19833798687116217539224712086836E+01
-0.15971759133516988420877251627970E+00 -0.19843245373399910231316394289523E+01
-0.15980087636262227375463726615014E+00 -0.19851993631974137807840453182546E+01
-0.15987750637093985122323449677305E+00 -0.19860043156750038351890312165214E+01
-0.15994747941631108634609868849717E+00 -0.19867393666084775794714760800964E+01
-0.15999042891662664223601248469316E+00 -0.19871905535717157752110635782454E+01
-0.16003041848962394648635621816717E+00 -0.19876106546848677106764356310779E+01
-0.16006744768397919138648796977794E+00 -0.19879996634150420972394165444731E+01
-0.16010151608178859766590171669359E+00 -0.19883575737128320016599874271990E+01
-0.16013262329846637757514927351070E+00 -0.19886843800124248477863874657042E+01
-0.16016225036250071591157407537196E+00 -0.19889956406466370651533113618025E+01
-0.16019187854216597623241961459619E+00 -0.19893069174173435798805149029074E+01
-0.16022150783758958353055056063874E+00 -0.19896182103250671708397425924954E+01
-0.16025113824889971444073353588244E+00 -0.19899295193703305436564204072516E+01
-0.16028076977622372468150534405959E+00 -0.19902408445536564862843999347864E+01
-0.16025113824889971444073353588244E+00 -0.19899295193703305436564204072516E+01
-0.16022150783758958353055056063874E+00 -0.19896182103250671708397425924954E+01
-0.16019187854216597623241961459619E+00 -0.19893069174173435798805149029074E+01
-0.16016225036250071591157407537196E+00 -0.19889956406466370651533113618025E+01
-0.16013262329846637757514927351070E+00 -0.19886843800124248477863874657042E+01
-0.16010151608178859766590171669359E+00 -0.19883575737128320016599874271990E+01
-0.16006744768397919138648796977794E+00 -0.19879996634150420972394165444731E+01
-0.16003041848962394648635621816717E+00 -0.19876106546848677106764356310779E+01
-0.15999042891662664223601248469316E+00 -0.19871905535717157752110635782454E+01
-0.15994747941631108634609868849717E+00 -0.19867393666084775794714760800964E+01
-0.15987750637093985122323449677305E+00 -0.19860043156750038351890312165214E+01
-0.15980087636262227375463726615014E+00 -0.19851993631974137807840453182546E+01
-0.15971759133516988420877251627970E+00 -0.19843245373399910231316394289523E+01
-0.15962765340032981947713738904925E+00 -0.19833798687116217539224712086836E+01
-0.15953106483750156080001505592484E+00 -0.19823653903646794249481760485739E+01
-0.15942782809343785889331232855206E+00 -0.19812811377938195427462321958378E+01
-0.15931794578192335766051110841073E+00 -0.19801271489346852326172169202003E+01
-0.15920142068343057613470003807149E+00 -0.19789034641625236214701113327605E+01
-0.15907825574475297834979639091970E+00 -0.19776101262907130117025238910016E+01
-0.15894845407861512268364634260176E+00 -0.19762471805692009593731090696880E+01
-0.15881201896325960693615592787756E+00 -0.19748146746828531372284342160286E+01
-0.15866895384201078923846798823781E+00 -0.19733126587497131619764756426345E+01
-0.15851926232281503412713386082156E+00 -0.19717411853191732493089829434594E+01
-0.15836294817775738220029978143914E+00 -0.19701003093700558475115241466287E+01
-0.15820001534255441028523571399056E+00 -0.19683900883086061652448842486086E+01
-0.15803046791602318733339556299923E+00 -0.19666105819663957121993457296462E+01
-0.15785431015952604170454735814781E+00 -0.19647618525981367871321036201213E+01
-0.15767154649639098016472287786174E+00 -0.19628439648794079627977601388204E+01
-0.15748218151130754635652608106011E+00 -0.19608569859042906608157054723091E+01
-0.15728621994969793448051742493854E+00 -0.19588009851829167199097190363886E+01
-0.15708366671706300963590434304516E+00 -0.19566760346389270625931256613780E+01
-0.15687452687830315988741651498103E+00 -0.19544822086068414743817606914283E+01
-0.15665880565701354260537154691087E+00 -0.19522195838293394630077066972510E+01
-0.15643650843475367334418532366857E+00 -0.19498882394544523583710889282331E+01
-0.15620764075029082458492932875153E+00 -0.19474882570326664319449892699380E+01
-0.15597220829881717849774755116964E+00 -0.19450197205139373978008195665933E+01
-0.15573021693114040801127022471371E+00 -0.19424827162446159676514413778224E+01
-0.15548167265284706035246814167303E+00 -0.19398773329642847347717485943778E+01
-0.15522658162343899816599891380953E+00 -0.19372036618025063375749414348103E+01
-0.15496495015544200409334415890930E+00 -0.19344617962754827942472407921435E+01
-0.15469678471348646094434794771714E+00 -0.19316518322826263283049442077680E+01
-0.15442209191335983910790147261261E+00 -0.19287738681030413487849907890021E+01
-0.15414087852103029895659063131279E+00 -0.19258280043919178948747747271899E+01
-0.15385315145164138941621167178351E+00 -0.19228143441768363953003015950132E+01
-0.15355891776847714380556100434801E+00 -0.19197329928539838302409247024477E+01
-0.15325818468189724114539292707918E+00 -0.19165840581842813118936215616923E+01
-0.15295095954824201252891315438407E+00 -0.19133676502894230568952405959632E+01
-0.15263724986870625096027670155682E+00 -0.19100838816478267889242722642472E+01
-0.15231706328818227386368756809640E+00 -0.19067328670904956880802735798232E+01
-0.15199040759407078961111836050744E+00 -0.19033147237967916474298189954468E+01
-0.15165729071505970339722926817497E+00 -0.18998295712901200274008201545029E+01
-0.15131772071987008750366056975077E+00 -0.18962775314335260577003676856658E+01
-0.15097170581596890185505925863149E+00 -0.18926587284252024882716107238196E+01
-0.15061925434824775094460064548299E+00 -0.18889732887939088379244945673105E+01
-0.15026037479766718060187185693839E+00 -0.18852213413943020600525864282160E+01
-0.14989507577986600026795991503105E+00 -0.18814030174021788500390447881188E+01
-0.14952336604373480038127156171093E+00 -0.18775184503096291622957302541443E+01
-0.14914525446995321451211379064309E+00 -0.18735677759201013591039385336833E+01
-0.14876075006949026202914057150980E+00 -0.18695511323433788327828315669217E+01
-0.14836986198206681765702356208849E+00 -0.18654686599904679093821034374480E+01
-0.14797259947457984500053198027656E+00 -0.18613205015683972721371575761479E+01
-0.14756897193948749155562556242070E+00 -0.18571068020749287989366091919308E+01
-0.14715898889315419806336948898972E+00 -0.18528277087931795035004322442884E+01
-0.14674265997415512363904153095316E+00 -0.18484833712861552402158331698231E+01
-0.14631999494153923439875068149661E+00 -0.18440739413911951528036344827807E+01
-0.14589100367304983817212418298844E+00 -0.18395995732143277881503876883669E+01
-0.14545569616330180633479250719946E+00 -0.18350604231245381770897245417170E+01
-0.14501408252191513057372762053061E+00 -0.18304566497479460307616160120032E+01
-0.14456617297160276413739798360926E+00 -0.18257884139618951457771750629976E+01
-0.14411197784621290867169803247822E+00 -0.18210558788889534983168038095642E+01
-0.14365150758872385513520279625969E+00 -0.18162592098908245418313409382953E+01
-0.14318477274919112181265066293588E+00 -0.18113985745621693302973453231427E+01
-0.14271178398264503775368584290261E+00 -0.18064741427243389355400331214071E+01
-0.14223255204693820927677103182005E+00 -0.18014860864190180957830533698288E+01
-0.14174708780054144935999597631340E+00 -0.17964345799017788647473057175924E+01
-0.14125540220028715083980712726182E+00 -0.17913197996355449772940651305103E+01
-0.14075750629905859431466841328348E+00 -0.17861419242839663079510061078486E+01
-0.14025341124342420506918924559693E+00 -0.17809011347047032779127750772274E+01
-0.13974312827121519091499879096435E+00 -0.17755976139426218890420673896377E+01
-0.13922666870904522155578914804148E+00 -0.17702315472228975977030631132974E+01
-0.13870404396977101215290143521142E+00 -0.17648031219440295543979842171152E+01
-0.13817526554989200764970073256839E+00 -0.17593125276707639005040285330474E+01
-0.13764034502688709237650371048541E+00 -0.17537599561269263479997655333855E+01
-0.13709929405648864956577685534745E+00 -0.17481456011881641047289230090322E+01
-0.13655212436988957763746065070600E+00 -0.17424696588745956147151409550574E+01
-0.13599884777088415497585653142448E+00 -0.17367323273433702758664430734370E+01
-0.13543947613293907181172186617452E+00 -0.17309338068811348554649452811333E+01
-0.13487402139619392344926409605610E+00 -0.17250742998964090211127859676839E+01
-0.13430249556438877374431871217054E+00 -0.17191540109118680516375207163686E+01
-0.13372491070171677166233297220713E+00 -0.17131731465565327588821089907678E+01
-0.13314127892960026977661025545437E+00 -0.17071319155578668649033600163238E+01
-0.13255161242338752284705383457547E+00 -0.17010305287337805771653094677649E+01
-0.13195592340896843979880231955282E+00 -0.16948691989845404439276644542515E+01
-0.13135422415930689989382522206514E+00 -0.16886481412845855035982635298210E+01
-0.13074652699088696992504997882199E+00 -0.16823675726742482069708767064619E+01
-0.13013284426007108150703763844503E+00 -0.16760277122513806247448919934066E+01
-0.12951318835936707651836929210952E+00 -0.16696287811628849725689954179629E+01
-0.12888757171360173139538779651408E+00 -0.16631710025961483545498526607259E+01
-0.12825600677599816219233847547534E+00 -0.16566546017703803407720726184169E+01
-0.12761850602415365101253973441633E+00 -0.16500798059278537172337570946605E+01
-0.12697508195591586649408280785617E+00 -0.16434468443250473158607261138261E+01
-0.12632574708515313386257972008218E+00 -0.16367559482236905753446785784046E+01
-0.12567051393741669710094338353402E+00 -0.16300073508817083270682420149623E+01
-0.12500939504549099630186049030749E+00 -0.16232012875440664950396905442120E+01
-0.12434240294482861411380352597232E+00 -0.16163379954335164787034534153050E+01
-0.12366955016886626632578637560188E+00 -0.16094177137412384630000634894271E+01
-0.12299084924421799712795424990042E+00 -0.16024406836173821666010235064344E+01
-0.12230631268574203834844238422512E+00 -0.15954071481615043293435595524917E+01
-0.12161595299147668050213546651155E+00 -0.15883173524129024104458160287507E+01
-0.12091978263744127514831105306216E+00 -0.15811715433408423832305697444837E+01
-0.12021781407229794423523423599964E+00 -0.15739699698346810745556981219155E+01
-0.11951005971186934372681039346026E+00 -0.15667128826938803618919870809373E+01
-0.11879653193350777392720783538237E+00 -0.15594005346179128519749709403674E+01
-0.11807724307031025127994101646481E+00 -0.15520331801960590526215575831581E+01
-0.11735220540517524291048116162822E+00 -0.15446110758970907185388672448636E+01
-0.11662143116469442063792060170746E+00 -0.15371344800588448572223276251182E+01
-0.11588493251287529021138185833578E+00 -0.15296036528776809624839786054032E+01
-0.11514272154468715484344279963585E+00 -0.15220188563978241924601279346242E+01
-0.11439481027942579331972517110010E+00 -0.15143803545005911826844345700820E+01
-0.11364121065388951304526120865876E+00 -0.15066884128934962142539069979584E+01
-0.11288193451536016663817696769117E+00 -0.14989432990992377682354888778748E+01
-0.11211699361438274268010383433403E+00 -0.14911452824445613826379690701261E+01
-0.11134639959733490809409637640566E+00 -0.14832946340489980295293483556327E+01
-0.11057016399878078680413225441347E+00 -0.14753916268134766174000296249688E+01
-0.10978829823359919495190935891561E+00 -0.14674365354088058441971966628741E+01
-0.10900081358887938709884547946976E+00 -0.14594296362640261023866919602180E+01
-0.10820772121557560589985044797493E+00 -0.14513712075546264440739430321576E+01
-0.10740903211991034000995610284422E+00 -0.14432615291906254245678224319268E+01
-0.10660475715451807665948916528016E+00 -0.14351008828045125412759271095503E+01
-0.10579490700931928699658008392629E+00 -0.14268895517390470920883729942200E+01
-0.10497949220211408975494115141256E+00 -0.14186278210349120456523854017240E+01
-0.10415852306888514015289184653036E+00 -0.14103159774182189041636552085035E+01
-0.10333200975379844863703574125691E+00 -0.14019543092878605100573165050153E+01
-0.10249996219889020298089115307345E+00 -0.13935431067027082718162605344167E+01
-0.10166239013342722735279335620481E+00 -0.13850826613686493795880968196728E+01
-0.10081930306292832783959304301810E+00 -0.13765732666254607060857488214902E+01
-0.99970710257832989364893910643673E-01 -0.13680152174335145185832832839227E+01
-0.99116620741802975304137499120923E-01 -0.13594088103603115922122756517887E+01
-0.98257043279642048520093704342135E-01 -0.13507543435668373526644637623237E+01
-0.97391986364818802638889413602913E-01 -0.13420521167937351743835470534886E+01
-0.96521458206575061136063602616049E-01 -0.13333024313472923055251127914842E+01
-0.95645466716603573532385009877754E-01 -0.13245055900852323894772750580463E+01
-0.94764019495277438445810689868787E-01 -0.13156618974023081289375998449296E+01
-0.93877123817410719044378086324735E-01 -0.13067716592156894448583771896075E+01
-0.92984786617532274834088793590536E-01 -0.12978351829501374462217352452800E+01
-0.92087014474650530156089764115062E-01 -0.12888527775229608891772660475355E+01
-0.91183813596488105517503721685779E-01 -0.12798247533287444905116092564852E+01
-0.90275189803163249731685127168312E-01 -0.12707514222238421716409787764274E+01
-0.89361148510293051826324778432908E-01 -0.12616330975106282476667611582009E+01
-0.88441694711494523835546797920037E-01 -0.12524700939214950035936497634485E+01
-0.87516832960254544009797033010792E-01 -0.12432627276025896739470451460492E+01
-0.86586567351143062787874095729519E-01 -0.12340113160972798276535335791369E+01
-0.85650901500337314342542011841447E-01 -0.12247161783293348751509013913750E+01
-0.84709838525427996920724354501578E-01 -0.12153776345858173937346781328543E+01
-0.83763381024472714139925338754704E-01 -0.12059960064996651875667030622293E+01
-0.82811531054262817344045435850259E-01 -0.11965716170319586344069025777410E+01
-0.81854290107766901680971763544696E-01 -0.11871047904538549296207408813646E+01
-0.80891659090711991516799623386165E-01 -0.11775958523281765078729819316234E+01
-0.79923638297262054518814436687594E-01 -0.11680451294906395543628039466092E+01
-0.78950227384749930963811911087336E-01 -0.11584529500307044753907666111304E+01
-0.77971425347418088937613415656549E-01 -0.11488196432720331404981152696300E+01
-0.76987230489119630304236015108355E-01 -0.11391455397525332726145571992116E+01
-0.75997640394928403105224444003864E-01 -0.11294309712039711147983814390063E+01
-0.75002651901605034650694140898989E-01 -0.11196762705311320224045738672594E+01
-0.74002261066861026073644040918223E-01 -0.11098817717905061686503688730152E+01
-0.72996463137362167783542705503225E-01 -0.11000478101684773177812774031320E+01
-0.71985252515405237738858768708635E-01 -0.10901747219589877923989422072372E+01
-0.70968622724202338601325515123411E-01 -0.10802628445406547848198847281695E+01
-0.69946566371699904642418678743638E-01 -0.10703125163533086954137941403803E+01
-0.68919075112856773640605321191003E-01 -0.10603240768739233825469652831114E+01
-0.67886139610300599110520528138687E-01 -0.10502978665919053121947189177204E+01
-0.66847749493276352657784187460891E-01 -0.10402342269837083980062098872947E+01
-0.65803893314796540021155790656491E-01 -0.10301335004867361737590481408768E+01
-0.64754558506895922164733380652268E-01 -0.10199960304724924536541059328687E+01
-0.63699731333887567688454076793614E-01 -0.10098221612189372597797356484001E+01
-0.62639396843511631942051561111700E-01 -0.99961223788200425409318565941271E+00
-0.61573538815858897130965539966325E-01 -0.98936660646622936690870488776386E+00
-0.60502139709945967154787273338419E-01 -0.97908561379443903544395502412995E+00
-0.59425180607809572519671931032237E-01 -0.96876960747644311575534326847894E+00
-0.58342641155978003688012526838915E-01 -0.95841893587667086984909013539314E+00
-0.57254499504170697438378556251800E-01 -0.94803394808068650180533426277026E+00
-0.56160732241062679455310389219371E-01 -0.93761499386051592836899621867109E+00
-0.55061314326945482151262116372366E-01 -0.92716242363870685844115622223652E+00
-0.53956219023096864437250758978256E-01 -0.91667658845104766112558842977127E+00
-0.52845417817666571412206105319258E-01 -0.90615783990785241066845913140387E+00
-0.51728880347865842406943858536944E-01 -0.89560653015372432228873955846190E+00
-0.50606574318235276086817030841410E-01 -0.88502301182569442044553168335318E+00
-0.49478465414750837795367452371764E-01 -0.87440763800962799962303302350198E+00
-0.48344517214508786858298921577668E-01 -0.86376076219478288567199455389322E+00
-0.47204691090710727718458182984815E-01 -0.85308273822639102897673918543460E+00
-0.46058946112651559910043491203312E-01 -0.84237392025613032458995248979951E+00
-0.44907238940388560563171983880869E-01 -0.83163466269033571759515592207301E+00
-0.43749523713747111520038059403138E-01 -0.82086532013579113814032074441958E+00
-0.42585751935291170302925152658209E-01 -0.81006624734292892602930627809065E+00
-0.41415872346858777998146657574496E-01 -0.79923779914624733757907300276163E+00
-0.40239830799229855080071096156217E-01 -0.78838033040174378382373982773773E+00
-0.39057570114462381825030379081566E-01 -0.77749419592113892441323436683402E+00
-0.37869029940391979579161893482319E-01 -0.76657975040265266749969676232982E+00
-0.36674146596753369795359307294420E-01 -0.75563734835806764530302963595437E+00
-0.35472852912332963158580488835345E-01 -0.74466734403579319103687767327964E+00
-0.34265078052517753650098610054634E-01 -0.73367009133961803782229972012126E+00
-0.33050747336549480556750863305524E-01 -0.72264594374280950349943864614201E+00
-0.31829782043733918609150488124931E-01 -0.71159525419718611490262841509298E+00
-0.30602099207793381028627731623890E-01 -0.70051837503675576142895829677061E+00
-0.29367611398477423467237506896917E-01 -0.68941565787547046358889555984621E+00
-0.28126226489469613092020872472722E-01 -0.67828745349860965797738008846396E+00
-0.26877847411542132841692042890751E-01 -0.66713411174725102301648796769327E+00
-0.25622371889816066991420440301995E-01 -0.65595598139523886185647298817312E+00
-0.24359692163878752702344400740947E-01 -0.64475341001799830883614343115920E+00
-0.23089694689395190394293804826920E-01 -0.63352674385247776641983921012922E+00
-0.21812259819721966361852737883466E-01 -0.62227632764742928964062013424897E+00
-0.20527261465888769944409361297454E-01 -0.61100250450315280216144029528557E+00
-0.19234566733155439265733194643578E-01 -0.59970561569973756942389380151392E+00
-0.17934035532176429529936330957792E-01 -0.58838600051273257464478910212505E+00
-0.16625520162607574674990773927544E-01 -0.57704399601505845326017341430825E+00
-0.15308864866773120634584795839224E-01 -0.56567993686384458673742892577806E+00
-0.13983905350764445794026703468316E-01 -0.55429415507072643283374565261262E+00
-0.12650468270071155307179986854654E-01 -0.54288697975397306334719075491736E+00
-0.11308370676534210432907714194859E-01 -0.53145873687062479760245939448537E+00
-0.99574194230725637762564471323959E-02 -0.52000974892660860192993605527206E+00
-0.85974105222411423794991249536639E-02 -0.50854033466255834818009735441954E+00
-0.72281284542452958733964408192660E-02 -0.49705080871278954598591072702398E+00
-0.58493454195429580895812539753869E-02 -0.48554148123456697569000413891569E+00
-0.44608205306065681043650759751229E-02 -0.47401265750444560804574139336394E+00
-0.30622989367871899742577535139567E-02 -0.46246463747805606884262969880567E+00
-0.16535108755020781084424097918088E-02 -0.45089771530923774457308621256035E+00
-0.23417064215155755151045218445503E-03 -0.43931217882388414633971592700827E+00
0.11960245297621473874532319923245E-02 -0.42770830894324451730633342388951E+00
0.26373956879101937750229996102952E-02 -0.41608637905071206630605129882915E+00
0.40902834906208659862255023235234E-02 -0.40444665429529802920956385179697E+00
0.55550496587957565140150553524914E-02 -0.39278939082403372876190779834163E+00
0.70320785640978016568784448701282E-02 -0.38111483493442285500491977326064E+00
0.85217789691196917908051959481533E-02 -0.36942322213676348286154624604756E+00
0.10024585937408574498911564383259E-01 -0.35771477611463621247797732982507E+00
0.11540962933735153149921250116632E-01 -0.34598970757006256202216802650865E+00
0.13071404137927332168970818998702E-01 -0.33424821293773603761676514253537E+00
0.14616436999011374427881159888470E-01 -0.32249047295023845035041411580166E+00
0.16176625060419954476168587737037E-01 -0.31071665103321051727836159253571E+00
0.17752571091748994315764980895058E-01 -0.29892689150594153599830179530676E+00
0.19344920568123121329776216334959E-01 -0.28712131755866303585888710352534E+00
0.20954365544838795393045435987427E-01 -0.27530002897282344493299262772520E+00
0.22581648982818132899222692102135E-01 -0.26346309954459525286730867833327E+00
0.24227569589798750207521911186827E-01 -0.25161057416458971799788732848621E+00
0.25892987253455857038776278268661E-01 -0.23974246549792400411393370697709E+00
0.27578829156233085757090903494274E-01 -0.22785875019802016120762440187521E+00
0.29286096678104497862989429552208E-01 -0.21595936457433032812790700616481E+00
0.31015873213501747568799496660241E-01 -0.20404419961794289408846233424233E+00
0.32769333053125493260177671940415E-01 -0.19211309526892262876520867857420E+00
0.34547751511478727812170251321129E-01 -0.18016583378420024060206140843873E+00
0.36352516518235500682608752175263E-01 -0.16820213203346506575694065954964E+00
0.38185141937980770425358942630226E-01 -0.15622163251096139251392486246126E+00
0.40047282941040252439417981814513E-01 -0.14422389280087417816267677917283E+00
0.41940753821633711848088413933400E-01 -0.13220837316977074156489143106757E+00
0.43867548752947288458649757947105E-01 -0.12017442187676722860319147583705E+00
0.45829866088964064320867576107764E-01 -0.10812125768455458484219878895566E+00
0.47830136976934838450727476991318E-01 -0.96047948913157082244259584173040E-01
0.49871059250183014843121355008302E-01 -0.83953388192039617615187316764969E-01
0.51955637828241895444021099954230E-01 -0.71836261814652807403668307507543E-01
0.54087233237764233514963677413658E-01 -0.59695012266659767085226441496734E-01
0.56269620256702515573028664146416E-01 -0.47527792020385632603672305657474E-01
0.58507059620630452825937872366136E-01 -0.35332406095758788431252656635420E-01
0.60804385790091830389004357856607E-01 -0.23106239830085044821805981719936E-01
0.63167117649529486785473404487138E-01 -0.10846167489377011481247591949950E-01
0.65601592950078701280340602688377E-01 0.14515660296769517412388399794585E-02
0.68115154016889558935700802235670E-01 0.13791496238921478829449777901795E-01
0.70716342945632813084467063571078E-01 0.26179147643723547731865329521763E-01
0.73415293772169740796722404756716E-01 0.38621284944480497625672840077447E-01
0.76223837451490822354431940483326E-01 0.51126348201620641139813839376361E-01
0.79156925339491445965852210455746E-01 0.63704771082063999630053538866519E-01
0.82230652653513740683890510945441E-01 0.76370369728983954085137817376663E-01
0.86139142816587325602259347699173E-01 0.91708320524559060041839346287007E-01
0.90333377816010483151906828495079E-01 0.10723811859644036406177404195666E+00
0.94882356911669733893994271654178E-01 0.12302006667509699897392225164898E+00
0.99886203334243604175589672579347E-01 0.13914722770848578885367900342487E+00
0.10550213971884963156498551060271E+00 0.15577427118073402187712064951036E+00
0.11164104995773937649933069928914E+00 0.17226033881578705579364597365265E+00
0.11807868523803447760490727654297E+00 0.18779933406135744172822695553967E+00
0.12486621922254702293845779915523E+00 0.20237178102127530226653347502292E+00
0.13201684412573710628645448458412E+00 0.21598365214593655236766054021580E+00
