0.20467867987592629434149883055281E+00 -0.31437826462624758414876337924701E+00
0.21457334153761009558766611239051E+00 -0.31212591313198699152588200771790E+00
0.22389490032258433053657812545867E+00 -0.31001198394094156873385803496648E+00
0.23260501110304739815585383853481E+00 -0.30804574098814462995509223135309E+00
0.24067330947217312656978347925307E+00 -0.30623161961140988000194905462071E+00
0.24806797972533799681470034607708E+00 -0.30457481351316437147540765669984E+00
0.25479559860552162806862632059936E+00 -0.30307221575261608493339898875262E+00
0.26099631343664512612089068070319E+00 -0.30169125921904152281865490490849E+00
0.26678840799048236419066344369044E+00 -0.30040470880718190978021314373693E+00
0.27225060410078784547042468156313E+00 -0.29919443094128668557607022782048E+00
0.27743860955977647759946366934629E+00 -0.29804758773352397340432705748895E+00
0.27225060410078784547042468156313E+00 -0.29919443094128668557607022782048E+00
0.26678840799048236419066344369044E+00 -0.30040470880718190978021314373693E+00
0.26099631343664512612089068070319E+00 -0.30169125921904152281865490490849E+00
0.25479559860552162806862632059936E+00 -0.30307221575261608493339898875262E+00
0.24806797972533799681470034607708E+00 -0.30457481351316437147540765669984E+00
0.24067330947217312656978347925307E+00 -0.30623161961140988000194905462071E+00
0.23260501110304739815585383853481E+00 -0.30804574098814462995509223135309E+00
0.22389490032258433053657812545867E+00 -0.31001198394094156873385803496648E+00
0.21457334153761009558766611239051E+00 -0.31212591313198699152588200771790E+00
0.20467867987592629434149883055281E+00 -0.31437826462624758414876337924701E+00
0.19494440696712846220247520433296E+00 -0.30346653865429386542994556641732E+00
0.18572168008085660691961494630003E+00 -0.29131546869454900715385773221500E+00
0.17660072478473914612700209359865E+00 -0.27822691798030903695723859809419E+00
0.16763454113753411132202061114140E+00 -0.26414038267667410167159841570659E+00
0.15879334785068527049209580312270E+00 -0.24906964833599638782540310319562E+00
0.15042976364547002757431571815065E+00 -0.23376665306669822292869431730478E+00
0.14274409600955279916054624961869E+00 -0.21884176549644576622841029799328E+00
0.13555846203928985482603708431969E+00 -0.20416995000316720852263778178322E+00
0.12875891047987528194494025963750E+00 -0.18967776649767940667064462465689E+00
0.12226989206660456343868433367319E+00 -0.17531729862419364254978662687265E+00
0.11705666315842067459504422219619E+00 -0.16342870725363063226563234225199E+00
0.11199534589001829946673719423428E+00 -0.15159638317126660562564518872333E+00
0.10706615776428488900473159887075E+00 -0.13981037723521474816236044012351E+00
0.10225317640639282380413058851075E+00 -0.12806290131775241126424766628650E+00
0.97543269965013897994589019676629E-01 -0.11634782596770662104604727214305E+00
0.92925462376626182526078274272679E-01 -0.10466027571633684023230116485121E+00
0.88390477998903131104364110268377E-01 -0.92996337368416863164765570407079E-01
0.83930403557623039394265633985962E-01 -0.81352847146119351420438042022337E-01
0.79538431805713187428144075297401E-01 -0.69727232766696120674739435961751E-01
0.75208663818289037705348956907403E-01 -0.58117394413177581595879448972249E-01
0.70935954277267206396216530150973E-01 -0.46521613724387605864052201969022E-01
0.66715788838041351196109642196288E-01 -0.34938483302801161268509283110321E-01
0.62544185809449927427686352060465E-01 -0.23366851472770191689095131712706E-01
0.58417616512686695502983298345155E-01 -0.11805778528556380280763140258295E-01
0.54332940167423103967810153730279E-01 -0.25450174626169098996091238935090E-03
0.50287350202201749783481909181374E-01 0.11287592843952927395079740530069E-01
0.46278329640121085120945941290993E-01 0.22820993416950638942782160881783E-01
0.42303613760745025571097193668636E-01 0.34346081166470828175883685187834E-01
0.38361158645577399846058410075431E-01 0.45863145829099258408695148283347E-01
0.34449114518414977761739079353091E-01 0.57372398576070048907806474865261E-01
0.30565803021788652717108461983509E-01 0.68873982783309815685918369571914E-01
0.26709697746346624427925053514411E-01 0.80367983079218673838745991289128E-01
0.22879407465510302287028014498149E-01 0.91854432985358043073170192757043E-01
0.19073661633149275574281645170407E-01 0.10333332140054086655274381329517E+00
0.15291297784715552043994017156978E-01 0.11480459812880412783883481620325E+00
0.11531250547655379496676537012945E-01 0.12626817861275463350691211833821E+00
0.77925420189676920660997993864905E-02 0.13772394800317699759695122556942E+00
0.40742733095011684060144716903399E-02 0.14917176467159361718953448573439E+00
0.37561708824316234084791474104567E-03 0.16061146325322086585357658698583E+00
-0.33041890128360039111419302701726E-02 0.17204285729235439032118762650839E+00
-0.69658482505271578921940995394689E-02 0.18346574154981379106632604271586E+00
-0.10610009977571155612370920504676E-01 0.19487989402203432526162083206952E+00
-0.14237274289070885355379923352633E-01 0.20628507771322393278064636356117E+00
-0.17848196179405356255060842427486E-01 0.21768104219532296577711849825186E+00
-0.21443289270531838745617030671505E-01 0.22906752498501779434651453856384E+00
-0.25023029163863247115808467134484E-01 0.24044425276252979492040021278352E+00
-0.28587856460613836420360533806999E-01 0.25181094245315035682325363481043E+00
-0.32138179489357005194729223370739E-01 0.26316730218937204742099588002854E+00
-0.35674376774337406219963132891237E-01 0.27451303216885771383631165872175E+00
-0.39196799273665807175332907176597E-01 0.28584782542130435559342700479641E+00
-0.42705772412762089613589579553428E-01 0.29717136849542183067081461007628E+00
-0.46201597935200828133656604919017E-01 0.30848334207569320095522525493183E+00
-0.49684555590356564438070160293104E-01 0.31978342153727022000771193268842E+00
-0.53154904674877297387837978680973E-01 0.33107127744624171860127296261039E+00
-0.56612885442972519382909143943657E-01 0.34234657601156173071974685849993E+00
-0.60058720398733926649021523231862E-01 0.35360897949411064456239198771087E+00
-0.63492615482175644366446107474652E-01 0.36485814657766813588097974828548E+00
-0.66914761159349833243778635383751E-01 0.37609373270597768034033906118122E+00
-0.70325333425730589617504722936577E-01 0.38731539038956641726465100981072E+00
-0.73724494731047423877057338221233E-01 0.39852276948554177032467227970774E+00
-0.77112394832860677515939702132674E-01 0.40971551745319841282461822770305E+00
-0.80489171585391955243092495287735E-01 0.42089327958793710823868668052948E+00
-0.83854951669437254894675594406842E-01 0.43205569923570572267503910677054E+00
-0.87209851268588196169089026705474E-01 0.44320241798992011792703974644685E+00
-0.90553976696450849513668716450082E-01 0.45433307587260093034599879558362E+00
-0.93887424979082628118519587714739E-01 0.46544731150126958265883801143832E+00
-0.97210284396445947008025374432550E-01 0.47654476224297696415077813253178E+00
-0.10052263498631073087187312398522E+00 0.48762506435669033849043406503231E+00
-0.10382454901370202148386738629966E+00 0.49868785312513068835442172461351E+00
-0.10711609140869857615623185458797E+00 0.50973276297704024059330541414170E+00
-0.11039732017512302948790887207678E+00 0.52075942760075541513055958023820E+00
-0.11366828677243009238398553848119E+00 0.53176748004987192973762601035780E+00
-0.11692903647288921122764622687990E+00 0.54275655284170767080570148679585E+00
-0.12017960869596698021332363457778E+00 0.55372627804919843346464800155470E+00
-0.12342003732164861303857008192334E+00 0.56467628738679942694819179709965E+00
-0.12665035098428160922823368658696E+00 0.57560621229090743546690823095391E+00
-0.12987057334838965653252085828148E+00 0.58651568399527076936683269079132E+00
-0.13308072336778121467912988900799E+00 0.59740433360180723148988101616099E+00
-0.13628081552916032307910001654716E+00 0.60827179214721163625871116422521E+00
-0.13947086008135593901208887791923E+00 0.61911769066570026365435106851511E+00
-0.14265086325118130132352449744377E+00 0.62994166024820225261635122767340E+00
-0.14582082744686444052911008582803E+00 0.64074333209828701003353506329982E+00
-0.14898075144990592654163127593926E+00 0.65152233758508305370739167371925E+00
-0.15213063059615642804028684482589E+00 0.66227830829342620625662539940738E+00
-0.15527045694684324162289900866705E+00 0.67301087607145123958504266711826E+00
-0.15840021945021651941730976228930E+00 0.68371967307582242143583019619316E+00
-0.16151990409443653713257453468038E+00 0.69440433181478304643961482911533E+00
-0.16462949405227435772406881215854E+00 0.70506448518918608077627382333958E+00
-0.16772896981815491188393053164668E+00 0.71569976653165594846369628387172E+00
-0.17081830933803356926416415119552E+00 0.72630980964401885555762526680356E+00
-0.17389748813255912762462571476146E+00 0.73689424883312609033642221104652E+00
-0.17696647941394452813010754782607E+00 0.74745271894518615079629971773674E+00
-0.18002525419693497056099647085418E+00 0.75798485539871020534407362244625E+00
-0.18307378140423587993761288788941E+00 0.76849029421616948333319880779885E+00
-0.18611202796673754846767801176660E+00 0.77896867205445207051999974347324E+00
-0.18913995891884906036647915589963E+00 0.78941962623420177521435185685462E+00
-0.19215753748923261142303096238812E+00 0.79984279476811520391190481976847E+00
-0.19516472518721002356624073064889E+00 0.81023781638826535671711317440031E+00
-0.19816148188509308097454314136355E+00 0.82060433057251701181098179995700E+00
-0.20114776589667421518932893233228E+00 0.83094197757009243754707620815506E+00
-0.20412353405209703601545764770256E+00 0.84125039842634236696942413985972E+00
-0.20708874176931173323225482563035E+00 0.85152923500677277360304378088047E+00
-0.21004334312230791426795855888086E+00 0.86177813002037371464221344598999E+00
-0.21298729090630293303695476497983E+00 0.87199672704229429144757607690797E+00
-0.21592053670005527995865300987285E+00 0.88218467053590262372174518786923E+00
-0.21884303092545820934877824031649E+00 0.89234160587426887347465582267925E+00
-0.22175472290456178933166500784378E+00 0.90246717936110502839021034709829E+00
-0.22465556091416202629029053544663E+00 0.91256103825119382528236381368657E+00
-0.22754549223808366521066866186508E+00 0.92262283077033519028163805814491E+00
-0.23042446321728163061735499391337E+00 0.93265220613483987888424317715627E+00
-0.23329241929787195251752528480124E+00 0.94264881457059265213460584977302E+00
-0.23614930507720075755552924586535E+00 0.95261230733171191263391993374778E+00
-0.23899506434805222217994984447578E+00 0.96254233671882577961602746127058E+00
-0.24182964014108829378715358288197E+00 0.97243855609698511357038794451087E+00
-0.24465297476561167503545006336505E+00 0.98230061991323394574061087841876E+00
-0.24746500984873359097204021115370E+00 0.99212818371385343609804495154063E+00
-0.25026568637302625903708863696992E+00 0.10019209041612970952482739505335E+01
-0.25305494471273541267588350416935E+00 0.10116784390508325296186692549344E+01
-0.25583272466862047114158578977479E+00 0.10214004473269025192541966201298E+01
-0.25859896550149131073189768432023E+00 0.10310865890992221321575137544728E+01
-0.26135360596450188112901886184211E+00 0.10407365256586202006210691993709E+01
-0.26409658433426078402192802691150E+00 0.10503499194926404639738042833014E+01
-0.26682783844081399540734146792727E+00 0.10599264343009117130108726708358E+01
-0.26954730569655261676911495955744E+00 0.10694657350102961287245102121042E+01
-0.27225492312409501178449654491223E+00 0.10789674877898279302081286209951E+01
-0.27495062738319054920922139793023E+00 0.10884313600654485685163420220485E+01
-0.27763435479668961623859745797411E+00 0.10978570205345484265241959999454E+01
-0.28030604137562164458783063609088E+00 0.11072441391803223830740931375103E+01
-0.28296562284342129064870740661042E+00 0.11165923872859460898437042547665E+01
-0.28561303465934066063683426675528E+00 0.11259014374485806326444848629064E+01
-0.28824821204108294930667159034455E+00 0.11351709635932109635290750410778E+01
-0.29087108998669201183337552002331E+00 0.11444006409863247161964556782913E+01
-0.29348160329572938774984457277046E+00 0.11535901462494373348765252052566E+01
-0.29607968658977027435258015177514E+00 0.11627391573724669872898483806361E+01
-0.29866527433224641172914406263317E+00 0.11718473537269668843305015318706E+01
-0.30123830084766425601913605199521E+00 0.11809144160792173864854795406699E+01
-0.30379870034022396008060900013788E+00 0.11899400266031827093530183732434E+01
-0.30634640691186472636916133670188E+00 0.11989238688933369521904663378017E+01
-0.30888135457975932305054254477932E+00 0.12078656279773625944533131727726E+01
-0.31140347729328090394360101570558E+00 0.12167649903287254206038995182027E+01
-0.31391270895046343849367091444341E+00 0.12256216438791282621783822987724E+01
-0.31640898341397535661069388317421E+00 0.12344352780308480550851148972886E+01
-0.31889223452662687417523519396832E+00 0.12432055836689582665522113743521E+01
-0.32136239612642874765685150986205E+00 0.12519322531734390755206779543879E+01
-0.32381940206121974104051633208335E+00 0.12606149804311791579386623081430E+01
-0.32626318620288087369126978395012E+00 0.12692534608478700914993348551079E+01
-0.32869368246114992223173335282080E+00 0.12778473913597960658800202404702E+01
-0.33111082479705499157607531170742E+00 0.12863964704455224050405926458418E+01
-0.33351454723597716191105930057815E+00 0.12949003981374814826726884193190E+01
-0.33590478388036052504356862252949E+00 0.13033588760334623730898633651179E+01
-0.33828146892207961081274976229574E+00 0.13117716073080018665932417644715E+01
-0.34064453665447767510523984155576E+00 0.13201382967236809998361529889107E+01
-0.34299392148408906847861428200077E+00 0.13284586506423276872659257823335E+01
-0.34532955794205513150090773861812E+00 0.13367323770361271104077072980584E+01
-0.34765138069524652563006523491615E+00 0.13449591854986411068189203408998E+01
-0.34995932455710070475256995072813E+00 0.13531387872557376651301055760829E+01
-0.35225332449818611372962195564524E+00 0.13612708951764315756453320910078E+01
-0.35453331565650169779670101793796E+00 0.13693552237836384859668747011454E+01
-0.35679923334752095875887982582855E+00 0.13773914892648413658076345681840E+01
-0.35905101307399016231423853102819E+00 0.13853794094826721949147010098831E+01
-0.36128859053548745187962783907146E+00 0.13933187039854082879462745994924E+01
-0.36351190163775300205997859001464E+00 0.14012090940173855564136889905456E+01
-0.36572088250179573183395617053176E+00 0.14090503025293281277194841841633E+01
-0.36791546947278572931209145674500E+00 0.14168420541885954091523655438358E+01
-0.37009559912873800010156659366093E+00 0.14245840753893479573109360514586E+01
-0.37226120828899538652233515317696E+00 0.14322760942626318484247226341413E+01
-0.37441223402251679010486454086557E+00 0.14399178406863826403982574926717E+01
-0.37654861365597577466811205040026E+00 0.14475090462953494500157005730772E+01
-0.37867028478167782353470697927311E+00 0.14550494444909384633935873990743E+01
-0.38077718526529948020821872396781E+00 0.14625387704509794633316289823258E+01
-0.38286925325345653598883550127204E+00 0.14699767611394108949716420640695E+01
-0.38494642718110560484766321891294E+00 0.14773631553158891553411762860402E+01
-0.38700864577878451178981260665750E+00 0.14846976935453182635091597604996E+01
-0.38905584807969617663164979832744E+00 0.14919801182073023845571463181732E+01
-0.39108797342664044100589153657873E+00 0.14992101735055212906587347220169E+01
-0.39310496147879885873583676488804E+00 0.15063876054770280294357570570973E+01
-0.39510675221837590821487361536221E+00 0.15135121620014702680575882192882E+01
-0.39709328595710126070659281400925E+00 0.15205835928102349127512375795597E+01
-0.39906450334259706794154169671373E+00 0.15276016494955157635088623058418E+01
-0.40102034536461360949045991182951E+00 0.15345660855193054319349861259106E+01
-0.40296075336113741704939522544018E+00 0.15414766562223107781195195959404E+01
-0.40488566902437496138898023599506E+00 0.15483331188327925847061567872078E+01
-0.40679503440661574840299133472436E+00 0.15551352324753287837342687555240E+01
-0.40868879192597716375681959264677E+00 0.15618827581795022653706652554070E+01
-0.41056688437203542766049427083265E+00 0.15685754588885132088661490766532E+01
-0.41242925491134443309504821330351E+00 0.15752130994677149037222561084062E+01
-0.41427584709284608488112654191520E+00 0.15817954467130746792486493982083E+01
-0.41610660485317460813608949711266E+00 0.15883222693595589630452816325131E+01
-0.41792147252185746829039275247459E+00 0.15947933380894426236081538234005E+01
-0.41972039482641571792574753661858E+00 0.16012084255405430953622360898669E+01
-0.42150331689736585171532611021196E+00 0.16075673063143786227126076245228E+01
-0.42327018427312571266895813396136E+00 0.16138697569842511841085640651177E+01
-0.42502094290482700411072254000770E+00 0.16201155561032537516581843330736E+01
-0.42675553916103586383477039516567E+00 0.16263044842122017317233232574099E+01
-0.42847391983238454676482519727794E+00 0.16324363238474893868819274507172E+01
-0.43017603213611549595011951006755E+00 0.16385108595488697244094243963787E+01
-0.43186182372054022688517315233076E+00 0.16445278778671592849336789676950E+01
-0.43353124266941453858090644122145E+00 0.16504871673718672695468422215910E+01
-0.43518423750623232098013733208886E+00 0.16563885186587477924276654801658E+01
-0.43682075719843928106735418843631E+00 0.16622317243572777362508975792842E+01
-0.43844075116156841557658268059123E+00 0.16680165791380571720957509279481E+01
-0.44004416926329934193084857833119E+00 0.16737428797201346145726157343643E+01
-0.44163096182744194126157953223254E+00 0.16794104248782559540414913074991E+01
-0.44320107963784708798144813860097E+00 0.16850190154500367253041091059797E+01
-0.44475447394224508432566318079330E+00 0.16905684543430586933747593102082E+01
-0.44629109645601345181852110964269E+00 0.16960585465418892980230744585794E+01
-0.44781089936587577511380418613668E+00 0.17014890991150249506854533480830E+01
-0.44931383533353208087997542386838E+00 0.17068599212217580067293056929128E+01
-0.45079985749922306708851510360685E+00 0.17121708241189659780473079394574E+01
-0.45226891948522855407180055333251E+00 0.17174216211678250824676116320126E+01
-0.45372097539930155348758199588586E+00 0.17226121278404458139525645519304E+01
-0.45515597983803973003561424624289E+00 0.17277421617264319742822260224527E+01
-0.45657388789019410380639896272241E+00 0.17328115425393623728762826730277E+01
-0.45797465513991734584293506955594E+00 0.17378200921231951078673195040259E+01
-0.45935823766995174753416009884011E+00 0.17427676344585944103242396807942E+01
-0.46072459206475837701302806152138E+00 0.17476539956691799977060763794423E+01
-0.46207367541358817925813543561500E+00 0.17524790040276985859152432933759E+01
-0.46340544531349586806044539977303E+00 0.17572424899621176864481758469989E+01
-0.46471985987229782785027358976461E+00 0.17619442860616413668106644428485E+01
-0.46601687771147434391432482400405E+00 0.17665842270826479817184188010188E+01
-0.46729645796901753639563587259069E+00 0.17711621499545496723374782346078E+01
-0.46855856030222547282446312438709E+00 0.17756778937855734253745154316532E+01
-0.46980314489044327098633306957375E+00 0.17801312998684639062096739659205E+01
-0.47103017243775210004793754611873E+00 0.17845222116861074249349636643206E+01
-0.47223960417560658840193095028359E+00 0.17888504749170772369433464813315E+01
-0.47343140186542143660643299045027E+00 0.17931159374411002384178057278606E+01
-0.47460552780110793492774170622917E+00 0.17973184493444442716066592349787E+01
-0.47576194481156096117652933655681E+00 0.18014578629252266256469007257476E+01
-0.47690061626309719248407954387029E+00 0.18055340326986430878781967335494E+01
-0.47802150606184500185881645577651E+00 0.18095468154021178621782590209684E+01
-0.47912457865608665036597737484429E+00 0.18134960700003737484343913328594E+01
-0.48020979903855353743659005508430E+00 0.18173816576904227310259659712274E+01
-0.48127713274867476451582122053236E+00 0.18212034419064770521078267880078E+01
-0.48232654587477965068374391789471E+00 0.18249612883247800923391228060154E+01
-0.48335800505625496968935122865762E+00 0.18286550648683574341320717476176E+01
-0.48437147748565668129897715945901E+00 0.18322846417116878832943723111935E+01
-0.48536693091077780673336506357867E+00 0.18358498912852938131171365750434E+01
-0.48634433363667145474951962195055E+00 0.18393506882802519620587879812719E+01
-0.48730365452763082034116590678748E+00 0.18427869096526226534422693849247E+01
-0.48824486300912564606852916550904E+00 0.18461584346277995149291588431755E+01
-0.48916792906969584380111490701203E+00 0.18494651447047776927285873269220E+01
-0.49007282326280296366606988465924E+00 0.18527069236603415146228996549310E+01
-0.49095951670863937864168358285969E+00 0.18558836575531713083654020510222E+01
-0.49182798109589601146336634621352E+00 0.18589952347278689216003047171390E+01
-0.49267818868348861805259288081903E+00 0.18620415458189023309752874808040E+01
-0.49351011230224318408551575804457E+00 0.18650224837544687197011310367790E+01
-0.49432372535654078022134597275904E+00 0.18679379437602763019932505546790E+01
-0.49511900182592199863803454866891E+00 0.18707878233632446819303208350117E+01
-0.49589591626665155018016316279017E+00 0.18735720223951234962638840305969E+01
-0.49665444381324298527204518123143E+00 0.18762904429960295263842478006903E+01
-0.49739456017994427390150195003882E+00 0.18789429896179017449470209187663E+01
-0.49811624166218407348460555206965E+00 0.18815295690278748082668883854883E+01
-0.49881946513797923113034087700848E+00 0.18840500903115702642444273204385E+01
-0.49950420806930366145364894516762E+00 0.18865044648763058160273611112633E+01
-0.50017044850341895936698061195845E+00 0.18888926064542223271219105679666E+01
-0.50081816507416686811099914523763E+00 0.18912144311053286541494816731275E+01
-0.50144733700322382516971706001355E+00 0.18934698572204640333018606035685E+01
-0.50205794410131793374093061958982E+00 0.18956588055241780428659331452500E+01
-0.50264996676940850952011333879914E+00 0.18977811990775280119040817166505E+01
-0.50322338599982831606751052258472E+00 0.18998369632807939233527837589604E+01
-0.50377818337738882365502913226531E+00 0.19018260258761104441858757666047E+01
-0.50431434108044863384216447242871E+00 0.19037483169500163525786674759956E+01
-0.50483184188194517760853408314577E+00 0.19056037689359210520743155651755E+01
-0.50533066915038996474172562712454E+00 0.19073923166164881211595427233698E+01
-0.50581080685082750829465701726174E+00 0.19091138971259359698146300710595E+01
-0.50627223954575801625075511319769E+00 0.19107684499522553827196954879461E+01
-0.50671495239602417342595881804194E+00 0.19123559169393439155822917899132E+01
-0.50713893116166192002836531217210E+00 0.19138762422890571728745939303106E+01
-0.50754416220271558581758373195678E+00 0.19153293725631767984471102522122E+01
-0.50793063248001737089588285357580E+00 0.19167152566852951377873564151500E+01
-0.50829832955593140059875111390755E+00 0.19180338459426165609355239459282E+01
-0.50864724159506218624658209059899E+00 0.19192850939876754452988111873134E+01
-0.50897735736492855199014820848161E+00 0.19204689568399704189563911319790E+01
-0.50928866623660018219035513038416E+00 0.19215853928875157495047089976763E+01
-0.50958115818530586781203540099028E+00 0.19226343628883073325004668415928E+01
-0.50985482379098684876024555310611E+00 0.19236158299717105271277690214484E+01
-0.51010965423887293446812558217297E+00 0.19245297596397483548844131271970E+01
-0.51034564131985779835314966265807E+00 0.19253761197683522559013095217943E+01
-0.51056277743131408362634853194813E+00 0.19261548806083968329395230057737E+01
-0.51076105557651952429111703143697E+00 0.19268660147870284337612424384331E+01
-0.51088276117920138379502216395043E+00 0.19273025214302963259868451399523E+01
-0.51099608086842789561546850497660E+00 0.19277089538022118248282646699877E+01
-0.51110101302117616930048062979392E+00 0.19280853055534651930087757713159E+01
-0.51119755613443212472188538533459E+00 0.19284315708046812388788303294527E+01
-0.51128570882528937233927940826852E+00 0.19287477441464943612480107224816E+01
-0.51136966787887788959579687580128E+00 0.19290488776892378084051163309275E+01
-0.51145363094233987547164608424862E+00 0.19293500269147745049910855331178E+01
-0.51153759801586283705149462074030E+00 0.19296511918235994888359476258862E+01
-0.51162156909969305961375789984165E+00 0.19299523724161914067384356971051E+01
-0.51170554419389342406660981291354E+00 0.19302535686930800483333515797015E+01
-0.51162156909969305961375789984165E+00 0.19299523724161914067384356971051E+01
-0.51153759801586283705149462074030E+00 0.19296511918235994888359476258862E+01
-0.51145363094233987547164608424862E+00 0.19293500269147745049910855331178E+01
-0.51136966787887788959579687580128E+00 0.19290488776892378084051163309275E+01
-0.51128570882528937233927940826852E+00 0.19287477441464943612480107224816E+01
-0.51119755613443212472188538533459E+00 0.19284315708046812388788303294527E+01
-0.51110101302117616930048062979392E+00 0.19280853055534651930087757713159E+01
-0.51099608086842789561546850497660E+00 0.19277089538022118248282646699877E+01
-0.51088276117920138379502216395043E+00 0.19273025214302963259868451399523E+01
-0.51076105557651952429111703143697E+00 0.19268660147870284337612424384331E+01
-0.51056277743131408362634853194813E+00 0.19261548806083968329395230057737E+01
-0.51034564131985779835314966265807E+00 0.19253761197683522559013095217943E+01
-0.51010965423887293446812558217297E+00 0.19245297596397483548844131271970E+01
-0.50985482379098684876024555310611E+00 0.19236158299717105271277690214484E+01
-0.50958115818530586781203540099028E+00 0.19226343628883073325004668415928E+01
-0.50928866623660018219035513038416E+00 0.19215853928875157495047089976763E+01
-0.50897735736492855199014820848161E+00 0.19204689568399704189563911319790E+01
-0.50864724159506218624658209059899E+00 0.19192850939876754452988111873134E+01
-0.50829832955593140059875111390755E+00 0.19180338459426165609355239459282E+01
-0.50793063248001737089588285357580E+00 0.19167152566852951377873564151500E+01
-0.50754416220271558581758373195678E+00 0.19153293725631767984471102522122E+01
-0.50713893116166192002836531217210E+00 0.19138762422890571728745939303106E+01
-0.50671495239602417342595881804194E+00 0.19123559169393439155822917899132E+01
-0.50627223954575801625075511319769E+00 0.19107684499522553827196954879461E+01
-0.50581080685082750829465701726174E+00 0.19091138971259359698146300710595E+01
-0.50533066915038996474172562712454E+00 0.19073923166164881211595427233698E+01
-0.50483184188194517760853408314577E+00 0.19056037689359210520743155651755E+01
-0.50431434108044863384216447242871E+00 0.19037483169500163525786674759956E+01
-0.50377818337738882365502913226531E+00 0.19018260258761104441858757666047E+01
-0.50322338599982831606751052258472E+00 0.18998369632807939233527837589604E+01
-0.50264996676940850952011333879914E+00 0.18977811990775280119040817166505E+01
-0.50205794410131793374093061958982E+00 0.18956588055241780428659331452500E+01
-0.50144733700322382516971706001355E+00 0.18934698572204640333018606035685E+01
-0.50081816507416686811099914523763E+00 0.18912144311053286541494816731275E+01
-0.50017044850341895936698061195845E+00 0.18888926064542223271219105679666E+01
-0.49950420806930366145364894516762E+00 0.18865044648763058160273611112633E+01
-0.49881946513797923113034087700848E+00 0.18840500903115702642444273204385E+01
-0.49811624166218407348460555206965E+00 0.18815295690278748082668883854883E+01
-0.49739456017994427390150195003882E+00 0.18789429896179017449470209187663E+01
-0.49665444381324298527204518123143E+00 0.18762904429960295263842478006903E+01
-0.49589591626665155018016316279017E+00 0.18735720223951234962638840305969E+01
-0.49511900182592199863803454866891E+00 0.18707878233632446819303208350117E+01
-0.49432372535654078022134597275904E+00 0.18679379437602763019932505546790E+01
-0.49351011230224318408551575804457E+00 0.18650224837544687197011310367790E+01
-0.49267818868348861805259288081903E+00 0.18620415458189023309752874808040E+01
-0.49182798109589601146336634621352E+00 0.18589952347278689216003047171390E+01
-0.49095951670863937864168358285969E+00 0.18558836575531713083654020510222E+01
-0.49007282326280296366606988465924E+00 0.18527069236603415146228996549310E+01
-0.48916792906969584380111490701203E+00 0.18494651447047776927285873269220E+01
-0.48824486300912564606852916550904E+00 0.18461584346277995149291588431755E+01
-0.48730365452763082034116590678748E+00 0.18427869096526226534422693849247E+01
-0.48634433363667145474951962195055E+00 0.18393506882802519620587879812719E+01
-0.48536693091077780673336506357867E+00 0.18358498912852938131171365750434E+01
-0.48437147748565668129897715945901E+00 0.18322846417116878832943723111935E+01
-0.48335800505625496968935122865762E+00 0.18286550648683574341320717476176E+01
-0.48232654587477965068374391789471E+00 0.18249612883247800923391228060154E+01
-0.48127713274867476451582122053236E+00 0.18212034419064770521078267880078E+01
-0.48020979903855353743659005508430E+00 0.18173816576904227310259659712274E+01
-0.47912457865608665036597737484429E+00 0.18134960700003737484343913328594E+01
-0.47802150606184500185881645577651E+00 0.18095468154021178621782590209684E+01
-0.47690061626309719248407954387029E+00 0.18055340326986430878781967335494E+01
-0.47576194481156096117652933655681E+00 0.18014578629252266256469007257476E+01
-0.47460552780110793492774170622917E+00 0.17973184493444442716066592349787E+01
-0.47343140186542143660643299045027E+00 0.17931159374411002384178057278606E+01
-0.47223960417560658840193095028359E+00 0.17888504749170772369433464813315E+01
-0.47103017243775210004793754611873E+00 0.17845222116861074249349636643206E+01
-0.46980314489044327098633306957375E+00 0.17801312998684639062096739659205E+01
-0.46855856030222547282446312438709E+00 0.17756778937855734253745154316532E+01
-0.46729645796901753639563587259069E+00 0.17711621499545496723374782346078E+01
-0.46601687771147434391432482400405E+00 0.17665842270826479817184188010188E+01
-0.46471985987229782785027358976461E+00 0.17619442860616413668106644428485E+01
-0.46340544531349586806044539977303E+00 0.17572424899621176864481758469989E+01
-0.46207367541358817925813543561500E+00 0.17524790040276985859152432933759E+01
-0.46072459206475837701302806152138E+00 0.17476539956691799977060763794423E+01
-0.45935823766995174753416009884011E+00 0.17427676344585944103242396807942E+01
-0.45797465513991734584293506955594E+00 0.17378200921231951078673195040259E+01
-0.45657388789019410380639896272241E+00 0.17328115425393623728762826730277E+01
-0.45515597983803973003561424624289E+00 0.17277421617264319742822260224527E+01
-0.45372097539930155348758199588586E+00 0.17226121278404458139525645519304E+01
-0.45226891948522855407180055333251E+00 0.17174216211678250824676116320126E+01
-0.45079985749922306708851510360685E+00 0.17121708241189659780473079394574E+01
-0.44931383533353208087997542386838E+00 0.17068599212217580067293056929128E+01
-0.44781089936587577511380418613668E+00 0.17014890991150249506854533480830E+01
-0.44629109645601345181852110964269E+00 0.16960585465418892980230744585794E+01
-0.44475447394224508432566318079330E+00 0.16905684543430586933747593102082E+01
-0.44320107963784708798144813860097E+00 0.16850190154500367253041091059797E+01
-0.44163096182744194126157953223254E+00 0.16794104248782559540414913074991E+01
-0.44004416926329934193084857833119E+00 0.16737428797201346145726157343643E+01
-0.43844075116156841557658268059123E+00 0.16680165791380571720957509279481E+01
-0.43682075719843928106735418843631E+00 0.16622317243572777362508975792842E+01
-0.43518423750623232098013733208886E+00 0.16563885186587477924276654801658E+01
-0.43353124266941453858090644122145E+00 0.16504871673718672695468422215910E+01
-0.43186182372054022688517315233076E+00 0.16445278778671592849336789676950E+01
-0.43017603213611549595011951006755E+00 0.16385108595488697244094243963787E+01
-0.42847391983238454676482519727794E+00 0.16324363238474893868819274507172E+01
-0.42675553916103586383477039516567E+00 0.16263044842122017317233232574099E+01
-0.42502094290482700411072254000770E+00 0.16201155561032537516581843330736E+01
-0.42327018427312571266895813396136E+00 0.16138697569842511841085640651177E+01
-0.42150331689736585171532611021196E+00 0.16075673063143786227126076245228E+01
-0.41972039482641571792574753661858E+00 0.16012084255405430953622360898669E+01
-0.41792147252185746829039275247459E+00 0.15947933380894426236081538234005E+01
-0.41610660485317460813608949711266E+00 0.15883222693595589630452816325131E+01
-0.41427584709284608488112654191520E+00 0.15817954467130746792486493982083E+01
-0.41242925491134443309504821330351E+00 0.15752130994677149037222561084062E+01
-0.41056688437203542766049427083265E+00 0.15685754588885132088661490766532E+01
-0.40868879192597716375681959264677E+00 0.15618827581795022653706652554070E+01
-0.40679503440661574840299133472436E+00 0.15551352324753287837342687555240E+01
-0.40488566902437496138898023599506E+00 0.15483331188327925847061567872078E+01
-0.40296075336113741704939522544018E+00 0.15414766562223107781195195959404E+01
-0.40102034536461360949045991182951E+00 0.15345660855193054319349861259106E+01
-0.39906450334259706794154169671373E+00 0.15276016494955157635088623058418E+01
-0.39709328595710126070659281400925E+00 0.15205835928102349127512375795597E+01
-0.39510675221837590821487361536221E+00 0.15135121620014702680575882192882E+01
-0.39310496147879885873583676488804E+00 0.15063876054770280294357570570973E+01
-0.39108797342664044100589153657873E+00 0.14992101735055212906587347220169E+01
-0.38905584807969617663164979832744E+00 0.14919801182073023845571463181732E+01
-0.38700864577878451178981260665750E+00 0.14846976935453182635091597604996E+01
-0.38494642718110560484766321891294E+00 0.14773631553158891553411762860402E+01
-0.38286925325345653598883550127204E+00 0.14699767611394108949716420640695E+01
-0.38077718526529948020821872396781E+00 0.14625387704509794633316289823258E+01
-0.37867028478167782353470697927311E+00 0.14550494444909384633935873990743E+01
-0.37654861365597577466811205040026E+00 0.14475090462953494500157005730772E+01
-0.37441223402251679010486454086557E+00 0.14399178406863826403982574926717E+01
-0.37226120828899538652233515317696E+00 0.14322760942626318484247226341413E+01
-0.37009559912873800010156659366093E+00 0.14245840753893479573109360514586E+01
-0.36791546947278572931209145674500E+00 0.14168420541885954091523655438358E+01
-0.36572088250179573183395617053176E+00 0.14090503025293281277194841841633E+01
-0.36351190163775300205997859001464E+00 0.14012090940173855564136889905456E+01
-0.36128859053548745187962783907146E+00 0.13933187039854082879462745994924E+01
-0.35905101307399016231423853102819E+00 0.13853794094826721949147010098831E+01
-0.35679923334752095875887982582855E+00 0.13773914892648413658076345681840E+01
-0.35453331565650169779670101793796E+00 0.13693552237836384859668747011454E+01
-0.35225332449818611372962195564524E+00 0.13612708951764315756453320910078E+01
-0.34995932455710070475256995072813E+00 0.13531387872557376651301055760829E+01
-0.34765138069524652563006523491615E+00 0.13449591854986411068189203408998E+01
-0.34532955794205513150090773861812E+00 0.13367323770361271104077072980584E+01
-0.34299392148408906847861428200077E+00 0.13284586506423276872659257823335E+01
-0.34064453665447767510523984155576E+00 0.13201382967236809998361529889107E+01
-0.33828146892207961081274976229574E+00 0.13117716073080018665932417644715E+01
-0.33590478388036052504356862252949E+00 0.13033588760334623730898633651179E+01
-0.33351454723597716191105930057815E+00 0.12949003981374814826726884193190E+01
-0.33111082479705499157607531170742E+00 0.12863964704455224050405926458418E+01
-0.32869368246114992223173335282080E+00 0.12778473913597960658800202404702E+01
-0.32626318620288087369126978395012E+00 0.12692534608478700914993348551079E+01
-0.32381940206121974104051633208335E+00 0.12606149804311791579386623081430E+01
-0.32136239612642874765685150986205E+00 0.12519322531734390755206779543879E+01
-0.31889223452662687417523519396832E+00 0.12432055836689582665522113743521E+01
-0.31640898341397535661069388317421E+00 0.12344352780308480550851148972886E+01
-0.31391270895046343849367091444341E+00 0.12256216438791282621783822987724E+01
-0.31140347729328090394360101570558E+00 0.12167649903287254206038995182027E+01
-0.30888135457975932305054254477932E+00 0.12078656279773625944533131727726E+01
-0.30634640691186472636916133670188E+00 0.11989238688933369521904663378017E+01
-0.30379870034022396008060900013788E+00 0.11899400266031827093530183732434E+01
-0.30123830084766425601913605199521E+00 0.11809144160792173864854795406699E+01
-0.29866527433224641172914406263317E+00 0.11718473537269668843305015318706E+01
-0.29607968658977027435258015177514E+00 0.11627391573724669872898483806361E+01
-0.29348160329572938774984457277046E+00 0.11535901462494373348765252052566E+01
-0.29087108998669201183337552002331E+00 0.11444006409863247161964556782913E+01
-0.28824821204108294930667159034455E+00 0.11351709635932109635290750410778E+01
-0.28561303465934066063683426675528E+00 0.11259014374485806326444848629064E+01
-0.28296562284342129064870740661042E+00 0.11165923872859460898437042547665E+01
-0.28030604137562164458783063609088E+00 0.11072441391803223830740931375103E+01
-0.27763435479668961623859745797411E+00 0.10978570205345484265241959999454E+01
-0.27495062738319054920922139793023E+00 0.10884313600654485685163420220485E+01
-0.27225492312409501178449654491223E+00 0.10789674877898279302081286209951E+01
-0.26954730569655261676911495955744E+00 0.10694657350102961287245102121042E+01
-0.26682783844081399540734146792727E+00 0.10599264343009117130108726708358E+01
-0.26409658433426078402192802691150E+00 0.10503499194926404639738042833014E+01
-0.26135360596450188112901886184211E+00 0.10407365256586202006210691993709E+01
-0.25859896550149131073189768432023E+00 0.10310865890992221321575137544728E+01
-0.25583272466862047114158578977479E+00 0.10214004473269025192541966201298E+01
-0.25305494471273541267588350416935E+00 0.10116784390508325296186692549344E+01
-0.25026568637302625903708863696992E+00 0.10019209041612970952482739505335E+01
-0.24746500984873359097204021115370E+00 0.99212818371385343609804495154063E+00
-0.24465297476561167503545006336505E+00 0.98230061991323394574061087841876E+00
-0.24182964014108829378715358288197E+00 0.97243855609698511357038794451087E+00
-0.23899506434805222217994984447578E+00 0.96254233671882577961602746127058E+00
-0.23614930507720075755552924586535E+00 0.95261230733171191263391993374778E+00
-0.23329241929787195251752528480124E+00 0.94264881457059265213460584977302E+00
-0.23042446321728163061735499391337E+00 0.93265220613483987888424317715627E+00
-0.22754549223808366521066866186508E+00 0.92262283077033519028163805814491E+00
-0.22465556091416202629029053544663E+00 0.91256103825119382528236381368657E+00
-0.22175472290456178933166500784378E+00 0.90246717936110502839021034709829E+00
-0.21884303092545820934877824031649E+00 0.89234160587426887347465582267925E+00
-0.21592053670005527995865300987285E+00 0.88218467053590262372174518786923E+00
-0.21298729090630293303695476497983E+00 0.87199672704229429144757607690797E+00
-0.21004334312230791426795855888086E+00 0.86177813002037371464221344598999E+00
-0.20708874176931173323225482563035E+00 0.85152923500677277360304378088047E+00
-0.20412353405209703601545764770256E+00 0.84125039842634236696942413985972E+00
-0.20114776589667421518932893233228E+00 0.83094197757009243754707620815506E+00
-0.19816148188509308097454314136355E+00 0.82060433057251701181098179995700E+00
-0.19516472518721002356624073064889E+00 0.81023781638826535671711317440031E+00
-0.19215753748923261142303096238812E+00 0.79984279476811520391190481976847E+00
-0.18913995891884906036647915589963E+00 0.78941962623420177521435185685462E+00
-0.18611202796673754846767801176660E+00 0.77896867205445207051999974347324E+00
-0.18307378140423587993761288788941E+00 0.76849029421616948333319880779885E+00
-0.18002525419693497056099647085418E+00 0.75798485539871020534407362244625E+00
-0.17696647941394452813010754782607E+00 0.74745271894518615079629971773674E+00
-0.17389748813255912762462571476146E+00 0.73689424883312609033642221104652E+00
-0.17081830933803356926416415119552E+00 0.72630980964401885555762526680356E+00
-0.16772896981815491188393053164668E+00 0.71569976653165594846369628387172E+00
-0.16462949405227435772406881215854E+00 0.70506448518918608077627382333958E+00
-0.16151990409443653713257453468038E+00 0.69440433181478304643961482911533E+00
-0.15840021945021651941730976228930E+00 0.68371967307582242143583019619316E+00
-0.15527045694684324162289900866705E+00 0.67301087607145123958504266711826E+00
-0.15213063059615642804028684482589E+00 0.66227830829342620625662539940738E+00
-0.14898075144990592654163127593926E+00 0.65152233758508305370739167371925E+00
-0.14582082744686444052911008582803E+00 0.64074333209828701003353506329982E+00
-0.14265086325118130132352449744377E+00 0.62994166024820225261635122767340E+00
-0.13947086008135593901208887791923E+00 0.61911769066570026365435106851511E+00
-0.13628081552916032307910001654716E+00 0.60827179214721163625871116422521E+00
-0.13308072336778121467912988900799E+00 0.59740433360180723148988101616099E+00
-0.12987057334838965653252085828148E+00 0.58651568399527076936683269079132E+00
-0.12665035098428160922823368658696E+00 0.57560621229090743546690823095391E+00
-0.12342003732164861303857008192334E+00 0.56467628738679942694819179709965E+00
-0.12017960869596698021332363457778E+00 0.55372627804919843346464800155470E+00
-0.11692903647288921122764622687990E+00 0.54275655284170767080570148679585E+00
-0.11366828677243009238398553848119E+00 0.53176748004987192973762601035780E+00
-0.11039732017512302948790887207678E+00 0.52075942760075541513055958023820E+00
-0.10711609140869857615623185458797E+00 0.50973276297704024059330541414170E+00
-0.10382454901370202148386738629966E+00 0.49868785312513068835442172461351E+00
-0.10052263498631073087187312398522E+00 0.48762506435669033849043406503231E+00
-0.97210284396445947008025374432550E-01 0.47654476224297696415077813253178E+00
-0.93887424979082628118519587714739E-01 0.46544731150126958265883801143832E+00
-0.90553976696450849513668716450082E-01 0.45433307587260093034599879558362E+00
-0.87209851268588196169089026705474E-01 0.44320241798992011792703974644685E+00
-0.83854951669437254894675594406842E-01 0.43205569923570572267503910677054E+00
-0.80489171585391955243092495287735E-01 0.42089327958793710823868668052948E+00
-0.77112394832860677515939702132674E-01 0.40971551745319841282461822770305E+00
-0.73724494731047423877057338221233E-01 0.39852276948554177032467227970774E+00
-0.70325333425730589617504722936577E-01 0.38731539038956641726465100981072E+00
-0.66914761159349833243778635383751E-01 0.37609373270597768034033906118122E+00
-0.63492615482175644366446107474652E-01 0.36485814657766813588097974828548E+00
-0.60058720398733926649021523231862E-01 0.35360897949411064456239198771087E+00
-0.56612885442972519382909143943657E-01 0.34234657601156173071974685849993E+00
-0.53154904674877297387837978680973E-01 0.33107127744624171860127296261039E+00
-0.49684555590356564438070160293104E-01 0.31978342153727022000771193268842E+00
-0.46201597935200828133656604919017E-01 0.30848334207569320095522525493183E+00
-0.42705772412762089613589579553428E-01 0.29717136849542183067081461007628E+00
-0.39196799273665807175332907176597E-01 0.28584782542130435559342700479641E+00
-0.35674376774337406219963132891237E-01 0.27451303216885771383631165872175E+00
-0.32138179489357005194729223370739E-01 0.26316730218937204742099588002854E+00
-0.28587856460613836420360533806999E-01 0.25181094245315035682325363481043E+00
-0.25023029163863247115808467134484E-01 0.24044425276252979492040021278352E+00
-0.21443289270531838745617030671505E-01 0.22906752498501779434651453856384E+00
-0.17848196179405356255060842427486E-01 0.21768104219532296577711849825186E+00
-0.14237274289070885355379923352633E-01 0.20628507771322393278064636356117E+00
-0.10610009977571155612370920504676E-01 0.19487989402203432526162083206952E+00
-0.69658482505271578921940995394689E-02 0.18346574154981379106632604271586E+00
-0.33041890128360039111419302701726E-02 0.17204285729235439032118762650839E+00
0.37561708824316234084791474104567E-03 0.16061146325322086585357658698583E+00
0.40742733095011684060144716903399E-02 0.14917176467159361718953448573439E+00
0.77925420189676920660997993864905E-02 0.13772394800317699759695122556942E+00
0.11531250547655379496676537012945E-01 0.12626817861275463350691211833821E+00
0.15291297784715552043994017156978E-01 0.11480459812880412783883481620325E+00
0.19073661633149275574281645170407E-01 0.10333332140054086655274381329517E+00
0.22879407465510302287028014498149E-01 0.91854432985358043073170192757043E-01
0.26709697746346624427925053514411E-01 0.80367983079218673838745991289128E-01
0.30565803021788652717108461983509E-01 0.68873982783309815685918369571914E-01
0.34449114518414977761739079353091E-01 0.57372398576070048907806474865261E-01
0.38361158645577399846058410075431E-01 0.45863145829099258408695148283347E-01
0.42303613760745025571097193668636E-01 0.34346081166470828175883685187834E-01
0.46278329640121085120945941290993E-01 0.22820993416950638942782160881783E-01
0.50287350202201749783481909181374E-01 0.11287592843952927395079740530069E-01
0.54332940167423103967810153730279E-01 -0.25450174626169098996091238935090E-03
0.58417616512686695502983298345155E-01 -0.11805778528556380280763140258295E-01
0.62544185809449927427686352060465E-01 -0.23366851472770191689095131712706E-01
0.66715788838041351196109642196288E-01 -0.34938483302801161268509283110321E-01
0.70935954277267206396216530150973E-01 -0.46521613724387605864052201969022E-01
0.75208663818289037705348956907403E-01 -0.58117394413177581595879448972249E-01
0.79538431805713187428144075297401E-01 -0.69727232766696120674739435961751E-01
0.83930403557623039394265633985962E-01 -0.81352847146119351420438042022337E-01
0.88390477998903131104364110268377E-01 -0.92996337368416863164765570407079E-01
0.92925462376626182526078274272679E-01 -0.10466027571633684023230116485121E+00
0.97543269965013897994589019676629E-01 -0.11634782596770662104604727214305E+00
0.10225317640639282380413058851075E+00 -0.12806290131775241126424766628650E+00
0.10706615776428488900473159887075E+00 -0.13981037723521474816236044012351E+00
0.11199534589001829946673719423428E+00 -0.15159638317126660562564518872333E+00
0.11705666315842067459504422219619E+00 -0.16342870725363063226563234225199E+00
0.12226989206660456343868433367319E+00 -0.17531729862419364254978662687265E+00
0.12875891047987528194494025963750E+00 -0.18967776649767940667064462465689E+00
0.13555846203928985482603708431969E+00 -0.20416995000316720852263778178322E+00
0.14274409600955279916054624961869E+00 -0.21884176549644576622841029799328E+00
0.15042976364547002757431571815065E+00 -0.23376665306669822292869431730478E+00
0.15879334785068527049209580312270E+00 -0.24906964833599638782540310319562E+00
0.16763454113753411132202061114140E+00 -0.26414038267667410167159841570659E+00
0.17660072478473914612700209359865E+00 -0.27822691798030903695723859809419E+00
0.18572168008085660691961494630003E+00 -0.29131546869454900715385773221500E+00
0.19494440696712846220247520433296E+00 -0.30346653865429386542994556641732E+00
0.20467867987592629434149883055281E+00 -0.31437826462624758414876337924701E+00
0.20077459647638695617770121679413E+00 -0.32844886686726548427524867112871E+00
0.19764319441473180780744342996382E+00 -0.34331784770327472373907093670248E+00
0.19513677111628253862763870585872E+00 -0.35897095841256610268108848040105E+00
0.19324108274495634835362990726905E+00 -0.37541003127049361769828672742560E+00
0.19190080134996068184059022940878E+00 -0.39262329848695057965508444283533E+00
0.19110646480833586293994376214301E+00 -0.40978540501409866875128902184996E+00
0.19076450638292466543281771136206E+00 -0.42627072947239633921660426391862E+00
0.19076519102575513199604586090795E+00 -0.44227021326533079159834106990790E+00
0.19103705786843605167189613374306E+00 -0.45790035541788473623070151830610E+00
0.19152975690804982615957168491449E+00 -0.47323784127180209395439539060939E+00
0.19208343226899904568546398806912E+00 -0.48583437121334054570092169650767E+00
0.19274705044701146543277285124806E+00 -0.49828770462568521779253337255848E+00
0.19350866441030568004110713867023E+00 -0.51061553458160338719385006385298E+00
0.19435662157479785660346468474872E+00 -0.52283200613019756424682974276350E+00
0.19528170818959974823131126181300E+00 -0.53494849962119984533020333959995E+00
0.19627590969998369217445458360727E+00 -0.54697432576879866626340851025734E+00
0.19733241106366836030387946715384E+00 -0.55891717048098985042805855626964E+00
0.19844529190417637924041666901698E+00 -0.57078344274854612670497677149468E+00
0.19960939264315123887720539736774E+00 -0.58257852780353860671603429482745E+00
0.20082017671952278713727015237550E+00 -0.59430698265741481352178265496951E+00
0.20207363251914703987643479494065E+00 -0.60597268628128533639612204419939E+00
0.20336619121747764823546287100246E+00 -0.61757895753371314840640027318367E+00
0.20469466146095624283514905540118E+00 -0.62912864847121481062180020226945E+00
0.20605617557965932513495333566555E+00 -0.64062421909757960935732194280706E+00
0.20744814535761784951644296932910E+00 -0.65206779777672507343125066309687E+00
0.20886822521879394188398746231747E+00 -0.66346123050517428960439611768634E+00
0.21031428140824555328066856467936E+00 -0.67480612141804351144026793182764E+00
0.21178436600036499741253698762637E+00 -0.68610386633798484807767461154701E+00
0.21327669484614963653740558462774E+00 -0.69735568075243241033034196100097E+00
0.21478962875227106667236239586346E+00 -0.70856262329340357697379521273256E+00
0.21632165733250433805806984326625E+00 -0.71972561555952982139671859257896E+00
0.21787138508251312515531212761258E+00 -0.73084545894262241293788301006083E+00
0.21943751931586406556647480095350E+00 -0.74192284898520116475110168225152E+00
0.22101885966682321061090715399595E+00 -0.75295838769057863030769376066367E+00
0.22261428891906178919266218252128E+00 -0.76395259412545311005452742433464E+00
0.22422276496196944325587651118825E+00 -0.77490591359092955302418513446259E+00
0.22584331371039099537260663027568E+00 -0.78581872558727892931646881953552E+00
0.22747502285111313224860719732496E+00 -0.79669135075747961662916473088453E+00
0.22911703630174078870128995530250E+00 -0.80752405696233767238817753289304E+00
0.23076854928581937888649347578545E+00 -0.81831706461400321134015295190316E+00
0.23242880394300059467972007523043E+00 -0.82907055137364409554667843524486E+00
0.23409708540537526963949977379546E+00 -0.83978465630188769721002647138352E+00
0.23577271828131218278568024936666E+00 -0.85045948353659091589964455775824E+00
0.23745506349664821824371369535908E+00 -0.86109510556093981585761402672366E+00
0.23914351545019126891166456966634E+00 -0.87169156611531998920789309569506E+00
0.24083749944647094227262787715387E+00 -0.88224888279846093024502972239298E+00
0.24253646937371265565919036075045E+00 -0.89276704939673756922458899937483E+00
0.24423990559927682612923453886556E+00 -0.90324603797496830307552151053605E+00
0.24594731305842711674558196678480E+00 -0.91368580075738843877468934925298E+00
0.24765821951538339867321525593630E+00 -0.92408627182354880860014143959813E+00
0.24937217397825595605482195853551E+00 -0.93444736864055770366274350132454E+00
0.25108874525172755516146755081503E+00 -0.94476899345026018727571176884324E+00
0.25280752061329936915155479918378E+00 -0.95505103452753702849294327340987E+00
0.25452810460060393912320382480567E+00 -0.96529336732384543420864204594426E+00
0.25625011789874694530253268086803E+00 -0.97549585550835983201463376706290E+00
0.25797319631790383477160242828729E+00 -0.98565835191754781439454930957345E+00
0.25969698985250233024363784893948E+00 -0.99578069942271111393492234588617E+00
0.26142116181428137774561533474643E+00 -0.10058627317238860885328780960386E+01
0.26314538803235826914611156180063E+00 -0.10159042740775162937299685564701E+01
0.26486935611417311920625080250905E+00 -0.10259051439644610830453128771503E+01
0.26659276476182841095742482969559E+00 -0.10358651517041539930257801321064E+01
0.26831532313890878702508619272931E+00 -0.10457841010200838025350115438813E+01
0.27003675028337360049273214849537E+00 -0.10556617895611983220162934979153E+01
0.27175677456255527394297416332759E+00 -0.10654980093833338436522827152594E+01
0.27347513316669409197355009458621E+00 -0.10752925473943404191241768072484E+01
0.27519157163778706155951383040628E+00 -0.10850451857661809805903974504259E+01
0.27690584343084108178468386120949E+00 -0.10947557023169490136870673265548E+01
0.27861770950489801125340837720208E+00 -0.11044238708654461483775910444075E+01
0.28032693794144459544677752180875E+00 -0.11140494615606944456922125462647E+01
0.28203330358804164580944938893646E+00 -0.11236322411885264819298765575616E+01
0.28373658772520701319788944620829E+00 -0.11331719734571803790536605517836E+01
0.28543657775475970306990593532582E+00 -0.11426684192636475105078310139019E+01
0.28713306690799589991244853201027E+00 -0.11521213369423488256488136671309E+01
0.28882585397220860580216094628186E+00 -0.11615304824975694298749695711896E+01
0.29051474303419160364356249972526E+00 -0.11708956098209493284416363223305E+01
0.29219954323948553195942699286998E+00 -0.11802164708952067099221300014208E+01
0.29388006856622850873228926942231E+00 -0.11894928159851657205246299563018E+01
0.29555613761256844378534368042656E+00 -0.11987243938170641061914568293463E+01
0.29722757339668010718841845369417E+00 -0.12079109517470289029940219069138E+01
0.29889420316850915325161864457873E+00 -0.12170522359195328573716744533536E+01
0.30055585823243402655588595618175E+00 -0.12261479914165720037973062826064E+01
0.30221237378010249995731177692635E+00 -0.12351979623982430417206571109712E+01
0.30386358873275793207959733361431E+00 -0.12442018922353415364959887673897E+01
0.30550934559242318128278196437366E+00 -0.12531595236345501668550751432807E+01
0.30714949030135815029586103693818E+00 -0.12620705987567393342591063863639E+01
0.30878387210925320328508048941050E+00 -0.12709348593288602734559490861505E+01
0.31041234344765914004534650505935E+00 -0.12797520467498706565369591746915E+01
0.31203475981119293883787157535694E+00 -0.12885219021911007563829230793887E+01
0.31365097964509086921508608390986E+00 -0.12972441666914317801915243425345E+01
0.31526086423871418924991759320022E+00 -0.13059185812476331329750116683542E+01
0.31686427762463847969956962689617E+00 -0.13145448869001752111349762380342E+01
0.31846108648298554252029934610584E+00 -0.13231228248148126591103580361830E+01
0.32005116005068032068203429615267E+00 -0.13316521363602097413677747312348E+01
0.32163437003533785429884258083026E+00 -0.13401325631818577705864564881962E+01
0.32321059053350524543085370254900E+00 -0.13485638472725193254113553995884E+01
0.32477969795300248585054685118805E+00 -0.13569457310394133036051091336080E+01
0.32634157093912401458698534491501E+00 -0.13652779573683410546301202962901E+01
0.32789609030447719978640302731809E+00 -0.13735602696849408988751442958426E+01
0.32944313896225173741052984664376E+00 -0.13817924120132388924474373026402E+01
0.33098260186272405578523193266007E+00 -0.13899741290316631472821025746214E+01
0.33251436593281602731742882329313E+00 -0.13981051661266626526017022698858E+01
0.33403832001853883707248476747560E+00 -0.14061852694440759142673700336900E+01
0.33555435483016111899514121441011E+00 -0.14142141859383748342686309965953E+01
0.33706236288995534354704423750262E+00 -0.14221916634199051918156765293227E+01
0.33856223848238044669035030331253E+00 -0.14301174506002368142899629533515E+01
0.34005387760657157278105429204329E+00 -0.14379912971357264141154777273085E+01
0.34153717793101344624953124327347E+00 -0.14458129536693929509654975626556E+01
0.34301203875028226709476878560678E+00 -0.14535821718711956859934399610382E+01
0.34447836094374824810028878608128E+00 -0.14612987044768003592032016639186E+01
0.34593604693613696990143241199644E+00 -0.14689623053249144990632694175942E+01
0.34738500065985359331475890495392E+00 -0.14765727293932651967814182200138E+01
0.34882512751898017403960679267039E+00 -0.14841297328332913758344206493241E+01
0.35025633435486171627871054497366E+00 -0.14916330730036139974090216144688E+01
0.35167852941320061364758461858491E+00 -0.14990825085023478073702828750695E+01
0.35309162231258449780886115802688E+00 -0.15064777991983112559102628233901E+01
0.35449552401437653463319487436749E+00 -0.15138187062611893266178450845007E+01
0.35589014679390185704212867676382E+00 -0.15211049921906999605694984219898E+01
0.35727540421286603798283179984951E+00 -0.15283364208448120741798358300248E+01
0.35865121109294667082437994721823E+00 -0.15355127574670600912219449480654E+01
0.36001748349050184344702476238342E+00 -0.15426337687129977021647321322634E+01
0.36137413867234193417207507387530E+00 -0.15496992226758298175456625743431E+01
0.36272109509251443082729864975481E+00 -0.15567088889112613033627872408748E+01
0.36405827237005467574576807916412E+00 -0.15636625384615969807167444209475E+01
0.36538559126765694612382870580711E+00 -0.15705599438791263392107237482410E+01
0.36670297367122350720901429276476E+00 -0.15774008792488249115968058433564E+01
0.36801034257025122780371684367759E+00 -0.15841851202104009179060260026073E+01
0.36930762203901766855968776036123E+00 -0.15909124439797158884453167265237E+01
0.37059473721852985764644889331438E+00 -0.15975826293696057242478685883576E+01
0.37187161429920186331785269844990E+00 -0.16041954568101257781985073099040E+01
0.37313818050422874054809532576749E+00 -0.16107507083682455408865462050573E+01
0.37439436407362454152123907742341E+00 -0.16172481677670131399882648545794E+01
0.37564009424889725536291650295025E+00 -0.16236876204042120998585138689574E+01
0.37687530125833053738330611436071E+00 -0.16300688533705296193578652700944E+01
0.37809991630284668434379792292569E+00 -0.16363916554672547258481942834512E+01
0.37931387154242602200888160922066E+00 -0.16426558172235257366113779401320E+01
0.38051710008305790478417860408467E+00 -0.16488611309131414535363417687006E+01
0.38170953596420108739070469403837E+00 -0.16550073905709542930156461535980E+01
0.38289111414673155519706946800711E+00 -0.16610943920088595293195126172927E+01
0.38406177050135681125190293569177E+00 -0.16671219328313943018728140109286E+01
0.38522144179747812937999938226330E+00 -0.16730898124509617807531540455231E+01
0.38637006569248021727561961982262E+00 -0.16789978321026913364330447207587E+01
0.38750758072143235764398396389919E+00 -0.16848457948589484885490136536144E+01
0.38863392628718267057812636298371E+00 -0.16906335056435057577576976196104E+01
0.38974904265082971321753188360254E+00 -0.16963607712453848455150599225574E+01
0.39085287092255612491509236376602E+00 -0.17020274003323819366828568276534E+01
0.39194535305280949591321339993370E+00 -0.17076332034642845794488532865641E+01
0.39302643182381599706848037421266E+00 -0.17131779931057907520512503085080E+01
0.39409605084141397455171653567921E+00 -0.17186615836391386663761992797065E+01
0.39515415452719424755342871460890E+00 -0.17240837913764554990377556535629E+01
0.39620068811093484358303785058202E+00 -0.17294444345718341083338757663295E+01
0.39723559762331877418509977236287E+00 -0.17347433334331443643152886626343E+01
0.39825882988892337229017546935847E+00 -0.17399803101335873507130697074629E+01
0.39927033251947075681943774472340E+00 -0.17451551888229989500956281121792E+01
0.40027005390732881808001220527740E+00 -0.17502677956389096242570042485917E+01
0.40125794321925354646135338709829E+00 -0.17553179587173667652987240993100E+01
0.40223395039036281784663239070172E+00 -0.17603055082035256744993219207234E+01
0.40319802611833275730660925125838E+00 -0.17652302762620147621280444125988E+01
0.40415012185780858780470626339517E+00 -0.17700920970870808190084854508449E+01
0.40509018981502122947487362314564E+00 -0.17748908069125191046284710403459E+01
0.40601818294260212107423266570609E+00 -0.17796262440213938429876058388384E+01
0.40693405493458848692760825514307E+00 -0.17842982487555532392748775616240E+01
0.40783776022161223090153481419115E+00 -0.17889066635249440865420669347121E+01
0.40872925396626537920917423945629E+00 -0.17934513328167300310990849483492E+01
0.40960849205863510714431440623933E+00 -0.17979321032042177477132192634307E+01
0.41047543111200288962806020673846E+00 -0.18023488233555947337123485620599E+01
0.41133002845870069841432985868935E+00 -0.18067013440424830190383537382102E+01
0.41217224214611916304040383029658E+00 -0.18109895181483114747276781922447E+01
0.41300203093286205185382883845453E+00 -0.18152132006765115131392487334466E+01
0.41381935428504085207478247869680E+00 -0.18193722487585377406627310941256E+01
0.41462417237270614559992569163765E+00 -0.18234665216617184364511173606430E+01
0.41541644606640841342518835114710E+00 -0.18274958807969375612604284850902E+01
0.41619613693388595658287507589316E+00 -0.18314601897261516225612600494466E+01
0.41696320723687370628167201030467E+00 -0.18353593141697444531302686983910E+01
0.41771761992802933908142216965929E+00 -0.18391931220137218518118116967072E+01
0.41845933864797243589935638076995E+00 -0.18429614833167491179969818896121E+01
0.41918832772243230741401402752921E+00 -0.18466642703170335975292543186493E+01
0.41990455215950135760279902112370E+00 -0.18503013574390545439738505453420E+01
0.42060797764698953975587394837980E+00 -0.18538726213001426571428155922336E+01
0.42129857054987678847635148468917E+00 -0.18573779407169110965676244694251E+01
0.42197629790785995183769154175798E+00 -0.18608171967115402902226496593452E+01
0.42264112743299081672752924470640E+00 -0.18641902725179180003940270469102E+01
0.42329302750740243250050727129378E+00 -0.18674970535876370723639636213513E+01
0.42393196718112009388517636500071E+00 -0.18707374275958520351836873170564E+01
0.42455791616995484153427788049591E+00 -0.18739112844469965305827886667374E+01
0.42517084485347610031587527663136E+00 -0.18770185162803630908751093857819E+01
0.42577072427306118663132823025992E+00 -0.18800590174755468405093347784673E+01
0.42635752613001874529621514273423E+00 -0.18830326846577545176422166635613E+01
0.42693122278378402692617542539276E+00 -0.18859394167029801604241048171990E+01
0.42749178725018342454210422578017E+00 -0.18887791147430489101137158678495E+01
0.42803919319976605230248714347663E+00 -0.18915516821705302338933134678830E+01
0.42857341495620011730933448475209E+00 -0.18942570246435215257931474566939E+01
0.42909442749473223139275316384510E+00 -0.18968950500903036008493553097941E+01
0.42960220644070731583206137255417E+00 -0.18994656687138689639282735981876E+01
0.43009672806814742980702105103753E+00 -0.19019687929963239399672553797898E+01
0.43057796929838764650262785550295E+00 -0.19044043377031658059420986078911E+01
0.43104590769876704991941713879466E+00 -0.19067722198874357710442155893274E+01
0.43150052148137334998411191318273E+00 -0.19090723588937487444142787716567E+01
0.43194178950183941706111543830346E+00 -0.19113046763622008997077486389521E+01
0.43236969125819007942819027427961E+00 -0.19134690962321557059070166227389E+01
0.43278420688973789218670313681338E+00 -0.19155655447459093363306237965910E+01
0.43318531717602629883117458917473E+00 -0.19175939504522362391920401454661E+01
0.43357300353581886227228850730489E+00 -0.19195542442098155495434769846970E+01
0.43394724802613325150123093243099E+00 -0.19214463591905390448581481556126E+01
0.43430803334131880621379954499034E+00 -0.19232702308827012794159238165891E+01
0.43465534281217645939327987301845E+00 -0.19250257970940727389149495655493E+01
0.43498916040511971952740362648422E+00 -0.19267129979548562554501404528675E+01
0.43530947072137597754459721328362E+00 -0.19283317759205275597251770203637E+01
0.43561625899622675990107674889942E+00 -0.19298820757745604057210103148003E+01
0.43590951109828618028083078163536E+00 -0.19313638446310367216496451683255E+01
0.43618921352881656453221646087347E+00 -0.19327770319371424088660297559475E+01
0.43645535342108036540982241455001E+00 -0.19341215894755491004612602220999E+01
0.43670791853972759467997080772761E+00 -0.19353974713666824404652238197828E+01
0.43694689728021791770971473086424E+00 -0.19366046340708772310479199177515E+01
0.43717227866827668664523016710117E+00 -0.19377430363904197872103887963024E+01
0.43738405235938427197348061361194E+00 -0.19388126394714780268602501644641E+01
0.43758220863829786751905842719423E+00 -0.19398134068059194232307032785884E+01
0.43776673841860532961253533514639E+00 -0.19407453042330173056060803218370E+01
0.43793763324231015055896205064680E+00 -0.19416082999410457724641959303135E+01
0.43809488527944622137409107291074E+00 -0.19424023644687636499302366152479E+01
0.43823848732770270418233439092986E+00 -0.19431274707067915998801893922199E+01
0.43832663542689160985727403468010E+00 -0.19435725523823119185122815271030E+01
0.43840871213579876345167139480773E+00 -0.19439869681239575102705021598285E+01
0.43848471578520323670285924530044E+00 -0.19443707116429318060986500777007E+01
0.43855464482937977348953955850505E+00 -0.19447237771158101614871729246265E+01
0.43861849784645035659910443140913E+00 -0.19450461591845844164615757868953E+01
0.43867931446713736544282701919062E+00 -0.19453532056489651706239492482700E+01
0.43874013520812865099563040752040E+00 -0.19456602676483291168185164391575E+01
0.43880096006926609317028295012239E+00 -0.19459673451833160142669422313811E+01
0.43886178905038934354967985110364E+00 -0.19462744382545660252833018401779E+01
0.43892262215134058173779152093978E+00 -0.19465815468627187705554482873261E+01
0.43886178905038934354967985110364E+00 -0.19462744382545660252833018401779E+01
0.43880096006926609317028295012239E+00 -0.19459673451833160142669422313811E+01
0.43874013520812865099563040752040E+00 -0.19456602676483291168185164391575E+01
0.43867931446713736544282701919062E+00 -0.19453532056489651706239492482700E+01
0.43861849784645035659910443140913E+00 -0.19450461591845844164615757868953E+01
0.43855464482937977348953955850505E+00 -0.19447237771158101614871729246265E+01
0.43848471578520323670285924530044E+00 -0.19443707116429318060986500777007E+01
0.43840871213579876345167139480773E+00 -0.19439869681239575102705021598285E+01
0.43832663542689160985727403468010E+00 -0.19435725523823119185122815271030E+01
0.43823848732770270418233439092986E+00 -0.19431274707067915998801893922199E+01
0.43809488527944622137409107291074E+00 -0.19424023644687636499302366152479E+01
0.43793763324231015055896205064680E+00 -0.19416082999410457724641959303135E+01
0.43776673841860532961253533514639E+00 -0.19407453042330173056060803218370E+01
0.43758220863829786751905842719423E+00 -0.19398134068059194232307032785884E+01
0.43738405235938427197348061361194E+00 -0.19388126394714780268602501644641E+01
0.43717227866827668664523016710117E+00 -0.19377430363904197872103887963024E+01
0.43694689728021791770971473086424E+00 -0.19366046340708772310479199177515E+01
0.43670791853972759467997080772761E+00 -0.19353974713666824404652238197828E+01
0.43645535342108036540982241455001E+00 -0.19341215894755491004612602220999E+01
0.43618921352881656453221646087347E+00 -0.19327770319371424088660297559475E+01
0.43590951109828618028083078163536E+00 -0.19313638446310367216496451683255E+01
0.43561625899622675990107674889942E+00 -0.19298820757745604057210103148003E+01
0.43530947072137597754459721328362E+00 -0.19283317759205275597251770203637E+01
0.43498916040511971952740362648422E+00 -0.19267129979548562554501404528675E+01
0.43465534281217645939327987301845E+00 -0.19250257970940727389149495655493E+01
0.43430803334131880621379954499034E+00 -0.19232702308827012794159238165891E+01
0.43394724802613325150123093243099E+00 -0.19214463591905390448581481556126E+01
0.43357300353581886227228850730489E+00 -0.19195542442098155495434769846970E+01
0.43318531717602629883117458917473E+00 -0.19175939504522362391920401454661E+01
0.43278420688973789218670313681338E+00 -0.19155655447459093363306237965910E+01
0.43236969125819007942819027427961E+00 -0.19134690962321557059070166227389E+01
0.43194178950183941706111543830346E+00 -0.19113046763622008997077486389521E+01
0.43150052148137334998411191318273E+00 -0.19090723588937487444142787716567E+01
0.43104590769876704991941713879466E+00 -0.19067722198874357710442155893274E+01
0.43057796929838764650262785550295E+00 -0.19044043377031658059420986078911E+01
0.43009672806814742980702105103753E+00 -0.19019687929963239399672553797898E+01
0.42960220644070731583206137255417E+00 -0.18994656687138689639282735981876E+01
0.42909442749473223139275316384510E+00 -0.18968950500903036008493553097941E+01
0.42857341495620011730933448475209E+00 -0.18942570246435215257931474566939E+01
0.42803919319976605230248714347663E+00 -0.18915516821705302338933134678830E+01
0.42749178725018342454210422578017E+00 -0.18887791147430489101137158678495E+01
0.42693122278378402692617542539276E+00 -0.18859394167029801604241048171990E+01
0.42635752613001874529621514273423E+00 -0.18830326846577545176422166635613E+01
0.42577072427306118663132823025992E+00 -0.18800590174755468405093347784673E+01
0.42517084485347610031587527663136E+00 -0.18770185162803630908751093857819E+01
0.42455791616995484153427788049591E+00 -0.18739112844469965305827886667374E+01
0.42393196718112009388517636500071E+00 -0.18707374275958520351836873170564E+01
0.42329302750740243250050727129378E+00 -0.18674970535876370723639636213513E+01
0.42264112743299081672752924470640E+00 -0.18641902725179180003940270469102E+01
0.42197629790785995183769154175798E+00 -0.18608171967115402902226496593452E+01
0.42129857054987678847635148468917E+00 -0.18573779407169110965676244694251E+01
0.42060797764698953975587394837980E+00 -0.18538726213001426571428155922336E+01
0.41990455215950135760279902112370E+00 -0.18503013574390545439738505453420E+01
0.41918832772243230741401402752921E+00 -0.18466642703170335975292543186493E+01
0.41845933864797243589935638076995E+00 -0.18429614833167491179969818896121E+01
0.41771761992802933908142216965929E+00 -0.18391931220137218518118116967072E+01
0.41696320723687370628167201030467E+00 -0.18353593141697444531302686983910E+01
0.41619613693388595658287507589316E+00 -0.18314601897261516225612600494466E+01
0.41541644606640841342518835114710E+00 -0.18274958807969375612604284850902E+01
0.41462417237270614559992569163765E+00 -0.18234665216617184364511173606430E+01
0.41381935428504085207478247869680E+00 -0.18193722487585377406627310941256E+01
0.41300203093286205185382883845453E+00 -0.18152132006765115131392487334466E+01
0.41217224214611916304040383029658E+00 -0.18109895181483114747276781922447E+01
0.41133002845870069841432985868935E+00 -0.18067013440424830190383537382102E+01
0.41047543111200288962806020673846E+00 -0.18023488233555947337123485620599E+01
0.40960849205863510714431440623933E+00 -0.17979321032042177477132192634307E+01
0.40872925396626537920917423945629E+00 -0.17934513328167300310990849483492E+01
0.40783776022161223090153481419115E+00 -0.17889066635249440865420669347121E+01
0.40693405493458848692760825514307E+00 -0.17842982487555532392748775616240E+01
0.40601818294260212107423266570609E+00 -0.17796262440213938429876058388384E+01
0.40509018981502122947487362314564E+00 -0.17748908069125191046284710403459E+01
0.40415012185780858780470626339517E+00 -0.17700920970870808190084854508449E+01
0.40319802611833275730660925125838E+00 -0.17652302762620147621280444125988E+01
0.40223395039036281784663239070172E+00 -0.17603055082035256744993219207234E+01
0.40125794321925354646135338709829E+00 -0.17553179587173667652987240993100E+01
0.40027005390732881808001220527740E+00 -0.17502677956389096242570042485917E+01
0.39927033251947075681943774472340E+00 -0.17451551888229989500956281121792E+01
0.39825882988892337229017546935847E+00 -0.17399803101335873507130697074629E+01
0.39723559762331877418509977236287E+00 -0.17347433334331443643152886626343E+01
0.39620068811093484358303785058202E+00 -0.17294444345718341083338757663295E+01
0.39515415452719424755342871460890E+00 -0.17240837913764554990377556535629E+01
0.39409605084141397455171653567921E+00 -0.17186615836391386663761992797065E+01
0.39302643182381599706848037421266E+00 -0.17131779931057907520512503085080E+01
0.39194535305280949591321339993370E+00 -0.17076332034642845794488532865641E+01
0.39085287092255612491509236376602E+00 -0.17020274003323819366828568276534E+01
0.38974904265082971321753188360254E+00 -0.16963607712453848455150599225574E+01
0.38863392628718267057812636298371E+00 -0.16906335056435057577576976196104E+01
0.38750758072143235764398396389919E+00 -0.16848457948589484885490136536144E+01
0.38637006569248021727561961982262E+00 -0.16789978321026913364330447207587E+01
0.38522144179747812937999938226330E+00 -0.16730898124509617807531540455231E+01
0.38406177050135681125190293569177E+00 -0.16671219328313943018728140109286E+01
0.38289111414673155519706946800711E+00 -0.16610943920088595293195126172927E+01
0.38170953596420108739070469403837E+00 -0.16550073905709542930156461535980E+01
0.38051710008305790478417860408467E+00 -0.16488611309131414535363417687006E+01
0.37931387154242602200888160922066E+00 -0.16426558172235257366113779401320E+01
0.37809991630284668434379792292569E+00 -0.16363916554672547258481942834512E+01
0.37687530125833053738330611436071E+00 -0.16300688533705296193578652700944E+01
0.37564009424889725536291650295025E+00 -0.16236876204042120998585138689574E+01
0.37439436407362454152123907742341E+00 -0.16172481677670131399882648545794E+01
0.37313818050422874054809532576749E+00 -0.16107507083682455408865462050573E+01
0.37187161429920186331785269844990E+00 -0.16041954568101257781985073099040E+01
0.37059473721852985764644889331438E+00 -0.15975826293696057242478685883576E+01
0.36930762203901766855968776036123E+00 -0.15909124439797158884453167265237E+01
0.36801034257025122780371684367759E+00 -0.15841851202104009179060260026073E+01
0.36670297367122350720901429276476E+00 -0.15774008792488249115968058433564E+01
0.36538559126765694612382870580711E+00 -0.15705599438791263392107237482410E+01
0.36405827237005467574576807916412E+00 -0.15636625384615969807167444209475E+01
0.36272109509251443082729864975481E+00 -0.15567088889112613033627872408748E+01
0.36137413867234193417207507387530E+00 -0.15496992226758298175456625743431E+01
0.36001748349050184344702476238342E+00 -0.15426337687129977021647321322634E+01
0.35865121109294667082437994721823E+00 -0.15355127574670600912219449480654E+01
0.35727540421286603798283179984951E+00 -0.15283364208448120741798358300248E+01
0.35589014679390185704212867676382E+00 -0.15211049921906999605694984219898E+01
0.35449552401437653463319487436749E+00 -0.15138187062611893266178450845007E+01
0.35309162231258449780886115802688E+00 -0.15064777991983112559102628233901E+01
0.35167852941320061364758461858491E+00 -0.14990825085023478073702828750695E+01
0.35025633435486171627871054497366E+00 -0.14916330730036139974090216144688E+01
0.34882512751898017403960679267039E+00 -0.14841297328332913758344206493241E+01
0.34738500065985359331475890495392E+00 -0.14765727293932651967814182200138E+01
0.34593604693613696990143241199644E+00 -0.14689623053249144990632694175942E+01
0.34447836094374824810028878608128E+00 -0.14612987044768003592032016639186E+01
0.34301203875028226709476878560678E+00 -0.14535821718711956859934399610382E+01
0.34153717793101344624953124327347E+00 -0.14458129536693929509654975626556E+01
0.34005387760657157278105429204329E+00 -0.14379912971357264141154777273085E+01
0.33856223848238044669035030331253E+00 -0.14301174506002368142899629533515E+01
0.33706236288995534354704423750262E+00 -0.14221916634199051918156765293227E+01
0.33555435483016111899514121441011E+00 -0.14142141859383748342686309965953E+01
0.33403832001853883707248476747560E+00 -0.14061852694440759142673700336900E+01
0.33251436593281602731742882329313E+00 -0.13981051661266626526017022698858E+01
0.33098260186272405578523193266007E+00 -0.13899741290316631472821025746214E+01
0.32944313896225173741052984664376E+00 -0.13817924120132388924474373026402E+01
0.32789609030447719978640302731809E+00 -0.13735602696849408988751442958426E+01
0.32634157093912401458698534491501E+00 -0.13652779573683410546301202962901E+01
0.32477969795300248585054685118805E+00 -0.13569457310394133036051091336080E+01
0.32321059053350524543085370254900E+00 -0.13485638472725193254113553995884E+01
0.32163437003533785429884258083026E+00 -0.13401325631818577705864564881962E+01
0.32005116005068032068203429615267E+00 -0.13316521363602097413677747312348E+01
0.31846108648298554252029934610584E+00 -0.13231228248148126591103580361830E+01
0.31686427762463847969956962689617E+00 -0.13145448869001752111349762380342E+01
0.31526086423871418924991759320022E+00 -0.13059185812476331329750116683542E+01
0.31365097964509086921508608390986E+00 -0.12972441666914317801915243425345E+01
0.31203475981119293883787157535694E+00 -0.12885219021911007563829230793887E+01
0.31041234344765914004534650505935E+00 -0.12797520467498706565369591746915E+01
0.30878387210925320328508048941050E+00 -0.12709348593288602734559490861505E+01
0.30714949030135815029586103693818E+00 -0.12620705987567393342591063863639E+01
0.30550934559242318128278196437366E+00 -0.12531595236345501668550751432807E+01
0.30386358873275793207959733361431E+00 -0.12442018922353415364959887673897E+01
0.30221237378010249995731177692635E+00 -0.12351979623982430417206571109712E+01
0.30055585823243402655588595618175E+00 -0.12261479914165720037973062826064E+01
0.29889420316850915325161864457873E+00 -0.12170522359195328573716744533536E+01
0.29722757339668010718841845369417E+00 -0.12079109517470289029940219069138E+01
0.29555613761256844378534368042656E+00 -0.11987243938170641061914568293463E+01
0.29388006856622850873228926942231E+00 -0.11894928159851657205246299563018E+01
0.29219954323948553195942699286998E+00 -0.11802164708952067099221300014208E+01
0.29051474303419160364356249972526E+00 -0.11708956098209493284416363223305E+01
0.28882585397220860580216094628186E+00 -0.11615304824975694298749695711896E+01
0.28713306690799589991244853201027E+00 -0.11521213369423488256488136671309E+01
0.28543657775475970306990593532582E+00 -0.11426684192636475105078310139019E+01
0.28373658772520701319788944620829E+00 -0.11331719734571803790536605517836E+01
0.28203330358804164580944938893646E+00 -0.11236322411885264819298765575616E+01
0.28032693794144459544677752180875E+00 -0.11140494615606944456922125462647E+01
0.27861770950489801125340837720208E+00 -0.11044238708654461483775910444075E+01
0.27690584343084108178468386120949E+00 -0.10947557023169490136870673265548E+01
0.27519157163778706155951383040628E+00 -0.10850451857661809805903974504259E+01
0.27347513316669409197355009458621E+00 -0.10752925473943404191241768072484E+01
0.27175677456255527394297416332759E+00 -0.10654980093833338436522827152594E+01
0.27003675028337360049273214849537E+00 -0.10556617895611983220162934979153E+01
0.26831532313890878702508619272931E+00 -0.10457841010200838025350115438813E+01
0.26659276476182841095742482969559E+00 -0.10358651517041539930257801321064E+01
0.26486935611417311920625080250905E+00 -0.10259051439644610830453128771503E+01
0.26314538803235826914611156180063E+00 -0.10159042740775162937299685564701E+01
0.26142116181428137774561533474643E+00 -0.10058627317238860885328780960386E+01
0.25969698985250233024363784893948E+00 -0.99578069942271111393492234588617E+00
0.25797319631790383477160242828729E+00 -0.98565835191754781439454930957345E+00
0.25625011789874694530253268086803E+00 -0.97549585550835983201463376706290E+00
0.25452810460060393912320382480567E+00 -0.96529336732384543420864204594426E+00
0.25280752061329936915155479918378E+00 -0.95505103452753702849294327340987E+00
0.25108874525172755516146755081503E+00 -0.94476899345026018727571176884324E+00
0.24937217397825595605482195853551E+00 -0.93444736864055770366274350132454E+00
0.24765821951538339867321525593630E+00 -0.92408627182354880860014143959813E+00
0.24594731305842711674558196678480E+00 -0.91368580075738843877468934925298E+00
0.24423990559927682612923453886556E+00 -0.90324603797496830307552151053605E+00
0.24253646937371265565919036075045E+00 -0.89276704939673756922458899937483E+00
0.24083749944647094227262787715387E+00 -0.88224888279846093024502972239298E+00
0.23914351545019126891166456966634E+00 -0.87169156611531998920789309569506E+00
0.23745506349664821824371369535908E+00 -0.86109510556093981585761402672366E+00
0.23577271828131218278568024936666E+00 -0.85045948353659091589964455775824E+00
0.23409708540537526963949977379546E+00 -0.83978465630188769721002647138352E+00
0.23242880394300059467972007523043E+00 -0.82907055137364409554667843524486E+00
0.23076854928581937888649347578545E+00 -0.81831706461400321134015295190316E+00
0.22911703630174078870128995530250E+00 -0.80752405696233767238817753289304E+00
0.22747502285111313224860719732496E+00 -0.79669135075747961662916473088453E+00
0.22584331371039099537260663027568E+00 -0.78581872558727892931646881953552E+00
0.22422276496196944325587651118825E+00 -0.77490591359092955302418513446259E+00
0.22261428891906178919266218252128E+00 -0.76395259412545311005452742433464E+00
0.22101885966682321061090715399595E+00 -0.75295838769057863030769376066367E+00
0.21943751931586406556647480095350E+00 -0.74192284898520116475110168225152E+00
0.21787138508251312515531212761258E+00 -0.73084545894262241293788301006083E+00
0.21632165733250433805806984326625E+00 -0.71972561555952982139671859257896E+00
0.21478962875227106667236239586346E+00 -0.70856262329340357697379521273256E+00
0.21327669484614963653740558462774E+00 -0.69735568075243241033034196100097E+00
0.21178436600036499741253698762637E+00 -0.68610386633798484807767461154701E+00
0.21031428140824555328066856467936E+00 -0.67480612141804351144026793182764E+00
0.20886822521879394188398746231747E+00 -0.66346123050517428960439611768634E+00
0.20744814535761784951644296932910E+00 -0.65206779777672507343125066309687E+00
0.20605617557965932513495333566555E+00 -0.64062421909757960935732194280706E+00
0.20469466146095624283514905540118E+00 -0.62912864847121481062180020226945E+00
0.20336619121747764823546287100246E+00 -0.61757895753371314840640027318367E+00
0.20207363251914703987643479494065E+00 -0.60597268628128533639612204419939E+00
0.20082017671952278713727015237550E+00 -0.59430698265741481352178265496951E+00
0.19960939264315123887720539736774E+00 -0.58257852780353860671603429482745E+00
0.19844529190417637924041666901698E+00 -0.57078344274854612670497677149468E+00
0.19733241106366836030387946715384E+00 -0.55891717048098985042805855626964E+00
0.19627590969998369217445458360727E+00 -0.54697432576879866626340851025734E+00
0.19528170818959974823131126181300E+00 -0.53494849962119984533020333959995E+00
0.19435662157479785660346468474872E+00 -0.52283200613019756424682974276350E+00
0.19350866441030568004110713867023E+00 -0.51061553458160338719385006385298E+00
0.19274705044701146543277285124806E+00 -0.49828770462568521779253337255848E+00
0.19208343226899904568546398806912E+00 -0.48583437121334054570092169650767E+00
0.19152975690804982615957168491449E+00 -0.47323784127180209395439539060939E+00
0.19103705786843605167189613374306E+00 -0.45790035541788473623070151830610E+00
0.19076519102575513199604586090795E+00 -0.44227021326533079159834106990790E+00
0.19076450638292466543281771136206E+00 -0.42627072947239633921660426391862E+00
0.19110646480833586293994376214301E+00 -0.40978540501409866875128902184996E+00
0.19190080134996068184059022940878E+00 -0.39262329848695057965508444283533E+00
0.19324108274495634835362990726905E+00 -0.37541003127049361769828672742560E+00
0.19513677111628253862763870585872E+00 -0.35897095841256610268108848040105E+00
0.19764319441473180780744342996382E+00 -0.34331784770327472373907093670248E+00
0.20077459647638695617770121679413E+00 -0.32844886686726548427524867112871E+00
