0.12628793197964320491132859878739E+00 0.74903958537111454217590590693455E-02
0.13657871142129088662345358293732E+00 0.81033567399302732500971139735961E-02
0.14627199474628500155499211645248E+00 0.86815787227810659517692722787316E-02
0.15532746519682830145567827966712E+00 0.92204011857486024295763193408236E-02
0.16371402294393409538144014694855E+00 0.97187776961096385532037722412886E-02
0.17139902103512356428391634975910E+00 0.10175167534979733431896020869260E-01
0.17838966439734042254662897147194E+00 0.10590177778226516735734608924106E-01
0.18483187189426104907908985040466E+00 0.10972553296573370088208422379700E-01
0.19084874188141758599472253759864E+00 0.11329639593381474013623574495050E-01
0.19652220289152592526143220265155E+00 0.11666319140399505561328509134183E-01
0.20191023358539321235577903580343E+00 0.11986043881896937447970222133683E-01
0.19652220289152592526143220265155E+00 0.11666319140399505561328509134183E-01
0.19084874188141758599472253759864E+00 0.11329639593381474013623574495050E-01
0.18483187189426104907908985040466E+00 0.10972553296573370088208422379700E-01
0.17838966439734042254662897147194E+00 0.10590177778226516735734608924106E-01
0.17139902103512356428391634975910E+00 0.10175167534979733431896020869260E-01
0.16371402294393409538144014694855E+00 0.97187776961096385532037722412886E-02
0.15532746519682830145567827966712E+00 0.92204011857486024295763193408236E-02
0.14627199474628500155499211645248E+00 0.86815787227810659517692722787316E-02
0.13657871142129088662345358293732E+00 0.81033567399302732500971139735961E-02
0.12628793197964320491132859878739E+00 0.74903958537111454217590590693455E-02
0.11835830420733095849289621391537E+00 0.20043382970047782314953813521914E-01
0.11116609333735075125993125100070E+00 0.33740664404023521552073592683465E-01
0.10424964916764614450308283639886E+00 0.48343582627978703582284250758090E-01
0.97672405380125408151961519787917E-01 0.63899488245666093229185713807536E-01
0.91402411780784090851784171087380E-01 0.80395073985351819057669140421663E-01
0.85663266064904453136438603243518E-01 0.97019195368472317317437246313725E-01
0.80548531411119540599444756200280E-01 0.11313130550534140157464413618311E+00
0.75899790465271230348362612907557E-01 0.12888675908767717439364809350582E+00
0.71614383536329594778486257238519E-01 0.14437844219899582883784456746829E+00
0.67624007996535220545048416876446E-01 0.15966716748156181445427387705532E+00
0.64484469706219219081523035157299E-01 0.17228223608151951392449090053486E+00
0.61491308430595041870535328101607E-01 0.18480246827957366505983610773808E+00
0.58626183245277910657312896048653E-01 0.19724120346770157790363786695000E+00
0.55874280355786559649888021168834E-01 0.20960896060272003108931147678443E+00
0.53223324213718228949953125140572E-01 0.22191412386303841208630925613550E+00
0.50663005816428894005001009812669E-01 0.23416345564797466675488104198462E+00
0.48184572473662886995507577902872E-01 0.24636246597370717384112343441990E+00
0.45780522510782651382919734775527E-01 0.25851568301383177543367439395311E+00
0.43444373103961683616172703650320E-01 0.27062685477475058101380815205382E+00
0.41170480701510444108848609318980E-01 0.28269910187940981299324454987048E+00
0.38953900093383668286324079463135E-01 0.29473503499948693807846094567455E+00
0.36790272396055584474134886131830E-01 0.30673684629653494008083025560264E+00
0.34675735006261528053933678843210E-01 0.31870638146388374486728391909326E+00
0.32606848474476925205216377472251E-01 0.33064519709053417669370849054949E+00
0.30580536569289973861090765565957E-01 0.34255460678098641644663375961908E+00
0.28594036739583835692889442259342E-01 0.35443571856390252116904677950494E+00
0.26644858855483659812949977459231E-01 0.36628946548195822512935253578522E+00
0.24730750601626331647604711064658E-01 0.37811663079336076955253667906325E+00
0.22849668261082720935245461491817E-01 0.38991786887808638792722216794829E+00
0.20999751901628503575428431268806E-01 0.40169372269241115243734025748651E+00
0.19179304183203570037405095428309E-01 0.41344463842878651138417496553958E+00
0.17386772163960053235907997731121E-01 0.42517097789722607714973661969520E+00
0.15620731604821421581450140169187E-01 0.43687302903692541453111832589317E+00
0.13879873367987081309810666825092E-01 0.44855101488417125209419936206690E+00
0.12162991579869675755742515808405E-01 0.46020510125846049168526270627044E+00
0.10468973288394321434901367797115E-01 0.47183540337860084659131836564126E+00
0.87967893919931425592730284912966E-02 0.48344199158107175257233782232324E+00
0.71454866556891822846667095762156E-02 0.49502489628160010288836037825578E+00
0.55141806604201752638217230466562E-02 0.50658411229590834736573850058949E+00
0.39020495567460156824714967642035E-02 0.51811960261551629097943878662637E+00
0.23083285145159087049491874102894E-02 0.52963130171826446937908555969025E+00
0.73230477685906013198326759805703E-03 0.54111911848006029726427608291804E+00
-0.82668675927686386907318123207256E-03 0.55258293874359999932878208725631E+00
-0.23692675023065851165352036266480E-02 0.56402262759100301404683551327250E+00
-0.38960187215935141163862969960176E-02 0.57543803136003077872066045102554E+00
-0.54074847480957614657713859559557E-02 0.58682897943754602437801660568696E+00
-0.69041758619834299383388993791983E-02 0.59819528585886897415793122614679E+00
-0.83865709034451496386392018212175E-02 0.60953675073751550479976975594021E+00
-0.98551196380815650873006472459622E-02 0.62085316154630315094223882170864E+00
-0.11310244904184947579539343437597E-01 0.63214429426787199578343084419130E+00
-0.12752344565709223861853227971852E-01 0.64340991443018442562087605253586E+00
-0.14181793291745273939288348528429E-01 0.65464977804046805474110985132224E+00
-0.15598944180748291890251917444299E-01 0.66586363242927805795861216894622E+00
-0.17004130245554973792579808304312E-01 0.67705121701483525739017428012227E+00
-0.18397665773321195599009970159885E-01 0.68821226399649559825754148357781E+00
-0.19779847572857300115324004472342E-01 0.69934649898509043644249120677892E+00
-0.21150956120405803248454088573716E-01 0.71045364157691947475796397538133E+00
-0.22511256613658174243759880736719E-01 0.72153340587735247640157984164908E+00
-0.23860999942718091349755878576541E-01 0.73258550097927935661008142521462E+00
-0.25200423585766422380418649877387E-01 0.74360963140103414295572559763503E+00
-0.26529752436349857397609245719930E-01 0.75460549748787602970737874804764E+00
-0.27849199568480782002294379111663E-01 0.76557279578064747892488423647722E+00
-0.29158966945089484253391500781829E-01 0.77651121935481926025537283169952E+00
-0.30459246074804491972621346325542E-01 0.78742045813277584015369700725844E+00
-0.31750218621528030379895142167416E-01 0.79830019917188372276699796448579E+00
-0.33032056970832721189226614046046E-01 0.80915012693060851084636564920770E+00
-0.34304924756806155672027937545590E-01 0.81996992351470747760563181736121E+00
-0.35568977352622044756915398216356E-01 0.83075926890531200560864507922759E+00
-0.36824362327800390637058586697567E-01 0.84151784117052335216298340501372E+00
-0.38071219874841851855692961038357E-01 0.85224531666198399465298116920897E+00
-0.39309683207670842178638436546330E-01 0.86294137019773537733442045242133E+00
-0.40539878934099626378389974210235E-01 0.87360567523254526254231925922627E+00
-0.41761927404324268227105212987793E-01 0.88423790401677074787504962698804E+00
-0.42975943037284730777983203875178E-01 0.89483772774471799935964478091314E+00
-0.44182034626559383309150449005976E-01 0.90540481669337261465017426999961E+00
-0.45380305627318149573392258775666E-01 0.91593884035228543326294524673291E+00
-0.46570854425728762237285024094538E-01 0.92643946754533073531679244104118E+00
-0.47753774592092527427374402091890E-01 0.93690636654498466315369960948447E+00
-0.48929155118874327948522285217554E-01 0.94733920517971300675378345772542E+00
-0.50097080644703766876872326746939E-01 0.95773765093500714144848117968743E+00
-0.51257631665326227495347414729885E-01 0.96810137104855237039705362133494E+00
-0.52410884732411754436761666111015E-01 0.97843003259997985162709849925261E+00
-0.53556912641051406735154025700521E-01 0.98872330259560399265106424202842E+00
-0.54695784606708110510512465570359E-01 0.99898084804852012424720163709068E+00
-0.55827566432328215902040041594071E-01 0.10092023360544019209778897337524E+01
-0.56952320666264443292201582764221E-01 0.10193874338633090763809702208692E+01
-0.58070106751613358383383880144602E-01 0.10295358089477923067210396753631E+01
-0.59180981167522401694066963463924E-01 0.10396471290675568654795862707450E+01
-0.60284997562981432976676607527335E-01 0.10497210623309245098049332029023E+01
-0.61382206883575788627614866420827E-01 0.10597572772533169018990324432740E+01
-0.62472657491641575698939061809855E-01 0.10697554428129623505287523955826E+01
-0.63556395280233680701886961749633E-01 0.10797152285040140882105573286570E+01
-0.64633463781286253152508911924149E-01 0.10896363043872521647359912790884E+01
-0.65703904268318653979456142746307E-01 0.10995183411385295977195685508201E+01
-0.66767755854016156593330924957576E-01 0.11093610100951084237294097170181E+01
-0.67825055582989485440173102234189E-01 0.11191639833000223318040703573005E+01
-0.68875838519999572479281829354431E-01 0.11289269335445910762345360636652E+01
-0.69920137833910857649595406981542E-01 0.11386495344092041779435391060561E+01
-0.70957984877621242726688266751898E-01 0.11483314603024795117908541071425E+01
-0.71989409264199139409475363643892E-01 0.11579723864988987298915007098834E+01
-0.73014438939442945716126759245361E-01 0.11675719891750105357138921701271E+01
-0.74033100251064262796431581706630E-01 0.11771299454442886136421934012331E+01
-0.75045418014682443927537650944258E-01 0.11866459333907236825036479524133E+01
-0.76051415576807264149531479419641E-01 0.11961196321012232248838301999723E+01
-0.77051114874973962393705086018867E-01 0.12055507216968893301735810152361E+01
-0.78044536495184983105046093410755E-01 0.12149388833632367531645045710319E+01
-0.79031699726803157120890562998986E-01 0.12242837993794130074564239687258E+01
-0.80012622615031861126863137646130E-01 0.12335851531464750307834083143981E+01
-0.80987322011109948839011390209522E-01 0.12428426292147727219573170501023E+01
-0.81955813620339860936461773642289E-01 0.12520559133104928262980500064549E+01
-0.82918112048062708653657300477932E-01 0.12612246923614008630269919162578E+01
-0.83874230843684039133602533877724E-01 0.12703486545218308084915188342967E+01
-0.84824182542851571286866413419480E-01 0.12794274891969565593960296722926E+01
-0.85767978707876439594500827072249E-01 0.12884608870663841580326915734257E+01
-0.86705629966487048380643311178491E-01 0.12974485401070998593784487014337E+01
-0.87637146048998017309303982842275E-01 0.13063901416158040986621664116372E+01
-0.88562535823971633907865640002012E-01 0.13152853862306641290306895539272E+01
-0.89481807332446978483303272649430E-01 0.13241339699525121175375637504745E+01
-0.90394967820803985976269182970147E-01 0.13329355901655144308260355915194E+01
-0.91302023772330125201762312327974E-01 0.13416899456573398109975532192661E+01
-0.92202980937550029524336230455824E-01 0.13503967366388463046197219837517E+01
-0.93097844363376657394937705124554E-01 0.13590556647633116328120213771871E+01
-0.93986618421140376382836421428408E-01 0.13676664331452259218841216072047E+01
-0.94869306833546861827052825503900E-01 0.13762287463786666738354588623776E+01
-0.95745912700613674221017289312945E-01 0.13847423105552743633083309228207E+01
-0.96616438524632518620339969525756E-01 0.13932068332818449930716648652275E+01
-0.97480886234201101771857708142582E-01 0.14016220236975564471246273470154E+01
-0.98339257207366531353002259182481E-01 0.14099875924908433116496176029934E+01
-0.99191552293920104729710661409554E-01 0.14183032519159342665497365545425E+01
-0.10003777183688114540678721417391E+00 0.14265687158090660141265434995864E+01
-0.10087791569320540131342775308565E+00 0.14347836996043855955431374400620E+01
-0.10171198325375186913623089672536E+00 0.14429479203495535615592925160488E+01
-0.10253997346254042981672444667260E+00 0.14510610967210590670058789810293E+01
-0.10336188483533070568704250425746E+00 0.14591229490392570610036911476369E+01
-0.10417771547755057660700178054658E+00 0.14671331992831383108441065612396E+01
-0.10498746310160299832029292258623E+00 0.14750915711048408823758475337895E+01
-0.10579112504357644319652881302769E+00 0.14829977898439123195083747491137E+01
-0.10658869827938347137255734736665E+00 0.14908515825413313231662513218442E+01
-0.10738017944035256586695113303744E+00 0.14986526779532953449555774638829E+01
-0.10816556482829405501326485108104E+00 0.15064008065647842485900050347470E+01
-0.10894485043006282810409221119512E+00 0.15140957006029037737119753094223E+01
-0.10971803193163750158821396214337E+00 0.15217370940500182736257824918036E+01
-0.11048510473173550818098400122755E+00 0.15293247226566781221926633134235E+01
-0.11124606395498329615152668257171E+00 0.15368583239543465931514782023029E+01
-0.11200090446465796664682622556299E+00 0.15443376372679341141108902674278E+01
-0.11274962087501900491619213658338E+00 0.15517624037281431863557316690218E+01
-0.11349220756324397867367453134524E+00 0.15591323662836299053398814598156E+01
-0.11422865868098559099134920912298E+00 0.15664472697129881969570743025411E+01
-0.11495896816556285143489605856861E+00 0.15737068606365573890802945867517E+01
-0.11568312975080168885854243761228E+00 0.15809108875280631036294168334566E+01
-0.11640113697753757450338190744434E+00 0.15880591007260898549735757506391E+01
-0.11711298320379293140165344872741E+00 0.15951512524453931248539028219839E+01
-0.11781866161464167738381163970213E+00 0.16021870967880533275807577028608E+01
-0.11851816523177214385018476235909E+00 0.16091663897544743520417820325371E+01
-0.11921148692276004451371884327680E+00 0.16160888892542314804232514469457E+01
-0.11989861941006138178951234355026E+00 0.16229543551167703598240027726580E+01
-0.12057955527973576149509006234455E+00 0.16297625491019610217499173850196E+01
-0.12125428698990998608245286440128E+00 0.16365132349105093655107803280971E+01
-0.12192280687899074802020912618815E+00 0.16432061781942285690045742682948E+01
-0.12258510717363592923881542536112E+00 0.16498411465661735284609871446173E+01
-0.12324117999649193528905826656328E+00 0.16564179096106397733089954587089E+01
-0.12389101737370668487301230784583E+00 0.16629362388930304326492142211059E+01
-0.12453461124222466170744825211487E+00 0.16693959079695921935016791177072E+01
-0.12517195345687232528593977137540E+00 0.16757966923970229219285875708985E+01
-0.12580303579724069772381397209962E+00 0.16821383697419527443651784700559E+01
-0.12642784997437196655074139704908E+00 0.16884207195903008218109625549684E+01
-0.12704638763725699751718102497148E+00 0.16946435235565086742206422716832E+01
-0.12765864037914960542024927965397E+00 0.17008065652926525843619093785511E+01
-0.12826459974370388728967786899521E+00 0.17069096304974361892668999532187E+01
-0.12886425723094054393672114035205E+00 0.17129525069250652769928033165174E+01
-0.12945760430304720001524802395985E+00 0.17189349843940052424936835799302E+01
-0.13004463239001887435794210110416E+00 0.17248568547956235891558470947671E+01
-0.13062533289514306482965394918283E+00 0.17307179121027184212218369990575E+01
-0.13119969720033448831720763887109E+00 0.17365179523779336005425829376099E+01
-0.13176771667132465986683557002719E+00 0.17422567737820626520657070159008E+01
-0.13232938266270992448451405647498E+00 0.17479341765822419746386205231033E+01
-0.13288468652286369053018446857206E+00 0.17535499631600339156821230541140E+01
-0.13343361959871516039754968002004E+00 0.17591039380194025707939532870686E+01
-0.13397617324040079905353248061950E+00 0.17645959077945802190572831171409E+01
-0.13451233880579039069980369698326E+00 0.17700256812578286885030035250366E+01
-0.13504210766489252708082410027254E+00 0.17753930693270937261371646497807E+01
-0.13556547120414315875442853556195E+00 0.17806978850735547366007787647881E+01
-0.13608242083058004521117552374124E+00 0.17859399437290702494688481357423E+01
-0.13659294797590659958070133089625E+00 0.17911190626935194459325529188595E+01
-0.13709704410044874852673773059683E+00 0.17962350615420415423301668734866E+01
-0.13759470069700726506099058706970E+00 0.18012877620321720128572924480280E+01
-0.13808590929460897390764966105132E+00 0.18062769881108778482496924403377E+01
-0.13857066146215937287165543627380E+00 0.18112025659214916598578244349274E+01
-0.13904894881199958670807017607188E+00 0.18160643238105451441931165898058E+01
-0.13952076300337002872285307338520E+00 0.18208620923345029823125021639680E+01
-0.13998609574578383865227503470881E+00 0.18255957042663967697059117557478E+01
-0.14044493880231171336995046140940E+00 0.18302649946023606799681030673030E+01
-0.14089728399278137387744291179014E+00 0.18348698005680681330640566200233E+01
-0.14134312319689297802453096479743E+00 0.18394099616250705028030267607534E+01
-0.14178244835725372555992490370009E+00 0.18438853194770383821597915437228E+01
-0.14221525148233283043073098806468E+00 0.18482957180759053741787791319992E+01
-0.14264152464933915488090258788196E+00 0.18526410036279150871444306443334E+01
-0.14306126000702387933440938431093E+00 0.18569210245995715872080830336492E+01
-0.14347444977840946911661460948970E+00 0.18611356317234934367179635060485E+01
-0.14388108626344705280057369279249E+00 0.18652846780041722341020767239340E+01
-0.14428116184160394134457198436383E+00 0.18693680187236350179440112907603E+01
-0.14467466897438300035774481428755E+00 0.18733855114470117739979184296162E+01
-0.14506160020777523532381269252731E+00 0.18773370160280076288317550179617E+01
-0.14544194817464750870532667044634E+00 0.18812223946142802315140682337251E+01
-0.14581570559706670156848832474010E+00 0.18850415116527226726911849808798E+01
-0.14618286528856166893983432340750E+00 0.18887942338946518793559395237658E+01
-0.14654342015632461366891729016650E+00 0.18924804304009028724565075851252E+01
-0.14689736320335309578618171568299E+00 0.18960999725468292427217570818514E+01
-0.14724468753053390407912783330359E+00 0.18996527340272095874755156887189E+01
-0.14758538633867027703487359362513E+00 0.19031385908610605071286405930599E+01
-0.14791945293045335218348558984693E+00 0.19065574213963561228296424613356E+01
-0.14824688071237936047777018358590E+00 0.19099091063146544091952255890097E+01
-0.14856766319661319688221748395569E+00 0.19131935286356302052157022585919E+01
-0.14888179400280024413912796487561E+00 0.19164105737215153553508458174939E+01
-0.14918926685982647909770102560980E+00 0.19195601292814460913875443724124E+01
-0.14949007560752867840759347553321E+00 0.19226420853757174553690679047731E+01
-0.14978421419835534098138601660799E+00 0.19256563344199452556870591443535E+01
-0.15007167669897919143227417186862E+00 0.19286027711891354794495244800216E+01
-0.15035245729186245786450489279801E+00 0.19314812928216612661495865920832E+01
-0.15062655027677538632300969198725E+00 0.19342917988231475991595744281842E+01
-0.15089395007226919165089848018950E+00 0.19370341910702637610665723124313E+01
-0.15115465121710403697038626910628E+00 0.19397083738144236154716578776579E+01
-0.15140864837163273910947600299239E+00 0.19423142536853939344384151560526E+01
-0.15165593631914133371315893137648E+00 0.19448517396948105471864133787976E+01
-0.15189650996714660978241560164980E+00 0.19473207432396027860415418687895E+01
-0.15213036434865180930555712195786E+00 0.19497211781053259208351151014340E+01
-0.15235749462336097391100457954739E+00 0.19520529604694018431564537004750E+01
-0.15257789607885240159117412752289E+00 0.19543160089042680897421470726262E+01
-0.15279156413171212862849051540042E+00 0.19565102443804350053675645574784E+01
-0.15299849432862775719882626266120E+00 0.19586355902694514731697093281815E+01
-0.15319868234744335474804827938862E+00 0.19606919723467788805317985251231E+01
-0.15339212399817582443712229473772E+00 0.19626793187945736455252445597671E+01
-0.15357881522399338780207888593107E+00 0.19645975602043781731363935100518E+01
-0.15375875210215657390486774808209E+00 0.19664466295797203607326314859655E+01
-0.15393193084492221986150332568269E+00 0.19682264623386216763938032646169E+01
-0.15409834780041091501996350616295E+00 0.19699369963160137721182308034016E+01
-0.15425799945343837781993934877483E+00 0.19715781717660637708521034533641E+01
-0.15441088242631105423028589366025E+00 0.19731499313644081951940593486421E+01
-0.15455699347958644861780019082190E+00 0.19746522202102955191585023735620E+01
-0.15469632951279842353742586041896E+00 0.19760849858286374746892110515206E+01
-0.15482888756514809756186854860101E+00 0.19774481781719690008240329827623E+01
-0.15495466481615993040183881629664E+00 0.19787417496223170377910420271560E+01
-0.15507365858630530828135352986008E+00 0.19799656549929778524690891991283E+01
-0.15518586633758835530752388850397E+00 0.19811198515302036180482647918465E+01
-0.15529128567411012973665137509386E+00 0.19822042989147965459642776139311E+01
-0.15538991434256568374973877898576E+00 0.19832189592636151856541401970203E+01
-0.15548175023280616376321744582234E+00 0.19841637971309799721908553811507E+01
-0.15556679137808627480081063347832E+00 0.19850387795100150179395051823819E+01
-0.15564503595608544584980345569714E+00 0.19858438758338203870494518573605E+01
-0.15571648228759567710956253901355E+00 0.19865790579767768196509952170340E+01
-0.15576033560938061564048661384737E+00 0.19870303254099922148691414842192E+01
-0.15580116638532253008208758872389E+00 0.19874505014020489058009928410420E+01
-0.15583897422565095539381616474406E+00 0.19878395794289400718126280339841E+01
-0.15587375876923056518438213579676E+00 0.19881975534494939934205550437869E+01
-0.15590551968369947651504928033620E+00 0.19885244179054639275468217888232E+01
-0.15593576916231069208693532399177E+00 0.19888357339042820944795748957448E+01
-0.15596601960562870089559677186663E+00 0.19891470660177327533605194574163E+01
-0.15599627101381348797923321688415E+00 0.19894584142463512788423122398125E+01
-0.15602652338712480725769018502314E+00 0.19897697785906633415001326952373E+01
-0.15605677672551101741061258370495E+00 0.19900811590512248624983629206581E+01
-0.15602652338712480725769018502314E+00 0.19897697785906633415001326952373E+01
-0.15599627101381348797923321688415E+00 0.19894584142463512788423122398125E+01
-0.15596601960562870089559677186663E+00 0.19891470660177327533605194574163E+01
-0.15593576916231069208693532399177E+00 0.19888357339042820944795748957448E+01
-0.15590551968369947651504928033620E+00 0.19885244179054639275468217888232E+01
-0.15587375876923056518438213579676E+00 0.19881975534494939934205550437869E+01
-0.15583897422565095539381616474406E+00 0.19878395794289400718126280339841E+01
-0.15580116638532253008208758872389E+00 0.19874505014020489058009928410420E+01
-0.15576033560938061564048661384737E+00 0.19870303254099922148691414842192E+01
-0.15571648228759567710956253901355E+00 0.19865790579767768196509952170340E+01
-0.15564503595608544584980345569714E+00 0.19858438758338203870494518573605E+01
-0.15556679137808627480081063347832E+00 0.19850387795100150179395051823819E+01
-0.15548175023280616376321744582234E+00 0.19841637971309799721908553811507E+01
-0.15538991434256568374973877898576E+00 0.19832189592636151856541401970203E+01
-0.15529128567411012973665137509386E+00 0.19822042989147965459642776139311E+01
-0.15518586633758835530752388850397E+00 0.19811198515302036180482647918465E+01
-0.15507365858630530828135352986008E+00 0.19799656549929778524690891991283E+01
-0.15495466481615993040183881629664E+00 0.19787417496223170377910420271560E+01
-0.15482888756514809756186854860101E+00 0.19774481781719690008240329827623E+01
-0.15469632951279842353742586041896E+00 0.19760849858286374746892110515206E+01
-0.15455699347958644861780019082190E+00 0.19746522202102955191585023735620E+01
-0.15441088242631105423028589366025E+00 0.19731499313644081951940593486421E+01
-0.15425799945343837781993934877483E+00 0.19715781717660637708521034533641E+01
-0.15409834780041091501996350616295E+00 0.19699369963160137721182308034016E+01
-0.15393193084492221986150332568269E+00 0.19682264623386216763938032646169E+01
-0.15375875210215657390486774808209E+00 0.19664466295797203607326314859655E+01
-0.15357881522399338780207888593107E+00 0.19645975602043781731363935100518E+01
-0.15339212399817582443712229473772E+00 0.19626793187945736455252445597671E+01
-0.15319868234744335474804827938862E+00 0.19606919723467788805317985251231E+01
-0.15299849432862775719882626266120E+00 0.19586355902694514731697093281815E+01
-0.15279156413171212862849051540042E+00 0.19565102443804350053675645574784E+01
-0.15257789607885240159117412752289E+00 0.19543160089042680897421470726262E+01
-0.15235749462336097391100457954739E+00 0.19520529604694018431564537004750E+01
-0.15213036434865180930555712195786E+00 0.19497211781053259208351151014340E+01
-0.15189650996714660978241560164980E+00 0.19473207432396027860415418687895E+01
-0.15165593631914133371315893137648E+00 0.19448517396948105471864133787976E+01
-0.15140864837163273910947600299239E+00 0.19423142536853939344384151560526E+01
-0.15115465121710403697038626910628E+00 0.19397083738144236154716578776579E+01
-0.15089395007226919165089848018950E+00 0.19370341910702637610665723124313E+01
-0.15062655027677538632300969198725E+00 0.19342917988231475991595744281842E+01
-0.15035245729186245786450489279801E+00 0.19314812928216612661495865920832E+01
-0.15007167669897919143227417186862E+00 0.19286027711891354794495244800216E+01
-0.14978421419835534098138601660799E+00 0.19256563344199452556870591443535E+01
-0.14949007560752867840759347553321E+00 0.19226420853757174553690679047731E+01
-0.14918926685982647909770102560980E+00 0.19195601292814460913875443724124E+01
-0.14888179400280024413912796487561E+00 0.19164105737215153553508458174939E+01
-0.14856766319661319688221748395569E+00 0.19131935286356302052157022585919E+01
-0.14824688071237936047777018358590E+00 0.19099091063146544091952255890097E+01
-0.14791945293045335218348558984693E+00 0.19065574213963561228296424613356E+01
-0.14758538633867027703487359362513E+00 0.19031385908610605071286405930599E+01
-0.14724468753053390407912783330359E+00 0.18996527340272095874755156887189E+01
-0.14689736320335309578618171568299E+00 0.18960999725468292427217570818514E+01
-0.14654342015632461366891729016650E+00 0.18924804304009028724565075851252E+01
-0.14618286528856166893983432340750E+00 0.18887942338946518793559395237658E+01
-0.14581570559706670156848832474010E+00 0.18850415116527226726911849808798E+01
-0.14544194817464750870532667044634E+00 0.18812223946142802315140682337251E+01
-0.14506160020777523532381269252731E+00 0.18773370160280076288317550179617E+01
-0.14467466897438300035774481428755E+00 0.18733855114470117739979184296162E+01
-0.14428116184160394134457198436383E+00 0.18693680187236350179440112907603E+01
-0.14388108626344705280057369279249E+00 0.18652846780041722341020767239340E+01
-0.14347444977840946911661460948970E+00 0.18611356317234934367179635060485E+01
-0.14306126000702387933440938431093E+00 0.18569210245995715872080830336492E+01
-0.14264152464933915488090258788196E+00 0.18526410036279150871444306443334E+01
-0.14221525148233283043073098806468E+00 0.18482957180759053741787791319992E+01
-0.14178244835725372555992490370009E+00 0.18438853194770383821597915437228E+01
-0.14134312319689297802453096479743E+00 0.18394099616250705028030267607534E+01
-0.14089728399278137387744291179014E+00 0.18348698005680681330640566200233E+01
-0.14044493880231171336995046140940E+00 0.18302649946023606799681030673030E+01
-0.13998609574578383865227503470881E+00 0.18255957042663967697059117557478E+01
-0.13952076300337002872285307338520E+00 0.18208620923345029823125021639680E+01
-0.13904894881199958670807017607188E+00 0.18160643238105451441931165898058E+01
-0.13857066146215937287165543627380E+00 0.18112025659214916598578244349274E+01
-0.13808590929460897390764966105132E+00 0.18062769881108778482496924403377E+01
-0.13759470069700726506099058706970E+00 0.18012877620321720128572924480280E+01
-0.13709704410044874852673773059683E+00 0.17962350615420415423301668734866E+01
-0.13659294797590659958070133089625E+00 0.17911190626935194459325529188595E+01
-0.13608242083058004521117552374124E+00 0.17859399437290702494688481357423E+01
-0.13556547120414315875442853556195E+00 0.17806978850735547366007787647881E+01
-0.13504210766489252708082410027254E+00 0.17753930693270937261371646497807E+01
-0.13451233880579039069980369698326E+00 0.17700256812578286885030035250366E+01
-0.13397617324040079905353248061950E+00 0.17645959077945802190572831171409E+01
-0.13343361959871516039754968002004E+00 0.17591039380194025707939532870686E+01
-0.13288468652286369053018446857206E+00 0.17535499631600339156821230541140E+01
-0.13232938266270992448451405647498E+00 0.17479341765822419746386205231033E+01
-0.13176771667132465986683557002719E+00 0.17422567737820626520657070159008E+01
-0.13119969720033448831720763887109E+00 0.17365179523779336005425829376099E+01
-0.13062533289514306482965394918283E+00 0.17307179121027184212218369990575E+01
-0.13004463239001887435794210110416E+00 0.17248568547956235891558470947671E+01
-0.12945760430304720001524802395985E+00 0.17189349843940052424936835799302E+01
-0.12886425723094054393672114035205E+00 0.17129525069250652769928033165174E+01
-0.12826459974370388728967786899521E+00 0.17069096304974361892668999532187E+01
-0.12765864037914960542024927965397E+00 0.17008065652926525843619093785511E+01
-0.12704638763725699751718102497148E+00 0.16946435235565086742206422716832E+01
-0.12642784997437196655074139704908E+00 0.16884207195903008218109625549684E+01
-0.12580303579724069772381397209962E+00 0.16821383697419527443651784700559E+01
-0.12517195345687232528593977137540E+00 0.16757966923970229219285875708985E+01
-0.12453461124222466170744825211487E+00 0.16693959079695921935016791177072E+01
-0.12389101737370668487301230784583E+00 0.16629362388930304326492142211059E+01
-0.12324117999649193528905826656328E+00 0.16564179096106397733089954587089E+01
-0.12258510717363592923881542536112E+00 0.16498411465661735284609871446173E+01
-0.12192280687899074802020912618815E+00 0.16432061781942285690045742682948E+01
-0.12125428698990998608245286440128E+00 0.16365132349105093655107803280971E+01
-0.12057955527973576149509006234455E+00 0.16297625491019610217499173850196E+01
-0.11989861941006138178951234355026E+00 0.16229543551167703598240027726580E+01
-0.11921148692276004451371884327680E+00 0.16160888892542314804232514469457E+01
-0.11851816523177214385018476235909E+00 0.16091663897544743520417820325371E+01
-0.11781866161464167738381163970213E+00 0.16021870967880533275807577028608E+01
-0.11711298320379293140165344872741E+00 0.15951512524453931248539028219839E+01
-0.11640113697753757450338190744434E+00 0.15880591007260898549735757506391E+01
-0.11568312975080168885854243761228E+00 0.15809108875280631036294168334566E+01
-0.11495896816556285143489605856861E+00 0.15737068606365573890802945867517E+01
-0.11422865868098559099134920912298E+00 0.15664472697129881969570743025411E+01
-0.11349220756324397867367453134524E+00 0.15591323662836299053398814598156E+01
-0.11274962087501900491619213658338E+00 0.15517624037281431863557316690218E+01
-0.11200090446465796664682622556299E+00 0.15443376372679341141108902674278E+01
-0.11124606395498329615152668257171E+00 0.15368583239543465931514782023029E+01
-0.11048510473173550818098400122755E+00 0.15293247226566781221926633134235E+01
-0.10971803193163750158821396214337E+00 0.15217370940500182736257824918036E+01
-0.10894485043006282810409221119512E+00 0.15140957006029037737119753094223E+01
-0.10816556482829405501326485108104E+00 0.15064008065647842485900050347470E+01
-0.10738017944035256586695113303744E+00 0.14986526779532953449555774638829E+01
-0.10658869827938347137255734736665E+00 0.14908515825413313231662513218442E+01
-0.10579112504357644319652881302769E+00 0.14829977898439123195083747491137E+01
-0.10498746310160299832029292258623E+00 0.14750915711048408823758475337895E+01
-0.10417771547755057660700178054658E+00 0.14671331992831383108441065612396E+01
-0.10336188483533070568704250425746E+00 0.14591229490392570610036911476369E+01
-0.10253997346254042981672444667260E+00 0.14510610967210590670058789810293E+01
-0.10171198325375186913623089672536E+00 0.14429479203495535615592925160488E+01
-0.10087791569320540131342775308565E+00 0.14347836996043855955431374400620E+01
-0.10003777183688114540678721417391E+00 0.14265687158090660141265434995864E+01
-0.99191552293920104729710661409554E-01 0.14183032519159342665497365545425E+01
-0.98339257207366531353002259182481E-01 0.14099875924908433116496176029934E+01
-0.97480886234201101771857708142582E-01 0.14016220236975564471246273470154E+01
-0.96616438524632518620339969525756E-01 0.13932068332818449930716648652275E+01
-0.95745912700613674221017289312945E-01 0.13847423105552743633083309228207E+01
-0.94869306833546861827052825503900E-01 0.13762287463786666738354588623776E+01
-0.93986618421140376382836421428408E-01 0.13676664331452259218841216072047E+01
-0.93097844363376657394937705124554E-01 0.13590556647633116328120213771871E+01
-0.92202980937550029524336230455824E-01 0.13503967366388463046197219837517E+01
-0.91302023772330125201762312327974E-01 0.13416899456573398109975532192661E+01
-0.90394967820803985976269182970147E-01 0.13329355901655144308260355915194E+01
-0.89481807332446978483303272649430E-01 0.13241339699525121175375637504745E+01
-0.88562535823971633907865640002012E-01 0.13152853862306641290306895539272E+01
-0.87637146048998017309303982842275E-01 0.13063901416158040986621664116372E+01
-0.86705629966487048380643311178491E-01 0.12974485401070998593784487014337E+01
-0.85767978707876439594500827072249E-01 0.12884608870663841580326915734257E+01
-0.84824182542851571286866413419480E-01 0.12794274891969565593960296722926E+01
-0.83874230843684039133602533877724E-01 0.12703486545218308084915188342967E+01
-0.82918112048062708653657300477932E-01 0.12612246923614008630269919162578E+01
-0.81955813620339860936461773642289E-01 0.12520559133104928262980500064549E+01
-0.80987322011109948839011390209522E-01 0.12428426292147727219573170501023E+01
-0.80012622615031861126863137646130E-01 0.12335851531464750307834083143981E+01
-0.79031699726803157120890562998986E-01 0.12242837993794130074564239687258E+01
-0.78044536495184983105046093410755E-01 0.12149388833632367531645045710319E+01
-0.77051114874973962393705086018867E-01 0.12055507216968893301735810152361E+01
-0.76051415576807264149531479419641E-01 0.11961196321012232248838301999723E+01
-0.75045418014682443927537650944258E-01 0.11866459333907236825036479524133E+01
-0.74033100251064262796431581706630E-01 0.11771299454442886136421934012331E+01
-0.73014438939442945716126759245361E-01 0.11675719891750105357138921701271E+01
-0.71989409264199139409475363643892E-01 0.11579723864988987298915007098834E+01
-0.70957984877621242726688266751898E-01 0.11483314603024795117908541071425E+01
-0.69920137833910857649595406981542E-01 0.11386495344092041779435391060561E+01
-0.68875838519999572479281829354431E-01 0.11289269335445910762345360636652E+01
-0.67825055582989485440173102234189E-01 0.11191639833000223318040703573005E+01
-0.66767755854016156593330924957576E-01 0.11093610100951084237294097170181E+01
-0.65703904268318653979456142746307E-01 0.10995183411385295977195685508201E+01
-0.64633463781286253152508911924149E-01 0.10896363043872521647359912790884E+01
-0.63556395280233680701886961749633E-01 0.10797152285040140882105573286570E+01
-0.62472657491641575698939061809855E-01 0.10697554428129623505287523955826E+01
-0.61382206883575788627614866420827E-01 0.10597572772533169018990324432740E+01
-0.60284997562981432976676607527335E-01 0.10497210623309245098049332029023E+01
-0.59180981167522401694066963463924E-01 0.10396471290675568654795862707450E+01
-0.58070106751613358383383880144602E-01 0.10295358089477923067210396753631E+01
-0.56952320666264443292201582764221E-01 0.10193874338633090763809702208692E+01
-0.55827566432328215902040041594071E-01 0.10092023360544019209778897337524E+01
-0.54695784606708110510512465570359E-01 0.99898084804852012424720163709068E+00
-0.53556912641051406735154025700521E-01 0.98872330259560399265106424202842E+00
-0.52410884732411754436761666111015E-01 0.97843003259997985162709849925261E+00
-0.51257631665326227495347414729885E-01 0.96810137104855237039705362133494E+00
-0.50097080644703766876872326746939E-01 0.95773765093500714144848117968743E+00
-0.48929155118874327948522285217554E-01 0.94733920517971300675378345772542E+00
-0.47753774592092527427374402091890E-01 0.93690636654498466315369960948447E+00
-0.46570854425728762237285024094538E-01 0.92643946754533073531679244104118E+00
-0.45380305627318149573392258775666E-01 0.91593884035228543326294524673291E+00
-0.44182034626559383309150449005976E-01 0.90540481669337261465017426999961E+00
-0.42975943037284730777983203875178E-01 0.89483772774471799935964478091314E+00
-0.41761927404324268227105212987793E-01 0.88423790401677074787504962698804E+00
-0.40539878934099626378389974210235E-01 0.87360567523254526254231925922627E+00
-0.39309683207670842178638436546330E-01 0.86294137019773537733442045242133E+00
-0.38071219874841851855692961038357E-01 0.85224531666198399465298116920897E+00
-0.36824362327800390637058586697567E-01 0.84151784117052335216298340501372E+00
-0.35568977352622044756915398216356E-01 0.83075926890531200560864507922759E+00
-0.34304924756806155672027937545590E-01 0.81996992351470747760563181736121E+00
-0.33032056970832721189226614046046E-01 0.80915012693060851084636564920770E+00
-0.31750218621528030379895142167416E-01 0.79830019917188372276699796448579E+00
-0.30459246074804491972621346325542E-01 0.78742045813277584015369700725844E+00
-0.29158966945089484253391500781829E-01 0.77651121935481926025537283169952E+00
-0.27849199568480782002294379111663E-01 0.76557279578064747892488423647722E+00
-0.26529752436349857397609245719930E-01 0.75460549748787602970737874804764E+00
-0.25200423585766422380418649877387E-01 0.74360963140103414295572559763503E+00
-0.23860999942718091349755878576541E-01 0.73258550097927935661008142521462E+00
-0.22511256613658174243759880736719E-01 0.72153340587735247640157984164908E+00
-0.21150956120405803248454088573716E-01 0.71045364157691947475796397538133E+00
-0.19779847572857300115324004472342E-01 0.69934649898509043644249120677892E+00
-0.18397665773321195599009970159885E-01 0.68821226399649559825754148357781E+00
-0.17004130245554973792579808304312E-01 0.67705121701483525739017428012227E+00
-0.15598944180748291890251917444299E-01 0.66586363242927805795861216894622E+00
-0.14181793291745273939288348528429E-01 0.65464977804046805474110985132224E+00
-0.12752344565709223861853227971852E-01 0.64340991443018442562087605253586E+00
-0.11310244904184947579539343437597E-01 0.63214429426787199578343084419130E+00
-0.98551196380815650873006472459622E-02 0.62085316154630315094223882170864E+00
-0.83865709034451496386392018212175E-02 0.60953675073751550479976975594021E+00
-0.69041758619834299383388993791983E-02 0.59819528585886897415793122614679E+00
-0.54074847480957614657713859559557E-02 0.58682897943754602437801660568696E+00
-0.38960187215935141163862969960176E-02 0.57543803136003077872066045102554E+00
-0.23692675023065851165352036266480E-02 0.56402262759100301404683551327250E+00
-0.82668675927686386907318123207256E-03 0.55258293874359999932878208725631E+00
0.73230477685906013198326759805703E-03 0.54111911848006029726427608291804E+00
0.23083285145159087049491874102894E-02 0.52963130171826446937908555969025E+00
0.39020495567460156824714967642035E-02 0.51811960261551629097943878662637E+00
0.55141806604201752638217230466562E-02 0.50658411229590834736573850058949E+00
0.71454866556891822846667095762156E-02 0.49502489628160010288836037825578E+00
0.87967893919931425592730284912966E-02 0.48344199158107175257233782232324E+00
0.10468973288394321434901367797115E-01 0.47183540337860084659131836564126E+00
0.12162991579869675755742515808405E-01 0.46020510125846049168526270627044E+00
0.13879873367987081309810666825092E-01 0.44855101488417125209419936206690E+00
0.15620731604821421581450140169187E-01 0.43687302903692541453111832589317E+00
0.17386772163960053235907997731121E-01 0.42517097789722607714973661969520E+00
0.19179304183203570037405095428309E-01 0.41344463842878651138417496553958E+00
0.20999751901628503575428431268806E-01 0.40169372269241115243734025748651E+00
0.22849668261082720935245461491817E-01 0.38991786887808638792722216794829E+00
0.24730750601626331647604711064658E-01 0.37811663079336076955253667906325E+00
0.26644858855483659812949977459231E-01 0.36628946548195822512935253578522E+00
0.28594036739583835692889442259342E-01 0.35443571856390252116904677950494E+00
0.30580536569289973861090765565957E-01 0.34255460678098641644663375961908E+00
0.32606848474476925205216377472251E-01 0.33064519709053417669370849054949E+00
0.34675735006261528053933678843210E-01 0.31870638146388374486728391909326E+00
0.36790272396055584474134886131830E-01 0.30673684629653494008083025560264E+00
0.38953900093383668286324079463135E-01 0.29473503499948693807846094567455E+00
0.41170480701510444108848609318980E-01 0.28269910187940981299324454987048E+00
0.43444373103961683616172703650320E-01 0.27062685477475058101380815205382E+00
0.45780522510782651382919734775527E-01 0.25851568301383177543367439395311E+00
0.48184572473662886995507577902872E-01 0.24636246597370717384112343441990E+00
0.50663005816428894005001009812669E-01 0.23416345564797466675488104198462E+00
0.53223324213718228949953125140572E-01 0.22191412386303841208630925613550E+00
0.55874280355786559649888021168834E-01 0.20960896060272003108931147678443E+00
0.58626183245277910657312896048653E-01 0.19724120346770157790363786695000E+00
0.61491308430595041870535328101607E-01 0.18480246827957366505983610773808E+00
0.64484469706219219081523035157299E-01 0.17228223608151951392449090053486E+00
0.67624007996535220545048416876446E-01 0.15966716748156181445427387705532E+00
0.71614383536329594778486257238519E-01 0.14437844219899582883784456746829E+00
0.75899790465271230348362612907557E-01 0.12888675908767717439364809350582E+00
0.80548531411119540599444756200280E-01 0.11313130550534140157464413618311E+00
0.85663266064904453136438603243518E-01 0.97019195368472317317437246313725E-01
0.91402411780784090851784171087380E-01 0.80395073985351819057669140421663E-01
0.97672405380125408151961519787917E-01 0.63899488245666093229185713807536E-01
0.10424964916764614450308283639886E+00 0.48343582627978703582284250758090E-01
0.11116609333735075125993125100070E+00 0.33740664404023521552073592683465E-01
0.11835830420733095849289621391537E+00 0.20043382970047782314953813521914E-01
0.12628793197964320491132859878739E+00 0.74903958537111454217590590693455E-02
0.12002115859377110290712895258525E+00 -0.59663013325463416173305478564812E-02
0.11438234822649991749572971783436E+00 -0.20367381175609380195712678890097E-01
0.10922358249601876303913836837677E+00 -0.35677443473257194192324390933991E-01
0.10453162857990372560037376173778E+00 -0.51900777823264955747334139721275E-01
0.10025307181343941313944524485031E+00 -0.69020671495680798365971935840883E-01
0.96520405921605587550794602517718E-01 -0.86206603473307070539606756828025E-01
0.93348843391103955618419392015356E-01 -0.10281069297300922058925336938304E+00
0.90597488576813172138622955494916E-01 -0.11900547158734898647431635728293E+00
0.88175961826162214110236239912056E-01 -0.13489539843044607111001047214446E+00
0.86021522197409303830108769446679E-01 -0.15054864314911466498349003802794E+00
0.84398375215469866872410968965132E-01 -0.16344672569226259027042445860902E+00
0.82907638896349315862975385589455E-01 -0.17623310246466103710822709431456E+00
0.81534595512341118238623075549726E-01 -0.18892343269595876884780225946856E+00
0.80265341757906571704634435530836E-01 -0.20152986578589880683354866252817E+00
0.79088879251154685044562866978245E-01 -0.21406220146200401364935555093382E+00
0.77995736112391959021243473671160E-01 -0.22652837120817915921225003182287E+00
0.76977903663943016781003712081296E-01 -0.23893488489240511491662454560090E+00
0.76028471999787335774802615062336E-01 -0.25128712674742701598913239463418E+00
0.75141456082288536440271011287002E-01 -0.26358958612523715259869056517673E+00
0.74311625932004166662863760293247E-01 -0.27584602970690666920657235181940E+00
0.73534384401196953652642755514214E-01 -0.28805963511673866892199025984653E+00
0.72805665946502532367122037752826E-01 -0.30023309493510433446561680101425E+00
0.72121856298281733098582094853650E-01 -0.31236869894047785043886734377663E+00
0.71479726655108806205539398836427E-01 -0.32446839973279295103567855002132E+00
0.70876379766319614349735937715394E-01 -0.33653386563528032165677225023400E+00
0.70309205231105005500511472102053E-01 -0.34856652370916652403926261789704E+00
0.69775842210301856293316017441935E-01 -0.36056759501634223997136183314945E+00
0.69274148087605556997811889580157E-01 -0.37253812374241704593556695044801E+00
0.68802171967567584374944886319210E-01 -0.38447900141573837477468483012441E+00
0.68358132128808559833937556125774E-01 -0.39639098717719585353116667605322E+00
0.67940396737035642448625215538062E-01 -0.40827472484595882674778575230798E+00
0.67547467261703186837646832620811E-01 -0.42013075736751176116215918553366E+00
0.67177964149130172084653435263067E-01 -0.43195953910913187936618392214553E+00
0.66830614389596559842536757558699E-01 -0.44376144637452784672187399003785E+00
0.66504240682753739734939060021923E-01 -0.45553678643676812892785756281787E+00
0.66197751958637888909946314834241E-01 -0.46728580533178470315752959255081E+00
0.65910135053884590483083083408479E-01 -0.47900869460989517721548947742965E+00
0.65640447376764663668288702445536E-01 -0.49070559720717676743736529909753E+00
0.65387810422187170450835691893770E-01 -0.50237661257005308479847691532766E+00
0.65151404020221747191520233850011E-01 -0.51402180114356241710032438261546E+00
0.64930461220030208737708703717227E-01 -0.52564118831525139251794497813926E+00
0.64724263726183384895251738285589E-01 -0.53723476789157923017209522181396E+00
0.64532137816816389140492169345745E-01 -0.54880250517139992082919812257702E+00
0.64353450683437991886539377451058E-01 -0.56034433967097355380009303778515E+00
0.64187607140858933517454065244261E-01 -0.57186018754661051012943457376610E+00
0.64034046662953641782316656450564E-01 -0.58334994375412545741277917678822E+00
0.63892240706066006342309333337316E-01 -0.59481348397851795430072466949026E+00
0.63761690287025797675977305278738E-01 -0.60625066636247768148531876744780E+00
0.63641923787107538242778349706970E-01 -0.61766133305826819244867815114393E+00
0.63532494956982415400098289528738E-01 -0.62904531162414113999528270445215E+00
0.63432981100885817107904516336361E-01 -0.64040241628355068646086117078281E+00
0.63342981420942248802763691381866E-01 -0.65173244906300129011504777835835E+00
0.63262115504922547909601114836621E-01 -0.66303520082228275748904184946051E+00
0.63190021942722517218202180411874E-01 -0.67431045218907285210715423941952E+00
0.63126357058589165593072075450272E-01 -0.68555797440837590579537094707630E+00
0.63070793747629031795215295846858E-01 -0.69677753011595527228150623398624E+00
0.63023020406441292865619360061325E-01 -0.70796887404380266639957139018681E+00
0.62982739948858575425937615356852E-01 -0.71913175366471634440414196376918E+00
0.62949668898775118101573225534368E-01 -0.73026590978222241785157576250060E+00
0.62923536552912952803666303333529E-01 -0.74137107707134772773813175193474E+00
0.62904084207140462498400918728586E-01 -0.75244698457511921502599693635594E+00
0.62891064440631268162402706740075E-01 -0.76349335616111569216842734237579E+00
0.62884240452742925268816757055783E-01 -0.77450991094191475443130563395992E+00
0.62883385448016896818182184790390E-01 -0.78549636366285620123401827530277E+00
0.62888282065166068871400041508464E-01 -0.79645242506017657456788851551382E+00
0.62898721846322529700972964736480E-01 -0.80737780219223928213357546966953E+00
0.62914504743185682923043716705334E-01 -0.81827219874630288696645032419221E+00
0.62935438657032571840050552326620E-01 -0.82913531532301597830506664442392E+00
0.62961339009841393015606306634827E-01 -0.83996684970060241279348160234499E+00
0.62992028344035682015998184674928E-01 -0.85076649708050513088933394490620E+00
0.63027335948589241769076643137862E-01 -0.86153395031607900851857808889147E+00
0.63067097509435696448074402616059E-01 -0.87226890012576895600384948745703E+00
0.63111154782311928302963083002973E-01 -0.88297103529206895876587860201203E+00
0.63159355286332103242981599868283E-01 -0.89364004284743556744955262541645E+00
0.63211552016737220666340745194310E-01 -0.90427560824821727662209797564260E+00
0.63267603175399194632984006529032E-01 -0.91487741553756293954111080386844E+00
0.63327371917781831011595450107595E-01 -0.92544514749818341808375614315719E+00
0.63390726115168138143805379351449E-01 -0.93597848579576318098192539716440E+00
0.63457538131065509226020549948447E-01 -0.94647711111374241101610796297247E+00
0.63527684610787369066934243352529E-01 -0.95694070328013214365279662640632E+00
0.63601046283293200428270976682400E-01 -0.96736894138696202165574825370933E+00
0.63677507774441739079082510431863E-01 -0.97776150390291094898784570377609E+00
0.63756957430880545373452866747665E-01 -0.98811806877962280436042770061545E+00
0.63839287153854950960903636724782E-01 -0.99843831355216690728835108847742E+00
0.63924392242275061587625912137046E-01 -0.10087219154340649716924278886498E+01
0.64012171244432585934836488520102E-01 -0.10189685514072701673996717812402E+01
0.64102525817802076340038191899936E-01 -0.10291778983074534614887411991076E+01
0.64195360596407650279797749357166E-01 -0.10393496329049239225465674170742E+01
0.64290583065270148827212224255664E-01 -0.10494834319814800524414915396417E+01
0.64388103441489853363822778155457E-01 -0.10595789724034728178395999997023E+01
0.64487834561550884561886601336961E-01 -0.10696359311913288825776889424329E+01
0.64589691774459990120612541254138E-01 -0.10796539855857743722097793083847E+01
0.64693592840366757924247596806319E-01 -0.10896328131109711816689394798162E+01
0.64799457834329552589129827593416E-01 -0.10995720916347679091669011896124E+01
0.64907209054921893269420706548421E-01 -0.11094714994262506157943374593486E+01
0.65016770937389628064364026090389E-01 -0.11193307152107627303948822212672E+01
0.65128069971092732944354411153931E-01 -0.11291494182225548365401907899593E+01
0.65241034620981793350964816120998E-01 -0.11389272882552094167015736682875E+01
0.65355595252876681588836025267351E-01 -0.11486640057099763000465197015018E+01
0.65471684062330801926711662318830E-01 -0.11583592516421485760611543147612E+01
0.65589235006876258475969687686514E-01 -0.11680127078055910150630378636509E+01
0.65708183741463798399500053917424E-01 -0.11776240566955356435613176821529E+01
0.65828467556916005040609412260355E-01 -0.11871929815897412288701634768844E+01
0.65950025321231367977453813587551E-01 -0.11967191665881143465513390184231E+01
0.66072797423581855163849889557623E-01 -0.12062022966508785872146464668511E+01
0.66196725720859042643535930288524E-01 -0.12156420576353733826577082292761E+01
0.66321753486632321403950481372735E-01 -0.12250381363315604057781425745811E+01
0.66447825362390672353569221597764E-01 -0.12343902204963074440142685552563E+01
0.66574887310948355317935764369134E-01 -0.12436979988865165385834799035591E+01
0.66702886571901288443733639475380E-01 -0.12529611612911595267467008962122E+01
0.66831771619027910600233093580556E-01 -0.12621793985622778621269926481263E+01
0.66961492119535031021236674365823E-01 -0.12713524026450020020595534226028E+01
0.67091998895054469254841072191584E-01 -0.12804798666066404260698282978311E+01
0.67223243884302699542244434158102E-01 -0.12895614846648866951531936912212E+01
0.67355180107319448977369878280429E-01 -0.12985969522151889149023858841176E+01
0.67487761631207689793166568467982E-01 -0.13075859658573226750318011274732E+01
0.67620943537300468977318880440648E-01 -0.13165282234212080352018808216356E+01
0.67754681889685414201225701251822E-01 -0.13254234239920065442112236646181E+01
0.67888933705020881781758997060445E-01 -0.13342712679345319967942517444115E+01
0.68023656923581182152368441750687E-01 -0.13430714569170098925135091613177E+01
0.68158810381473696069685229202436E-01 -0.13518236939342128178656169291164E+01
0.68294353783970167281336673792390E-01 -0.13605276833300031789739971721906E+01
0.68430247679902186675445806463196E-01 -0.13691831308193088526216638984337E+01
0.68566453437069848785313718107943E-01 -0.13777897435095567314253636738903E+01
0.68702933218616748025556046165952E-01 -0.13863472299215897460817026366027E+01
0.68839649960327809859716224117980E-01 -0.13948553000100874388240860403970E+01
0.68976567348806862710618681895290E-01 -0.14033136651835135204424957637811E+01
0.69113649800494870094467394404155E-01 -0.14117220383236096009045467861822E+01
0.69250862441490905436747334077195E-01 -0.14200801338044519578358662401108E+01
0.69388171088139850171895336388685E-01 -0.14283876675110935010488651436333E+01
0.69525542228353130885365599284517E-01 -0.14366443568578023347360932911651E+01
0.69662943003630288791278660578546E-01 -0.14448499208059171189427511428218E+01
0.69800341191750468613738454945087E-01 -0.14530040798813321939843042018436E+01
0.69937705190105213017675534701808E-01 -0.14611065561916258832304469222176E+01
0.70075003999644878907807829102581E-01 -0.14691570734428474275417317190519E+01
0.70212207209411998602189048067029E-01 -0.14771553569559729015735448694262E+01
0.70349284981637704403996167907404E-01 -0.14851011336830436253553935272484E+01
0.70486208037376263375726978784978E-01 -0.14929941322229979612175219098467E+01
0.70622947642655765988388351389479E-01 -0.15008340828372059640660262532187E+01
0.70759475595124226657947110064263E-01 -0.15086207174647194082763766460209E+01
0.70895764211168858826434942002645E-01 -0.15163537697372439074493967046499E+01
0.71031786313491204834560439270471E-01 -0.15240329749938443759144253528538E+01
0.71167515219117847301494280614103E-01 -0.15316580702953916749390833337581E+01
0.71302924727829975433405030535059E-01 -0.15392287944387578930634695287953E+01
0.71437989110994726659237267523771E-01 -0.15467448879707691084109511791495E+01
0.71572683100782132546431052057321E-01 -0.15542060932019223076685402819831E+01
0.71706981879752734241137527116134E-01 -0.15616121542198731801914879210178E+01
0.71840861070800603928527987231980E-01 -0.15689628169027020141716406074678E+01
0.71974296727438508521975633398867E-01 -0.15762578289319632666576180541904E+01
0.72107265324411402010994863951399E-01 -0.15834969398055254737399672742192E+01
0.72239743748625910070299531310737E-01 -0.15906799008502061375727343249662E+01
0.72371709290383288319277220187640E-01 -0.15978064652342076878198712666625E+01
0.72503139634904467137273613090639E-01 -0.16048763879793597396471883224819E+01
0.72634012854136187075743165845875E-01 -0.16118894259731714144551942809879E+01
0.72764307398827284596709515222790E-01 -0.16188453379806994703103792846832E+01
0.72894002090865374965966331964012E-01 -0.16257438846562362213408272518102E+01
0.73023076115863805262345020985797E-01 -0.16325848285548204000683511304402E+01
0.73151509015989786808647462992774E-01 -0.16393679341435772389197997408529E+01
0.73279280683025497222810651004743E-01 -0.16460929678128881349025574302751E+01
0.73406371351651706410888334239506E-01 -0.16527596978873974213367586049659E+01
0.73532761592948508503846918230910E-01 -0.16593678946368558502660418283241E+01
0.73658432308102779598606125054069E-01 -0.16659173302868064249580732561792E+01
0.73783364722316636247067168546880E-01 -0.16724077790291152855963777925905E+01
0.73907540378908788150876592685018E-01 -0.16788390170323494329870994325685E+01
0.74030941133602408120635446715320E-01 -0.16852108224520055898733026832662E+01
0.74153549148992777001448962791090E-01 -0.16915229754405916669470377305377E+01
0.74275346889188011702355387623274E-01 -0.16977752581575636014344704544555E+01
0.74396317114617826913927431347900E-01 -0.17039674547791212091991618765116E+01
0.74516442877002877185147615156538E-01 -0.17100993515078626220015510212175E+01
0.74635707514481447947397871537356E-01 -0.17161707365823029899769099608517E+01
0.74754094646885281341233305455101E-01 -0.17221814002862560355237980134650E+01
0.74871588171161912459518571541825E-01 -0.17281311349580832299205232424734E+01
0.74988172256937454735646129387537E-01 -0.17340197349998108359098662762298E+01
0.75103831342214716390429715116989E-01 -0.17398469968861170885819663473343E+01
0.75218550129203125221550009341813E-01 -0.17456127191731914587565371381225E+01
0.75332313580274964326568431959105E-01 -0.17513167025074672323249282729256E+01
0.75445106914045008303022757557395E-01 -0.17569587496342291948717236326357E+01
0.75556915601568278070019542865040E-01 -0.17625386654060978637171897282292E+01
0.75667725362652644687631088013820E-01 -0.17680562567913915654972696654600E+01
0.75777522162282588099552307609347E-01 -0.17735113328823681420348684908976E+01
0.75886292207150322119811580203125E-01 -0.17789037049033465299359149218824E+01
0.75994021942290959297360349671160E-01 -0.17842331862187110440312826688927E+01
0.76100698047818118161548233143012E-01 -0.17894995923407979534899607587028E+01
0.76206307435757319823083457269946E-01 -0.17947027409376663370392278436513E+01
0.76310837246973430334665815148850E-01 -0.17998424518407541379662020091262E+01
0.76414274848189896971009405021493E-01 -0.18049185470524204346573535351491E+01
0.76516607829096144106063642374758E-01 -0.18099308507533746332750679640042E+01
0.76617823999540996688027269674284E-01 -0.18148791893099939107659424745994E+01
0.76717911386809430289031256126633E-01 -0.18197633912815294100133240918093E+01
0.76816858232979691699903682265935E-01 -0.18245832874272024055659990412196E+01
0.76914652992358622214066214518547E-01 -0.18293387107131907892116615820084E+01
0.77011284328993094431577793677902E-01 -0.18340294963195071636424596136402E+01
0.77106741114254700877912777908203E-01 -0.18386554816467687946627195538418E+01
0.77201012424495854445924254977770E-01 -0.18432165063228601833859633127587E+01
0.77294087538775166134311964689892E-01 -0.18477124122094895888670039266224E+01
0.77385955936650176427578791291591E-01 -0.18521430434086389595491392214654E+01
0.77476607296035004190860701159040E-01 -0.18565082462689088537484331003625E+01
0.77566031491121727492150033525801E-01 -0.18608078693917586173141141386000E+01
0.77654218590362970951505402482767E-01 -0.18650417636376421071837555909048E+01
0.77741158854514482635446768650833E-01 -0.18692097821320399076367590037089E+01
0.77826842734735793999551559351251E-01 -0.18733117802713882160096468860485E+01
0.77911260870747169426376980471545E-01 -0.18773476157289050909197968378165E+01
0.77994404089041557793852028343829E-01 -0.18813171484603143559830741047484E+01
0.78076263401149948138244593427365E-01 -0.18852202407094674234952226609515E+01
0.78156830001958520030363792953746E-01 -0.18890567570138643271979951483903E+01
0.78236095268076301436463241796289E-01 -0.18928265642100729034931702860758E+01
0.78314050756252002644663579727434E-01 -0.18965295314390478208018171893399E+01
0.78390688201838599897658991319089E-01 -0.19001655301513492059446713979997E+01
0.78465999517304577155942749970266E-01 -0.19037344341122610347229664277609E+01
0.78539976790790326688408873341863E-01 -0.19072361194068102463436353852986E+01
0.78612612284708863352411486901195E-01 -0.19106704644446861484531031097559E+01
0.78683898434389463337195144302067E-01 -0.19140373499650610147332172985148E+01
0.78753827846763279442681642020264E-01 -0.19173366590413117871416662361703E+01
0.78822393299089738182729710142981E-01 -0.19205682770856431965076103189466E+01
0.78889587737723000165681338512567E-01 -0.19237320918536128780483818533764E+01
0.78955404276917001784954328061694E-01 -0.19268279934485581206326680736176E+01
0.79019836197668696742123370994571E-01 -0.19298558743259250437019770391341E+01
0.79082876946598156785227283696125E-01 -0.19328156292975002489589013113932E+01
0.79144520134864867072236880280085E-01 -0.19357071555355448356389838951523E+01
0.79204759537119391432244979807841E-01 -0.19385303525768315512405431171072E+01
0.79263589090489393959344310420366E-01 -0.19412851223265847040806910921976E+01
0.79321002893599492043813027215112E-01 -0.19439713690623234913211075103513E+01
0.79376995205624008162952310854088E-01 -0.19465889994376084599943248616861E+01
0.79431560445371941600410400532852E-01 -0.19491379224856917198590628860299E+01
0.79484693190403541547945471500866E-01 -0.19516180496230706483023819456058E+01
0.79536388176177614865496973047097E-01 -0.19540292946529455148652566881205E+01
0.79586640295229221708191823838836E-01 -0.19563715737685810105028398731412E+01
0.79635444596376834155414070169557E-01 -0.19586448055565719254498377605197E+01
0.79682796283958538590098786511215E-01 -0.19608489110000129803686869440208E+01
0.79728690717096719069948047126312E-01 -0.19629838134815729930152349709532E+01
0.79773123408990537410710741907051E-01 -0.19650494387864735125743985277735E+01
0.79816090026235886034251735158086E-01 -0.19670457151053719832999638178731E+01
0.79857586388172056071571987288769E-01 -0.19689725730371495229583171953129E+01
0.79897608466254951030591881434089E-01 -0.19708299455916035228297199691186E+01
0.79936152383456052530516459661829E-01 -0.19726177681920449265677001057323E+01
0.79973214413686965825817374714193E-01 -0.19743359786778005899612606436556E+01
0.80008790981248978660741234047471E-01 -0.19759845173066204967357255693531E+01
0.80042878660307280122024090649734E-01 -0.19775633267569901008550494237030E+01
0.80075474174389447399339555831396E-01 -0.19790723521303477955757871966088E+01
0.80106574395907825812471806162006E-01 -0.19805115409532075581799421457216E+01
0.80136176345705512346021502408343E-01 -0.19818808431791868958614322261700E+01
0.80164277192625507868207033817994E-01 -0.19831802111909400598150313073243E+01
0.80190874253102852695839619788436E-01 -0.19844095998019966923646027714014E+01
0.80215964990779343920387100162983E-01 -0.19855689662585058591855581564721E+01
0.80239547016140621285138067838847E-01 -0.19866582702408855554576826920231E+01
0.80261618086175358584284197211164E-01 -0.19876774738653777581078193191193E+01
0.80282176104056223497073055793670E-01 -0.19886265416855090145602861056823E+01
0.80301219118842414991896088198070E-01 -0.19895054406934566373388728521557E+01
0.80318745325203018021119723170730E-01 -0.19903141403213205402244445029655E+01
0.80334753063151126960974276429228E-01 -0.19910526124423009787185138562494E+01
0.80344580540946690088726373213501E-01 -0.19915058991237239733733765090704E+01
0.80353732054495452273698912748099E-01 -0.19919279551071685850288706766573E+01
0.80362207219460996461590860288048E-01 -0.19923187738683133514445613112406E+01
0.80370005679927053810555838897018E-01 -0.19926783493656752738422063452992E+01
0.80377127108571861758284231618494E-01 -0.19930066760407088893043626456413E+01
0.80383910393343881551541450179083E-01 -0.19933193846301144626779110748615E+01
0.80390694626072893783130101631481E-01 -0.19936321093351484891094261818457E+01
0.80397479806642859839400107521561E-01 -0.19939448501563619493460347642655E+01
0.80404265934936578799385210963673E-01 -0.19942576070943058420632970732919E+01
0.80411053010838137335031772250010E-01 -0.19945703801495311308114953324304E+01
0.80404265934936578799385210963673E-01 -0.19942576070943058420632970732919E+01
0.80397479806642859839400107521561E-01 -0.19939448501563619493460347642655E+01
0.80390694626072893783130101631481E-01 -0.19936321093351484891094261818457E+01
0.80383910393343881551541450179083E-01 -0.19933193846301144626779110748615E+01
0.80377127108571861758284231618494E-01 -0.19930066760407088893043626456413E+01
0.80370005679927053810555838897018E-01 -0.19926783493656752738422063452992E+01
0.80362207219460996461590860288048E-01 -0.19923187738683133514445613112406E+01
0.80353732054495452273698912748099E-01 -0.19919279551071685850288706766573E+01
0.80344580540946690088726373213501E-01 -0.19915058991237239733733765090704E+01
0.80334753063151126960974276429228E-01 -0.19910526124423009787185138562494E+01
0.80318745325203018021119723170730E-01 -0.19903141403213205402244445029655E+01
0.80301219118842414991896088198070E-01 -0.19895054406934566373388728521557E+01
0.80282176104056223497073055793670E-01 -0.19886265416855090145602861056823E+01
0.80261618086175358584284197211164E-01 -0.19876774738653777581078193191193E+01
0.80239547016140621285138067838847E-01 -0.19866582702408855554576826920231E+01
0.80215964990779343920387100162983E-01 -0.19855689662585058591855581564721E+01
0.80190874253102852695839619788436E-01 -0.19844095998019966923646027714014E+01
0.80164277192625507868207033817994E-01 -0.19831802111909400598150313073243E+01
0.80136176345705512346021502408343E-01 -0.19818808431791868958614322261700E+01
0.80106574395907825812471806162006E-01 -0.19805115409532075581799421457216E+01
0.80075474174389447399339555831396E-01 -0.19790723521303477955757871966088E+01
0.80042878660307280122024090649734E-01 -0.19775633267569901008550494237030E+01
0.80008790981248978660741234047471E-01 -0.19759845173066204967357255693531E+01
0.79973214413686965825817374714193E-01 -0.19743359786778005899612606436556E+01
0.79936152383456052530516459661829E-01 -0.19726177681920449265677001057323E+01
0.79897608466254951030591881434089E-01 -0.19708299455916035228297199691186E+01
0.79857586388172056071571987288769E-01 -0.19689725730371495229583171953129E+01
0.79816090026235886034251735158086E-01 -0.19670457151053719832999638178731E+01
0.79773123408990537410710741907051E-01 -0.19650494387864735125743985277735E+01
0.79728690717096719069948047126312E-01 -0.19629838134815729930152349709532E+01
0.79682796283958538590098786511215E-01 -0.19608489110000129803686869440208E+01
0.79635444596376834155414070169557E-01 -0.19586448055565719254498377605197E+01
0.79586640295229221708191823838836E-01 -0.19563715737685810105028398731412E+01
0.79536388176177614865496973047097E-01 -0.19540292946529455148652566881205E+01
0.79484693190403541547945471500866E-01 -0.19516180496230706483023819456058E+01
0.79431560445371941600410400532852E-01 -0.19491379224856917198590628860299E+01
0.79376995205624008162952310854088E-01 -0.19465889994376084599943248616861E+01
0.79321002893599492043813027215112E-01 -0.19439713690623234913211075103513E+01
0.79263589090489393959344310420366E-01 -0.19412851223265847040806910921976E+01
0.79204759537119391432244979807841E-01 -0.19385303525768315512405431171072E+01
0.79144520134864867072236880280085E-01 -0.19357071555355448356389838951523E+01
0.79082876946598156785227283696125E-01 -0.19328156292975002489589013113932E+01
0.79019836197668696742123370994571E-01 -0.19298558743259250437019770391341E+01
0.78955404276917001784954328061694E-01 -0.19268279934485581206326680736176E+01
0.78889587737723000165681338512567E-01 -0.19237320918536128780483818533764E+01
0.78822393299089738182729710142981E-01 -0.19205682770856431965076103189466E+01
0.78753827846763279442681642020264E-01 -0.19173366590413117871416662361703E+01
0.78683898434389463337195144302067E-01 -0.19140373499650610147332172985148E+01
0.78612612284708863352411486901195E-01 -0.19106704644446861484531031097559E+01
0.78539976790790326688408873341863E-01 -0.19072361194068102463436353852986E+01
0.78465999517304577155942749970266E-01 -0.19037344341122610347229664277609E+01
0.78390688201838599897658991319089E-01 -0.19001655301513492059446713979997E+01
0.78314050756252002644663579727434E-01 -0.18965295314390478208018171893399E+01
0.78236095268076301436463241796289E-01 -0.18928265642100729034931702860758E+01
0.78156830001958520030363792953746E-01 -0.18890567570138643271979951483903E+01
0.78076263401149948138244593427365E-01 -0.18852202407094674234952226609515E+01
0.77994404089041557793852028343829E-01 -0.18813171484603143559830741047484E+01
0.77911260870747169426376980471545E-01 -0.18773476157289050909197968378165E+01
0.77826842734735793999551559351251E-01 -0.18733117802713882160096468860485E+01
0.77741158854514482635446768650833E-01 -0.18692097821320399076367590037089E+01
0.77654218590362970951505402482767E-01 -0.18650417636376421071837555909048E+01
0.77566031491121727492150033525801E-01 -0.18608078693917586173141141386000E+01
0.77476607296035004190860701159040E-01 -0.18565082462689088537484331003625E+01
0.77385955936650176427578791291591E-01 -0.18521430434086389595491392214654E+01
0.77294087538775166134311964689892E-01 -0.18477124122094895888670039266224E+01
0.77201012424495854445924254977770E-01 -0.18432165063228601833859633127587E+01
0.77106741114254700877912777908203E-01 -0.18386554816467687946627195538418E+01
0.77011284328993094431577793677902E-01 -0.18340294963195071636424596136402E+01
0.76914652992358622214066214518547E-01 -0.18293387107131907892116615820084E+01
0.76816858232979691699903682265935E-01 -0.18245832874272024055659990412196E+01
0.76717911386809430289031256126633E-01 -0.18197633912815294100133240918093E+01
0.76617823999540996688027269674284E-01 -0.18148791893099939107659424745994E+01
0.76516607829096144106063642374758E-01 -0.18099308507533746332750679640042E+01
0.76414274848189896971009405021493E-01 -0.18049185470524204346573535351491E+01
0.76310837246973430334665815148850E-01 -0.17998424518407541379662020091262E+01
0.76206307435757319823083457269946E-01 -0.17947027409376663370392278436513E+01
0.76100698047818118161548233143012E-01 -0.17894995923407979534899607587028E+01
0.75994021942290959297360349671160E-01 -0.17842331862187110440312826688927E+01
0.75886292207150322119811580203125E-01 -0.17789037049033465299359149218824E+01
0.75777522162282588099552307609347E-01 -0.17735113328823681420348684908976E+01
0.75667725362652644687631088013820E-01 -0.17680562567913915654972696654600E+01
0.75556915601568278070019542865040E-01 -0.17625386654060978637171897282292E+01
0.75445106914045008303022757557395E-01 -0.17569587496342291948717236326357E+01
0.75332313580274964326568431959105E-01 -0.17513167025074672323249282729256E+01
0.75218550129203125221550009341813E-01 -0.17456127191731914587565371381225E+01
0.75103831342214716390429715116989E-01 -0.17398469968861170885819663473343E+01
0.74988172256937454735646129387537E-01 -0.17340197349998108359098662762298E+01
0.74871588171161912459518571541825E-01 -0.17281311349580832299205232424734E+01
0.74754094646885281341233305455101E-01 -0.17221814002862560355237980134650E+01
0.74635707514481447947397871537356E-01 -0.17161707365823029899769099608517E+01
0.74516442877002877185147615156538E-01 -0.17100993515078626220015510212175E+01
0.74396317114617826913927431347900E-01 -0.17039674547791212091991618765116E+01
0.74275346889188011702355387623274E-01 -0.16977752581575636014344704544555E+01
0.74153549148992777001448962791090E-01 -0.16915229754405916669470377305377E+01
0.74030941133602408120635446715320E-01 -0.16852108224520055898733026832662E+01
0.73907540378908788150876592685018E-01 -0.16788390170323494329870994325685E+01
0.73783364722316636247067168546880E-01 -0.16724077790291152855963777925905E+01
0.73658432308102779598606125054069E-01 -0.16659173302868064249580732561792E+01
0.73532761592948508503846918230910E-01 -0.16593678946368558502660418283241E+01
0.73406371351651706410888334239506E-01 -0.16527596978873974213367586049659E+01
0.73279280683025497222810651004743E-01 -0.16460929678128881349025574302751E+01
0.73151509015989786808647462992774E-01 -0.16393679341435772389197997408529E+01
0.73023076115863805262345020985797E-01 -0.16325848285548204000683511304402E+01
0.72894002090865374965966331964012E-01 -0.16257438846562362213408272518102E+01
0.72764307398827284596709515222790E-01 -0.16188453379806994703103792846832E+01
0.72634012854136187075743165845875E-01 -0.16118894259731714144551942809879E+01
0.72503139634904467137273613090639E-01 -0.16048763879793597396471883224819E+01
0.72371709290383288319277220187640E-01 -0.15978064652342076878198712666625E+01
0.72239743748625910070299531310737E-01 -0.15906799008502061375727343249662E+01
0.72107265324411402010994863951399E-01 -0.15834969398055254737399672742192E+01
0.71974296727438508521975633398867E-01 -0.15762578289319632666576180541904E+01
0.71840861070800603928527987231980E-01 -0.15689628169027020141716406074678E+01
0.71706981879752734241137527116134E-01 -0.15616121542198731801914879210178E+01
0.71572683100782132546431052057321E-01 -0.15542060932019223076685402819831E+01
0.71437989110994726659237267523771E-01 -0.15467448879707691084109511791495E+01
0.71302924727829975433405030535059E-01 -0.15392287944387578930634695287953E+01
0.71167515219117847301494280614103E-01 -0.15316580702953916749390833337581E+01
0.71031786313491204834560439270471E-01 -0.15240329749938443759144253528538E+01
0.70895764211168858826434942002645E-01 -0.15163537697372439074493967046499E+01
0.70759475595124226657947110064263E-01 -0.15086207174647194082763766460209E+01
0.70622947642655765988388351389479E-01 -0.15008340828372059640660262532187E+01
0.70486208037376263375726978784978E-01 -0.14929941322229979612175219098467E+01
0.70349284981637704403996167907404E-01 -0.14851011336830436253553935272484E+01
0.70212207209411998602189048067029E-01 -0.14771553569559729015735448694262E+01
0.70075003999644878907807829102581E-01 -0.14691570734428474275417317190519E+01
0.69937705190105213017675534701808E-01 -0.14611065561916258832304469222176E+01
0.69800341191750468613738454945087E-01 -0.14530040798813321939843042018436E+01
0.69662943003630288791278660578546E-01 -0.14448499208059171189427511428218E+01
0.69525542228353130885365599284517E-01 -0.14366443568578023347360932911651E+01
0.69388171088139850171895336388685E-01 -0.14283876675110935010488651436333E+01
0.69250862441490905436747334077195E-01 -0.14200801338044519578358662401108E+01
0.69113649800494870094467394404155E-01 -0.14117220383236096009045467861822E+01
0.68976567348806862710618681895290E-01 -0.14033136651835135204424957637811E+01
0.68839649960327809859716224117980E-01 -0.13948553000100874388240860403970E+01
0.68702933218616748025556046165952E-01 -0.13863472299215897460817026366027E+01
0.68566453437069848785313718107943E-01 -0.13777897435095567314253636738903E+01
0.68430247679902186675445806463196E-01 -0.13691831308193088526216638984337E+01
0.68294353783970167281336673792390E-01 -0.13605276833300031789739971721906E+01
0.68158810381473696069685229202436E-01 -0.13518236939342128178656169291164E+01
0.68023656923581182152368441750687E-01 -0.13430714569170098925135091613177E+01
0.67888933705020881781758997060445E-01 -0.13342712679345319967942517444115E+01
0.67754681889685414201225701251822E-01 -0.13254234239920065442112236646181E+01
0.67620943537300468977318880440648E-01 -0.13165282234212080352018808216356E+01
0.67487761631207689793166568467982E-01 -0.13075859658573226750318011274732E+01
0.67355180107319448977369878280429E-01 -0.12985969522151889149023858841176E+01
0.67223243884302699542244434158102E-01 -0.12895614846648866951531936912212E+01
0.67091998895054469254841072191584E-01 -0.12804798666066404260698282978311E+01
0.66961492119535031021236674365823E-01 -0.12713524026450020020595534226028E+01
0.66831771619027910600233093580556E-01 -0.12621793985622778621269926481263E+01
0.66702886571901288443733639475380E-01 -0.12529611612911595267467008962122E+01
0.66574887310948355317935764369134E-01 -0.12436979988865165385834799035591E+01
0.66447825362390672353569221597764E-01 -0.12343902204963074440142685552563E+01
0.66321753486632321403950481372735E-01 -0.12250381363315604057781425745811E+01
0.66196725720859042643535930288524E-01 -0.12156420576353733826577082292761E+01
0.66072797423581855163849889557623E-01 -0.12062022966508785872146464668511E+01
0.65950025321231367977453813587551E-01 -0.11967191665881143465513390184231E+01
0.65828467556916005040609412260355E-01 -0.11871929815897412288701634768844E+01
0.65708183741463798399500053917424E-01 -0.11776240566955356435613176821529E+01
0.65589235006876258475969687686514E-01 -0.11680127078055910150630378636509E+01
0.65471684062330801926711662318830E-01 -0.11583592516421485760611543147612E+01
0.65355595252876681588836025267351E-01 -0.11486640057099763000465197015018E+01
0.65241034620981793350964816120998E-01 -0.11389272882552094167015736682875E+01
0.65128069971092732944354411153931E-01 -0.11291494182225548365401907899593E+01
0.65016770937389628064364026090389E-01 -0.11193307152107627303948822212672E+01
0.64907209054921893269420706548421E-01 -0.11094714994262506157943374593486E+01
0.64799457834329552589129827593416E-01 -0.10995720916347679091669011896124E+01
0.64693592840366757924247596806319E-01 -0.10896328131109711816689394798162E+01
0.64589691774459990120612541254138E-01 -0.10796539855857743722097793083847E+01
0.64487834561550884561886601336961E-01 -0.10696359311913288825776889424329E+01
0.64388103441489853363822778155457E-01 -0.10595789724034728178395999997023E+01
0.64290583065270148827212224255664E-01 -0.10494834319814800524414915396417E+01
0.64195360596407650279797749357166E-01 -0.10393496329049239225465674170742E+01
0.64102525817802076340038191899936E-01 -0.10291778983074534614887411991076E+01
0.64012171244432585934836488520102E-01 -0.10189685514072701673996717812402E+01
0.63924392242275061587625912137046E-01 -0.10087219154340649716924278886498E+01
0.63839287153854950960903636724782E-01 -0.99843831355216690728835108847742E+00
0.63756957430880545373452866747665E-01 -0.98811806877962280436042770061545E+00
0.63677507774441739079082510431863E-01 -0.97776150390291094898784570377609E+00
0.63601046283293200428270976682400E-01 -0.96736894138696202165574825370933E+00
0.63527684610787369066934243352529E-01 -0.95694070328013214365279662640632E+00
0.63457538131065509226020549948447E-01 -0.94647711111374241101610796297247E+00
0.63390726115168138143805379351449E-01 -0.93597848579576318098192539716440E+00
0.63327371917781831011595450107595E-01 -0.92544514749818341808375614315719E+00
0.63267603175399194632984006529032E-01 -0.91487741553756293954111080386844E+00
0.63211552016737220666340745194310E-01 -0.90427560824821727662209797564260E+00
0.63159355286332103242981599868283E-01 -0.89364004284743556744955262541645E+00
0.63111154782311928302963083002973E-01 -0.88297103529206895876587860201203E+00
0.63067097509435696448074402616059E-01 -0.87226890012576895600384948745703E+00
0.63027335948589241769076643137862E-01 -0.86153395031607900851857808889147E+00
0.62992028344035682015998184674928E-01 -0.85076649708050513088933394490620E+00
0.62961339009841393015606306634827E-01 -0.83996684970060241279348160234499E+00
0.62935438657032571840050552326620E-01 -0.82913531532301597830506664442392E+00
0.62914504743185682923043716705334E-01 -0.81827219874630288696645032419221E+00
0.62898721846322529700972964736480E-01 -0.80737780219223928213357546966953E+00
0.62888282065166068871400041508464E-01 -0.79645242506017657456788851551382E+00
0.62883385448016896818182184790390E-01 -0.78549636366285620123401827530277E+00
0.62884240452742925268816757055783E-01 -0.77450991094191475443130563395992E+00
0.62891064440631268162402706740075E-01 -0.76349335616111569216842734237579E+00
0.62904084207140462498400918728586E-01 -0.75244698457511921502599693635594E+00
0.62923536552912952803666303333529E-01 -0.74137107707134772773813175193474E+00
0.62949668898775118101573225534368E-01 -0.73026590978222241785157576250060E+00
0.62982739948858575425937615356852E-01 -0.71913175366471634440414196376918E+00
0.63023020406441292865619360061325E-01 -0.70796887404380266639957139018681E+00
0.63070793747629031795215295846858E-01 -0.69677753011595527228150623398624E+00
0.63126357058589165593072075450272E-01 -0.68555797440837590579537094707630E+00
0.63190021942722517218202180411874E-01 -0.67431045218907285210715423941952E+00
0.63262115504922547909601114836621E-01 -0.66303520082228275748904184946051E+00
0.63342981420942248802763691381866E-01 -0.65173244906300129011504777835835E+00
0.63432981100885817107904516336361E-01 -0.64040241628355068646086117078281E+00
0.63532494956982415400098289528738E-01 -0.62904531162414113999528270445215E+00
0.63641923787107538242778349706970E-01 -0.61766133305826819244867815114393E+00
0.63761690287025797675977305278738E-01 -0.60625066636247768148531876744780E+00
0.63892240706066006342309333337316E-01 -0.59481348397851795430072466949026E+00
0.64034046662953641782316656450564E-01 -0.58334994375412545741277917678822E+00
0.64187607140858933517454065244261E-01 -0.57186018754661051012943457376610E+00
0.64353450683437991886539377451058E-01 -0.56034433967097355380009303778515E+00
0.64532137816816389140492169345745E-01 -0.54880250517139992082919812257702E+00
0.64724263726183384895251738285589E-01 -0.53723476789157923017209522181396E+00
0.64930461220030208737708703717227E-01 -0.52564118831525139251794497813926E+00
0.65151404020221747191520233850011E-01 -0.51402180114356241710032438261546E+00
0.65387810422187170450835691893770E-01 -0.50237661257005308479847691532766E+00
0.65640447376764663668288702445536E-01 -0.49070559720717676743736529909753E+00
0.65910135053884590483083083408479E-01 -0.47900869460989517721548947742965E+00
0.66197751958637888909946314834241E-01 -0.46728580533178470315752959255081E+00
0.66504240682753739734939060021923E-01 -0.45553678643676812892785756281787E+00
0.66830614389596559842536757558699E-01 -0.44376144637452784672187399003785E+00
0.67177964149130172084653435263067E-01 -0.43195953910913187936618392214553E+00
0.67547467261703186837646832620811E-01 -0.42013075736751176116215918553366E+00
0.67940396737035642448625215538062E-01 -0.40827472484595882674778575230798E+00
0.68358132128808559833937556125774E-01 -0.39639098717719585353116667605322E+00
0.68802171967567584374944886319210E-01 -0.38447900141573837477468483012441E+00
0.69274148087605556997811889580157E-01 -0.37253812374241704593556695044801E+00
0.69775842210301856293316017441935E-01 -0.36056759501634223997136183314945E+00
0.70309205231105005500511472102053E-01 -0.34856652370916652403926261789704E+00
0.70876379766319614349735937715394E-01 -0.33653386563528032165677225023400E+00
0.71479726655108806205539398836427E-01 -0.32446839973279295103567855002132E+00
0.72121856298281733098582094853650E-01 -0.31236869894047785043886734377663E+00
0.72805665946502532367122037752826E-01 -0.30023309493510433446561680101425E+00
0.73534384401196953652642755514214E-01 -0.28805963511673866892199025984653E+00
0.74311625932004166662863760293247E-01 -0.27584602970690666920657235181940E+00
0.75141456082288536440271011287002E-01 -0.26358958612523715259869056517673E+00
0.76028471999787335774802615062336E-01 -0.25128712674742701598913239463418E+00
0.76977903663943016781003712081296E-01 -0.23893488489240511491662454560090E+00
0.77995736112391959021243473671160E-01 -0.22652837120817915921225003182287E+00
0.79088879251154685044562866978245E-01 -0.21406220146200401364935555093382E+00
0.80265341757906571704634435530836E-01 -0.20152986578589880683354866252817E+00
0.81534595512341118238623075549726E-01 -0.18892343269595876884780225946856E+00
0.82907638896349315862975385589455E-01 -0.17623310246466103710822709431456E+00
0.84398375215469866872410968965132E-01 -0.16344672569226259027042445860902E+00
0.86021522197409303830108769446679E-01 -0.15054864314911466498349003802794E+00
0.88175961826162214110236239912056E-01 -0.13489539843044607111001047214446E+00
0.90597488576813172138622955494916E-01 -0.11900547158734898647431635728293E+00
0.93348843391103955618419392015356E-01 -0.10281069297300922058925336938304E+00
0.96520405921605587550794602517718E-01 -0.86206603473307070539606756828025E-01
0.10025307181343941313944524485031E+00 -0.69020671495680798365971935840883E-01
0.10453162857990372560037376173778E+00 -0.51900777823264955747334139721275E-01
0.10922358249601876303913836837677E+00 -0.35677443473257194192324390933991E-01
0.11438234822649991749572971783436E+00 -0.20367381175609380195712678890097E-01
0.12002115859377110290712895258525E+00 -0.59663013325463416173305478564812E-02
