0.19999999999999999992340100792361E+01 -0.43489492507788729666849716584327E-19
0.19996755641828074779465683952938E+01 -0.43489492459640284467591630663294E-19
0.19993511459090943255801120993756E+01 -0.43489492411493396209411854043726E-19
0.19990267451782913547855240449037E+01 -0.43489492363348143473004453004798E-19
0.19987023619898293915914124262847E+01 -0.43489492315207755501045537226672E-19
0.19983779963431392744452613625466E+01 -0.43489492267069017482284739156080E-19
0.19980374312928238471726438406992E+01 -0.43489492216525790400106224750593E-19
0.19976644536646531762166728980142E+01 -0.43489492161172092921489364330587E-19
0.19972590695091477463806266254570E+01 -0.43489492101009867585859400521339E-19
0.19968212854025334589640217965592E+01 -0.43489492036038454255291874688260E-19
0.19963511084466349407271905283514E+01 -0.43489491966260115428949793582061E-19
0.19955851232487724434131081282940E+01 -0.43489491852581835499593873113409E-19
0.19947462993829822378606658797420E+01 -0.43489491728092928253164348048939E-19
0.19938346674662559517065712661259E+01 -0.43489491592799087202463416497185E-19
0.19928502607730721745244595535662E+01 -0.43489491446704416496149375891872E-19
0.19917931152341819397582208897383E+01 -0.43489491289814784609218683940509E-19
0.19906632694352972566274920097315E+01 -0.43489491122136249502657655459118E-19
0.19894607646156827423053757237805E+01 -0.43489490943674035404995461492729E-19
0.19881856446666503755408511301248E+01 -0.43489490754435477234414529623049E-19
0.19868379561299574883637037327252E+01 -0.43489490554426499685887091790414E-19
0.19854177481961079856185725200105E+01 -0.43489490343655396025391252824696E-19
0.19839250727025568926677162736626E+01 -0.43489490122129607151030337115905E-19
0.19823599841318183011201148402182E+01 -0.43489489889856442808733725570362E-19
0.19807225396094767680120604890247E+01 -0.43489489646845988173953520146828E-19
0.19790127989021022045169484291006E+01 -0.43489489393105409464611714276929E-19
0.19772308244150684545170033661436E+01 -0.43489489128644748107652464367002E-19
0.19753766811902754537910427961599E+01 -0.43489488853474460937920328507634E-19
0.19734504369037752385059688301925E+01 -0.43489488567602429334347325788318E-19
0.19714521618633017733819491597153E+01 -0.43489488271041234081608751136604E-19
0.19693819290057046894826515158266E+01 -0.43489487963801916764839013146474E-19
0.19672398138942871832662873607420E+01 -0.43489487645892784739307892327555E-19
0.19650258947160478183037782885383E+01 -0.43489487317326921216454147320329E-19
0.19627402522788268871471485839420E+01 -0.43489486978119505087860728147477E-19
0.19603829700083567751674952318609E+01 -0.43489486628277343720176786863488E-19
0.19579541339452170089746871513405E+01 -0.43489486267818516849011312425779E-19
0.19554538327416937897397302127688E+01 -0.43489485896751199658696883545665E-19
0.19528821576585441544054690921180E+01 -0.43489485515096174059003990955814E-19
0.19502392025616649736729915633731E+01 -0.43489485122855458888071201811885E-19
0.19475250639186668786546856248855E+01 -0.43489484720051003963224033250669E-19
0.19447398407953531947647155073450E+01 -0.43489484306705361606676124645327E-19
0.19418836348521040520184665490081E+01 -0.43489483882820711594052940451440E-19
0.19389565503401657461138520388705E+01 -0.43489483448416980741401718464220E-19
0.19359586940978456531817481486771E+01 -0.43489483003504677451052318348174E-19
0.19328901755466125799739373409424E+01 -0.43489482548109595286771748184440E-19
0.19297511066871029203552635573845E+01 -0.43489482082247514521276847087556E-19
0.19265416020950326326204101088065E+01 -0.43489481605933988443483331323439E-19
0.19232617789170152643145421943426E+01 -0.43489481119174356377002814099151E-19
0.19199117568662860347490239126484E+01 -0.43489480622002195860969197212279E-19
0.19164916582183324105462031520232E+01 -0.43489480114431332241985161935102E-19
0.19130016078064310328785171192617E+01 -0.43489479596477334220115991594673E-19
0.19094417330170912433798181148196E+01 -0.43489479068158540387413109751010E-19
0.19058121637854055844506138540795E+01 -0.43489478529501020908637112623527E-19
0.19021130325903071196845087080317E+01 -0.43489477980521474209878228060119E-19
0.18983444744497340435573786349668E+01 -0.43489477421240160302430802451896E-19
0.18945066269157013937843482815057E+01 -0.43489476851659072741188951099929E-19
0.18905996300692805279207472631704E+01 -0.43489476271835155963099039755858E-19
0.18866236265154861901600319547358E+01 -0.43489475681750962295627495156660E-19
0.18825787613780714133456795037629E+01 -0.43489475081469843263927873342899E-19
0.18784651822942304941042670718714E+01 -0.43489474470969167532727211445591E-19
0.18742830394092102047454617222805E+01 -0.43489473850306071464399069136351E-19
0.18700324853708296516402302178234E+01 -0.43489473219491837758224601006495E-19
0.18657136753239084769009589874665E+01 -0.43489472578542128773940272056767E-19
0.18613267669046042636471410255958E+01 -0.43489471927479040339101344224130E-19
0.18568719202346586288781687985597E+01 -0.43489471266350669382433366308758E-19
0.18523492979155529796772291570040E+01 -0.43489470595147973313982182270745E-19
0.18477590650225734992152922994646E+01 -0.43489469913931097870491990821298E-19
0.18431013890987858253504347851133E+01 -0.43489469222697656076989703738370E-19
0.18383764401489199304056065510113E+01 -0.43489468521460290383912659407408E-19
0.18335843906331648103764122836226E+01 -0.43489467810287279064350023551161E-19
0.18287254154608737251038650367878E+01 -0.43489467089196431891841773603252E-19
0.18237996919841801285587887925002E+01 -0.43489466358138308605586539551594E-19
0.18188073999915242582040486634723E+01 -0.43489465617280118748949161031436E-19
0.18137487217010908807498755280395E+01 -0.43489464866517307309031399464068E-19
0.18086238417541582582513570749753E+01 -0.43489464105929394834193557853417E-19
0.18034329472083588595774695154156E+01 -0.43489463335544184089332001695956E-19
0.17981762275308519261335824318336E+01 -0.43489462555389838246441078735713E-19
0.17928538745914075071414105511075E+01 -0.43489461765494879904736355962854E-19
0.17874660826554036974679715960006E+01 -0.43489460965945027842204213048852E-19
0.17820130483767357285255352427495E+01 -0.43489460156658800186388057377775E-19
0.17764949707906380566258983021794E+01 -0.43489459337740739052439580422800E-19
0.17709120513064197838658174069667E+01 -0.43489458509135924300748168665237E-19
0.17652644937001131836592262777460E+01 -0.43489457671049788034664604034111E-19
0.17595525041070357269042119673702E+01 -0.43489456823287321887606954837996E-19
0.17537762910142664496293172928778E+01 -0.43489455966091089386110280030271E-19
0.17479360652530359522490667300147E+01 -0.43489455099320295049626732150469E-19
0.17420320399910311682725140099523E+01 -0.43489454223107198151686146366040E-19
0.17360644307246147615663462200066E+01 -0.43489453337429208546178887481146E-19
0.17300334552709597252344446202815E+01 -0.43489452442436979305041735675131E-19
0.17239393337600984664055641023533E+01 -0.43489451538047819252592994775231E-19
0.17177822886268889572216227739620E+01 -0.43489450624290780118303665230910E-19
0.17115625446028950281515421105541E+01 -0.43489449701264787187302291567435E-19
0.17052803287081843785656382359057E+01 -0.43489448768935366513850798946444E-19
0.16989358702430420710200945393816E+01 -0.43489447827255989671005090727936E-19
0.16925294007796008055956984016575E+01 -0.43489446876563700700171675018785E-19
0.16860611541533889903210335577588E+01 -0.43489445916711418498913436864866E-19
0.16795313664547957611528273244763E+01 -0.43489444947389911603882400769009E-19
0.16729402760204534718068640138386E+01 -0.43489443969354920304246751400769E-19
0.16662881234245383942938082748606E+01 -0.43489442982130445610551006074709E-19
0.16595751514699901594902744327913E+01 -0.43489441985881906364787970040799E-19
0.16528016051796490300894816167218E+01 -0.43489440980544643127722858693710E-19
0.16459677317873127523229607135341E+01 -0.43489439966353761371887126996954E-19
0.16390737807287127785525858520603E+01 -0.43489438943358481894900299379811E-19
0.16321200036324096262047765522539E+01 -0.43489437911268354689059524870967E-19
0.16251066543106083477039484819993E+01 -0.43489436870390153117780868868275E-19
0.16180339887498948586596968953286E+01 -0.43489435820890822229724215312647E-19
0.16109022651018918228846262042829E+01 -0.43489434762511796901212592316110E-19
0.16037117436738369869276679523503E+01 -0.43489433695409799673962349631251E-19
0.15964626869190809632640626305312E+01 -0.43489432619418962063057483788148E-19
0.15891553594275085554237743487583E+01 -0.43489431534910351789181495331713E-19
0.15817900279158809495524578191408E+01 -0.43489430441865120967249950561622E-19
0.15743669612181003482790918583233E+01 -0.43489429340483050163358017121636E-19
0.15668864302753981101807914596443E+01 -0.43489428230277809962476665826417E-19
0.15593487081264447636243804929367E+01 -0.43489427111339014125035861630392E-19
0.15517540698973846842922252041917E+01 -0.43489425984356428491589676605735E-19
0.15441027927917935902914880708717E+01 -0.43489424848890818703843347666932E-19
0.15363951560805610167389905895058E+01 -0.43489423704884919368425205522528E-19
0.15286314410916966138125368692490E+01 -0.43489422552921780653305608407669E-19
0.15208119312000618669675643129152E+01 -0.43489421392213486675249136289231E-19
0.15129369118170269918678279762808E+01 -0.43489420223252853109663925772756E-19
0.15050066703800534297342420078529E+01 -0.43489419046390501396440331337233E-19
0.14970214963422021904999735332326E+01 -0.43489417861380534148176125907087E-19
0.14889816811615690888192492658170E+01 -0.43489416668375986785509949397325E-19
0.14808875182906466835793588933169E+01 -0.43489415466978802171948975191250E-19
0.14727393031656125540201219236422E+01 -0.43489414258017661388491488872845E-19
0.14645373331955470528708553556578E+01 -0.43489413040738134956805846942745E-19
0.14562819077515768207999550310250E+01 -0.43489411815647916450579494344408E-19
0.14479733281559484969898461727691E+01 -0.43489410582419541398664971113377E-19
0.14396118976710301521076978665450E+01 -0.43489409341338375895746246694472E-19
0.14311979214882421948990065079463E+01 -0.43489408092856736059245263462790E-19
0.14227317067169180715472006512639E+01 -0.43489406836497221679099138424635E-19
0.14142135623730950480356988338961E+01 -0.43489405572293710110697306998749E-19
0.14056437993682344761755179477373E+01 -0.43489404300428087903610532894971E-19
0.13970227304978739413971791301120E+01 -0.43489403020489038768486501494338E-19
0.13883506704302106562142304089332E+01 -0.43489401733896392592586474450138E-19
0.13796279356946154137547926786722E+01 -0.43489400439323953237600414724152E-19
0.13708548446700795368644799414491E+01 -0.43489399137442771498408927996005E-19
0.13620317175735942413180674007145E+01 -0.43489397827631240960258098111880E-19
0.13531588764484627035365751065864E+01 -0.43489396511298998342335163258063E-19
0.13442366451525451476003635846106E+01 -0.43489395186581649708110548911987E-19
0.13352653493464388584952855112483E+01 -0.43489393855849454715607354171107E-19
0.13262453164815904107639034747013E+01 -0.43489392517161069831477636175111E-19
0.13171768757883449884047358258216E+01 -0.43489391171482833717608411633654E-19
0.13080603582639286937938188788317E+01 -0.43489389818075948154476486171138E-19
0.12988960966603673207742635980710E+01 -0.43489388458179525020013873921199E-19
0.12896844254723412224028079968254E+01 -0.43489387090833029257088093587106E-19
0.12804256809249760388522419217609E+01 -0.43489385716922470957393038107547E-19
0.12711202009615704884644263979220E+01 -0.43489384336308677919837443637997E-19
0.12617683252312615266409852694181E+01 -0.43489382949059618897837882823399E-19
0.12523703950766273898899362395031E+01 -0.43489381553602152541563228306338E-19
0.12429267535212282058619612322062E+01 -0.43489380151805008195870971512558E-19
0.12334377452570861347195305987880E+01 -0.43489378743508200044968725267200E-19
0.12239037166321036064329611215309E+01 -0.43489377329034091727518767879884E-19
0.12143250156374223730275270888159E+01 -0.43489375907176724728282664471949E-19
0.12047019918947210208999361215249E+01 -0.43489374479258329072137918950188E-19
0.11950349966434545253422057079487E+01 -0.43489373044281931953508667212228E-19
0.11853243827280337500204124931606E+01 -0.43489371603653258494164813658579E-19
0.11755705045849462421269029160503E+01 -0.43489370156058754272834306711423E-19
0.11657737182298204883239047643124E+01 -0.43489368701218918736746727574686E-19
0.11559343812444299747979948401106E+01 -0.43489367240918383489519621744225E-19
0.11460528527636426499055081325490E+01 -0.43489365774966777551185465056420E-19
0.11361294934623116565144535900762E+01 -0.43489364302207785108636518985902E-19
0.11261646655421113682692860576681E+01 -0.43489362823293131420564791561068E-19
0.11161587327183169132800321619875E+01 -0.43489361338604620496047674898893E-19
0.11061120602065282147774994936884E+01 -0.43489359847212926043214682987469E-19
0.10960250147093399921778395559378E+01 -0.43489358350155972195922141131428E-19
0.10858979644029574050449958732895E+01 -0.43489356846809875212171522955268E-19
0.10757312789237569825635307675407E+01 -0.43489355338998537131086563994592E-19
0.10655253293547955013335260323476E+01 -0.43489353824306848598075532129316E-19
0.10552804882122654460215026458014E+01 -0.43489352303467543981980582268471E-19
0.10449971294318978331704077812225E+01 -0.43489350777277029833490654527805E-19
0.10346756283553135683829398283582E+01 -0.43489349245815597768526273803571E-19
0.10243163617163242193770170400938E+01 -0.43489347707965910768743065081889E-19
0.10139197076271808120874642745205E+01 -0.43489346165365388545169988048811E-19
0.10034860455647722615781481434570E+01 -0.43489344617705305582427875354157E-19
0.99301575635677567494217048904888E+00 -0.43489343063792254078208869668327E-19
0.98250922216775470849429546834258E+00 -0.43489341504064606747646508628364E-19
0.97196682648521211627143669497727E+00 -0.43489339938552114872223631636624E-19
0.96138895410559143401380490102401E+00 -0.43489338369094855255365391982418E-19
0.95077599112023228310483621040941E+00 -0.43489336794909032187022896047263E-19
0.94012832490127806912202569562748E+00 -0.43489335215137888541344097726353E-19
0.92944634408753710420532186444009E+00 -0.43489333629811193903190848702797E-19
0.91873043857029687175100161393487E+00 -0.43489332038467474293316546208339E-19
0.90798099947909357338156358247163E+00 -0.43489330444108817437570354570788E-19
0.89719841916743562270297677124728E+00 -0.43489328842828571216151372681132E-19
0.88638309119848266595824748535396E+00 -0.43489327237167541396660278837027E-19
0.87553541033068093685190770799603E+00 -0.43489325627744768311647791057567E-19
0.86465577250335449463295365435704E+00 -0.43489324013057582553873618180670E-19
0.85374457482225297173928042556193E+00 -0.43489322395891113651576289096425E-19
0.84280221554505822140720183387748E+00 -0.43489320770811294854674228918166E-19
0.83182909406684705099571165911688E+00 -0.43489319141122511176292978751796E-19
0.82082561090551364768711556150359E+00 -0.43489317510384783918205985367596E-19
0.80979216768715093712862523154655E+00 -0.43489315870530941790522094439367E-19
0.79872916713139108349488153570986E+00 -0.43489314229229130563633889816474E-19
0.78763701303670627648961343651095E+00 -0.43489312584855609074064386143406E-19
0.77651611026566994925106205309732E+00 -0.43489310933141350845073909795112E-19
0.76536686473017957232560478546075E+00 -0.43489309279093236776995353670902E-19
0.75418968337664096532330703037081E+00 -0.43489307618315885175866564682367E-19
0.74298497417111441774163084854311E+00 -0.43489305957360552539127021527876E-19
0.73175314608442441740710252610928E+00 -0.43489304289075337412990595449403E-19
0.72049460907723204235801441462387E+00 -0.43489302618838497682438726346205E-19
0.70920977408507123660070507311544E+00 -0.43489300944022676470371148383844E-19
0.69789905300335017907792773054346E+00 -0.43489299266075642213824046268223E-19
0.68656285867231661271778534667844E+00 -0.43489297583647936636773941079404E-19
0.67520160486198968240596150885288E+00 -0.43489295897500236730086703215235E-19
0.66381570625705691369682972448334E+00 -0.43489294204696776935337260701045E-19
0.65240557844173865953510875066323E+00 -0.43489292515815499603452636959183E-19
0.64097163788461920006210218669145E+00 -0.43489290816578053962537530435849E-19
0.62951430192344561792465842304477E+00 -0.43489289116942255394373170030045E-19
0.61803398874989492063323651878464E+00 -0.43489287412318743240066159397378E-19
0.60653111739431011246088412645094E+00 -0.43489285705949541736843162980974E-19
0.59500610771040597815384975331623E+00 -0.43489283995492285438467799170774E-19
0.58345938035994401421143946660903E+00 -0.43489282283495295661357587626190E-19
0.57189135679737855710718833706457E+00 -0.43489280564112123087776828531210E-19
0.56030245925447353430105382205726E+00 -0.43489278844156452157454025288363E-19
0.54869311072489136545671022499095E+00 -0.43489277120280531910566701398682E-19
0.53706373494875350002224994739881E+00 -0.43489275396995782585752598852114E-19
0.52541475639717383063569543554930E+00 -0.43489273668148900907670878759560E-19
0.51374660025676588434944129663957E+00 -0.43489271933673721311696466425112E-19
0.50205969241412327738641188092336E+00 -0.43489270203860883430881314507051E-19
0.49035445944027499293384510270041E+00 -0.43489268466692319693946529255067E-19
0.47863132857511553973697584965297E+00 -0.43489266724924092551437490316861E-19
0.46689072771181085666081982663082E+00 -0.43489264983461822489155334156901E-19
0.45513308538118000131101131867336E+00 -0.43489263237496605739686793649439E-19
0.44335883073605412503127633374255E+00 -0.43489261490051589462846778610852E-19
0.43156839353561225480699410853250E+00 -0.43489259740204065469416846226018E-19
0.41976220412969513229443953315578E+00 -0.43489257986969827691021136986901E-19
0.40794069344309744637065754998149E+00 -0.43489256233557043577800234492814E-19
0.39610429295983922338260704810993E+00 -0.43489254480124602066318077126937E-19
0.38425343470741674404805739131346E+00 -0.43489252719163184143504235373848E-19
0.37238855124103339072586537990204E+00 -0.43489250959390793925918908537037E-19
0.36051007562781144034033117798934E+00 -0.43489249193120456944246705302606E-19
0.34861844143098559078764940387003E+00 -0.43489247429376393058099982135663E-19
0.33671408269407708463311471564564E+00 -0.43489245661453730669583512830340E-19
0.32479743392505215836386108775719E+00 -0.43489243891672837026151251577959E-19
0.31286893008046172350948542784900E+00 -0.43489242124876521061078428235854E-19
0.30092900654956599855561669753930E+00 -0.43489240351639538765787468403969E-19
0.28897809913844262814951293641051E+00 -0.43489238582881200133226906973297E-19
0.27701664405407977646656804299290E+00 -0.43489236800234702706980825154222E-19
0.26504507788845483470635575960875E+00 -0.43489235025985644665804742404106E-19
0.25306383760259849568406812295878E+00 -0.43489233251650613934921576027720E-19
0.24107336051064609948307330799006E+00 -0.43489231468258660780969414627600E-19
0.22907408426387547057457280463240E+00 -0.43489229688718844340869785915545E-19
0.21706644683473272291319254885802E+00 -0.43489227906638888136463979530831E-19
0.20505088650084637583864007320805E+00 -0.43489226123382349192723162718740E-19
0.19302784182903023830698111375269E+00 -0.43489224336273468082567907158219E-19
0.18099775165927564935960005266889E+00 -0.43489222550822448163999922821046E-19
0.16896105508873406680304274720401E+00 -0.43489220765797136706469433315149E-19
0.15691819145568988832137032580466E+00 -0.43489218981318452285827625890657E-19
0.14486960032352471588313242799142E+00 -0.43489217188841446731849145537432E-19
0.13281572146467335100491581920186E+00 -0.43489215404245758867931236905732E-19
0.12075699484457210925342343219230E+00 -0.43489213611632172479347866828825E-19
0.10869386060560010396757849361869E+00 -0.43489211821290137705138742029875E-19
0.96626759051014124069073171252769E-01 -0.43489210033399548000076720008030E-19
0.84556130628877678839990028978058E-01 -0.43489208237362548636219267757679E-19
0.72482415915984493236198672480579E-01 -0.43489206448546928786187399355404E-19
0.60406055601777694583916391585732E-01 -0.43489204653100173857548751954741E-19
0.48327490472264575727866947997960E-01 -0.43489202865240079764734043655280E-19
0.36247161393927988231511818801389E-01 -0.43489201072380648373061259221351E-19
0.24165509297634747544605693350431E-01 -0.43489199277685716141663954429475E-19
0.12082975162541689918939281672857E-01 -0.43489197486136340699021480102460E-19
-0.76598981680486583540321681321362E-18 -0.43489195692882361725722165757096E-19
-0.12082975162541691450918915274493E-01 -0.43489193901326981974654767114845E-19
-0.24165509297634749076585326953572E-01 -0.43489192106438018951417884812074E-19
-0.36247161393927989763491452403232E-01 -0.43489190313378560163331162860929E-19
-0.48327490472264577259846581589921E-01 -0.43489188520514840228273867589771E-19
-0.60406055601777696115896025189122E-01 -0.43489186731475925884618963086257E-19
-0.72482415915984494768178306084344E-01 -0.43489184935636365814116965996208E-19
-0.84556130628877680371969662574511E-01 -0.43489183140104800935017717143985E-19
-0.96626759051014125601052804852665E-01 -0.43489181350480971357811273937503E-19
-0.10869386060560010549955812722120E+00 -0.43489179561422327564560500120701E-19
-0.12075699484457211078540306580485E+00 -0.43489177771106857265019209426740E-19
-0.13281572146467335253689545279945E+00 -0.43489175981444920596559771193781E-19
-0.14486960032352471741511206159237E+00 -0.43489174194432740663222677646899E-19
-0.15691819145568988985334995941024E+00 -0.43489172406295569697162374810724E-19
-0.16896105508873406833502238080088E+00 -0.43489170617033411074058679969996E-19
-0.18099775165927565089157968627442E+00 -0.43489168832635065579701734553437E-19
-0.19302784182903023983896074736319E+00 -0.43489167045223587450197155224242E-19
-0.20505088650084637737061970680934E+00 -0.43489165260853640231027563866538E-19
-0.21706644683473272444517218246020E+00 -0.43489163479656937883663341819515E-19
-0.22907408426387547210655243824370E+00 -0.43489161695509324770333791589119E-19
-0.24107336051064610101505294158220E+00 -0.43489159916773098142993299522294E-19
-0.25306383760259849721604775656254E+00 -0.43489158139387409973128351495251E-19
-0.26504507788845483623833539320770E+00 -0.43489156361264180013627206731779E-19
-0.27701664405407977799854767659731E+00 -0.43489154578047812869654800398652E-19
-0.28897809913844262968149257001692E+00 -0.43489152804990481400605899968409E-19
-0.30092900654956600008759633114797E+00 -0.43489151035766024051202808368206E-19
-0.31286893008046172504146506144992E+00 -0.43489149261527893277697678404824E-19
-0.32479743392505215989584072136506E+00 -0.43489147493474665165552902784151E-19
-0.33671408269407708616509434925106E+00 -0.43489145724935242165660139211050E-19
-0.34861844143098559231962903747070E+00 -0.43489143955904229686803621828197E-19
-0.36051007562781144187231081159342E+00 -0.43489142191052979554434882969180E-19
-0.37238855124103339225784501350714E+00 -0.43489140432878711167978763283128E-19
-0.38425343470741674558003702492066E+00 -0.43489138672043998765270628686999E-19
-0.39610429295983922491458668171593E+00 -0.43489136903651474649424983882553E-19
-0.40794069344309744790263718359272E+00 -0.43489135149381525347681599403623E-19
-0.41976220412969513382641916676954E+00 -0.43489133397368655428594555028769E-19
-0.43156839353561225633897374213929E+00 -0.43489131650158782011054439876974E-19
-0.44335883073605412656325596734884E+00 -0.43489129897865521520108483871512E-19
-0.45513308538118000284299095228231E+00 -0.43489128147925220735616261032215E-19
-0.46689072771181085819279946023713E+00 -0.43489126405509898660682901836659E-19
-0.47863132857511554126895548325034E+00 -0.43489124665672006077230069504058E-19
-0.49035445944027499446582473630073E+00 -0.43489122923269253327783490790630E-19
-0.50205969241412327891839151453573E+00 -0.43489121183473393765468887517384E-19
-0.51374660025676588588142093025150E+00 -0.43489119446347604984721305649545E-19
-0.52541475639717383216767506914686E+00 -0.43489117717308724333104461967974E-19
-0.53706373494875350155422958100290E+00 -0.43489115991164999062252829040959E-19
-0.54869311072489136698868985859521E+00 -0.43489114262526842355028464662872E-19
-0.56030245925447353583303345566399E+00 -0.43489112542313491955723982470859E-19
-0.57189135679737855863916797067546E+00 -0.43489110819632158460589416137283E-19
-0.58345938035994401574341910021956E+00 -0.43489109102799671771075655790861E-19
-0.59500610771040597968582938693478E+00 -0.43489107391953792864643911668095E-19
-0.60653111739431011399286376005403E+00 -0.43489105681529346684734766517956E-19
-0.61803398874989492216521615238903E+00 -0.43489103974390111947220784370435E-19
-0.62951430192344561945663805664579E+00 -0.43489102267696282768249491909004E-19
-0.64097163788461920159408182029665E+00 -0.43489100558506546567712810657973E-19
-0.65240557844173866106708838426120E+00 -0.43489098867400449731538453531527E-19
-0.66381570625705691522880935809234E+00 -0.43489097176951359406578270438322E-19
-0.67520160486198968393794114246400E+00 -0.43489095487144874630853071591629E-19
-0.68656285867231661424976498029365E+00 -0.43489093794936716850388221818286E-19
-0.69789905300335018060990736416106E+00 -0.43489092121619950847127041247188E-19
-0.70920977408507123813268470672735E+00 -0.43489090433752992094204030247222E-19
-0.72049460907723204388999404823426E+00 -0.43489088758892426719085018716025E-19
-0.73175314608442441893908215971919E+00 -0.43489087091066477155443964242269E-19
-0.74298497417111441927361048214208E+00 -0.43489085433571567442419615168767E-19
-0.75418968337664096685528666397254E+00 -0.43489083767520682622170708407766E-19
-0.76536686473017957385758441906538E+00 -0.43489082105503147842643804215934E-19
-0.77651611026566995078304168669338E+00 -0.43489080454050754907580315128458E-19
-0.78763701303670627802159307012330E+00 -0.43489078800333004227647216070293E-19
-0.79872916713139108502686116932731E+00 -0.43489077154117187671603307496334E-19
-0.80979216768715093866060486516436E+00 -0.43489075515541420410959683668870E-19
-0.82082561090551364921909519509952E+00 -0.43489073871384729090870777037015E-19
-0.83182909406684705252769129272058E+00 -0.43489072248399139890269520516669E-19
-0.84280221554505822293918146748466E+00 -0.43489070616507887032081497072033E-19
-0.85374457482225297327126005917354E+00 -0.43489068989129462549175071197486E-19
-0.86465577250335449616493328796265E+00 -0.43489067373211825735289123722060E-19
-0.87553541033068093838388734159448E+00 -0.43489065758559511638869512595135E-19
-0.88638309119848266749022711897100E+00 -0.43489064155643305962213784927501E-19
-0.89719841916743562423495640484821E+00 -0.43489062543541000733485080635017E-19
-0.90798099947909357491354321607604E+00 -0.43489060943292157090789704059108E-19
-0.91873043857029687328298124754432E+00 -0.43489059344385882082903912266241E-19
-0.92944634408753710573730149805415E+00 -0.43489057761209300930753744079109E-19
-0.94012832490127807065400532923171E+00 -0.43489056172287667920375677803262E-19
-0.95077599112023228463681584401630E+00 -0.43489054592060351689235757090935E-19
-0.96138895410559143554578453463822E+00 -0.43489053016983081598297450604945E-19
-0.97196682648521211780341632858146E+00 -0.43489051447113350616902772910118E-19
-0.98250922216775471002627510194672E+00 -0.43489049889975713296235937836434E-19
-0.99301575635677567647415012265975E+00 -0.43489048326985503380841524304889E-19
-0.10034860455647722631101277770587E+01 -0.43489046773107789904454753226953E-19
-0.10139197076271808136194439081294E+01 -0.43489045220852981435622536324884E-19
-0.10243163617163242209089966736963E+01 -0.43489043681715649674679500953495E-19
-0.10346756283553135699149194619644E+01 -0.43489042136583302945802278260048E-19
-0.10449971294318978347023874148318E+01 -0.43489040612517020282548254972675E-19
-0.10552804882122654475534822794236E+01 -0.43489039078544336647908865494873E-19
-0.10655253293547955028655056659560E+01 -0.43489037569904385311353810232617E-19
-0.10757312789237569840955104011515E+01 -0.43489036051311255205415633637492E-19
-0.10858979644029574065769755069005E+01 -0.43489034542489442498410341012158E-19
-0.10960250147093399937098191895427E+01 -0.43489033039549650963137886371951E-19
-0.11061120602065282163094791272970E+01 -0.43489031534447721570896095503029E-19
-0.11161587327183169148120117956017E+01 -0.43489030051535351487644042416035E-19
-0.11261646655421113698012656912779E+01 -0.43489028566569909880515832231682E-19
-0.11361294934623116580464332236839E+01 -0.43489027087704618129735910436705E-19
-0.11460528527636426514374877661728E+01 -0.43489025614993456750636684490257E-19
-0.11559343812444299763299744737278E+01 -0.43489024148490181642879133340414E-19
-0.11657737182298204898558843979279E+01 -0.43489022688248322128041435634792E-19
-0.11755705045849462436588825496639E+01 -0.43489021225855882937818394027892E-19
-0.11853243827280337515523921267804E+01 -0.43489019786761822556981892281058E-19
-0.11950349966434545268741853415578E+01 -0.43489018341338394738820859795292E-19
-0.12047019918947210224319157551416E+01 -0.43489016906646923334626053927189E-19
-0.12143250156374223745595067224326E+01 -0.43489015482817678724781508053491E-19
-0.12239037166321036079649407551418E+01 -0.43489014061255494988301777146764E-19
-0.12334377452570861362515102324117E+01 -0.43489012646322924824336086471296E-19
-0.12429267535212282073939408658277E+01 -0.43489011233657503003238055322908E-19
-0.12523703950766273914219158731063E+01 -0.43489009836552969588592819555370E-19
-0.12617683252312615281729649030289E+01 -0.43489008437352590155636012080587E-19
-0.12711202009615704899964060315262E+01 -0.43489007044935654085037816546435E-19
-0.12804256809249760403842215553669E+01 -0.43489005672903350228184575119726E-19
-0.12896844254723412239347876304315E+01 -0.43489004294282127525555300704168E-19
-0.12988960966603673223062432316699E+01 -0.43489002931731504696413714429380E-19
-0.13080603582639286953257985124537E+01 -0.43489001567081206975765308180585E-19
-0.13171768757883449899367154594440E+01 -0.43489000218702832500196904842689E-19
-0.13262453164815904122958831082889E+01 -0.43488998863578434237410783283174E-19
-0.13352653493464388600272651448515E+01 -0.43488997534213448766897195688556E-19
-0.13442366451525451491323432182160E+01 -0.43488996202793638307366307351684E-19
-0.13531588764484627050685547401915E+01 -0.43488994883374607302933551236307E-19
-0.13620317175735942428500470343419E+01 -0.43488993557102458361147322046288E-19
-0.13708548446700795383964595750505E+01 -0.43488992247646867509619657405907E-19
-0.13796279356946154152867723122917E+01 -0.43488990950411129858039922371228E-19
-0.13883506704302106577462100425465E+01 -0.43488989655879337374698238708495E-19
-0.13970227304978739429291587637128E+01 -0.43488988383398748988324889581245E-19
-0.14056437993682344777074975813539E+01 -0.43488987084555869463788460999666E-19
-0.14142135623730950495676784675174E+01 -0.43488985827379744475678954636328E-19
-0.14227317067169180730791802848914E+01 -0.43488984553425034598376875550055E-19
-0.14311979214882421964309861415614E+01 -0.43488983292020952042344240036557E-19
-0.14396118976710301536396775001547E+01 -0.43488982048252496392129618427951E-19
-0.14479733281559484985218258063803E+01 -0.43488980802350671348832178823735E-19
-0.14562819077515768223319346646265E+01 -0.43488979574272225405969813015589E-19
-0.14645373331955470544028349892631E+01 -0.43488978344054216374087902230690E-19
-0.14727393031656125555521015572565E+01 -0.43488977131845436275453890178663E-19
-0.14808875182906466851113385269215E+01 -0.43488975927661916682790121511861E-19
-0.14889816811615690903512288994410E+01 -0.43488974736656869956709447985610E-19
-0.14970214963422021920319531668446E+01 -0.43488973523013885335918074599768E-19
-0.15050066703800534312662216414649E+01 -0.43488972337917654538576680590745E-19
-0.15129369118170269933998076098848E+01 -0.43488971160973925969089910453451E-19
-0.15208119312000618684995439465326E+01 -0.43488969992225661262053453681556E-19
-0.15286314410916966153445165028614E+01 -0.43488968831715522912615990516071E-19
-0.15363951560805610182709702231034E+01 -0.43488967689984257113712583733795E-19
-0.15441027927917935918234677044786E+01 -0.43488966535578770234762872184638E-19
-0.15517540698973846858242048378011E+01 -0.43488965389446195670828862423944E-19
-0.15593487081264447651563601265366E+01 -0.43488964267581369795065684725178E-19
-0.15668864302753981117127710932651E+01 -0.43488963159548881759045889449977E-19
-0.15743669612181003498110714919192E+01 -0.43488962038643838562254154521862E-19
-0.15817900279158809510844374527588E+01 -0.43488960953101853403072931443312E-19
-0.15891553594275085569557539823611E+01 -0.43488959849226524902963845566097E-19
-0.15964626869190809647960422641480E+01 -0.43488958764729215744679320864279E-19
-0.16037117436738369884596475859732E+01 -0.43488957694330807529379802143897E-19
-0.16109022651018918244166058379012E+01 -0.43488956627190467649448054260683E-19
-0.16180339887498948601916765289398E+01 -0.43488955563281826152657822470553E-19
-0.16251066543106083492359281156082E+01 -0.43488954513610722504884384397017E-19
-0.16321200036324096277367561858673E+01 -0.43488953483817199064835102312558E-19
-0.16390737807287127800845654856606E+01 -0.43488952440715928672499512014546E-19
-0.16459677317873127538549403471394E+01 -0.43488951417567905237855364977156E-19
-0.16528016051796490316214612503220E+01 -0.43488950403336036058856935579125E-19
-0.16595751514699901610222540663891E+01 -0.43488949403678593749925453961950E-19
-0.16662881234245383958257879084731E+01 -0.43488948407410415850158207656568E-19
-0.16729402760204534733388436474333E+01 -0.43488947420168328179652881658958E-19
-0.16795313664547957626848069580793E+01 -0.43488946441988367023004924192478E-19
-0.16860611541533889918530131913714E+01 -0.43488945467203324420788157202213E-19
-0.16925294007796008071276780352624E+01 -0.43488944512957314198597799543166E-19
-0.16989358702430420725520741729794E+01 -0.43488943573662280653727094823751E-19
-0.17052803287081843800976178695156E+01 -0.43488942614836368762399698726085E-19
-0.17115625446028950296835217441329E+01 -0.43488941699822696743739944069767E-19
-0.17177822886268889587536024075634E+01 -0.43488940765189447621214300905265E-19
-0.17239393337600984679375437359422E+01 -0.43488939863066890463026090324031E-19
-0.17300334552709597267664242538977E+01 -0.43488938946999833228072301362372E-19
-0.17360644307246147630983258536057E+01 -0.43488938046086948497866186290315E-19
-0.17420320399910311698044936435515E+01 -0.43488937183927804704399002385105E-19
-0.17479360652530359537810463636347E+01 -0.43488936307769795325087772512472E-19
-0.17537762910142664511612969264893E+01 -0.43488935435165293185964457486880E-19
-0.17595525041070357284361916009726E+01 -0.43488934560158692176103369792924E-19
-0.17652644937001131851912059113511E+01 -0.43488933712426716404562771644357E-19
-0.17709120513064197853977970405759E+01 -0.43488932874257186977117866296106E-19
-0.17764949707906380581578779357688E+01 -0.43488932057653065736936212587606E-19
-0.17820130483767357300575148763363E+01 -0.43488931232731190169486370062362E-19
-0.17874660826554036989999512295952E+01 -0.43488930423448498669027329748052E-19
-0.17928538745914075086733901847189E+01 -0.43488929611772032857710297324103E-19
-0.17981762275308519276655620654695E+01 -0.43488928821849694792589770031858E-19
-0.18034329472083588611094491490365E+01 -0.43488928047740178670608654072812E-19
-0.18086238417541582597833367085724E+01 -0.43488927277344771796188657199535E-19
-0.18137487217010908822818551616265E+01 -0.43488926528956454744221183604020E-19
-0.18188073999915242597360282970899E+01 -0.43488925772094842734973487683903E-19
-0.18237996919841801300907684260979E+01 -0.43488925031190427805501401677418E-19
-0.18287254154608737266358446704121E+01 -0.43488924312471211996079770665374E-19
-0.18335843906331648119083919172367E+01 -0.43488923572877852031506770114634E-19
-0.18383764401489199319375861845986E+01 -0.43488922861675807700408895448741E-19
-0.18431013890987858268824144187184E+01 -0.43488922166631504946344679901749E-19
-0.18477590650225735007472719330791E+01 -0.43488921475387162217704816419827E-19
-0.18523492979155529812092087906284E+01 -0.43488920794151984635083820522337E-19
-0.18568719202346586304101484321723E+01 -0.43488920110463411111679164597965E-19
-0.18613267669046042651791206591926E+01 -0.43488919468066370933308723401457E-19
-0.18657136753239084784329386210629E+01 -0.43488918804475902096204734117602E-19
-0.18700324853708296531722098514365E+01 -0.43488918169794758119151660672718E-19
-0.18742830394092102062774413559045E+01 -0.43488917538971066432101083698577E-19
-0.18784651822942304956362467054863E+01 -0.43488916930927875205489847346436E-19
-0.18825787613780714148776591373591E+01 -0.43488916307804898034290561685192E-19
-0.18866236265154861916920115883400E+01 -0.43488915713847776401746860889564E-19
-0.18905996300692805294527268967650E+01 -0.43488915130136319031860630393765E-19
-0.18945066269157013953163279150915E+01 -0.43488914543959105803213775436651E-19
-0.18983444744497340450893582685895E+01 -0.43488913968018768602951374682730E-19
-0.19021130325903071212164883416382E+01 -0.43488913408727793337832387121384E-19
-0.19058121637854055859825934876879E+01 -0.43488912846934080695980799582371E-19
-0.19094417330170912449117977484065E+01 -0.43488912340321980145362562706516E-19
-0.19130016078064310344104967528637E+01 -0.43488911786329573269522246259472E-19
-0.19164916582183324120781827856466E+01 -0.43488911274798562048862160763791E-19
-0.19199117568662860362810035462640E+01 -0.43488910773671779450404009067400E-19
-0.19232617789170152658465218279531E+01 -0.43488910263585532822716301485823E-19
-0.19265416020950326341523897424084E+01 -0.43488909776816675073335047424578E-19
-0.19297511066871029218872431909746E+01 -0.43488909319929722727715641773260E-19
-0.19328901755466125815059169745305E+01 -0.43488908841097144816920691664310E-19
-0.19359586940978456547137277822922E+01 -0.43488908385698731668644513357971E-19
-0.19389565503401657476458316724600E+01 -0.43488907940787286731001698382359E-19
-0.19418836348521040535504461826238E+01 -0.43488907506379050297407012564293E-19
-0.19447398407953531962966951409553E+01 -0.43488907075958427931335572341896E-19
-0.19475250639186668801866652585054E+01 -0.43488906662594568608949411515148E-19
-0.19502392025616649752049711969892E+01 -0.43488906259780565247925150864099E-19
-0.19528821576585441559374487257353E+01 -0.43488905880648007563987312889206E-19
-0.19554538327416937912717098463912E+01 -0.43488905498994516007841568619717E-19
-0.19579541339452170105066667849617E+01 -0.43488905127933372161041077543421E-19
-0.19603829700083567766994748654681E+01 -0.43488904767478120169903887047074E-19
-0.19627402522788268886791282175696E+01 -0.43488904404459524129541618593050E-19
-0.19650258947160478198357579221415E+01 -0.43488904065239927837592057247957E-19
-0.19672398138942871847982669943662E+01 -0.43488903736665000146749383020737E-19
-0.19693819290057046910146311494366E+01 -0.43488903431973354278944626447490E-19
-0.19714521618633017749139287933309E+01 -0.43488903118116948002815243790969E-19
-0.19734504369037752400379484638038E+01 -0.43488902814926224774251417406092E-19
-0.19753766811902754553230224297821E+01 -0.43488902529046020876274183171088E-19
-0.19772308244150684560489829997603E+01 -0.43488902260506051844457008695088E-19
-0.19790127989021022060489280627159E+01 -0.43488901996043334316762136706307E-19
-0.19807225396094767695440401226242E+01 -0.43488901742300822310608372133130E-19
-0.19823599841318183026520944738235E+01 -0.43488901485974525859345749566529E-19
-0.19839250727025568941996959072704E+01 -0.43488901267013072012495056024165E-19
-0.19854177481961079871505521536231E+01 -0.43488901052152035337994980184594E-19
-0.19868379561299574898956833663391E+01 -0.43488900828040591900708134016951E-19
-0.19881856446666503770728307637570E+01 -0.43488900654730156342540307112852E-19
-0.19894607646156827438373553574086E+01 -0.43488900445461316164023950735663E-19
-0.19906632694352972581594716433459E+01 -0.43488900260313216183697578909815E-19
-0.19917931152341819412902005233589E+01 -0.43488900085940864728285787433502E-19
-0.19928502607730721760564391871869E+01 -0.43488899935734595521170458733563E-19
-0.19938346674662559532385508997235E+01 -0.43488899796330579732378444163573E-19
-0.19947462993829822393926455133528E+01 -0.43488899661035321614231383677219E-19
-0.19955851232487724449450877619330E+01 -0.43488899543246415115788730916150E-19
-0.19963511084466349422591701619690E+01 -0.43488899422865666072126049395402E-19
-0.19968212854025334604960014301803E+01 -0.43488899346381660313211586777089E-19
-0.19972590695091477479126062590744E+01 -0.43488899281408666703990244789309E-19
-0.19976644536646531777486525316200E+01 -0.43488899227952146182937202168009E-19
-0.19980374312928238487046234742875E+01 -0.43488899186016830131592931740682E-19
-0.19983779963431392759772409961486E+01 -0.43488899128765583897680278516569E-19
-0.19987023619898293931233920599068E+01 -0.43488899067204831517985088410312E-19
-0.19990267451782913563175036785398E+01 -0.43488899025774505137529801147020E-19
-0.19993511459090943271120917330010E+01 -0.43488898977630202338671159081637E-19
-0.19996755641828074794785480289066E+01 -0.43488898929483295820329494738366E-19
-0.20000000000000000007659897128601E+01 -0.43488898888049514955887197068411E-19
-0.19996755641828074794785480289066E+01 -0.43488898929483295820329494738366E-19
-0.19993511459090943271120917330010E+01 -0.43488898977630202338671159081637E-19
-0.19990267451782913563175036785398E+01 -0.43488899025774505137529801147020E-19
-0.19987023619898293931233920599068E+01 -0.43488899067204831517985088410312E-19
-0.19983779963431392759772409961486E+01 -0.43488899128765583897680278516569E-19
-0.19980374312928238487046234742875E+01 -0.43488899186016830131592931740682E-19
-0.19976644536646531777486525316200E+01 -0.43488899227952146182937202168009E-19
-0.19972590695091477479126062590744E+01 -0.43488899281408666703990244789309E-19
-0.19968212854025334604960014301803E+01 -0.43488899346381660313211586777089E-19
-0.19963511084466349422591701619690E+01 -0.43488899422865666072126049395402E-19
-0.19955851232487724449450877619330E+01 -0.43488899543246415115788730916150E-19
-0.19947462993829822393926455133528E+01 -0.43488899661035321614231383677219E-19
-0.19938346674662559532385508997235E+01 -0.43488899796330579732378444163573E-19
-0.19928502607730721760564391871869E+01 -0.43488899935734595521170458733563E-19
-0.19917931152341819412902005233589E+01 -0.43488900085940864728285787433502E-19
-0.19906632694352972581594716433459E+01 -0.43488900260313216183697578909815E-19
-0.19894607646156827438373553574086E+01 -0.43488900445461316164023950735663E-19
-0.19881856446666503770728307637570E+01 -0.43488900654730156342540307112852E-19
-0.19868379561299574898956833663391E+01 -0.43488900828040591900708134016951E-19
-0.19854177481961079871505521536231E+01 -0.43488901052152035337994980184594E-19
-0.19839250727025568941996959072704E+01 -0.43488901267013072012495056024165E-19
-0.19823599841318183026520944738235E+01 -0.43488901485974525859345749566529E-19
-0.19807225396094767695440401226242E+01 -0.43488901742300822310608372133130E-19
-0.19790127989021022060489280627159E+01 -0.43488901996043334316762136706307E-19
-0.19772308244150684560489829997603E+01 -0.43488902260506051844457008695088E-19
-0.19753766811902754553230224297821E+01 -0.43488902529046020876274183171088E-19
-0.19734504369037752400379484638038E+01 -0.43488902814926224774251417406092E-19
-0.19714521618633017749139287933309E+01 -0.43488903118116948002815243790969E-19
-0.19693819290057046910146311494366E+01 -0.43488903431973354278944626447490E-19
-0.19672398138942871847982669943662E+01 -0.43488903736665000146749383020737E-19
-0.19650258947160478198357579221415E+01 -0.43488904065239927837592057247957E-19
-0.19627402522788268886791282175696E+01 -0.43488904404459524129541618593050E-19
-0.19603829700083567766994748654681E+01 -0.43488904767478120169903887047074E-19
-0.19579541339452170105066667849617E+01 -0.43488905127933372161041077543421E-19
-0.19554538327416937912717098463912E+01 -0.43488905498994516007841568619717E-19
-0.19528821576585441559374487257353E+01 -0.43488905880648007563987312889206E-19
-0.19502392025616649752049711969892E+01 -0.43488906259780565247925150864099E-19
-0.19475250639186668801866652585054E+01 -0.43488906662594568608949411515148E-19
-0.19447398407953531962966951409553E+01 -0.43488907075958427931335572341896E-19
-0.19418836348521040535504461826238E+01 -0.43488907506379050297407012564293E-19
-0.19389565503401657476458316724600E+01 -0.43488907940787286731001698382359E-19
-0.19359586940978456547137277822922E+01 -0.43488908385698731668644513357971E-19
-0.19328901755466125815059169745305E+01 -0.43488908841097144816920691664310E-19
-0.19297511066871029218872431909746E+01 -0.43488909319929722727715641773260E-19
-0.19265416020950326341523897424084E+01 -0.43488909776816675073335047424578E-19
-0.19232617789170152658465218279531E+01 -0.43488910263585532822716301485823E-19
-0.19199117568662860362810035462640E+01 -0.43488910773671779450404009067400E-19
-0.19164916582183324120781827856466E+01 -0.43488911274798562048862160763791E-19
-0.19130016078064310344104967528637E+01 -0.43488911786329573269522246259472E-19
-0.19094417330170912449117977484065E+01 -0.43488912340321980145362562706516E-19
-0.19058121637854055859825934876879E+01 -0.43488912846934080695980799582371E-19
-0.19021130325903071212164883416382E+01 -0.43488913408727793337832387121384E-19
-0.18983444744497340450893582685895E+01 -0.43488913968018768602951374682730E-19
-0.18945066269157013953163279150915E+01 -0.43488914543959105803213775436651E-19
-0.18905996300692805294527268967650E+01 -0.43488915130136319031860630393765E-19
-0.18866236265154861916920115883400E+01 -0.43488915713847776401746860889564E-19
-0.18825787613780714148776591373591E+01 -0.43488916307804898034290561685192E-19
-0.18784651822942304956362467054863E+01 -0.43488916930927875205489847346436E-19
-0.18742830394092102062774413559045E+01 -0.43488917538971066432101083698577E-19
-0.18700324853708296531722098514365E+01 -0.43488918169794758119151660672718E-19
-0.18657136753239084784329386210629E+01 -0.43488918804475902096204734117602E-19
-0.18613267669046042651791206591926E+01 -0.43488919468066370933308723401457E-19
-0.18568719202346586304101484321723E+01 -0.43488920110463411111679164597965E-19
-0.18523492979155529812092087906284E+01 -0.43488920794151984635083820522337E-19
-0.18477590650225735007472719330791E+01 -0.43488921475387162217704816419827E-19
-0.18431013890987858268824144187184E+01 -0.43488922166631504946344679901749E-19
-0.18383764401489199319375861845986E+01 -0.43488922861675807700408895448741E-19
-0.18335843906331648119083919172367E+01 -0.43488923572877852031506770114634E-19
-0.18287254154608737266358446704121E+01 -0.43488924312471211996079770665374E-19
-0.18237996919841801300907684260979E+01 -0.43488925031190427805501401677418E-19
-0.18188073999915242597360282970899E+01 -0.43488925772094842734973487683903E-19
-0.18137487217010908822818551616265E+01 -0.43488926528956454744221183604020E-19
-0.18086238417541582597833367085724E+01 -0.43488927277344771796188657199535E-19
-0.18034329472083588611094491490365E+01 -0.43488928047740178670608654072812E-19
-0.17981762275308519276655620654695E+01 -0.43488928821849694792589770031858E-19
-0.17928538745914075086733901847189E+01 -0.43488929611772032857710297324103E-19
-0.17874660826554036989999512295952E+01 -0.43488930423448498669027329748052E-19
-0.17820130483767357300575148763363E+01 -0.43488931232731190169486370062362E-19
-0.17764949707906380581578779357688E+01 -0.43488932057653065736936212587606E-19
-0.17709120513064197853977970405759E+01 -0.43488932874257186977117866296106E-19
-0.17652644937001131851912059113511E+01 -0.43488933712426716404562771644357E-19
-0.17595525041070357284361916009726E+01 -0.43488934560158692176103369792924E-19
-0.17537762910142664511612969264893E+01 -0.43488935435165293185964457486880E-19
-0.17479360652530359537810463636347E+01 -0.43488936307769795325087772512472E-19
-0.17420320399910311698044936435515E+01 -0.43488937183927804704399002385105E-19
-0.17360644307246147630983258536057E+01 -0.43488938046086948497866186290315E-19
-0.17300334552709597267664242538977E+01 -0.43488938946999833228072301362372E-19
-0.17239393337600984679375437359422E+01 -0.43488939863066890463026090324031E-19
-0.17177822886268889587536024075634E+01 -0.43488940765189447621214300905265E-19
-0.17115625446028950296835217441329E+01 -0.43488941699822696743739944069767E-19
-0.17052803287081843800976178695156E+01 -0.43488942614836368762399698726085E-19
-0.16989358702430420725520741729794E+01 -0.43488943573662280653727094823751E-19
-0.16925294007796008071276780352624E+01 -0.43488944512957314198597799543166E-19
-0.16860611541533889918530131913714E+01 -0.43488945467203324420788157202213E-19
-0.16795313664547957626848069580793E+01 -0.43488946441988367023004924192478E-19
-0.16729402760204534733388436474333E+01 -0.43488947420168328179652881658958E-19
-0.16662881234245383958257879084731E+01 -0.43488948407410415850158207656568E-19
-0.16595751514699901610222540663891E+01 -0.43488949403678593749925453961950E-19
-0.16528016051796490316214612503220E+01 -0.43488950403336036058856935579125E-19
-0.16459677317873127538549403471394E+01 -0.43488951417567905237855364977156E-19
-0.16390737807287127800845654856606E+01 -0.43488952440715928672499512014546E-19
-0.16321200036324096277367561858673E+01 -0.43488953483817199064835102312558E-19
-0.16251066543106083492359281156082E+01 -0.43488954513610722504884384397017E-19
-0.16180339887498948601916765289398E+01 -0.43488955563281826152657822470553E-19
-0.16109022651018918244166058379012E+01 -0.43488956627190467649448054260683E-19
-0.16037117436738369884596475859732E+01 -0.43488957694330807529379802143897E-19
-0.15964626869190809647960422641480E+01 -0.43488958764729215744679320864279E-19
-0.15891553594275085569557539823611E+01 -0.43488959849226524902963845566097E-19
-0.15817900279158809510844374527588E+01 -0.43488960953101853403072931443312E-19
-0.15743669612181003498110714919192E+01 -0.43488962038643838562254154521862E-19
-0.15668864302753981117127710932651E+01 -0.43488963159548881759045889449977E-19
-0.15593487081264447651563601265366E+01 -0.43488964267581369795065684725178E-19
-0.15517540698973846858242048378011E+01 -0.43488965389446195670828862423944E-19
-0.15441027927917935918234677044786E+01 -0.43488966535578770234762872184638E-19
-0.15363951560805610182709702231034E+01 -0.43488967689984257113712583733795E-19
-0.15286314410916966153445165028614E+01 -0.43488968831715522912615990516071E-19
-0.15208119312000618684995439465326E+01 -0.43488969992225661262053453681556E-19
-0.15129369118170269933998076098848E+01 -0.43488971160973925969089910453451E-19
-0.15050066703800534312662216414649E+01 -0.43488972337917654538576680590745E-19
-0.14970214963422021920319531668446E+01 -0.43488973523013885335918074599768E-19
-0.14889816811615690903512288994410E+01 -0.43488974736656869956709447985610E-19
-0.14808875182906466851113385269215E+01 -0.43488975927661916682790121511861E-19
-0.14727393031656125555521015572565E+01 -0.43488977131845436275453890178663E-19
-0.14645373331955470544028349892631E+01 -0.43488978344054216374087902230690E-19
-0.14562819077515768223319346646265E+01 -0.43488979574272225405969813015589E-19
-0.14479733281559484985218258063803E+01 -0.43488980802350671348832178823735E-19
-0.14396118976710301536396775001547E+01 -0.43488982048252496392129618427951E-19
-0.14311979214882421964309861415614E+01 -0.43488983292020952042344240036557E-19
-0.14227317067169180730791802848914E+01 -0.43488984553425034598376875550055E-19
-0.14142135623730950495676784675174E+01 -0.43488985827379744475678954636328E-19
-0.14056437993682344777074975813539E+01 -0.43488987084555869463788460999666E-19
-0.13970227304978739429291587637128E+01 -0.43488988383398748988324889581245E-19
-0.13883506704302106577462100425465E+01 -0.43488989655879337374698238708495E-19
-0.13796279356946154152867723122917E+01 -0.43488990950411129858039922371228E-19
-0.13708548446700795383964595750505E+01 -0.43488992247646867509619657405907E-19
-0.13620317175735942428500470343419E+01 -0.43488993557102458361147322046288E-19
-0.13531588764484627050685547401915E+01 -0.43488994883374607302933551236307E-19
-0.13442366451525451491323432182160E+01 -0.43488996202793638307366307351684E-19
-0.13352653493464388600272651448515E+01 -0.43488997534213448766897195688556E-19
-0.13262453164815904122958831082889E+01 -0.43488998863578434237410783283174E-19
-0.13171768757883449899367154594440E+01 -0.43489000218702832500196904842689E-19
-0.13080603582639286953257985124537E+01 -0.43489001567081206975765308180585E-19
-0.12988960966603673223062432316699E+01 -0.43489002931731504696413714429380E-19
-0.12896844254723412239347876304315E+01 -0.43489004294282127525555300704168E-19
-0.12804256809249760403842215553669E+01 -0.43489005672903350228184575119726E-19
-0.12711202009615704899964060315262E+01 -0.43489007044935654085037816546435E-19
-0.12617683252312615281729649030289E+01 -0.43489008437352590155636012080587E-19
-0.12523703950766273914219158731063E+01 -0.43489009836552969588592819555370E-19
-0.12429267535212282073939408658277E+01 -0.43489011233657503003238055322908E-19
-0.12334377452570861362515102324117E+01 -0.43489012646322924824336086471296E-19
-0.12239037166321036079649407551418E+01 -0.43489014061255494988301777146764E-19
-0.12143250156374223745595067224326E+01 -0.43489015482817678724781508053491E-19
-0.12047019918947210224319157551416E+01 -0.43489016906646923334626053927189E-19
-0.11950349966434545268741853415578E+01 -0.43489018341338394738820859795292E-19
-0.11853243827280337515523921267804E+01 -0.43489019786761822556981892281058E-19
-0.11755705045849462436588825496639E+01 -0.43489021225855882937818394027892E-19
-0.11657737182298204898558843979279E+01 -0.43489022688248322128041435634792E-19
-0.11559343812444299763299744737278E+01 -0.43489024148490181642879133340414E-19
-0.11460528527636426514374877661728E+01 -0.43489025614993456750636684490257E-19
-0.11361294934623116580464332236839E+01 -0.43489027087704618129735910436705E-19
-0.11261646655421113698012656912779E+01 -0.43489028566569909880515832231682E-19
-0.11161587327183169148120117956017E+01 -0.43489030051535351487644042416035E-19
-0.11061120602065282163094791272970E+01 -0.43489031534447721570896095503029E-19
-0.10960250147093399937098191895427E+01 -0.43489033039549650963137886371951E-19
-0.10858979644029574065769755069005E+01 -0.43489034542489442498410341012158E-19
-0.10757312789237569840955104011515E+01 -0.43489036051311255205415633637492E-19
-0.10655253293547955028655056659560E+01 -0.43489037569904385311353810232617E-19
-0.10552804882122654475534822794236E+01 -0.43489039078544336647908865494873E-19
-0.10449971294318978347023874148318E+01 -0.43489040612517020282548254972675E-19
-0.10346756283553135699149194619644E+01 -0.43489042136583302945802278260048E-19
-0.10243163617163242209089966736963E+01 -0.43489043681715649674679500953495E-19
-0.10139197076271808136194439081294E+01 -0.43489045220852981435622536324884E-19
-0.10034860455647722631101277770587E+01 -0.43489046773107789904454753226953E-19
-0.99301575635677567647415012265975E+00 -0.43489048326985503380841524304889E-19
-0.98250922216775471002627510194672E+00 -0.43489049889975713296235937836434E-19
-0.97196682648521211780341632858146E+00 -0.43489051447113350616902772910118E-19
-0.96138895410559143554578453463822E+00 -0.43489053016983081598297450604945E-19
-0.95077599112023228463681584401630E+00 -0.43489054592060351689235757090935E-19
-0.94012832490127807065400532923171E+00 -0.43489056172287667920375677803262E-19
-0.92944634408753710573730149805415E+00 -0.43489057761209300930753744079109E-19
-0.91873043857029687328298124754432E+00 -0.43489059344385882082903912266241E-19
-0.90798099947909357491354321607604E+00 -0.43489060943292157090789704059108E-19
-0.89719841916743562423495640484821E+00 -0.43489062543541000733485080635017E-19
-0.88638309119848266749022711897100E+00 -0.43489064155643305962213784927501E-19
-0.87553541033068093838388734159448E+00 -0.43489065758559511638869512595135E-19
-0.86465577250335449616493328796265E+00 -0.43489067373211825735289123722060E-19
-0.85374457482225297327126005917354E+00 -0.43489068989129462549175071197486E-19
-0.84280221554505822293918146748466E+00 -0.43489070616507887032081497072033E-19
-0.83182909406684705252769129272058E+00 -0.43489072248399139890269520516669E-19
-0.82082561090551364921909519509952E+00 -0.43489073871384729090870777037015E-19
-0.80979216768715093866060486516436E+00 -0.43489075515541420410959683668870E-19
-0.79872916713139108502686116932731E+00 -0.43489077154117187671603307496334E-19
-0.78763701303670627802159307012330E+00 -0.43489078800333004227647216070293E-19
-0.77651611026566995078304168669338E+00 -0.43489080454050754907580315128458E-19
-0.76536686473017957385758441906538E+00 -0.43489082105503147842643804215934E-19
-0.75418968337664096685528666397254E+00 -0.43489083767520682622170708407766E-19
-0.74298497417111441927361048214208E+00 -0.43489085433571567442419615168767E-19
-0.73175314608442441893908215971919E+00 -0.43489087091066477155443964242269E-19
-0.72049460907723204388999404823426E+00 -0.43489088758892426719085018716025E-19
-0.70920977408507123813268470672735E+00 -0.43489090433752992094204030247222E-19
-0.69789905300335018060990736416106E+00 -0.43489092121619950847127041247188E-19
-0.68656285867231661424976498029365E+00 -0.43489093794936716850388221818286E-19
-0.67520160486198968393794114246400E+00 -0.43489095487144874630853071591629E-19
-0.66381570625705691522880935809234E+00 -0.43489097176951359406578270438322E-19
-0.65240557844173866106708838426120E+00 -0.43489098867400449731538453531527E-19
-0.64097163788461920159408182029665E+00 -0.43489100558506546567712810657973E-19
-0.62951430192344561945663805664579E+00 -0.43489102267696282768249491909004E-19
-0.61803398874989492216521615238903E+00 -0.43489103974390111947220784370435E-19
-0.60653111739431011399286376005403E+00 -0.43489105681529346684734766517956E-19
-0.59500610771040597968582938693478E+00 -0.43489107391953792864643911668095E-19
-0.58345938035994401574341910021956E+00 -0.43489109102799671771075655790861E-19
-0.57189135679737855863916797067546E+00 -0.43489110819632158460589416137283E-19
-0.56030245925447353583303345566399E+00 -0.43489112542313491955723982470859E-19
-0.54869311072489136698868985859521E+00 -0.43489114262526842355028464662872E-19
-0.53706373494875350155422958100290E+00 -0.43489115991164999062252829040959E-19
-0.52541475639717383216767506914686E+00 -0.43489117717308724333104461967974E-19
-0.51374660025676588588142093025150E+00 -0.43489119446347604984721305649545E-19
-0.50205969241412327891839151453573E+00 -0.43489121183473393765468887517384E-19
-0.49035445944027499446582473630073E+00 -0.43489122923269253327783490790630E-19
-0.47863132857511554126895548325034E+00 -0.43489124665672006077230069504058E-19
-0.46689072771181085819279946023713E+00 -0.43489126405509898660682901836659E-19
-0.45513308538118000284299095228231E+00 -0.43489128147925220735616261032215E-19
-0.44335883073605412656325596734884E+00 -0.43489129897865521520108483871512E-19
-0.43156839353561225633897374213929E+00 -0.43489131650158782011054439876974E-19
-0.41976220412969513382641916676954E+00 -0.43489133397368655428594555028769E-19
-0.40794069344309744790263718359272E+00 -0.43489135149381525347681599403623E-19
-0.39610429295983922491458668171593E+00 -0.43489136903651474649424983882553E-19
-0.38425343470741674558003702492066E+00 -0.43489138672043998765270628686999E-19
-0.37238855124103339225784501350714E+00 -0.43489140432878711167978763283128E-19
-0.36051007562781144187231081159342E+00 -0.43489142191052979554434882969180E-19
-0.34861844143098559231962903747070E+00 -0.43489143955904229686803621828197E-19
-0.33671408269407708616509434925106E+00 -0.43489145724935242165660139211050E-19
-0.32479743392505215989584072136506E+00 -0.43489147493474665165552902784151E-19
-0.31286893008046172504146506144992E+00 -0.43489149261527893277697678404824E-19
-0.30092900654956600008759633114797E+00 -0.43489151035766024051202808368206E-19
-0.28897809913844262968149257001692E+00 -0.43489152804990481400605899968409E-19
-0.27701664405407977799854767659731E+00 -0.43489154578047812869654800398652E-19
-0.26504507788845483623833539320770E+00 -0.43489156361264180013627206731779E-19
-0.25306383760259849721604775656254E+00 -0.43489158139387409973128351495251E-19
-0.24107336051064610101505294158220E+00 -0.43489159916773098142993299522294E-19
-0.22907408426387547210655243824370E+00 -0.43489161695509324770333791589119E-19
-0.21706644683473272444517218246020E+00 -0.43489163479656937883663341819515E-19
-0.20505088650084637737061970680934E+00 -0.43489165260853640231027563866538E-19
-0.19302784182903023983896074736319E+00 -0.43489167045223587450197155224242E-19
-0.18099775165927565089157968627442E+00 -0.43489168832635065579701734553437E-19
-0.16896105508873406833502238080088E+00 -0.43489170617033411074058679969996E-19
-0.15691819145568988985334995941024E+00 -0.43489172406295569697162374810724E-19
-0.14486960032352471741511206159237E+00 -0.43489174194432740663222677646899E-19
-0.13281572146467335253689545279945E+00 -0.43489175981444920596559771193781E-19
-0.12075699484457211078540306580485E+00 -0.43489177771106857265019209426740E-19
-0.10869386060560010549955812722120E+00 -0.43489179561422327564560500120701E-19
-0.96626759051014125601052804852665E-01 -0.43489181350480971357811273937503E-19
-0.84556130628877680371969662574511E-01 -0.43489183140104800935017717143985E-19
-0.72482415915984494768178306084344E-01 -0.43489184935636365814116965996208E-19
-0.60406055601777696115896025189122E-01 -0.43489186731475925884618963086257E-19
-0.48327490472264577259846581589921E-01 -0.43489188520514840228273867589771E-19
-0.36247161393927989763491452403232E-01 -0.43489190313378560163331162860929E-19
-0.24165509297634749076585326953572E-01 -0.43489192106438018951417884812074E-19
-0.12082975162541691450918915274493E-01 -0.43489193901326981974654767114845E-19
-0.76598981680486583540321681321362E-18 -0.43489195692882361725722165757096E-19
0.12082975162541689918939281672857E-01 -0.43489197486136340699021480102460E-19
0.24165509297634747544605693350431E-01 -0.43489199277685716141663954429475E-19
0.36247161393927988231511818801389E-01 -0.43489201072380648373061259221351E-19
0.48327490472264575727866947997960E-01 -0.43489202865240079764734043655280E-19
0.60406055601777694583916391585732E-01 -0.43489204653100173857548751954741E-19
0.72482415915984493236198672480579E-01 -0.43489206448546928786187399355404E-19
0.84556130628877678839990028978058E-01 -0.43489208237362548636219267757679E-19
0.96626759051014124069073171252769E-01 -0.43489210033399548000076720008030E-19
0.10869386060560010396757849361869E+00 -0.43489211821290137705138742029875E-19
0.12075699484457210925342343219230E+00 -0.43489213611632172479347866828825E-19
0.13281572146467335100491581920186E+00 -0.43489215404245758867931236905732E-19
0.14486960032352471588313242799142E+00 -0.43489217188841446731849145537432E-19
0.15691819145568988832137032580466E+00 -0.43489218981318452285827625890657E-19
0.16896105508873406680304274720401E+00 -0.43489220765797136706469433315149E-19
0.18099775165927564935960005266889E+00 -0.43489222550822448163999922821046E-19
0.19302784182903023830698111375269E+00 -0.43489224336273468082567907158219E-19
0.20505088650084637583864007320805E+00 -0.43489226123382349192723162718740E-19
0.21706644683473272291319254885802E+00 -0.43489227906638888136463979530831E-19
0.22907408426387547057457280463240E+00 -0.43489229688718844340869785915545E-19
0.24107336051064609948307330799006E+00 -0.43489231468258660780969414627600E-19
0.25306383760259849568406812295878E+00 -0.43489233251650613934921576027720E-19
0.26504507788845483470635575960875E+00 -0.43489235025985644665804742404106E-19
0.27701664405407977646656804299290E+00 -0.43489236800234702706980825154222E-19
0.28897809913844262814951293641051E+00 -0.43489238582881200133226906973297E-19
0.30092900654956599855561669753930E+00 -0.43489240351639538765787468403969E-19
0.31286893008046172350948542784900E+00 -0.43489242124876521061078428235854E-19
0.32479743392505215836386108775719E+00 -0.43489243891672837026151251577959E-19
0.33671408269407708463311471564564E+00 -0.43489245661453730669583512830340E-19
0.34861844143098559078764940387003E+00 -0.43489247429376393058099982135663E-19
0.36051007562781144034033117798934E+00 -0.43489249193120456944246705302606E-19
0.37238855124103339072586537990204E+00 -0.43489250959390793925918908537037E-19
0.38425343470741674404805739131346E+00 -0.43489252719163184143504235373848E-19
0.39610429295983922338260704810993E+00 -0.43489254480124602066318077126937E-19
0.40794069344309744637065754998149E+00 -0.43489256233557043577800234492814E-19
0.41976220412969513229443953315578E+00 -0.43489257986969827691021136986901E-19
0.43156839353561225480699410853250E+00 -0.43489259740204065469416846226018E-19
0.44335883073605412503127633374255E+00 -0.43489261490051589462846778610852E-19
0.45513308538118000131101131867336E+00 -0.43489263237496605739686793649439E-19
0.46689072771181085666081982663082E+00 -0.43489264983461822489155334156901E-19
0.47863132857511553973697584965297E+00 -0.43489266724924092551437490316861E-19
0.49035445944027499293384510270041E+00 -0.43489268466692319693946529255067E-19
0.50205969241412327738641188092336E+00 -0.43489270203860883430881314507051E-19
0.51374660025676588434944129663957E+00 -0.43489271933673721311696466425112E-19
0.52541475639717383063569543554930E+00 -0.43489273668148900907670878759560E-19
0.53706373494875350002224994739881E+00 -0.43489275396995782585752598852114E-19
0.54869311072489136545671022499095E+00 -0.43489277120280531910566701398682E-19
0.56030245925447353430105382205726E+00 -0.43489278844156452157454025288363E-19
0.57189135679737855710718833706457E+00 -0.43489280564112123087776828531210E-19
0.58345938035994401421143946660903E+00 -0.43489282283495295661357587626190E-19
0.59500610771040597815384975331623E+00 -0.43489283995492285438467799170774E-19
0.60653111739431011246088412645094E+00 -0.43489285705949541736843162980974E-19
0.61803398874989492063323651878464E+00 -0.43489287412318743240066159397378E-19
0.62951430192344561792465842304477E+00 -0.43489289116942255394373170030045E-19
0.64097163788461920006210218669145E+00 -0.43489290816578053962537530435849E-19
0.65240557844173865953510875066323E+00 -0.43489292515815499603452636959183E-19
0.66381570625705691369682972448334E+00 -0.43489294204696776935337260701045E-19
0.67520160486198968240596150885288E+00 -0.43489295897500236730086703215235E-19
0.68656285867231661271778534667844E+00 -0.43489297583647936636773941079404E-19
0.69789905300335017907792773054346E+00 -0.43489299266075642213824046268223E-19
0.70920977408507123660070507311544E+00 -0.43489300944022676470371148383844E-19
0.72049460907723204235801441462387E+00 -0.43489302618838497682438726346205E-19
0.73175314608442441740710252610928E+00 -0.43489304289075337412990595449403E-19
0.74298497417111441774163084854311E+00 -0.43489305957360552539127021527876E-19
0.75418968337664096532330703037081E+00 -0.43489307618315885175866564682367E-19
0.76536686473017957232560478546075E+00 -0.43489309279093236776995353670902E-19
0.77651611026566994925106205309732E+00 -0.43489310933141350845073909795112E-19
0.78763701303670627648961343651095E+00 -0.43489312584855609074064386143406E-19
0.79872916713139108349488153570986E+00 -0.43489314229229130563633889816474E-19
0.80979216768715093712862523154655E+00 -0.43489315870530941790522094439367E-19
0.82082561090551364768711556150359E+00 -0.43489317510384783918205985367596E-19
0.83182909406684705099571165911688E+00 -0.43489319141122511176292978751796E-19
0.84280221554505822140720183387748E+00 -0.43489320770811294854674228918166E-19
0.85374457482225297173928042556193E+00 -0.43489322395891113651576289096425E-19
0.86465577250335449463295365435704E+00 -0.43489324013057582553873618180670E-19
0.87553541033068093685190770799603E+00 -0.43489325627744768311647791057567E-19
0.88638309119848266595824748535396E+00 -0.43489327237167541396660278837027E-19
0.89719841916743562270297677124728E+00 -0.43489328842828571216151372681132E-19
0.90798099947909357338156358247163E+00 -0.43489330444108817437570354570788E-19
0.91873043857029687175100161393487E+00 -0.43489332038467474293316546208339E-19
0.92944634408753710420532186444009E+00 -0.43489333629811193903190848702797E-19
0.94012832490127806912202569562748E+00 -0.43489335215137888541344097726353E-19
0.95077599112023228310483621040941E+00 -0.43489336794909032187022896047263E-19
0.96138895410559143401380490102401E+00 -0.43489338369094855255365391982418E-19
0.97196682648521211627143669497727E+00 -0.43489339938552114872223631636624E-19
0.98250922216775470849429546834258E+00 -0.43489341504064606747646508628364E-19
0.99301575635677567494217048904888E+00 -0.43489343063792254078208869668327E-19
0.10034860455647722615781481434570E+01 -0.43489344617705305582427875354157E-19
0.10139197076271808120874642745205E+01 -0.43489346165365388545169988048811E-19
0.10243163617163242193770170400938E+01 -0.43489347707965910768743065081889E-19
0.10346756283553135683829398283582E+01 -0.43489349245815597768526273803571E-19
0.10449971294318978331704077812225E+01 -0.43489350777277029833490654527805E-19
0.10552804882122654460215026458014E+01 -0.43489352303467543981980582268471E-19
0.10655253293547955013335260323476E+01 -0.43489353824306848598075532129316E-19
0.10757312789237569825635307675407E+01 -0.43489355338998537131086563994592E-19
0.10858979644029574050449958732895E+01 -0.43489356846809875212171522955268E-19
0.10960250147093399921778395559378E+01 -0.43489358350155972195922141131428E-19
0.11061120602065282147774994936884E+01 -0.43489359847212926043214682987469E-19
0.11161587327183169132800321619875E+01 -0.43489361338604620496047674898893E-19
0.11261646655421113682692860576681E+01 -0.43489362823293131420564791561068E-19
0.11361294934623116565144535900762E+01 -0.43489364302207785108636518985902E-19
0.11460528527636426499055081325490E+01 -0.43489365774966777551185465056420E-19
0.11559343812444299747979948401106E+01 -0.43489367240918383489519621744225E-19
0.11657737182298204883239047643124E+01 -0.43489368701218918736746727574686E-19
0.11755705045849462421269029160503E+01 -0.43489370156058754272834306711423E-19
0.11853243827280337500204124931606E+01 -0.43489371603653258494164813658579E-19
0.11950349966434545253422057079487E+01 -0.43489373044281931953508667212228E-19
0.12047019918947210208999361215249E+01 -0.43489374479258329072137918950188E-19
0.12143250156374223730275270888159E+01 -0.43489375907176724728282664471949E-19
0.12239037166321036064329611215309E+01 -0.43489377329034091727518767879884E-19
0.12334377452570861347195305987880E+01 -0.43489378743508200044968725267200E-19
0.12429267535212282058619612322062E+01 -0.43489380151805008195870971512558E-19
0.12523703950766273898899362395031E+01 -0.43489381553602152541563228306338E-19
0.12617683252312615266409852694181E+01 -0.43489382949059618897837882823399E-19
0.12711202009615704884644263979220E+01 -0.43489384336308677919837443637997E-19
0.12804256809249760388522419217609E+01 -0.43489385716922470957393038107547E-19
0.12896844254723412224028079968254E+01 -0.43489387090833029257088093587106E-19
0.12988960966603673207742635980710E+01 -0.43489388458179525020013873921199E-19
0.13080603582639286937938188788317E+01 -0.43489389818075948154476486171138E-19
0.13171768757883449884047358258216E+01 -0.43489391171482833717608411633654E-19
0.13262453164815904107639034747013E+01 -0.43489392517161069831477636175111E-19
0.13352653493464388584952855112483E+01 -0.43489393855849454715607354171107E-19
0.13442366451525451476003635846106E+01 -0.43489395186581649708110548911987E-19
0.13531588764484627035365751065864E+01 -0.43489396511298998342335163258063E-19
0.13620317175735942413180674007145E+01 -0.43489397827631240960258098111880E-19
0.13708548446700795368644799414491E+01 -0.43489399137442771498408927996005E-19
0.13796279356946154137547926786722E+01 -0.43489400439323953237600414724152E-19
0.13883506704302106562142304089332E+01 -0.43489401733896392592586474450138E-19
0.13970227304978739413971791301120E+01 -0.43489403020489038768486501494338E-19
0.14056437993682344761755179477373E+01 -0.43489404300428087903610532894971E-19
0.14142135623730950480356988338961E+01 -0.43489405572293710110697306998749E-19
0.14227317067169180715472006512639E+01 -0.43489406836497221679099138424635E-19
0.14311979214882421948990065079463E+01 -0.43489408092856736059245263462790E-19
0.14396118976710301521076978665450E+01 -0.43489409341338375895746246694472E-19
0.14479733281559484969898461727691E+01 -0.43489410582419541398664971113377E-19
0.14562819077515768207999550310250E+01 -0.43489411815647916450579494344408E-19
0.14645373331955470528708553556578E+01 -0.43489413040738134956805846942745E-19
0.14727393031656125540201219236422E+01 -0.43489414258017661388491488872845E-19
0.14808875182906466835793588933169E+01 -0.43489415466978802171948975191250E-19
0.14889816811615690888192492658170E+01 -0.43489416668375986785509949397325E-19
0.14970214963422021904999735332326E+01 -0.43489417861380534148176125907087E-19
0.15050066703800534297342420078529E+01 -0.43489419046390501396440331337233E-19
0.15129369118170269918678279762808E+01 -0.43489420223252853109663925772756E-19
0.15208119312000618669675643129152E+01 -0.43489421392213486675249136289231E-19
0.15286314410916966138125368692490E+01 -0.43489422552921780653305608407669E-19
0.15363951560805610167389905895058E+01 -0.43489423704884919368425205522528E-19
0.15441027927917935902914880708717E+01 -0.43489424848890818703843347666932E-19
0.15517540698973846842922252041917E+01 -0.43489425984356428491589676605735E-19
0.15593487081264447636243804929367E+01 -0.43489427111339014125035861630392E-19
0.15668864302753981101807914596443E+01 -0.43489428230277809962476665826417E-19
0.15743669612181003482790918583233E+01 -0.43489429340483050163358017121636E-19
0.15817900279158809495524578191408E+01 -0.43489430441865120967249950561622E-19
0.15891553594275085554237743487583E+01 -0.43489431534910351789181495331713E-19
0.15964626869190809632640626305312E+01 -0.43489432619418962063057483788148E-19
0.16037117436738369869276679523503E+01 -0.43489433695409799673962349631251E-19
0.16109022651018918228846262042829E+01 -0.43489434762511796901212592316110E-19
0.16180339887498948586596968953286E+01 -0.43489435820890822229724215312647E-19
0.16251066543106083477039484819993E+01 -0.43489436870390153117780868868275E-19
0.16321200036324096262047765522539E+01 -0.43489437911268354689059524870967E-19
0.16390737807287127785525858520603E+01 -0.43489438943358481894900299379811E-19
0.16459677317873127523229607135341E+01 -0.43489439966353761371887126996954E-19
0.16528016051796490300894816167218E+01 -0.43489440980544643127722858693710E-19
0.16595751514699901594902744327913E+01 -0.43489441985881906364787970040799E-19
0.16662881234245383942938082748606E+01 -0.43489442982130445610551006074709E-19
0.16729402760204534718068640138386E+01 -0.43489443969354920304246751400769E-19
0.16795313664547957611528273244763E+01 -0.43489444947389911603882400769009E-19
0.16860611541533889903210335577588E+01 -0.43489445916711418498913436864866E-19
0.16925294007796008055956984016575E+01 -0.43489446876563700700171675018785E-19
0.16989358702430420710200945393816E+01 -0.43489447827255989671005090727936E-19
0.17052803287081843785656382359057E+01 -0.43489448768935366513850798946444E-19
0.17115625446028950281515421105541E+01 -0.43489449701264787187302291567435E-19
0.17177822886268889572216227739620E+01 -0.43489450624290780118303665230910E-19
0.17239393337600984664055641023533E+01 -0.43489451538047819252592994775231E-19
0.17300334552709597252344446202815E+01 -0.43489452442436979305041735675131E-19
0.17360644307246147615663462200066E+01 -0.43489453337429208546178887481146E-19
0.17420320399910311682725140099523E+01 -0.43489454223107198151686146366040E-19
0.17479360652530359522490667300147E+01 -0.43489455099320295049626732150469E-19
0.17537762910142664496293172928778E+01 -0.43489455966091089386110280030271E-19
0.17595525041070357269042119673702E+01 -0.43489456823287321887606954837996E-19
0.17652644937001131836592262777460E+01 -0.43489457671049788034664604034111E-19
0.17709120513064197838658174069667E+01 -0.43489458509135924300748168665237E-19
0.17764949707906380566258983021794E+01 -0.43489459337740739052439580422800E-19
0.17820130483767357285255352427495E+01 -0.43489460156658800186388057377775E-19
0.17874660826554036974679715960006E+01 -0.43489460965945027842204213048852E-19
0.17928538745914075071414105511075E+01 -0.43489461765494879904736355962854E-19
0.17981762275308519261335824318336E+01 -0.43489462555389838246441078735713E-19
0.18034329472083588595774695154156E+01 -0.43489463335544184089332001695956E-19
0.18086238417541582582513570749753E+01 -0.43489464105929394834193557853417E-19
0.18137487217010908807498755280395E+01 -0.43489464866517307309031399464068E-19
0.18188073999915242582040486634723E+01 -0.43489465617280118748949161031436E-19
0.18237996919841801285587887925002E+01 -0.43489466358138308605586539551594E-19
0.18287254154608737251038650367878E+01 -0.43489467089196431891841773603252E-19
0.18335843906331648103764122836226E+01 -0.43489467810287279064350023551161E-19
0.18383764401489199304056065510113E+01 -0.43489468521460290383912659407408E-19
0.18431013890987858253504347851133E+01 -0.43489469222697656076989703738370E-19
0.18477590650225734992152922994646E+01 -0.43489469913931097870491990821298E-19
0.18523492979155529796772291570040E+01 -0.43489470595147973313982182270745E-19
0.18568719202346586288781687985597E+01 -0.43489471266350669382433366308758E-19
0.18613267669046042636471410255958E+01 -0.43489471927479040339101344224130E-19
0.18657136753239084769009589874665E+01 -0.43489472578542128773940272056767E-19
0.18700324853708296516402302178234E+01 -0.43489473219491837758224601006495E-19
0.18742830394092102047454617222805E+01 -0.43489473850306071464399069136351E-19
0.18784651822942304941042670718714E+01 -0.43489474470969167532727211445591E-19
0.18825787613780714133456795037629E+01 -0.43489475081469843263927873342899E-19
0.18866236265154861901600319547358E+01 -0.43489475681750962295627495156660E-19
0.18905996300692805279207472631704E+01 -0.43489476271835155963099039755858E-19
0.18945066269157013937843482815057E+01 -0.43489476851659072741188951099929E-19
0.18983444744497340435573786349668E+01 -0.43489477421240160302430802451896E-19
0.19021130325903071196845087080317E+01 -0.43489477980521474209878228060119E-19
0.19058121637854055844506138540795E+01 -0.43489478529501020908637112623527E-19
0.19094417330170912433798181148196E+01 -0.43489479068158540387413109751010E-19
0.19130016078064310328785171192617E+01 -0.43489479596477334220115991594673E-19
0.19164916582183324105462031520232E+01 -0.43489480114431332241985161935102E-19
0.19199117568662860347490239126484E+01 -0.43489480622002195860969197212279E-19
0.19232617789170152643145421943426E+01 -0.43489481119174356377002814099151E-19
0.19265416020950326326204101088065E+01 -0.43489481605933988443483331323439E-19
0.19297511066871029203552635573845E+01 -0.43489482082247514521276847087556E-19
0.19328901755466125799739373409424E+01 -0.43489482548109595286771748184440E-19
0.19359586940978456531817481486771E+01 -0.43489483003504677451052318348174E-19
0.19389565503401657461138520388705E+01 -0.43489483448416980741401718464220E-19
0.19418836348521040520184665490081E+01 -0.43489483882820711594052940451440E-19
0.19447398407953531947647155073450E+01 -0.43489484306705361606676124645327E-19
0.19475250639186668786546856248855E+01 -0.43489484720051003963224033250669E-19
0.19502392025616649736729915633731E+01 -0.43489485122855458888071201811885E-19
0.19528821576585441544054690921180E+01 -0.43489485515096174059003990955814E-19
0.19554538327416937897397302127688E+01 -0.43489485896751199658696883545665E-19
0.19579541339452170089746871513405E+01 -0.43489486267818516849011312425779E-19
0.19603829700083567751674952318609E+01 -0.43489486628277343720176786863488E-19
0.19627402522788268871471485839420E+01 -0.43489486978119505087860728147477E-19
0.19650258947160478183037782885383E+01 -0.43489487317326921216454147320329E-19
0.19672398138942871832662873607420E+01 -0.43489487645892784739307892327555E-19
0.19693819290057046894826515158266E+01 -0.43489487963801916764839013146474E-19
0.19714521618633017733819491597153E+01 -0.43489488271041234081608751136604E-19
0.19734504369037752385059688301925E+01 -0.43489488567602429334347325788318E-19
0.19753766811902754537910427961599E+01 -0.43489488853474460937920328507634E-19
0.19772308244150684545170033661436E+01 -0.43489489128644748107652464367002E-19
0.19790127989021022045169484291006E+01 -0.43489489393105409464611714276929E-19
0.19807225396094767680120604890247E+01 -0.43489489646845988173953520146828E-19
0.19823599841318183011201148402182E+01 -0.43489489889856442808733725570362E-19
0.19839250727025568926677162736626E+01 -0.43489490122129607151030337115905E-19
0.19854177481961079856185725200105E+01 -0.43489490343655396025391252824696E-19
0.19868379561299574883637037327252E+01 -0.43489490554426499685887091790414E-19
0.19881856446666503755408511301248E+01 -0.43489490754435477234414529623049E-19
0.19894607646156827423053757237805E+01 -0.43489490943674035404995461492729E-19
0.19906632694352972566274920097315E+01 -0.43489491122136249502657655459118E-19
0.19917931152341819397582208897383E+01 -0.43489491289814784609218683940509E-19
0.19928502607730721745244595535662E+01 -0.43489491446704416496149375891872E-19
0.19938346674662559517065712661259E+01 -0.43489491592799087202463416497185E-19
0.19947462993829822378606658797420E+01 -0.43489491728092928253164348048939E-19
0.19955851232487724434131081282940E+01 -0.43489491852581835499593873113409E-19
0.19963511084466349407271905283514E+01 -0.43489491966260115428949793582061E-19
0.19968212854025334589640217965592E+01 -0.43489492036038454255291874688260E-19
0.19972590695091477463806266254570E+01 -0.43489492101009867585859400521339E-19
0.19976644536646531762166728980142E+01 -0.43489492161172092921489364330587E-19
0.19980374312928238471726438406992E+01 -0.43489492216525790400106224750593E-19
0.19983779963431392744452613625466E+01 -0.43489492267069017482284739156080E-19
0.19987023619898293915914124262847E+01 -0.43489492315207755501045537226672E-19
0.19990267451782913547855240449037E+01 -0.43489492363348143473004453004798E-19
0.19993511459090943255801120993756E+01 -0.43489492411493396209411854043726E-19
0.19996755641828074779465683952938E+01 -0.43489492459640284467591630663294E-19
