0.16158485633271143195201574940677E+01 -0.67777580929397057311208809866486E+00
0.16185502115189287732199445484404E+01 -0.67355866237581517353482037580614E+00
0.16211308182728057602101251526013E+01 -0.66960900473681157506761108888121E+00
0.16235751576951947093714172842793E+01 -0.66593649283082850031514244762902E+00
0.16258677544902962725062701874061E+01 -0.66254969187740443477579529717669E+00
0.16279928153703627585436818584620E+01 -0.65945823896371996156224692303605E+00
0.16299459652642788940296007536405E+01 -0.65665603760766145484917353736452E+00
0.16317628044948995713998408185048E+01 -0.65408202444687111876510561074365E+00
0.16334743269475654112920854601342E+01 -0.65168516996146986211547859244934E+00
0.16351011011800084290493486697577E+01 -0.64943148411861665057322054150300E+00
0.16366576453381654333098083884782E+01 -0.64729689560387062367696145799949E+00
0.16351011011800084290493486697577E+01 -0.64943148411861665057322054150300E+00
0.16334743269475654112920854601342E+01 -0.65168516996146986211547859244934E+00
0.16317628044948995713998408185048E+01 -0.65408202444687111876510561074365E+00
0.16299459652642788940296007536405E+01 -0.65665603760766145484917353736452E+00
0.16279928153703627585436818584620E+01 -0.65945823896371996156224692303605E+00
0.16258677544902962725062701874061E+01 -0.66254969187740443477579529717669E+00
0.16235751576951947093714172842793E+01 -0.66593649283082850031514244762902E+00
0.16211308182728057602101251526013E+01 -0.66960900473681157506761108888121E+00
0.16185502115189287732199445484404E+01 -0.67355866237581517353482037580614E+00
0.16158485633271143195201574940677E+01 -0.67777580929397057311208809866486E+00
0.16086234274865680338184356582641E+01 -0.67734958438844974065633755492536E+00
0.16010577669639344661129710363460E+01 -0.67635933561171566762461948804684E+00
0.15930993141908417589054897176977E+01 -0.67503555663970307945727500020920E+00
0.15847281128724587807557269391493E+01 -0.67333027226831354754412207000875E+00
0.15759211042571410050813580856297E+01 -0.67124969862546461339986876601701E+00
0.15670769712743342699810240927925E+01 -0.66892011487855914499662100787522E+00
0.15585068760435311804887300323760E+01 -0.66647459789906173326341004916588E+00
0.15501088821669668858480792475442E+01 -0.66392823728626261383968803352979E+00
0.15418202871647457966070036922502E+01 -0.66129287747584365820749810729397E+00
0.15336000667160383276794088301793E+01 -0.65857619293061486846621933825819E+00
0.15267805379246504064125420198440E+01 -0.65625667705469047031766325496736E+00
0.15199758418009639449444134731516E+01 -0.65388906867390486937725294290938E+00
0.15131762537918620901981005147549E+01 -0.65147626045467449744430214120885E+00
0.15063740673216313505151789773353E+01 -0.64902060293110369192246058374350E+00
0.14995630600600965114096978698061E+01 -0.64652411070869972376215312273914E+00
0.14927381441389885964262707703236E+01 -0.64398853354953081935064409264925E+00
0.14858951154450577212837758915154E+01 -0.64141540545361211023267249695154E+00
0.14790304691655244385046661473517E+01 -0.63880608189026667406444863796424E+00
0.14721412613855401512062865092712E+01 -0.63616176896782290301164539317116E+00
0.14652250034940441660893967122556E+01 -0.63348354670825394613924079029089E+00
0.14582795804349950601315751854487E+01 -0.63077238786667956827615364908164E+00
0.14513031865919192117803411895988E+01 -0.62802917331468140947771403747382E+00
0.14442942749131885221049795955255E+01 -0.62525470473300816788460864015927E+00
0.14372515161169146518302972233478E+01 -0.62244971517130404408907490676450E+00
0.14301737656645933384859430555595E+01 -0.61961487789888059420104231130269E+00
0.14230600367901053037490658151295E+01 -0.61675081387334775137457977638282E+00
0.14159094782972418494336838640166E+01 -0.61385809808194862394180670786318E+00
0.14087213561478747713443462800261E+01 -0.61093726495637599841958364457249E+00
0.14014950380896238957727455198662E+01 -0.60798881302072165848791027135831E+00
0.13942299807402849299891377972924E+01 -0.60501320890058115530517260531120E+00
0.13869257186727726564903838679129E+01 -0.60201089079677001937958395229999E+00
0.13795818551403163178103000149365E+01 -0.59898227150785032028340527699971E+00
0.13721980541551815266070146486903E+01 -0.59592774107045083320232555932068E+00
0.13647740336910303308349805426992E+01 -0.59284766907424339865379105091711E+00
0.13573095598233255794517307406090E+01 -0.58974240669871856141457813364642E+00
0.13498044416569811670112149797081E+01 -0.58661228851105505913378816646674E+00
0.13422585269179810770729959804454E+01 -0.58345763405800172446391279746337E+00
0.13346716981076163915580379730825E+01 -0.58027874927947957642739545273871E+00
0.13270438691355666780840202736868E+01 -0.57707592776733128928633804264039E+00
0.13193749823622264004516187787836E+01 -0.57384945188910922080445837186215E+00
0.13116650059921779083381003020502E+01 -0.57059959379385869036783136904934E+00
0.13039139317700900423145502394984E+01 -0.56732661631440624090182710572184E+00
0.12961217729380088908361734737841E+01 -0.56403077377861500665328707869070E+00
0.12882885624193415207021656163789E+01 -0.56071231274034539597171468112648E+00
0.12804143512000710792118400031517E+01 -0.55737147263940412369296785667964E+00
0.12724992068821025984769854339601E+01 -0.55400848639853536403067403880187E+00
0.12645432123872705191169882202147E+01 -0.55062358096445592644299877942647E+00
0.12565464647935888043744911093207E+01 -0.54721697779904422750357396709830E+00
0.12485090742878870319923517838136E+01 -0.54378889332602715538491070366514E+00
0.12404311632211404691101430371890E+01 -0.54033953933785048787641654300478E+00
0.12323128652546367430075253182685E+01 -0.53686912336685280424965923930087E+00
0.12241543245866788676131540485240E+01 -0.53337784902437366143811738559680E+00
0.12159556952508564710235586027634E+01 -0.52986591631100240190776829482516E+00
0.12077171404780529965372624419870E+01 -0.52633352190080732131459309420720E+00
0.11994388321153321543491251970100E+01 -0.52278085940206216176098070754897E+00
0.11911209500956892949192185830648E+01 -0.51920811959671013614703826704717E+00
0.11827636819533747866340396830636E+01 -0.51561549066055843844193786260439E+00
0.11743672223801251192499053925379E+01 -0.51200315836598283951813340850717E+00
0.11659317728181820821014145894119E+01 -0.50837130626873410180678916022470E+00
0.11574575410864499936612750826166E+01 -0.50472011588026960803917617971477E+00
0.11489447410365562876507131583903E+01 -0.50104976682689009771573785115274E+00
0.11403935922359383661264263089053E+01 -0.49736043699682929929920806451270E+00
0.11318043196753959721974309181898E+01 -0.49365230267633077921207006323773E+00
0.11231771534988230562513321180611E+01 -0.48992553867564446284185363951151E+00
0.11145123287530783221322719893466E+01 -0.48618031844578403900742623658679E+00
0.11058100851561654374327292285800E+01 -0.48241681418680710292676110398947E+00
0.10970706668820847257181235176070E+01 -0.47863519694830602800039582223679E+00
0.10882943223608822882676109730791E+01 -0.47483563672273516204040491911886E+00
0.10794813040925747155235934275025E+01 -0.47101830253214169551697765684537E+00
0.10706318684737542300259002111049E+01 -0.46718336250881534840067827133995E+00
0.10617462756357992159326815912424E+01 -0.46333098397032719195177351559474E+00
0.10528247892937169073628348902827E+01 -0.45946133348938418092873312174599E+00
0.10438676766047386822137338583593E+01 -0.45557457695889183913901021868281E+00
0.10348752080358712835656220585042E+01 -0.45167087965257928746152431004201E+00
0.10258476572396800180018999265234E+01 -0.44775040628151497491352117392294E+00
0.10167853009376480840759606613934E+01 -0.44381332104681037180181186131223E+00
0.10076884188105142338989523109031E+01 -0.43985978768878563706404803522236E+00
0.99855729339504466934159913183206E+00 -0.43588996953284978706028012350966E+00
0.98939220998674572237726410826053E+00 -0.43190402953232285567746650560485E+00
0.98019345654806040475000061921411E+00 -0.42790213030841617848441242511605E+00
0.97096132362164144982873034527564E+00 -0.42388443418756237480755426350111E+00
0.96169610424831724434712068196554E+00 -0.41985110323627704184923796673201E+00
0.95239809388940858351735593053260E+00 -0.41580229929371722207390980430190E+00
0.94306759035307720328026275661901E+00 -0.41173818400208889415257039555084E+00
0.93370489372441531119671971146910E+00 -0.40765891883504643371705066564517E+00
0.92431030629900956238396492385190E+00 -0.40356466512421274482581106706579E+00
0.91488413251973300341900783321235E+00 -0.39945558408394211371817644367799E+00
0.90542667891653954201381658313396E+00 -0.39533183683443760089669306662447E+00
0.89593825404905315708064098768212E+00 -0.39119358442332604682905356695225E+00
0.88641916845175896100500455318347E+00 -0.38704098784578735125141128401290E+00
0.87686973458162046689259483366945E+00 -0.38287420806332708530051696850637E+00
0.86729026676795856967969593440962E+00 -0.37869340602127576528066216151603E+00
0.85768108116444240149337952439528E+00 -0.37449874266509116938286312197319E+00
0.84804249570305149498235439611801E+00 -0.37029037895553586373247403782055E+00
0.83837483004988042075447465419831E+00 -0.36606847588279672841811150871981E+00
0.82867840556266673503918255701908E+00 -0.36183319447960855560142369896535E+00
0.81895354524993042470498390501571E+00 -0.35758469583343944682321796815641E+00
0.80920057373162260773036547989652E+00 -0.35332314109779263370636614520874E+00
0.79941981720118801659273649455704E+00 -0.34904869150267474533721273806966E+00
0.78961160338895200030554498142192E+00 -0.34476150836427777213869226138694E+00
0.77977626152675020268728643021934E+00 -0.34046175309391901135499669312302E+00
0.76991412231372384861691883574304E+00 -0.33614958720627992812259878446997E+00
0.76002551788320936749371318937543E+00 -0.33182517232698285484609886595408E+00
0.75011078177065601642352416851725E+00 -0.32748867019954114213484275484759E+00
0.74017024888250897903465679932151E+00 -0.32314024269171727188955499382905E+00
0.73020425546600114006760125463417E+00 -0.31878005180132019950959746828516E+00
0.72021313907979870077849486157446E+00 -0.31440825966147136663741466190489E+00
0.71019723856545011212111834550644E+00 -0.31002502854536885238636225732510E+00
0.70015689401959342974371585463141E+00 -0.30563052087057357402948940978241E+00
0.69009244676687434278797074595926E+00 -0.30122489920284438591941692196104E+00
0.68000423933353800610549628095097E+00 -0.29680832625954405677290250532825E+00
0.66989261542165305773448518601665E+00 -0.29238096491263773213941086364558E+00
0.65975791988393275858245532448339E+00 -0.28794297819130576553523200079376E+00
0.64960049869912090005158487671297E+00 -0.28349452928418865706257443277884E+00
0.63942069894790821533279852751229E+00 -0.27903578154128338732725444497495E+00
0.62921886878935244425406325367063E+00 -0.27456689847550797470324188810591E+00
0.61899535743777249476627883284897E+00 -0.27008804376394982159764320636873E+00
0.60875051514009020278726464641891E+00 -0.26559938124881477450188796321100E+00
0.59848469315359817508052267491470E+00 -0.26110107493808930867797394548249E+00
0.58819824372412624441748430359319E+00 -0.25659328900593090380132534304630E+00
0.57789152006458929861397368776075E+00 -0.25207618779279918609311924262730E+00
0.56756487633389325747696042014085E+00 -0.24754993580533914999344341052054E+00
0.55721866761618093540213936731194E+00 -0.24301469771602926544861801063851E+00
0.54685324990040061110227110927902E+00 -0.23847063836260458501957517999596E+00
0.53646898006017909104242446874560E+00 -0.23391792274726515323974952160520E+00
0.52606621583398428091693386242085E+00 -0.22935671603567993136565836296086E+00
0.51564531580556193976732420117841E+00 -0.22478718355579484524518344735401E+00
0.50520663938463247411305492932418E+00 -0.22020949079645469105431279142419E+00
0.49475054678783444220406593683898E+00 -0.21562380340584593574770923131109E+00
0.48427739901990234541951019839284E+00 -0.21103028718976945511227136889208E+00
0.47378755785506684979105776151895E+00 -0.20642910810975045703615821366920E+00
0.46328138581866616770957951948957E+00 -0.20182043228099178802611895270184E+00
0.45275924616895802137239775510394E+00 -0.19720442597017894912015550595483E+00
0.44222150287912249279059698978483E+00 -0.19258125559314187471244217113679E+00
0.43166852061944638667257119047644E+00 -0.18795108771238017095719604472633E+00
0.42110066473967942149623683353775E+00 -0.18331408903445797925037985675003E+00
0.41051830125155541375182987791415E+00 -0.17867042640727310996563173082518E+00
0.39992179681146901911028038811747E+00 -0.17402026681720684935233743108952E+00
0.38931151870330161172413107109166E+00 -0.16936377738615788519014076425356E+00
0.37868783482138848326070890911372E+00 -0.16470112536846719732345860326750E+00
0.36805111365362117291815692794526E+00 -0.16003247814773661789242522522928E+00
0.35740172426467897907897937728023E+00 -0.15535800323354638284467310509487E+00
0.34674003627938208919185868156617E+00 -0.15067786825807551456514986926531E+00
0.33606641986616285276165535728024E+00 -0.14599224097262946085157380604095E+00
0.32538124572064830252324206425946E+00 -0.14130128924407748948736562200327E+00
0.31468488504934897046014566374182E+00 -0.13660518105120590505421116987203E+00
0.30397770955345108628588299558356E+00 -0.13190408448098708994636639677046E+00
0.29326009141270333939423274038638E+00 -0.12719816772477134566609408251022E+00
0.28253240326940057977037087178846E+00 -0.12248759907440165215224383800618E+00
0.27179501821245277655316610680893E+00 -0.11777254691825630165104349362450E+00
0.26104830976154168788519663835892E+00 -0.11305317973722167440995824765828E+00
0.25029265185135848258225234405019E+00 -0.10832966610059753927071866512515E+00
0.23952841881591887550932112468258E+00 -0.10360217466193795747825065564335E+00
0.22875598537295431255777072235454E+00 -0.98870874154830678844968507745138E-01
0.21797572660837363178300293254656E+00 -0.94135933388616382988449713582163E-01
0.20718801796079521048844793389616E+00 -0.89397521244051581575924585097851E-01
0.19639323520614418321159754583351E+00 -0.84655806668916109205554489903277E-01
0.18559175444231348198539283949820E+00 -0.79910958673567630067247033841085E-01
0.17478395207388667882452500079388E+00 -0.75163146326446342591194204754504E-01
0.16397020479691823628614594527085E+00 -0.70412538749530335628374349854836E-01
0.15315088958377239104606837524623E+00 -0.65659305113744171725185102476931E-01
0.14232638366801447941231419826355E+00 -0.60903614634322970509900591231415E-01
0.13149706452935627778207779897188E+00 -0.56145636566132934473681094031812E-01
0.12066330987865151345057305201132E+00 -0.51385540198950894421420159706013E-01
0.10982549764294053692805556721000E+00 -0.46623494852703440621473306940549E-01
0.98984005950542059767372084680176E-01 -0.41859669872668072322487719533842E-01
0.88139213116190744691502644093128E-01 -0.37094234624638162542558131156220E-01
0.77291497626219208579545996850969E-01 -0.32327358490051545680650961599681E-01
0.66441238123783294765229033080255E-01 -0.27559210861086490576104138787565E-01
0.55588813394127560068581331151177E-01 -0.22789961135724457963031651258633E-01
0.44734602349892861081014581585031E-01 -0.18019778712781779856680575671791E-01
0.33878984016462130373406399937699E-01 -0.13248832986911570190413431637475E-01
0.23022337517344313187230318760361E-01 -0.84772933435772697477107829437112E-02
0.12165042059595760876243168328657E-01 -0.37053291539983040247294685636686E-02
0.13074769192774206784964021426950E-02 0.10668902299307119805219026840232E-02
-0.95499785730525275040045823289285E-02 0.58391954807451352022780016309419E-02
-0.20406945046811682325674989864928E-01 0.10611417300540579687277683300177E-01
-0.31263043105833031326327792123734E-01 0.15383386426125848356392863235232E-01
-0.42117893342771382603540277771694E-01 0.20154933634197607715706298994293E-01
-0.52971116353477897816367558957116E-01 0.24925889746536887095548093152044E-01
-0.63822332751342843943663749450126E-01 0.29696085635225417585442994314629E-01
-0.74671163181607751388591384572720E-01 0.34465352227880855162678758383767E-01
-0.85517228335647134587540709525423E-01 0.39233520512910884262682741084254E-01
-0.96360148965219393741099251021520E-01 0.44000421544784787478323675774223E-01
-0.10719954589669025121808862031779E+00 0.48765886449321312782033720970865E-01
-0.11803504004522541386682693905995E+00 0.53529746428992636970419892202762E-01
-0.12886625242895547869110161190009E+00 0.58291832768243621757055983819603E-01
-0.13969280418311261981805056549646E+00 0.63051976838824577616046908432595E-01
-0.15051431657413930616824251890261E+00 0.67810010105138565765894675247725E-01
-0.16133041101376967721882688232422E+00 0.72565764129600709044833615557748E-01
-0.17214070907308322738294598179292E+00 0.77319070578010374392849280330325E-01
-0.18294483249653156035709565226964E+00 0.82069761224933747316508934851146E-01
-0.19374240321593915754034863540583E+00 0.86817667959098127584665271491941E-01
-0.20453304336447579515016457859819E+00 0.91562622788795892533484358821145E-01
-0.21531637529060446287782318612761E+00 0.96304457847298029858296212575589E-01
-0.22609202157200140729878347491955E+00 0.10104300539827617777351974406840E+00
-0.23685960502945079092026280082965E+00 0.10577809784123341641270944395210E+00
-0.24761874874071343161375604466377E+00 0.11050956771694255389694647479330E+00
-0.25836907605436837176175562213405E+00 0.11523724771289100923743607226422E+00
-0.26911021060363005747131767651482E+00 0.11996097066873291899759870237440E+00
-0.27984177632013818096656112912360E+00 0.12468056958174660598196762612454E+00
-0.29056339744772290986075072257915E+00 0.12939587761229750302305416183172E+00
-0.30127469855614306933885748463483E+00 0.13410672808930715456713115877890E+00
-0.31197530455479880838675497352171E+00 0.13881295451572386699052802044158E+00
-0.32266484070641924260070205086558E+00 0.14351439057400083371068813975459E+00
-0.33334293264072218898930760848389E+00 0.14821087013157403845844532740026E+00
-0.34400920636804987847616632645198E+00 0.15290222724634591038630744381554E+00
-0.35466328829297723114733771722356E+00 0.15758829617216976598159980769975E+00
-0.36530480522789442206033607272397E+00 0.16226891136433655472751848283794E+00
-0.37593338440656325838006725429320E+00 0.16694390748506352141409378854993E+00
-0.38654865349764651815269537229825E+00 0.17161311940898334871960764383754E+00
-0.39715024061821190498166888411196E+00 0.17627638222863411938079612921720E+00
-0.40773777434720798946656406183592E+00 0.18093353125994994506150957737821E+00
-0.41831088373891436993414171729989E+00 0.18558440204775036948128166254555E+00
-0.42886919833636428169837355196290E+00 0.19022883037123000973459789537949E+00
-0.43941234818474044911122664949340E+00 0.19486665224944659026387128190502E+00
-0.44993996384474341377220962612370E+00 0.19949770394680797573435447558720E+00
-0.46045167640593217510540518834875E+00 0.20412182197855693856739554544058E+00
-0.47094711750003779223890594174446E+00 0.20873884311625370494399110002296E+00
-0.48142591931424837821253422451826E+00 0.21334860439325640522081264783247E+00
-0.49188771460446646728842870264476E+00 0.21795094311019786996334905055286E+00
-0.50233213670853782910619678535688E+00 0.22254569684045940859159857268142E+00
-0.51275881955945191509110977692811E+00 0.22713270343564108904862690245085E+00
-0.52316739769851346261885352702855E+00 0.23171180103102726032314260348880E+00
-0.53355750628848492486796038992896E+00 0.23628282805104834137578857701917E+00
-0.54392878112670006457441674674254E+00 0.24084562321473750539910704569348E+00
-0.55428085865814768218407322372729E+00 0.24540002554118225955104307181038E+00
-0.56461337598852573820315821287177E+00 0.24994587435497073273914293623906E+00
-0.57492597089726540568842618066526E+00 0.25448300929163188249785483249600E+00
-0.58521828185052504229321772536746E+00 0.25901127030307011161392974952310E+00
-0.59548994801415316321464426364399E+00 0.26353049766299287437868317128827E+00
-0.60574060926662115347338520036747E+00 0.26804053197233161881538106878416E+00
-0.61596990621192458354860851792485E+00 0.27254121416465667381166821620454E+00
-0.62617748019245274411451708512710E+00 0.27703238551158280217720428619486E+00
-0.63636297330182757838821261920952E+00 0.28151388762816925511390376191575E+00
-0.64652602839770913915594520307931E+00 0.28598556247831025722596521128990E+00
-0.65666628911457021609611622087680E+00 0.29044725238011766890368939216644E+00
-0.66678339987643762696270212559874E+00 0.29489880001129580410284546263123E+00
-0.67687700590960045805545176193076E+00 0.29934004841450608828277643948351E+00
-0.68694675325528585575168108153234E+00 0.30377084100272384164614827669955E+00
-0.69699228878230035083681688801329E+00 0.30819102156458481332347514168099E+00
-0.70701326019963832714246281770865E+00 0.31260043426972179415751408508055E+00
-0.71700931606905589697034205217593E+00 0.31699892367409273666772615875996E+00
-0.72698010581760997303767177062055E+00 0.32138633472529637628089362293687E+00
-0.73692527975016355074277235447657E+00 0.32576251276787943047495315103496E+00
-0.74684448906185469173899660885385E+00 0.33012730354863165679922944899505E+00
-0.75673738585053103280558028201796E+00 0.33448055322187006986779860304745E+00
-0.76660362312914823171613405971673E+00 0.33882210835471240464879451389419E+00
-0.77644285483813211259237780594523E+00 0.34315181593233826210051752293209E+00
-0.78625473585770473023645980124224E+00 0.34746952336323884119418887394819E+00
-0.79603892202017350333563207379776E+00 0.35177507848445440674393025309772E+00
-0.80579507012218328905768254993594E+00 0.35606832956679938218970572676493E+00
-0.81552283793693109232593279772714E+00 0.36034912532007491257871291519240E+00
-0.82522188422634291989472870340427E+00 0.36461731489826838361912383984176E+00
-0.83489186875321271851598572136886E+00 0.36887274790474014300984020848382E+00
-0.84453245229330261880707656123427E+00 0.37311527439739656916114772080303E+00
-0.85414329664740450815402959382636E+00 0.37734474489384958587185119944937E+00
-0.86372406465336268391397143431181E+00 0.38156101037656256824304809552255E+00
-0.87327442019805656424665709221258E+00 0.38576392229798195804335789307656E+00
-0.88279402822934409457918960657692E+00 0.38995333258565441370423984177872E+00
-0.89228255476796473007144735921320E+00 0.39412909364733001540087766993197E+00
-0.90173966691940182607941856200573E+00 0.39829105837605004483330249324596E+00
-0.91116503288570439882395724633372E+00 0.40243908015522017260665801751966E+00
-0.92055832197726744524808617237368E+00 0.40657301286366806428914505607379E+00
-0.92991920462457107885120264746367E+00 0.41069271088068598191987204104493E+00
-0.93924735238987721555453860902059E+00 0.41479802909105753213396089882280E+00
-0.94854243797888449771833521239175E+00 0.41888882289006797801975483021088E+00
-0.95780413525234039322513296664917E+00 0.42296494818849942999535767108793E+00
-0.96703211923761037634619059337315E+00 0.42702626141760898321241173409923E+00
-0.97622606614020394153117739654839E+00 0.43107261953409011688104989745838E+00
-0.98538565335525661649506808673976E+00 0.43510388002501863671966828655147E+00
-0.99451055947896833808576350859629E+00 0.43911990091277922722491945687917E+00
-0.10036004643199975538527864680834E+01 0.44312054075997801582879917959100E+00
-0.10126550489108098940384199861527E+01 0.44710565867433436364162687072168E+00
-0.10216739955189830645195307815183E+01 0.45107511431355767450830280587624E+00
-0.10306569876584649474944891811901E+01 0.45502876789020520596550284692772E+00
-0.10396037101007869561848804028537E+01 0.45896648017652156907019636835846E+00
-0.10485138488862308515861256500694E+01 0.46288811250926105670133037343775E+00
-0.10573870913349493960436481525358E+01 0.46679352679449032367965109912635E+00
-0.10662231260580398765349903932054E+01 0.47068258551237362247170455927402E+00
-0.10750216429685707785366039279015E+01 0.47455515172193831994379175782490E+00
-0.10837823332925607141569769730841E+01 0.47841108906582164301858100619645E+00
-0.10925048895799099182720583252189E+01 0.48225026177499847597147719428317E+00
-0.11011890057152831544952127865237E+01 0.48607253467348923767709426194300E+00
-0.11098343769289444684554542920289E+01 0.48987777318304884569506008420711E+00
-0.11184406998075425328860243146664E+01 0.49366584332783482635628784173425E+00
-0.11270076723048476109185044929624E+01 0.49743661173905667478460086060968E+00
-0.11355349937524382870309140958350E+01 0.50118994565960408142255795684363E+00
-0.11440223648703385126991238118994E+01 0.50492571294865523044001020506092E+00
-0.11524694877776043829137842109081E+01 0.50864378208626430371611818429516E+00
-0.11608760660028607182565613137017E+01 0.51234402217792842539875402072694E+00
-0.11692418044947861183010165013864E+01 0.51602630295913376701203692513138E+00
-0.11775664096325472708671988999765E+01 0.51969049479988020225054518470227E+00
-0.11858495892361812446315993922558E+01 0.52333646870918486017629506899105E+00
-0.11940910525769265938462149445233E+01 0.52696409633956444010577395937401E+00
-0.12022905103875011488752931662469E+01 0.53057324999149529904138936712420E+00
-0.12104476748723281217077248025362E+01 0.53416380261785237940957794879802E+00
-0.12185622597177091514782858754556E+01 0.53773562782832564525349940558800E+00
-0.12266339801019433247778647381139E+01 0.54128859989381455206112562387784E+00
-0.12346625527053938841984814315550E+01 0.54482259375080015695259391515628E+00
-0.12426476957204999469781867228907E+01 0.54833748500569468522955123146921E+00
-0.12505891288617344076734009651873E+01 0.55183314993916829716226997282236E+00
-0.12584865733755075379950070799096E+01 0.55530946551045319058346630047257E+00
-0.12663397520500150846301123299584E+01 0.55876630936162458496220504264186E+00
-0.12741483892250316955532197383161E+01 0.56220355982185843693522077445289E+00
-0.12819122108016486251798889032984E+01 0.56562109591166576276176502692494E+00
-0.12896309442519554862910241630636E+01 0.56901879734710380092699540240381E+00
-0.12973043186286661363507645025988E+01 0.57239654454396303514095044532479E+00
-0.13049320645746872906727936218936E+01 0.57575421862193022888377109222229E+00
-0.13125139143326316453466686984383E+01 0.57909170140872838689979347360037E+00
-0.13200496017542726498535849545500E+01 0.58240887544423138951292647877655E+00
-0.13275388623099424296824773709165E+01 0.58570562398455488104645525192264E+00
-0.13349814330978718068267945005350E+01 0.58898183100612275729862136593072E+00
-0.13423770528534723387938315446401E+01 0.59223738120970869203133777603803E+00
-0.13497254619585601060803698381494E+01 0.59547216002445301935990905743632E+00
-0.13570264024505203451291171563653E+01 0.59868605361185468085266839742609E+00
-0.13642796180314137640635959789715E+01 0.60187894886973793367465236839259E+00
-0.13714848540770231251627343626828E+01 0.60505073343619407783617052340787E+00
-0.13786418576458401561303810725344E+01 0.60820129569349723273181736424206E+00
-0.13857503774879932249173870363188E+01 0.61133052477199527146342693418443E+00
-0.13928101640541139930008977146487E+01 0.61443831055397440700900318753975E+00
-0.13998209695041440646391963935630E+01 0.61752454367749822628075610987694E+00
-0.14067825477160810832317953736990E+01 0.62058911554022087535794209278938E+00
-0.14136946542946629900298392651463E+01 0.62363191830317355338168755864709E+00
-0.14205570465799917247200369119075E+01 0.62665284489452542080377987914895E+00
-0.14273694836560948356655115140720E+01 0.62965178901331748213099250468793E+00
-0.14341317263594253275561223504360E+01 0.63262864513317016393478586194269E+00
-0.14408435372872989881517206082468E+01 0.63558330850596421828552081385396E+00
-0.14475046808062697353500026573293E+01 0.63851567516549463117779343162617E+00
-0.14541149230604417133517209269276E+01 0.64142564193109775725366430622454E+00
-0.14606740319797186167614434114262E+01 0.64431310641125091589675763735354E+00
-0.14671817772879891729304791992609E+01 0.64717796700714517187462140440645E+00
-0.14736379305112498975869365926883E+01 0.65002012291623057367354642451304E+00
-0.14800422649856629934786616737644E+01 0.65283947413573368848089249553691E+00
-0.14863945558655507146400217488196E+01 0.65563592146614775657110427226481E+00
-0.14926945801313249472252552253429E+01 0.65840936651469470559953613883259E+00
-0.14989421165973522863893736191608E+01 0.66115971169875982989813663631262E+00
-0.15051369459197541437549744862159E+01 0.66388686024929755618517813738819E+00
-0.15112788506041413364708511947826E+01 0.66659071621420992340315907301816E+00
-0.15173676150132835315593442136905E+01 0.66927118446169611504587066904173E+00
-0.15234030253747126597829328890788E+01 0.67192817068357389461956995982466E+00
-0.15293848697882604331795582250308E+01 0.67456158139857260850239219617777E+00
-0.15353129382335299115163224046145E+01 0.67717132395559673203142715910750E+00
-0.15411870225772993972316293038565E+01 0.67975730653696193368644838382199E+00
-0.15470069165808613915975673513284E+01 0.68231943816160087136769879242865E+00
-0.15527724159072925171767103280911E+01 0.68485762868824093959386149919832E+00
-0.15584833181286577925070541072305E+01 0.68737178881855239734734960654415E+00
-0.15641394227331464445178822814740E+01 0.68986183010026720720335523868184E+00
-0.15697405311321402196785080041593E+01 0.69232766493026889741303894798962E+00
-0.15752864466672138181083682943481E+01 0.69476920655765230895437778436620E+00
-0.15807769746170668158198186343627E+01 0.69718636908675427450049139249203E+00
-0.15862119222043873628701601072741E+01 0.69957906748015437027185345499403E+00
-0.15915910986026470990237384028064E+01 0.70194721756164568944176559462531E+00
-0.15969143149428268880921725366162E+01 0.70429073601917588554484519132108E+00
-0.16021813843200737653853296245218E+01 0.70660954040775809091664081488703E+00
-0.16073921218002881372844582405158E+01 0.70890354915235171989392232958034E+00
-0.16125463444266416498701265838662E+01 0.71117268155071282882889571559480E+00
-0.16176438712260248916869886403987E+01 0.71341685777621431275753101003739E+00
-0.16226845232154252501156373894981E+01 0.71563599888063557711401367270604E+00
-0.16276681234082344997158383175599E+01 0.71783002679692156705710141738640E+00
-0.16325944968204856554144089259366E+01 0.71999886434191111674811997718886E+00
-0.16374634704770193489801373100661E+01 0.72214243521903464234601563277417E+00
-0.16422748734175791823442462079362E+01 0.72426066402098079978822344220916E+00
-0.16470285367028358454256375110106E+01 0.72635347623233224753452595830556E+00
-0.16517242934203400672053374614168E+01 0.72842079823217036565887516516321E+00
-0.16563619786904038900635279446534E+01 0.73046255729664873403363548550597E+00
-0.16609414296719102490320552785072E+01 0.73247868160153541686963004310300E+00
-0.16654624855680505979668962139068E+01 0.73446910022472379720368977492352E+00
-0.16699249876319903178243213351721E+01 0.73643374314871210888487221199727E+00
-0.16743287791724619675822167909988E+01 0.73837254126305126983716805377546E+00
-0.16786737055592857398817552286741E+01 0.74028542636676114635426346627293E+00
-0.16829596142288173519248672943671E+01 0.74217233117071529528986464684901E+00
-0.16871863546893232474102717041274E+01 0.74403318929999343663637513764833E+00
-0.16913537785262820214097644387696E+01 0.74586793529620258149569997454027E+00
-0.16954617394076135044298083679889E+01 0.74767650461976578655326304143756E+00
-0.16995100930888335338205479605109E+01 0.74945883365217897208835323709453E+00
-0.17034986974181355705762216764217E+01 0.75121485969823579007268217772093E+00
-0.17074274123413985725014225508044E+01 0.75294452098821991586438785974850E+00
-0.17112960999071204254041134217018E+01 0.75464775668006532511025997055530E+00
-0.17151046242712778081171216495274E+01 0.75632450686148404635284071297491E+00
-0.17188528517021112422707380665025E+01 0.75797471255206145025771763544637E+00
-0.17225406505848358551020823972674E+01 0.75959831570531922497373284847002E+00
-0.17261678914262778191517206328167E+01 0.76119525921074535699452123331564E+00
-0.17297344468594352448095670410476E+01 0.76276548689579178236810110722284E+00
-0.17332401916479649771495390880565E+01 0.76430894352783910682216187051718E+00
-0.17366850026905935843134957161253E+01 0.76582557481612844047731943352135E+00
-0.17400687590254534218749488870026E+01 0.76731532741366056544482338085277E+00
-0.17433913418343433138784452067281E+01 0.76877814891906192390936901550861E+00
-0.17466526344469134519544402370908E+01 0.77021398787841762924256477639122E+00
-0.17498525223447747964226400928372E+01 0.77162279378707143023734679874182E+00
-0.17529908931655325300562840237654E+01 0.77300451709139242194502564025705E+00
-0.17560676367067435360459151058336E+01 0.77435910919050864072531401187425E+00
-0.17590826449297977675109920313989E+01 0.77568652243800718994541371133087E+00
-0.17620358119637233773366617644806E+01 0.77698671014360121957104586397706E+00
-0.17649270341089154400878248430372E+01 0.77825962657476335526476943678096E+00
-0.17677562098407881462135821534814E+01 0.77950522695832560404995650501420E+00
-0.17705232398133503721523768182444E+01 0.78072346748204592654782139382453E+00
-0.17732280268627045119675075441836E+01 0.78191430529614099076902363601882E+00
-0.17758704760104683839249380556734E+01 0.78307769851478542894190496516767E+00
-0.17784504944671200975567402041751E+01 0.78421360621757737855072916490248E+00
-0.17809679916352659658028427180867E+01 0.78532198845097017494921730036821E+00
-0.17834228791128309688430346997305E+01 0.78640280622967036291601978480384E+00
-0.17858150706961720376594399650140E+01 0.78745602153800170434399187271399E+00
-0.17881444823831137933763211313646E+01 0.78848159733123549890237952727155E+00
-0.17904110323759068137237430426713E+01 0.78947949753688669665839704944291E+00
-0.17926146410841082097329339537779E+01 0.79044968705597618133061601491925E+00
-0.17947552311273843471005523886356E+01 0.79139213176425895459926628756268E+00
-0.17968327273382359429240384154374E+01 0.79230679851341824643722419714680E+00
-0.17988470567646449933908517038845E+01 0.79319365513222541843432113022819E+00
-0.18007981486726437670336778066975E+01 0.79405267042766586385104441064314E+00
-0.18026859345488057364467730951737E+01 0.79488381418603040214992517214265E+00
-0.18045103481026580350783468753337E+01 0.79568705717397276753257776711705E+00
-0.18062713252690161106712633970326E+01 0.79646237113953248556866947415104E+00
-0.18079688042102393439632747198527E+01 0.79720972881312364099880069617904E+00
-0.18096027253184088550090198068378E+01 0.79792910390848916467347778765606E+00
-0.18111730312174263626631189783777E+01 0.79862047112362071789391413425156E+00
-0.18126796667650345594610350220734E+01 0.79928380614164419743652001792355E+00
-0.18141225790547589058234054539926E+01 0.79991908563167075858119520689157E+00
-0.18155017174177705269558894244924E+01 0.80052628724961328301888098744381E+00
-0.18168170334246704912109075183305E+01 0.80110538963896841413376452409448E+00
-0.18180684808871950274522276452642E+01 0.80165637243156392090407557978446E+00
-0.18192560158598419534416742352192E+01 0.80217921624827158170066235001085E+00
-0.18203795966414181307639012318821E+01 0.80267390269968538634426287571278E+00
-0.18214391837765076986851885789614E+01 0.80314041438676528342959813126493E+00
-0.18224347400568617170581443400741E+01 0.80357873490144555761418467016434E+00
-0.18233662305227074676987405695468E+01 0.80398884882721081814006709213965E+00
-0.18242336224639816930151619579489E+01 0.80437074173963063531989129859718E+00
-0.18250368854214760902759411699772E+01 0.80472440020687854617204153815989E+00
-0.18257759911879275783555591817238E+01 0.80504981179016182273252709350333E+00
-0.18264509138089608060634641602492E+01 0.80534696504427199743213162033637E+00
-0.18268651931232710709520706406724E+01 0.80552936293976549103229846614897E+00
-0.18272509295495312027377977072121E+01 0.80569919406110521032516771208417E+00
-0.18276081170675194866297748234964E+01 0.80585645575350750995003065846228E+00
-0.18279367501025758383797709779038E+01 0.80600114555867965253945097255499E+00
-0.18282368235256921059816883054320E+01 0.80613326121485101759024918051298E+00
-0.18285226229794370582374439552288E+01 0.80625909237031784838611183701751E+00
-0.18288084373031704060121076827510E+01 0.80638493008308311053754820217118E+00
-0.18290942664973569308992389258661E+01 0.80651077435335229056121407252808E+00
-0.18293801105624644078955963283394E+01 0.80663662518132411616365924075953E+00
-0.18296659694989513300968825402528E+01 0.80676248256721840561544462826907E+00
-0.18293801105624644078955963283394E+01 0.80663662518132411616365924075953E+00
-0.18290942664973569308992389258661E+01 0.80651077435335229056121407252808E+00
-0.18288084373031704060121076827510E+01 0.80638493008308311053754820217118E+00
-0.18285226229794370582374439552288E+01 0.80625909237031784838611183701751E+00
-0.18282368235256921059816883054320E+01 0.80613326121485101759024918051298E+00
-0.18279367501025758383797709779038E+01 0.80600114555867965253945097255499E+00
-0.18276081170675194866297748234964E+01 0.80585645575350750995003065846228E+00
-0.18272509295495312027377977072121E+01 0.80569919406110521032516771208417E+00
-0.18268651931232710709520706406724E+01 0.80552936293976549103229846614897E+00
-0.18264509138089608060634641602492E+01 0.80534696504427199743213162033637E+00
-0.18257759911879275783555591817238E+01 0.80504981179016182273252709350333E+00
-0.18250368854214760902759411699772E+01 0.80472440020687854617204153815989E+00
-0.18242336224639816930151619579489E+01 0.80437074173963063531989129859718E+00
-0.18233662305227074676987405695468E+01 0.80398884882721081814006709213965E+00
-0.18224347400568617170581443400741E+01 0.80357873490144555761418467016434E+00
-0.18214391837765076986851885789614E+01 0.80314041438676528342959813126493E+00
-0.18203795966414181307639012318821E+01 0.80267390269968538634426287571278E+00
-0.18192560158598419534416742352192E+01 0.80217921624827158170066235001085E+00
-0.18180684808871950274522276452642E+01 0.80165637243156392090407557978446E+00
-0.18168170334246704912109075183305E+01 0.80110538963896841413376452409448E+00
-0.18155017174177705269558894244924E+01 0.80052628724961328301888098744381E+00
-0.18141225790547589058234054539926E+01 0.79991908563167075858119520689157E+00
-0.18126796667650345594610350220734E+01 0.79928380614164419743652001792355E+00
-0.18111730312174263626631189783777E+01 0.79862047112362071789391413425156E+00
-0.18096027253184088550090198068378E+01 0.79792910390848916467347778765606E+00
-0.18079688042102393439632747198527E+01 0.79720972881312364099880069617904E+00
-0.18062713252690161106712633970326E+01 0.79646237113953248556866947415104E+00
-0.18045103481026580350783468753337E+01 0.79568705717397276753257776711705E+00
-0.18026859345488057364467730951737E+01 0.79488381418603040214992517214265E+00
-0.18007981486726437670336778066975E+01 0.79405267042766586385104441064314E+00
-0.17988470567646449933908517038845E+01 0.79319365513222541843432113022819E+00
-0.17968327273382359429240384154374E+01 0.79230679851341824643722419714680E+00
-0.17947552311273843471005523886356E+01 0.79139213176425895459926628756268E+00
-0.17926146410841082097329339537779E+01 0.79044968705597618133061601491925E+00
-0.17904110323759068137237430426713E+01 0.78947949753688669665839704944291E+00
-0.17881444823831137933763211313646E+01 0.78848159733123549890237952727155E+00
-0.17858150706961720376594399650140E+01 0.78745602153800170434399187271399E+00
-0.17834228791128309688430346997305E+01 0.78640280622967036291601978480384E+00
-0.17809679916352659658028427180867E+01 0.78532198845097017494921730036821E+00
-0.17784504944671200975567402041751E+01 0.78421360621757737855072916490248E+00
-0.17758704760104683839249380556734E+01 0.78307769851478542894190496516767E+00
-0.17732280268627045119675075441836E+01 0.78191430529614099076902363601882E+00
-0.17705232398133503721523768182444E+01 0.78072346748204592654782139382453E+00
-0.17677562098407881462135821534814E+01 0.77950522695832560404995650501420E+00
-0.17649270341089154400878248430372E+01 0.77825962657476335526476943678096E+00
-0.17620358119637233773366617644806E+01 0.77698671014360121957104586397706E+00
-0.17590826449297977675109920313989E+01 0.77568652243800718994541371133087E+00
-0.17560676367067435360459151058336E+01 0.77435910919050864072531401187425E+00
-0.17529908931655325300562840237654E+01 0.77300451709139242194502564025705E+00
-0.17498525223447747964226400928372E+01 0.77162279378707143023734679874182E+00
-0.17466526344469134519544402370908E+01 0.77021398787841762924256477639122E+00
-0.17433913418343433138784452067281E+01 0.76877814891906192390936901550861E+00
-0.17400687590254534218749488870026E+01 0.76731532741366056544482338085277E+00
-0.17366850026905935843134957161253E+01 0.76582557481612844047731943352135E+00
-0.17332401916479649771495390880565E+01 0.76430894352783910682216187051718E+00
-0.17297344468594352448095670410476E+01 0.76276548689579178236810110722284E+00
-0.17261678914262778191517206328167E+01 0.76119525921074535699452123331564E+00
-0.17225406505848358551020823972674E+01 0.75959831570531922497373284847002E+00
-0.17188528517021112422707380665025E+01 0.75797471255206145025771763544637E+00
-0.17151046242712778081171216495274E+01 0.75632450686148404635284071297491E+00
-0.17112960999071204254041134217018E+01 0.75464775668006532511025997055530E+00
-0.17074274123413985725014225508044E+01 0.75294452098821991586438785974850E+00
-0.17034986974181355705762216764217E+01 0.75121485969823579007268217772093E+00
-0.16995100930888335338205479605109E+01 0.74945883365217897208835323709453E+00
-0.16954617394076135044298083679889E+01 0.74767650461976578655326304143756E+00
-0.16913537785262820214097644387696E+01 0.74586793529620258149569997454027E+00
-0.16871863546893232474102717041274E+01 0.74403318929999343663637513764833E+00
-0.16829596142288173519248672943671E+01 0.74217233117071529528986464684901E+00
-0.16786737055592857398817552286741E+01 0.74028542636676114635426346627293E+00
-0.16743287791724619675822167909988E+01 0.73837254126305126983716805377546E+00
-0.16699249876319903178243213351721E+01 0.73643374314871210888487221199727E+00
-0.16654624855680505979668962139068E+01 0.73446910022472379720368977492352E+00
-0.16609414296719102490320552785072E+01 0.73247868160153541686963004310300E+00
-0.16563619786904038900635279446534E+01 0.73046255729664873403363548550597E+00
-0.16517242934203400672053374614168E+01 0.72842079823217036565887516516321E+00
-0.16470285367028358454256375110106E+01 0.72635347623233224753452595830556E+00
-0.16422748734175791823442462079362E+01 0.72426066402098079978822344220916E+00
-0.16374634704770193489801373100661E+01 0.72214243521903464234601563277417E+00
-0.16325944968204856554144089259366E+01 0.71999886434191111674811997718886E+00
-0.16276681234082344997158383175599E+01 0.71783002679692156705710141738640E+00
-0.16226845232154252501156373894981E+01 0.71563599888063557711401367270604E+00
-0.16176438712260248916869886403987E+01 0.71341685777621431275753101003739E+00
-0.16125463444266416498701265838662E+01 0.71117268155071282882889571559480E+00
-0.16073921218002881372844582405158E+01 0.70890354915235171989392232958034E+00
-0.16021813843200737653853296245218E+01 0.70660954040775809091664081488703E+00
-0.15969143149428268880921725366162E+01 0.70429073601917588554484519132108E+00
-0.15915910986026470990237384028064E+01 0.70194721756164568944176559462531E+00
-0.15862119222043873628701601072741E+01 0.69957906748015437027185345499403E+00
-0.15807769746170668158198186343627E+01 0.69718636908675427450049139249203E+00
-0.15752864466672138181083682943481E+01 0.69476920655765230895437778436620E+00
-0.15697405311321402196785080041593E+01 0.69232766493026889741303894798962E+00
-0.15641394227331464445178822814740E+01 0.68986183010026720720335523868184E+00
-0.15584833181286577925070541072305E+01 0.68737178881855239734734960654415E+00
-0.15527724159072925171767103280911E+01 0.68485762868824093959386149919832E+00
-0.15470069165808613915975673513284E+01 0.68231943816160087136769879242865E+00
-0.15411870225772993972316293038565E+01 0.67975730653696193368644838382199E+00
-0.15353129382335299115163224046145E+01 0.67717132395559673203142715910750E+00
-0.15293848697882604331795582250308E+01 0.67456158139857260850239219617777E+00
-0.15234030253747126597829328890788E+01 0.67192817068357389461956995982466E+00
-0.15173676150132835315593442136905E+01 0.66927118446169611504587066904173E+00
-0.15112788506041413364708511947826E+01 0.66659071621420992340315907301816E+00
-0.15051369459197541437549744862159E+01 0.66388686024929755618517813738819E+00
-0.14989421165973522863893736191608E+01 0.66115971169875982989813663631262E+00
-0.14926945801313249472252552253429E+01 0.65840936651469470559953613883259E+00
-0.14863945558655507146400217488196E+01 0.65563592146614775657110427226481E+00
-0.14800422649856629934786616737644E+01 0.65283947413573368848089249553691E+00
-0.14736379305112498975869365926883E+01 0.65002012291623057367354642451304E+00
-0.14671817772879891729304791992609E+01 0.64717796700714517187462140440645E+00
-0.14606740319797186167614434114262E+01 0.64431310641125091589675763735354E+00
-0.14541149230604417133517209269276E+01 0.64142564193109775725366430622454E+00
-0.14475046808062697353500026573293E+01 0.63851567516549463117779343162617E+00
-0.14408435372872989881517206082468E+01 0.63558330850596421828552081385396E+00
-0.14341317263594253275561223504360E+01 0.63262864513317016393478586194269E+00
-0.14273694836560948356655115140720E+01 0.62965178901331748213099250468793E+00
-0.14205570465799917247200369119075E+01 0.62665284489452542080377987914895E+00
-0.14136946542946629900298392651463E+01 0.62363191830317355338168755864709E+00
-0.14067825477160810832317953736990E+01 0.62058911554022087535794209278938E+00
-0.13998209695041440646391963935630E+01 0.61752454367749822628075610987694E+00
-0.13928101640541139930008977146487E+01 0.61443831055397440700900318753975E+00
-0.13857503774879932249173870363188E+01 0.61133052477199527146342693418443E+00
-0.13786418576458401561303810725344E+01 0.60820129569349723273181736424206E+00
-0.13714848540770231251627343626828E+01 0.60505073343619407783617052340787E+00
-0.13642796180314137640635959789715E+01 0.60187894886973793367465236839259E+00
-0.13570264024505203451291171563653E+01 0.59868605361185468085266839742609E+00
-0.13497254619585601060803698381494E+01 0.59547216002445301935990905743632E+00
-0.13423770528534723387938315446401E+01 0.59223738120970869203133777603803E+00
-0.13349814330978718068267945005350E+01 0.58898183100612275729862136593072E+00
-0.13275388623099424296824773709165E+01 0.58570562398455488104645525192264E+00
-0.13200496017542726498535849545500E+01 0.58240887544423138951292647877655E+00
-0.13125139143326316453466686984383E+01 0.57909170140872838689979347360037E+00
-0.13049320645746872906727936218936E+01 0.57575421862193022888377109222229E+00
-0.12973043186286661363507645025988E+01 0.57239654454396303514095044532479E+00
-0.12896309442519554862910241630636E+01 0.56901879734710380092699540240381E+00
-0.12819122108016486251798889032984E+01 0.56562109591166576276176502692494E+00
-0.12741483892250316955532197383161E+01 0.56220355982185843693522077445289E+00
-0.12663397520500150846301123299584E+01 0.55876630936162458496220504264186E+00
-0.12584865733755075379950070799096E+01 0.55530946551045319058346630047257E+00
-0.12505891288617344076734009651873E+01 0.55183314993916829716226997282236E+00
-0.12426476957204999469781867228907E+01 0.54833748500569468522955123146921E+00
-0.12346625527053938841984814315550E+01 0.54482259375080015695259391515628E+00
-0.12266339801019433247778647381139E+01 0.54128859989381455206112562387784E+00
-0.12185622597177091514782858754556E+01 0.53773562782832564525349940558800E+00
-0.12104476748723281217077248025362E+01 0.53416380261785237940957794879802E+00
-0.12022905103875011488752931662469E+01 0.53057324999149529904138936712420E+00
-0.11940910525769265938462149445233E+01 0.52696409633956444010577395937401E+00
-0.11858495892361812446315993922558E+01 0.52333646870918486017629506899105E+00
-0.11775664096325472708671988999765E+01 0.51969049479988020225054518470227E+00
-0.11692418044947861183010165013864E+01 0.51602630295913376701203692513138E+00
-0.11608760660028607182565613137017E+01 0.51234402217792842539875402072694E+00
-0.11524694877776043829137842109081E+01 0.50864378208626430371611818429516E+00
-0.11440223648703385126991238118994E+01 0.50492571294865523044001020506092E+00
-0.11355349937524382870309140958350E+01 0.50118994565960408142255795684363E+00
-0.11270076723048476109185044929624E+01 0.49743661173905667478460086060968E+00
-0.11184406998075425328860243146664E+01 0.49366584332783482635628784173425E+00
-0.11098343769289444684554542920289E+01 0.48987777318304884569506008420711E+00
-0.11011890057152831544952127865237E+01 0.48607253467348923767709426194300E+00
-0.10925048895799099182720583252189E+01 0.48225026177499847597147719428317E+00
-0.10837823332925607141569769730841E+01 0.47841108906582164301858100619645E+00
-0.10750216429685707785366039279015E+01 0.47455515172193831994379175782490E+00
-0.10662231260580398765349903932054E+01 0.47068258551237362247170455927402E+00
-0.10573870913349493960436481525358E+01 0.46679352679449032367965109912635E+00
-0.10485138488862308515861256500694E+01 0.46288811250926105670133037343775E+00
-0.10396037101007869561848804028537E+01 0.45896648017652156907019636835846E+00
-0.10306569876584649474944891811901E+01 0.45502876789020520596550284692772E+00
-0.10216739955189830645195307815183E+01 0.45107511431355767450830280587624E+00
-0.10126550489108098940384199861527E+01 0.44710565867433436364162687072168E+00
-0.10036004643199975538527864680834E+01 0.44312054075997801582879917959100E+00
-0.99451055947896833808576350859629E+00 0.43911990091277922722491945687917E+00
-0.98538565335525661649506808673976E+00 0.43510388002501863671966828655147E+00
-0.97622606614020394153117739654839E+00 0.43107261953409011688104989745838E+00
-0.96703211923761037634619059337315E+00 0.42702626141760898321241173409923E+00
-0.95780413525234039322513296664917E+00 0.42296494818849942999535767108793E+00
-0.94854243797888449771833521239175E+00 0.41888882289006797801975483021088E+00
-0.93924735238987721555453860902059E+00 0.41479802909105753213396089882280E+00
-0.92991920462457107885120264746367E+00 0.41069271088068598191987204104493E+00
-0.92055832197726744524808617237368E+00 0.40657301286366806428914505607379E+00
-0.91116503288570439882395724633372E+00 0.40243908015522017260665801751966E+00
-0.90173966691940182607941856200573E+00 0.39829105837605004483330249324596E+00
-0.89228255476796473007144735921320E+00 0.39412909364733001540087766993197E+00
-0.88279402822934409457918960657692E+00 0.38995333258565441370423984177872E+00
-0.87327442019805656424665709221258E+00 0.38576392229798195804335789307656E+00
-0.86372406465336268391397143431181E+00 0.38156101037656256824304809552255E+00
-0.85414329664740450815402959382636E+00 0.37734474489384958587185119944937E+00
-0.84453245229330261880707656123427E+00 0.37311527439739656916114772080303E+00
-0.83489186875321271851598572136886E+00 0.36887274790474014300984020848382E+00
-0.82522188422634291989472870340427E+00 0.36461731489826838361912383984176E+00
-0.81552283793693109232593279772714E+00 0.36034912532007491257871291519240E+00
-0.80579507012218328905768254993594E+00 0.35606832956679938218970572676493E+00
-0.79603892202017350333563207379776E+00 0.35177507848445440674393025309772E+00
-0.78625473585770473023645980124224E+00 0.34746952336323884119418887394819E+00
-0.77644285483813211259237780594523E+00 0.34315181593233826210051752293209E+00
-0.76660362312914823171613405971673E+00 0.33882210835471240464879451389419E+00
-0.75673738585053103280558028201796E+00 0.33448055322187006986779860304745E+00
-0.74684448906185469173899660885385E+00 0.33012730354863165679922944899505E+00
-0.73692527975016355074277235447657E+00 0.32576251276787943047495315103496E+00
-0.72698010581760997303767177062055E+00 0.32138633472529637628089362293687E+00
-0.71700931606905589697034205217593E+00 0.31699892367409273666772615875996E+00
-0.70701326019963832714246281770865E+00 0.31260043426972179415751408508055E+00
-0.69699228878230035083681688801329E+00 0.30819102156458481332347514168099E+00
-0.68694675325528585575168108153234E+00 0.30377084100272384164614827669955E+00
-0.67687700590960045805545176193076E+00 0.29934004841450608828277643948351E+00
-0.66678339987643762696270212559874E+00 0.29489880001129580410284546263123E+00
-0.65666628911457021609611622087680E+00 0.29044725238011766890368939216644E+00
-0.64652602839770913915594520307931E+00 0.28598556247831025722596521128990E+00
-0.63636297330182757838821261920952E+00 0.28151388762816925511390376191575E+00
-0.62617748019245274411451708512710E+00 0.27703238551158280217720428619486E+00
-0.61596990621192458354860851792485E+00 0.27254121416465667381166821620454E+00
-0.60574060926662115347338520036747E+00 0.26804053197233161881538106878416E+00
-0.59548994801415316321464426364399E+00 0.26353049766299287437868317128827E+00
-0.58521828185052504229321772536746E+00 0.25901127030307011161392974952310E+00
-0.57492597089726540568842618066526E+00 0.25448300929163188249785483249600E+00
-0.56461337598852573820315821287177E+00 0.24994587435497073273914293623906E+00
-0.55428085865814768218407322372729E+00 0.24540002554118225955104307181038E+00
-0.54392878112670006457441674674254E+00 0.24084562321473750539910704569348E+00
-0.53355750628848492486796038992896E+00 0.23628282805104834137578857701917E+00
-0.52316739769851346261885352702855E+00 0.23171180103102726032314260348880E+00
-0.51275881955945191509110977692811E+00 0.22713270343564108904862690245085E+00
-0.50233213670853782910619678535688E+00 0.22254569684045940859159857268142E+00
-0.49188771460446646728842870264476E+00 0.21795094311019786996334905055286E+00
-0.48142591931424837821253422451826E+00 0.21334860439325640522081264783247E+00
-0.47094711750003779223890594174446E+00 0.20873884311625370494399110002296E+00
-0.46045167640593217510540518834875E+00 0.20412182197855693856739554544058E+00
-0.44993996384474341377220962612370E+00 0.19949770394680797573435447558720E+00
-0.43941234818474044911122664949340E+00 0.19486665224944659026387128190502E+00
-0.42886919833636428169837355196290E+00 0.19022883037123000973459789537949E+00
-0.41831088373891436993414171729989E+00 0.18558440204775036948128166254555E+00
-0.40773777434720798946656406183592E+00 0.18093353125994994506150957737821E+00
-0.39715024061821190498166888411196E+00 0.17627638222863411938079612921720E+00
-0.38654865349764651815269537229825E+00 0.17161311940898334871960764383754E+00
-0.37593338440656325838006725429320E+00 0.16694390748506352141409378854993E+00
-0.36530480522789442206033607272397E+00 0.16226891136433655472751848283794E+00
-0.35466328829297723114733771722356E+00 0.15758829617216976598159980769975E+00
-0.34400920636804987847616632645198E+00 0.15290222724634591038630744381554E+00
-0.33334293264072218898930760848389E+00 0.14821087013157403845844532740026E+00
-0.32266484070641924260070205086558E+00 0.14351439057400083371068813975459E+00
-0.31197530455479880838675497352171E+00 0.13881295451572386699052802044158E+00
-0.30127469855614306933885748463483E+00 0.13410672808930715456713115877890E+00
-0.29056339744772290986075072257915E+00 0.12939587761229750302305416183172E+00
-0.27984177632013818096656112912360E+00 0.12468056958174660598196762612454E+00
-0.26911021060363005747131767651482E+00 0.11996097066873291899759870237440E+00
-0.25836907605436837176175562213405E+00 0.11523724771289100923743607226422E+00
-0.24761874874071343161375604466377E+00 0.11050956771694255389694647479330E+00
-0.23685960502945079092026280082965E+00 0.10577809784123341641270944395210E+00
-0.22609202157200140729878347491955E+00 0.10104300539827617777351974406840E+00
-0.21531637529060446287782318612761E+00 0.96304457847298029858296212575589E-01
-0.20453304336447579515016457859819E+00 0.91562622788795892533484358821145E-01
-0.19374240321593915754034863540583E+00 0.86817667959098127584665271491941E-01
-0.18294483249653156035709565226964E+00 0.82069761224933747316508934851146E-01
-0.17214070907308322738294598179292E+00 0.77319070578010374392849280330325E-01
-0.16133041101376967721882688232422E+00 0.72565764129600709044833615557748E-01
-0.15051431657413930616824251890261E+00 0.67810010105138565765894675247725E-01
-0.13969280418311261981805056549646E+00 0.63051976838824577616046908432595E-01
-0.12886625242895547869110161190009E+00 0.58291832768243621757055983819603E-01
-0.11803504004522541386682693905995E+00 0.53529746428992636970419892202762E-01
-0.10719954589669025121808862031779E+00 0.48765886449321312782033720970865E-01
-0.96360148965219393741099251021520E-01 0.44000421544784787478323675774223E-01
-0.85517228335647134587540709525423E-01 0.39233520512910884262682741084254E-01
-0.74671163181607751388591384572720E-01 0.34465352227880855162678758383767E-01
-0.63822332751342843943663749450126E-01 0.29696085635225417585442994314629E-01
-0.52971116353477897816367558957116E-01 0.24925889746536887095548093152044E-01
-0.42117893342771382603540277771694E-01 0.20154933634197607715706298994293E-01
-0.31263043105833031326327792123734E-01 0.15383386426125848356392863235232E-01
-0.20406945046811682325674989864928E-01 0.10611417300540579687277683300177E-01
-0.95499785730525275040045823289285E-02 0.58391954807451352022780016309419E-02
0.13074769192774206784964021426950E-02 0.10668902299307119805219026840232E-02
0.12165042059595760876243168328657E-01 -0.37053291539983040247294685636686E-02
0.23022337517344313187230318760361E-01 -0.84772933435772697477107829437112E-02
0.33878984016462130373406399937699E-01 -0.13248832986911570190413431637475E-01
0.44734602349892861081014581585031E-01 -0.18019778712781779856680575671791E-01
0.55588813394127560068581331151177E-01 -0.22789961135724457963031651258633E-01
0.66441238123783294765229033080255E-01 -0.27559210861086490576104138787565E-01
0.77291497626219208579545996850969E-01 -0.32327358490051545680650961599681E-01
0.88139213116190744691502644093128E-01 -0.37094234624638162542558131156220E-01
0.98984005950542059767372084680176E-01 -0.41859669872668072322487719533842E-01
0.10982549764294053692805556721000E+00 -0.46623494852703440621473306940549E-01
0.12066330987865151345057305201132E+00 -0.51385540198950894421420159706013E-01
0.13149706452935627778207779897188E+00 -0.56145636566132934473681094031812E-01
0.14232638366801447941231419826355E+00 -0.60903614634322970509900591231415E-01
0.15315088958377239104606837524623E+00 -0.65659305113744171725185102476931E-01
0.16397020479691823628614594527085E+00 -0.70412538749530335628374349854836E-01
0.17478395207388667882452500079388E+00 -0.75163146326446342591194204754504E-01
0.18559175444231348198539283949820E+00 -0.79910958673567630067247033841085E-01
0.19639323520614418321159754583351E+00 -0.84655806668916109205554489903277E-01
0.20718801796079521048844793389616E+00 -0.89397521244051581575924585097851E-01
0.21797572660837363178300293254656E+00 -0.94135933388616382988449713582163E-01
0.22875598537295431255777072235454E+00 -0.98870874154830678844968507745138E-01
0.23952841881591887550932112468258E+00 -0.10360217466193795747825065564335E+00
0.25029265185135848258225234405019E+00 -0.10832966610059753927071866512515E+00
0.26104830976154168788519663835892E+00 -0.11305317973722167440995824765828E+00
0.27179501821245277655316610680893E+00 -0.11777254691825630165104349362450E+00
0.28253240326940057977037087178846E+00 -0.12248759907440165215224383800618E+00
0.29326009141270333939423274038638E+00 -0.12719816772477134566609408251022E+00
0.30397770955345108628588299558356E+00 -0.13190408448098708994636639677046E+00
0.31468488504934897046014566374182E+00 -0.13660518105120590505421116987203E+00
0.32538124572064830252324206425946E+00 -0.14130128924407748948736562200327E+00
0.33606641986616285276165535728024E+00 -0.14599224097262946085157380604095E+00
0.34674003627938208919185868156617E+00 -0.15067786825807551456514986926531E+00
0.35740172426467897907897937728023E+00 -0.15535800323354638284467310509487E+00
0.36805111365362117291815692794526E+00 -0.16003247814773661789242522522928E+00
0.37868783482138848326070890911372E+00 -0.16470112536846719732345860326750E+00
0.38931151870330161172413107109166E+00 -0.16936377738615788519014076425356E+00
0.39992179681146901911028038811747E+00 -0.17402026681720684935233743108952E+00
0.41051830125155541375182987791415E+00 -0.17867042640727310996563173082518E+00
0.42110066473967942149623683353775E+00 -0.18331408903445797925037985675003E+00
0.43166852061944638667257119047644E+00 -0.18795108771238017095719604472633E+00
0.44222150287912249279059698978483E+00 -0.19258125559314187471244217113679E+00
0.45275924616895802137239775510394E+00 -0.19720442597017894912015550595483E+00
0.46328138581866616770957951948957E+00 -0.20182043228099178802611895270184E+00
0.47378755785506684979105776151895E+00 -0.20642910810975045703615821366920E+00
0.48427739901990234541951019839284E+00 -0.21103028718976945511227136889208E+00
0.49475054678783444220406593683898E+00 -0.21562380340584593574770923131109E+00
0.50520663938463247411305492932418E+00 -0.22020949079645469105431279142419E+00
0.51564531580556193976732420117841E+00 -0.22478718355579484524518344735401E+00
0.52606621583398428091693386242085E+00 -0.22935671603567993136565836296086E+00
0.53646898006017909104242446874560E+00 -0.23391792274726515323974952160520E+00
0.54685324990040061110227110927902E+00 -0.23847063836260458501957517999596E+00
0.55721866761618093540213936731194E+00 -0.24301469771602926544861801063851E+00
0.56756487633389325747696042014085E+00 -0.24754993580533914999344341052054E+00
0.57789152006458929861397368776075E+00 -0.25207618779279918609311924262730E+00
0.58819824372412624441748430359319E+00 -0.25659328900593090380132534304630E+00
0.59848469315359817508052267491470E+00 -0.26110107493808930867797394548249E+00
0.60875051514009020278726464641891E+00 -0.26559938124881477450188796321100E+00
0.61899535743777249476627883284897E+00 -0.27008804376394982159764320636873E+00
0.62921886878935244425406325367063E+00 -0.27456689847550797470324188810591E+00
0.63942069894790821533279852751229E+00 -0.27903578154128338732725444497495E+00
0.64960049869912090005158487671297E+00 -0.28349452928418865706257443277884E+00
0.65975791988393275858245532448339E+00 -0.28794297819130576553523200079376E+00
0.66989261542165305773448518601665E+00 -0.29238096491263773213941086364558E+00
0.68000423933353800610549628095097E+00 -0.29680832625954405677290250532825E+00
0.69009244676687434278797074595926E+00 -0.30122489920284438591941692196104E+00
0.70015689401959342974371585463141E+00 -0.30563052087057357402948940978241E+00
0.71019723856545011212111834550644E+00 -0.31002502854536885238636225732510E+00
0.72021313907979870077849486157446E+00 -0.31440825966147136663741466190489E+00
0.73020425546600114006760125463417E+00 -0.31878005180132019950959746828516E+00
0.74017024888250897903465679932151E+00 -0.32314024269171727188955499382905E+00
0.75011078177065601642352416851725E+00 -0.32748867019954114213484275484759E+00
0.76002551788320936749371318937543E+00 -0.33182517232698285484609886595408E+00
0.76991412231372384861691883574304E+00 -0.33614958720627992812259878446997E+00
0.77977626152675020268728643021934E+00 -0.34046175309391901135499669312302E+00
0.78961160338895200030554498142192E+00 -0.34476150836427777213869226138694E+00
0.79941981720118801659273649455704E+00 -0.34904869150267474533721273806966E+00
0.80920057373162260773036547989652E+00 -0.35332314109779263370636614520874E+00
0.81895354524993042470498390501571E+00 -0.35758469583343944682321796815641E+00
0.82867840556266673503918255701908E+00 -0.36183319447960855560142369896535E+00
0.83837483004988042075447465419831E+00 -0.36606847588279672841811150871981E+00
0.84804249570305149498235439611801E+00 -0.37029037895553586373247403782055E+00
0.85768108116444240149337952439528E+00 -0.37449874266509116938286312197319E+00
0.86729026676795856967969593440962E+00 -0.37869340602127576528066216151603E+00
0.87686973458162046689259483366945E+00 -0.38287420806332708530051696850637E+00
0.88641916845175896100500455318347E+00 -0.38704098784578735125141128401290E+00
0.89593825404905315708064098768212E+00 -0.39119358442332604682905356695225E+00
0.90542667891653954201381658313396E+00 -0.39533183683443760089669306662447E+00
0.91488413251973300341900783321235E+00 -0.39945558408394211371817644367799E+00
0.92431030629900956238396492385190E+00 -0.40356466512421274482581106706579E+00
0.93370489372441531119671971146910E+00 -0.40765891883504643371705066564517E+00
0.94306759035307720328026275661901E+00 -0.41173818400208889415257039555084E+00
0.95239809388940858351735593053260E+00 -0.41580229929371722207390980430190E+00
0.96169610424831724434712068196554E+00 -0.41985110323627704184923796673201E+00
0.97096132362164144982873034527564E+00 -0.42388443418756237480755426350111E+00
0.98019345654806040475000061921411E+00 -0.42790213030841617848441242511605E+00
0.98939220998674572237726410826053E+00 -0.43190402953232285567746650560485E+00
0.99855729339504466934159913183206E+00 -0.43588996953284978706028012350966E+00
0.10076884188105142338989523109031E+01 -0.43985978768878563706404803522236E+00
0.10167853009376480840759606613934E+01 -0.44381332104681037180181186131223E+00
0.10258476572396800180018999265234E+01 -0.44775040628151497491352117392294E+00
0.10348752080358712835656220585042E+01 -0.45167087965257928746152431004201E+00
0.10438676766047386822137338583593E+01 -0.45557457695889183913901021868281E+00
0.10528247892937169073628348902827E+01 -0.45946133348938418092873312174599E+00
0.10617462756357992159326815912424E+01 -0.46333098397032719195177351559474E+00
0.10706318684737542300259002111049E+01 -0.46718336250881534840067827133995E+00
0.10794813040925747155235934275025E+01 -0.47101830253214169551697765684537E+00
0.10882943223608822882676109730791E+01 -0.47483563672273516204040491911886E+00
0.10970706668820847257181235176070E+01 -0.47863519694830602800039582223679E+00
0.11058100851561654374327292285800E+01 -0.48241681418680710292676110398947E+00
0.11145123287530783221322719893466E+01 -0.48618031844578403900742623658679E+00
0.11231771534988230562513321180611E+01 -0.48992553867564446284185363951151E+00
0.11318043196753959721974309181898E+01 -0.49365230267633077921207006323773E+00
0.11403935922359383661264263089053E+01 -0.49736043699682929929920806451270E+00
0.11489447410365562876507131583903E+01 -0.50104976682689009771573785115274E+00
0.11574575410864499936612750826166E+01 -0.50472011588026960803917617971477E+00
0.11659317728181820821014145894119E+01 -0.50837130626873410180678916022470E+00
0.11743672223801251192499053925379E+01 -0.51200315836598283951813340850717E+00
0.11827636819533747866340396830636E+01 -0.51561549066055843844193786260439E+00
0.11911209500956892949192185830648E+01 -0.51920811959671013614703826704717E+00
0.11994388321153321543491251970100E+01 -0.52278085940206216176098070754897E+00
0.12077171404780529965372624419870E+01 -0.52633352190080732131459309420720E+00
0.12159556952508564710235586027634E+01 -0.52986591631100240190776829482516E+00
0.12241543245866788676131540485240E+01 -0.53337784902437366143811738559680E+00
0.12323128652546367430075253182685E+01 -0.53686912336685280424965923930087E+00
0.12404311632211404691101430371890E+01 -0.54033953933785048787641654300478E+00
0.12485090742878870319923517838136E+01 -0.54378889332602715538491070366514E+00
0.12565464647935888043744911093207E+01 -0.54721697779904422750357396709830E+00
0.12645432123872705191169882202147E+01 -0.55062358096445592644299877942647E+00
0.12724992068821025984769854339601E+01 -0.55400848639853536403067403880187E+00
0.12804143512000710792118400031517E+01 -0.55737147263940412369296785667964E+00
0.12882885624193415207021656163789E+01 -0.56071231274034539597171468112648E+00
0.12961217729380088908361734737841E+01 -0.56403077377861500665328707869070E+00
0.13039139317700900423145502394984E+01 -0.56732661631440624090182710572184E+00
0.13116650059921779083381003020502E+01 -0.57059959379385869036783136904934E+00
0.13193749823622264004516187787836E+01 -0.57384945188910922080445837186215E+00
0.13270438691355666780840202736868E+01 -0.57707592776733128928633804264039E+00
0.13346716981076163915580379730825E+01 -0.58027874927947957642739545273871E+00
0.13422585269179810770729959804454E+01 -0.58345763405800172446391279746337E+00
0.13498044416569811670112149797081E+01 -0.58661228851105505913378816646674E+00
0.13573095598233255794517307406090E+01 -0.58974240669871856141457813364642E+00
0.13647740336910303308349805426992E+01 -0.59284766907424339865379105091711E+00
0.13721980541551815266070146486903E+01 -0.59592774107045083320232555932068E+00
0.13795818551403163178103000149365E+01 -0.59898227150785032028340527699971E+00
0.13869257186727726564903838679129E+01 -0.60201089079677001937958395229999E+00
0.13942299807402849299891377972924E+01 -0.60501320890058115530517260531120E+00
0.14014950380896238957727455198662E+01 -0.60798881302072165848791027135831E+00
0.14087213561478747713443462800261E+01 -0.61093726495637599841958364457249E+00
0.14159094782972418494336838640166E+01 -0.61385809808194862394180670786318E+00
0.14230600367901053037490658151295E+01 -0.61675081387334775137457977638282E+00
0.14301737656645933384859430555595E+01 -0.61961487789888059420104231130269E+00
0.14372515161169146518302972233478E+01 -0.62244971517130404408907490676450E+00
0.14442942749131885221049795955255E+01 -0.62525470473300816788460864015927E+00
0.14513031865919192117803411895988E+01 -0.62802917331468140947771403747382E+00
0.14582795804349950601315751854487E+01 -0.63077238786667956827615364908164E+00
0.14652250034940441660893967122556E+01 -0.63348354670825394613924079029089E+00
0.14721412613855401512062865092712E+01 -0.63616176896782290301164539317116E+00
0.14790304691655244385046661473517E+01 -0.63880608189026667406444863796424E+00
0.14858951154450577212837758915154E+01 -0.64141540545361211023267249695154E+00
0.14927381441389885964262707703236E+01 -0.64398853354953081935064409264925E+00
0.14995630600600965114096978698061E+01 -0.64652411070869972376215312273914E+00
0.15063740673216313505151789773353E+01 -0.64902060293110369192246058374350E+00
0.15131762537918620901981005147549E+01 -0.65147626045467449744430214120885E+00
0.15199758418009639449444134731516E+01 -0.65388906867390486937725294290938E+00
0.15267805379246504064125420198440E+01 -0.65625667705469047031766325496736E+00
0.15336000667160383276794088301793E+01 -0.65857619293061486846621933825819E+00
0.15418202871647457966070036922502E+01 -0.66129287747584365820749810729397E+00
0.15501088821669668858480792475442E+01 -0.66392823728626261383968803352979E+00
0.15585068760435311804887300323760E+01 -0.66647459789906173326341004916588E+00
0.15670769712743342699810240927925E+01 -0.66892011487855914499662100787522E+00
0.15759211042571410050813580856297E+01 -0.67124969862546461339986876601701E+00
0.15847281128724587807557269391493E+01 -0.67333027226831354754412207000875E+00
0.15930993141908417589054897176977E+01 -0.67503555663970307945727500020920E+00
0.16010577669639344661129710363460E+01 -0.67635933561171566762461948804684E+00
0.16086234274865680338184356582641E+01 -0.67734958438844974065633755492536E+00
0.16158485633271143195201574940677E+01 -0.67777580929397057311208809866486E+00
0.16193670552079311188363426128571E+01 -0.68400155181701548920048802139372E+00
0.16233961759940174429349998954613E+01 -0.69015800076197137206663617224384E+00
0.16278801584050294645330783767505E+01 -0.69626956622517102017690943589095E+00
0.16327899127634880371398182814277E+01 -0.70233805306588727148905915204650E+00
0.16380864358261144175666153098277E+01 -0.70836877356279689289737049887580E+00
0.16434768312165246244963757009662E+01 -0.71409728012658342197170491566453E+00
0.16487213625553511618223670250240E+01 -0.71936667218229393936363671958697E+00
0.16538479879348603381461992225174E+01 -0.72428644100572159147378575305136E+00
0.16588721940067432535586237537812E+01 -0.72892545510184860292087271984096E+00
0.16638030174416601250272360016401E+01 -0.73333053594014235753367075276655E+00
0.16678450917292454693128060536686E+01 -0.73684680974205156150447397385390E+00
0.16718280869230726222227238945309E+01 -0.74023895191174177589942416594484E+00
0.16757537917648360046466517744119E+01 -0.74351828457263710898987270618446E+00
0.16796230922533443726031317701087E+01 -0.74669446230638519266709246969532E+00
0.16834366947672842841619780528999E+01 -0.74977531140235876766711747660742E+00
0.16871950338499954211753012343002E+01 -0.75276742115891921398097379482640E+00
0.16908983931660039191580630196213E+01 -0.75567634560490629700241220336005E+00
0.16945469311652044830072339350841E+01 -0.75850682901508711007234888490281E+00
0.16981407184482111034601120160671E+01 -0.76126295251107599316764362794011E+00
0.17016797588279438922216990393772E+01 -0.76394825504383000250654893042715E+00
0.17051640067890147656854696503211E+01 -0.76656582540388825508714698430545E+00
0.17085933798695966917964736657627E+01 -0.76911837592418926002744413034062E+00
0.17119677681765145725205003824703E+01 -0.77160830124431658810047920519357E+00
0.17152870415422900852145147070396E+01 -0.77403772595673623686316757035871E+00
0.17185510550173462490177817388556E+01 -0.77640854350184459956315136179765E+00
0.17217596530892953854633462603006E+01 -0.77872244822421043315682132074629E+00
0.17249126729488067657816685295476E+01 -0.78098096198950560420888076886853E+00
0.17280099470263449571517185182372E+01 -0.78318545644809052019112399337295E+00
0.17310513049700977207033573264839E+01 -0.78533717178018013164806802237849E+00
0.17340365751918303807721963223435E+01 -0.78743723257621541845584536023538E+00
0.17369655860769725028525441309822E+01 -0.78948666136704137553185589858253E+00
0.17398381669322996176687702961099E+01 -0.79148639021303158884129119391516E+00
0.17426541487276184159278853722268E+01 -0.79343727067981944305882767752029E+00
0.17454133646750702236811241531426E+01 -0.79534008246502486062744868651975E+00
0.17481156506799916907560983550987E+01 -0.79719554089075163547591435146833E+00
0.17507608456898824348470901464538E+01 -0.79900430343744782855467381958573E+00
0.17533487919623543678498643088575E+01 -0.80076697546355181812754964872340E+00
0.17558793352685517855764108394151E+01 -0.80248411523037715829413256819690E+00
0.17583523250451192898925115687253E+01 -0.80415623833156541933192646716823E+00
0.17607676145051300683410081478080E+01 -0.80578382161011558640504803199704E+00
0.17631250607162919522051095174338E+01 -0.80736730663268847217341302977825E+00
0.17654245246530963065603615221191E+01 -0.80890710277997185475131330377007E+00
0.17676658712282643005957181527249E+01 -0.81040359000289810168955165375802E+00
0.17698489693078026029348847807321E+01 -0.81185712128705815415456426379005E+00
0.17719736917131477653060105040296E+01 -0.81326802486145990746302035947874E+00
0.17740399152132107272766733876799E+01 -0.81463660618260161381217461417450E+00
0.17760475205085962445203739025846E+01 -0.81596314972048701486493699806250E+00
0.17779963922098394382220217281751E+01 -0.81724792056954919442775449902538E+00
0.17798864188111512445810825595350E+01 -0.81849116590435545885314073069461E+00
0.17817174926608816796790153478345E+01 -0.81969311629733916220054315508732E+00
0.17834895099296789276689482357440E+01 -0.82085398691356693045592559541246E+00
0.17852023705771356080675132133453E+01 -0.82197397859563784322540802973312E+00
0.17868559783175605381626958437427E+01 -0.82305327885017233213849946186578E+00
0.17884502405853900783604035117214E+01 -0.82409206274593779065316625871884E+00
0.17899850685006518814927773100678E+01 -0.82509049373244228494340751712342E+00
0.17914603768348101375521396235584E+01 -0.82604872438677466690674367567119E+00
0.17928760839772545319571280801569E+01 -0.82696689709555633820384927742955E+00
0.17942321119026393007551734665999E+01 -0.82784514467807505085445024205912E+00
0.17955283861392336353383528073192E+01 -0.82868359095597724359184847359001E+00
0.17967648357384081799238698130628E+01 -0.82948235127428899019427996702344E+00
0.17979413932453522026091315865541E+01 -0.83024153297800265674411399903522E+00
0.17990579946710918003196897642349E+01 -0.83096123584799807686441851518078E+00
0.18001145794658601902780232725181E+01 -0.83164155249965408167072709798011E+00
0.18011110904938546299985068296615E+01 -0.83228256874713986341292344886102E+00
0.18020474740094027473794582475239E+01 -0.83288436393605302550377746095881E+00
0.18029236796345493965931828434952E+01 -0.83344701124678207107946100839581E+00
0.18037396603380658148916522936864E+01 -0.83397057797071849086900854805525E+00
0.18044953724158663508164830970945E+01 -0.83445512576122839628841629404976E+00
0.18051907754727427105793675205936E+01 -0.83490071086119726032011746292603E+00
0.18058258324035627906367518191341E+01 -0.83530738431152410126901067614808E+00
0.18062156612453155074344697303453E+01 -0.83555690525839297796456800819345E+00
0.18065786452525206512132558564423E+01 -0.83578916514605159386628755302171E+00
0.18069147758747113307093021717762E+01 -0.83600417542862304324474286193740E+00
0.18072240451738782330061010845447E+01 -0.83620194668410698592586921849053E+00
0.18075064458598269756297453929319E+01 -0.83638248857342727569541305187296E+00
0.18077754205114517445192006288017E+01 -0.83655440504408978498447446568703E+00
0.18080444162456974172280664032036E+01 -0.83672629410133060964438800249393E+00
0.18083134330551866764009307064352E+01 -0.83689815582838649611310174370480E+00
0.18085824709323266740601026249633E+01 -0.83706999030853497385864529814124E+00
0.18088515298697556192009959772002E+01 -0.83724179762439697548821399784531E+00
0.18085824709323266740601026249633E+01 -0.83706999030853497385864529814124E+00
0.18083134330551866764009307064352E+01 -0.83689815582838649611310174370480E+00
0.18080444162456974172280664032036E+01 -0.83672629410133060964438800249393E+00
0.18077754205114517445192006288017E+01 -0.83655440504408978498447446568703E+00
0.18075064458598269756297453929319E+01 -0.83638248857342727569541305187296E+00
0.18072240451738782330061010845447E+01 -0.83620194668410698592586921849053E+00
0.18069147758747113307093021717762E+01 -0.83600417542862304324474286193740E+00
0.18065786452525206512132558564423E+01 -0.83578916514605159386628755302171E+00
0.18062156612453155074344697303453E+01 -0.83555690525839297796456800819345E+00
0.18058258324035627906367518191341E+01 -0.83530738431152410126901067614808E+00
0.18051907754727427105793675205936E+01 -0.83490071086119726032011746292603E+00
0.18044953724158663508164830970945E+01 -0.83445512576122839628841629404976E+00
0.18037396603380658148916522936864E+01 -0.83397057797071849086900854805525E+00
0.18029236796345493965931828434952E+01 -0.83344701124678207107946100839581E+00
0.18020474740094027473794582475239E+01 -0.83288436393605302550377746095881E+00
0.18011110904938546299985068296615E+01 -0.83228256874713986341292344886102E+00
0.18001145794658601902780232725181E+01 -0.83164155249965408167072709798011E+00
0.17990579946710918003196897642349E+01 -0.83096123584799807686441851518078E+00
0.17979413932453522026091315865541E+01 -0.83024153297800265674411399903522E+00
0.17967648357384081799238698130628E+01 -0.82948235127428899019427996702344E+00
0.17955283861392336353383528073192E+01 -0.82868359095597724359184847359001E+00
0.17942321119026393007551734665999E+01 -0.82784514467807505085445024205912E+00
0.17928760839772545319571280801569E+01 -0.82696689709555633820384927742955E+00
0.17914603768348101375521396235584E+01 -0.82604872438677466690674367567119E+00
0.17899850685006518814927773100678E+01 -0.82509049373244228494340751712342E+00
0.17884502405853900783604035117214E+01 -0.82409206274593779065316625871884E+00
0.17868559783175605381626958437427E+01 -0.82305327885017233213849946186578E+00
0.17852023705771356080675132133453E+01 -0.82197397859563784322540802973312E+00
0.17834895099296789276689482357440E+01 -0.82085398691356693045592559541246E+00
0.17817174926608816796790153478345E+01 -0.81969311629733916220054315508732E+00
0.17798864188111512445810825595350E+01 -0.81849116590435545885314073069461E+00
0.17779963922098394382220217281751E+01 -0.81724792056954919442775449902538E+00
0.17760475205085962445203739025846E+01 -0.81596314972048701486493699806250E+00
0.17740399152132107272766733876799E+01 -0.81463660618260161381217461417450E+00
0.17719736917131477653060105040296E+01 -0.81326802486145990746302035947874E+00
0.17698489693078026029348847807321E+01 -0.81185712128705815415456426379005E+00
0.17676658712282643005957181527249E+01 -0.81040359000289810168955165375802E+00
0.17654245246530963065603615221191E+01 -0.80890710277997185475131330377007E+00
0.17631250607162919522051095174338E+01 -0.80736730663268847217341302977825E+00
0.17607676145051300683410081478080E+01 -0.80578382161011558640504803199704E+00
0.17583523250451192898925115687253E+01 -0.80415623833156541933192646716823E+00
0.17558793352685517855764108394151E+01 -0.80248411523037715829413256819690E+00
0.17533487919623543678498643088575E+01 -0.80076697546355181812754964872340E+00
0.17507608456898824348470901464538E+01 -0.79900430343744782855467381958573E+00
0.17481156506799916907560983550987E+01 -0.79719554089075163547591435146833E+00
0.17454133646750702236811241531426E+01 -0.79534008246502486062744868651975E+00
0.17426541487276184159278853722268E+01 -0.79343727067981944305882767752029E+00
0.17398381669322996176687702961099E+01 -0.79148639021303158884129119391516E+00
0.17369655860769725028525441309822E+01 -0.78948666136704137553185589858253E+00
0.17340365751918303807721963223435E+01 -0.78743723257621541845584536023538E+00
0.17310513049700977207033573264839E+01 -0.78533717178018013164806802237849E+00
0.17280099470263449571517185182372E+01 -0.78318545644809052019112399337295E+00
0.17249126729488067657816685295476E+01 -0.78098096198950560420888076886853E+00
0.17217596530892953854633462603006E+01 -0.77872244822421043315682132074629E+00
0.17185510550173462490177817388556E+01 -0.77640854350184459956315136179765E+00
0.17152870415422900852145147070396E+01 -0.77403772595673623686316757035871E+00
0.17119677681765145725205003824703E+01 -0.77160830124431658810047920519357E+00
0.17085933798695966917964736657627E+01 -0.76911837592418926002744413034062E+00
0.17051640067890147656854696503211E+01 -0.76656582540388825508714698430545E+00
0.17016797588279438922216990393772E+01 -0.76394825504383000250654893042715E+00
0.16981407184482111034601120160671E+01 -0.76126295251107599316764362794011E+00
0.16945469311652044830072339350841E+01 -0.75850682901508711007234888490281E+00
0.16908983931660039191580630196213E+01 -0.75567634560490629700241220336005E+00
0.16871950338499954211753012343002E+01 -0.75276742115891921398097379482640E+00
0.16834366947672842841619780528999E+01 -0.74977531140235876766711747660742E+00
0.16796230922533443726031317701087E+01 -0.74669446230638519266709246969532E+00
0.16757537917648360046466517744119E+01 -0.74351828457263710898987270618446E+00
0.16718280869230726222227238945309E+01 -0.74023895191174177589942416594484E+00
0.16678450917292454693128060536686E+01 -0.73684680974205156150447397385390E+00
0.16638030174416601250272360016401E+01 -0.73333053594014235753367075276655E+00
0.16588721940067432535586237537812E+01 -0.72892545510184860292087271984096E+00
0.16538479879348603381461992225174E+01 -0.72428644100572159147378575305136E+00
0.16487213625553511618223670250240E+01 -0.71936667218229393936363671958697E+00
0.16434768312165246244963757009662E+01 -0.71409728012658342197170491566453E+00
0.16380864358261144175666153098277E+01 -0.70836877356279689289737049887580E+00
0.16327899127634880371398182814277E+01 -0.70233805306588727148905915204650E+00
0.16278801584050294645330783767505E+01 -0.69626956622517102017690943589095E+00
0.16233961759940174429349998954613E+01 -0.69015800076197137206663617224384E+00
0.16193670552079311188363426128571E+01 -0.68400155181701548920048802139372E+00
