0.39219905098762398478244676463265E+00 0.71405423936690539314960456781729E+00
0.40114953287544745577132334831005E+00 0.71106281319627745078496151680124E+00
0.40958792347685540742736795198334E+00 0.70826394638375925275300978817718E+00
0.41747657111892029484623147468758E+00 0.70566404590435702966655979890822E+00
0.42478737032410496148652973994981E+00 0.70326938536972487872017663781522E+00
0.43149078567827618850706551377333E+00 0.70108638073790382525115184797310E+00
0.43759203890671259882517278453909E+00 0.69911010739058088101813416337602E+00
0.44321759879435084338221334591064E+00 0.69729691556341351820447425992359E+00
0.44847431412769151328991953033910E+00 0.69561041166922664322724459729928E+00
0.45343328561824835129189454181860E+00 0.69402633899114159753301550776834E+00
0.45814482150253071977776133833510E+00 0.69252751040297081165123059915639E+00
0.45343328561824835129189454181860E+00 0.69402633899114159753301550776834E+00
0.44847431412769151328991953033910E+00 0.69561041166922664322724459729928E+00
0.44321759879435084338221334591064E+00 0.69729691556341351820447425992359E+00
0.43759203890671259882517278453909E+00 0.69911010739058088101813416337602E+00
0.43149078567827618850706551377333E+00 0.70108638073790382525115184797310E+00
0.42478737032410496148652973994981E+00 0.70326938536972487872017663781522E+00
0.41747657111892029484623147468758E+00 0.70566404590435702966655979890822E+00
0.40958792347685540742736795198334E+00 0.70826394638375925275300978817718E+00
0.40114953287544745577132334831005E+00 0.71106281319627745078496151680124E+00
0.39219905098762398478244676463265E+00 0.71405423936690539314960456781729E+00
0.38977454647543157975093787914951E+00 0.72740931096532824864265919963329E+00
0.38839208440263589993683998224512E+00 0.74144130919073075317147877752723E+00
0.38757400358716588714675168815444E+00 0.75609707329661177688554758110168E+00
0.38738663406128273194251054074801E+00 0.77138574429731623579087324599580E+00
0.38779457144037299109253286149986E+00 0.78729766671502888233076061406706E+00
0.38870200021911045335367674288154E+00 0.80307420743651896256286839490630E+00
0.38996216475006527078235885524730E+00 0.81815381250286664389927723673313E+00
0.39149209704724345189507787736999E+00 0.83272433165698248615839307496298E+00
0.39323526720661557066287460718028E+00 0.84690101403072476699532855481878E+00
0.39515351951970405870584380504285E+00 0.86075980800143471723531899914972E+00
0.39686185937521459822336012518651E+00 0.87210512495011767889806773604735E+00
0.39865706167234554390007284797560E+00 0.88328973652370862183310117256641E+00
0.40052783028696149232487033065270E+00 0.89433155246995421349779579060170E+00
0.40246492760757634872544847708769E+00 0.90524483982026871955331261873702E+00
0.40446057068690840194080076278763E+00 0.91604115245876090802914097374101E+00
0.40650811664935120305676459923039E+00 0.92672996851311803297253047812236E+00
0.40860183677264920758721407427285E+00 0.93731914906882384044354802657629E+00
0.41073674662905154339656501659934E+00 0.94781527599178162594870212297286E+00
0.41290847538622724405323496081130E+00 0.95822390548846286141065167340724E+00
0.41511316351520082050506781637408E+00 0.96854976158620587014428532131582E+00
0.41734738159466461178387174561312E+00 0.97879688593631160168790659779561E+00
0.41960806506864924066633042417815E+00 0.98896875531715087035923487174277E+00
0.42189246125328402672616907779504E+00 0.99906837488424295531575601459262E+00
0.42419808587420323352733495064474E+00 0.10090983529584622650460341624959E+01
0.42652268710759381315328356004682E+00 0.10190609615856051015713513802139E+01
0.42886421559215436218402903191384E+00 0.10289581860057121970027665424397E+01
0.43122079923838537793452151123728E+00 0.10387917653889352326217201811786E+01
0.43359072192639668090244936337783E+00 0.10485632266286896992873335413110E+01
0.43597240538115247385759519712967E+00 0.10582739125674834250169978164651E+01
0.43836439366350097803712089701767E+00 0.10679250057223469063622510589400E+01
0.44076533982948207937203488672275E+00 0.10775175483451391163850286122298E+01
0.44317399439847189511441307226712E+00 0.10870524594772486576064741814263E+01
0.44558919533929478675105207571719E+00 0.10965305495235756222590632800567E+01
0.44800985933728188101910101689005E+00 0.11059525327666291632425949621925E+01
0.45043497414787698559434976003857E+00 0.11153190381604969636955477044846E+01
0.45286359187638221989797074439300E+00 0.11246306186807588365202646567089E+01
0.45529482305072206241628523837556E+00 0.11338877594560460020220144400943E+01
0.45772783137616795486310391208469E+00 0.11430908848668236852848852709141E+01
0.46016182907889085160326728074639E+00 0.11522403647648059243689432575659E+01
0.46259607275988595544123889503412E+00 0.11613365199404771162943921950491E+01
0.46502985969286602219381530439796E+00 0.11703796269451432663157345992526E+01
0.46746252450969147844105875826755E+00 0.11793699223567810602994221119929E+01
0.46989343622518200233629331662849E+00 0.11883076065648804049528460537038E+01
0.47232199556006074823965008747468E+00 0.11971928471378848400073356468216E+01
0.47474763252657014307599423609765E+00 0.12060257818272466922401962795251E+01
0.47716980424616663708226533376769E+00 0.12148065212541341635084956407393E+01
0.47958799297281769859381149802007E+00 0.12235351513181756677026599184754E+01
0.48200170429891206030712562911005E+00 0.12322117353620452763749086597249E+01
0.48441046552376209405144662478830E+00 0.12408363161209993050652648542767E+01
0.48681382416721451897995569407960E+00 0.12494089174825102742791713078710E+01
0.48921134661305542527585095617149E+00 0.12579295460777841467812503921389E+01
0.49160261686876537146551964235584E+00 0.12663981927240928039094082962075E+01
0.49398723542978653821483262410742E+00 0.12748148337344131642017277760603E+01
0.49636481823785825742238423669266E+00 0.12831794321087828887837434551561E+01
0.49873499572418110384187528129528E+00 0.12914919386199914695041987935264E+01
0.50109741192922042535328598253166E+00 0.12997522928046853276495837214245E+01
0.50345172369187307434676312607821E+00 0.13079604238696363136786617686863E+01
0.50579759990151893160218686820040E+00 0.13161162515217734384254556116829E+01
0.50813472080717946067119211540048E+00 0.13242196867295780912600053798088E+01
0.51046277737861907024811192398100E+00 0.13322706324225769573289248209221E+01
0.51278147071476334830544530923070E+00 0.13402689841349080364930547172648E+01
0.51509051149528651048193245765044E+00 0.13482146305982758505680767699203E+01
0.51738961947164009731763311845649E+00 0.13561074542890312117066999761722E+01
0.51967852299416595309077337164747E+00 0.13639473319336042166537169734204E+01
0.52195695857226885205767793621615E+00 0.13717341349760709594438378123634E+01
0.52422467046491556803713306258825E+00 0.13794677300112413600451344016086E+01
0.52648141029898971859506108281436E+00 0.13871479791863067907004459603630E+01
0.52872693671326346559181521528937E+00 0.13947747405737810123965765511297E+01
0.53096101502595580543402815263062E+00 0.14023478685181911295283897817367E+01
0.53318341692403293852065229917484E+00 0.14098672139587376579923025368205E+01
0.53539392017257325638535929700927E+00 0.14173326247299244710995961587628E+01
0.53759230834266906704963820935441E+00 0.14247439458419691375785273353191E+01
0.53977837055647118455423188174743E+00 0.14321010197426324533572227826291E+01
0.54195190124810413213060117509677E+00 0.14394036865619528546395246539927E+01
0.54411269993928967078584785755753E+00 0.14466517843412363414056544507841E+01
0.54626057102861270459427114848527E+00 0.14538451492475262118731503723781E+01
0.54839532359345518151564725587158E+00 0.14609836157746711780472810381298E+01
0.55051677120370183918930889294730E+00 0.14680670169320082026345437323927E+01
0.55262473174639791210287046979882E+00 0.14750951844215873696081992964700E+01
0.55471902726060095514671422211009E+00 0.14820679488047899256660793137984E+01
0.55679948378173355243735268173493E+00 0.14889851396591102731031844948128E+01
0.55886593119479504785774795661139E+00 0.14958465857258165400380268864301E+01
0.56091820309584261522222334161977E+00 0.15026521150491367117733815355791E+01
0.56295613666119581986026398951834E+00 0.15094015551075689879022553503423E+01
0.56497957252386185749782060120796E+00 0.15160947329378646086706316076734E+01
0.56698835465671532027602450153971E+00 0.15227314752521855862182489836291E+01
0.56898233026200154246905388891700E+00 0.15293116085489028859771211123652E+01
0.57096134966676470765619111460192E+00 0.15358349592174608958393114501623E+01
0.57292526622383005503311753302457E+00 0.15423013536377017738479610698182E+01
0.57487393621799742537625145092035E+00 0.15487106182740141509818684840558E+01
0.57680721877712667199517872157447E+00 0.15550625797646402652599841977050E+01
0.57872497578781888905160138873328E+00 0.15613570650064528259238176699280E+01
0.58062707181541774650076147538537E+00 0.15675939012354874559225579815423E+01
0.58251337402807445565705211424939E+00 0.15737729161034973377634178033854E+01
0.58438375212463717475926883621416E+00 0.15798939377507756533352140343339E+01
0.58623807826614226148914107665206E+00 0.15859567948754739273236837113076E+01
0.58807622701069946763217512842505E+00 0.15919613167996287237573546583999E+01
0.58989807525157723230815307104060E+00 0.15979073335320930894559954431351E+01
0.59170350215830670182581011365757E+00 0.16037946758285554303410410597222E+01
0.59349238912063535523504701695044E+00 0.16096231752488165044377914543893E+01
0.59526461969517139550338869757482E+00 0.16153926642114823704918329858956E+01
0.59702007955457132372945422230433E+00 0.16211029760462211330020739238433E+01
0.59875865643913091596823838245343E+00 0.16267539450437206398264955673508E+01
0.60048024011065060282972151638806E+00 0.16323454065034756897019652917810E+01
0.60218472230845208517807644714942E+00 0.16378771967795242163406950552335E+01
0.60387199670743261337255097743077E+00 0.16433491533242441987146152367271E+01
0.60554195887804926236919496918275E+00 0.16487611147303158643325510415493E+01
0.60719450624813152054190568108574E+00 0.16541129207709471106143019564430E+01
0.60882953806642886437952332086247E+00 0.16594044124384524608503020731010E+01
0.61044695536780239357400003393144E+00 0.16646354319812728818325081912107E+01
0.61204666093997792609840897092815E+00 0.16698058229395146965944611161896E+01
0.61362855929178107241371798059393E+00 0.16749154301790840593288627632775E+01
0.61519255662277951203130836750679E+00 0.16799640999244871508704303408687E+01
0.61673856079426331234052997677945E+00 0.16849516797903613880294026176276E+01
0.61826648130149612321968206699964E+00 0.16898780188118009548571693101597E+01
0.61977622924717575213678343807015E+00 0.16947429674735338640545729792846E+01
0.62126771731604519666290247632015E+00 0.16995463777380058411244640785533E+01
0.62274085975059784745933748486329E+00 0.17042881030724228271012342765552E+01
0.62419557232782560581934679590355E+00 0.17089679984747992988399766758060E+01
0.62563177233695939117012506516483E+00 0.17135859204990598628270130115522E+01
0.62704937855815565185401986684912E+00 0.17181417272792351574102319305120E+01
0.62844831124208465252983784633373E+00 0.17226352785527937997739750433822E+01
0.62982849209037828654648739128871E+00 0.17270664356831481283301530403711E+01
0.63118984423689801844912988255295E+00 0.17314350616813692816645078473945E+01
0.63253229222978538839799051936367E+00 0.17357410212271461078482520909785E+01
0.63385576201425932017560844038727E+00 0.17399841806890194398552674727814E+01
0.63516018091612676654018236216151E+00 0.17441644081439221739209056517792E+01
0.63644547762597455462581914752451E+00 0.17482815733960535500052531151076E+01
0.63771158218401224333273833936172E+00 0.17523355479951145730700127201155E+01
0.63895842596553718990303720557391E+00 0.17563262052539301888170659679792E+01
0.64018594166699455240228369556276E+00 0.17602534202654820152286472217377E+01
0.64139406329260648518196798759448E+00 0.17641170699193746110867757028872E+01
0.64258272614154570906422156229754E+00 0.17679170329177568316509737790575E+01
0.64375186679563029558792125274533E+00 0.17716531897907184615101341473000E+01
0.64490142310751753048007504815396E+00 0.17753254229111816074889724268659E+01
0.64603133418937552105455231422446E+00 0.17789336165093052008613625471431E+01
0.64714154040201281587209878352595E+00 0.17824776566864195777029976626027E+01
0.64823198334444679044933799682286E+00 0.17859574314285079806451948614058E+01
0.64930260584389285304357334531419E+00 0.17893728306192501841760127155876E+01
0.65035335194615703640374367978363E+00 0.17927237460526433237273147784662E+01
0.65138416690641568541084380505720E+00 0.17960100714452135793157402690370E+01
0.65239499718036678208685839202435E+00 0.17992317024478321372269292590734E+01
0.65338579041573777782319357106031E+00 0.18023885366571482271547758851380E+01
0.65435649544413594134959138036674E+00 0.18054804736266507298329134172303E+01
0.65530706227322791628798481468531E+00 0.18085074148773700883838003490312E+01
0.65623744207923518856255569687170E+00 0.18114692639082312361717490176988E+01
0.65714758719973403466799448607514E+00 0.18143659262060672659320368942560E+01
0.65803745112674734659171861220190E+00 0.18171973092553047174086689614909E+01
0.65890698850011821356591882620111E+00 0.18199633225473279778430017052460E+01
0.65975615510115405472793567535314E+00 0.18226638775895334597495540044781E+01
0.66058490784653140395016226978557E+00 0.18252988879140802857441655021122E+01
0.66139320478245205505243766432049E+00 0.18278682690863462804210735587595E+01
0.66218100507904103443444693573896E+00 0.18303719387130966077837540527243E+01
0.66294826902497800059858475058897E+00 0.18328098164503719130723185802180E+01
0.66369495802235362376314136045246E+00 0.18351818240111031829897699485907E+01
0.66442103458174313164597937822191E+00 0.18374878851724593033951425558867E+01
0.66512646231748962503244747173245E+00 0.18397279257829337628412999446286E+01
0.66581120594318970569922958517753E+00 0.18419018737691762002347365681641E+01
0.66647523126737501208981105002397E+00 0.18440096591425742677733614575098E+01
0.66711850518938279373927928897512E+00 0.18460512140055911354349545614489E+01
0.66774099569540968453930207302750E+00 0.18480264725578633896928017075138E+01
0.66834267185474264484118067615849E+00 0.18499353711020644773047660507405E+01
0.66892350381616147611819117192616E+00 0.18517778480495376150574452983811E+01
0.66948346280450776200097814547572E+00 0.18535538439257028498057889588373E+01
0.67002252111741510909067539039924E+00 0.18552633013752419788117022391089E+01
0.67054065212219591775720674718570E+00 0.18569061651670653971964336563710E+01
0.67103783025288019644310291892437E+00 0.18584823821990642486501501051840E+01
0.67151403100740209198611506471458E+00 0.18599919015026513620256789821950E+01
0.67196923094493017924133349020156E+00 0.18614346742470942472212962775923E+01
0.67240340768333763403092810927101E+00 0.18628106537436430690083690875048E+01
0.67281653989680816661094774203533E+00 0.18641197954494566790359842383218E+01
0.67320860731357660589043564503460E+00 0.18653620569713286636363136255242E+01
0.67357959071379354100509430127348E+00 0.18665373980692182941411148220866E+01
0.67392947192753283807720336292953E+00 0.18676457806595817624010366954126E+01
0.67425823383287581459440109998530E+00 0.18686871688185260846916860857753E+01
0.67456586035425315014883191871662E+00 0.18696615287847295976874685739112E+01
0.67485233646051180352715214324332E+00 0.18705688289622984927028883754284E+01
0.67511764816423217591664933702859E+00 0.18714090399230788782810233844686E+01
0.67536178251791797610606063781557E+00 0.18721821344098075340081042408204E+01
0.67558472761955086573150524398419E+00 0.18728880873361576021720189725516E+01
0.67572158046771024670058874304035E+00 0.18733214103513572786809064127816E+01
0.67584900805551628831167261648949E+00 0.18737248761950152352215744641335E+01
0.67596700762410285557902112295803E+00 0.18740984790464060962887847645622E+01
0.67607557661980307697350003850090E+00 0.18744422135150254766505311960962E+01
0.67617471269361897464177449072977E+00 0.18747560746409144421256468495443E+01
0.67626913497701981289766387850146E+00 0.18750550047414343296938630364324E+01
0.67636356406472702690098622645239E+00 0.18753539492259404736913162458591E+01
0.67645799995623899094686448067212E+00 0.18756529080954249071685089970684E+01
0.67655244265065476360081449992223E+00 0.18759518813510055750886984976398E+01
0.67664689214832106281541226630075E+00 0.18762508689934060567958592344106E+01
0.67655244265065476360081449992223E+00 0.18759518813510055750886984976398E+01
0.67645799995623899094686448067212E+00 0.18756529080954249071685089970684E+01
0.67636356406472702690098622645239E+00 0.18753539492259404736913162458591E+01
0.67626913497701981289766387850146E+00 0.18750550047414343296938630364324E+01
0.67617471269361897464177449072977E+00 0.18747560746409144421256468495443E+01
0.67607557661980307697350003850090E+00 0.18744422135150254766505311960962E+01
0.67596700762410285557902112295803E+00 0.18740984790464060962887847645622E+01
0.67584900805551628831167261648949E+00 0.18737248761950152352215744641335E+01
0.67572158046771024670058874304035E+00 0.18733214103513572786809064127816E+01
0.67558472761955086573150524398419E+00 0.18728880873361576021720189725516E+01
0.67536178251791797610606063781557E+00 0.18721821344098075340081042408204E+01
0.67511764816423217591664933702859E+00 0.18714090399230788782810233844686E+01
0.67485233646051180352715214324332E+00 0.18705688289622984927028883754284E+01
0.67456586035425315014883191871662E+00 0.18696615287847295976874685739112E+01
0.67425823383287581459440109998530E+00 0.18686871688185260846916860857753E+01
0.67392947192753283807720336292953E+00 0.18676457806595817624010366954126E+01
0.67357959071379354100509430127348E+00 0.18665373980692182941411148220866E+01
0.67320860731357660589043564503460E+00 0.18653620569713286636363136255242E+01
0.67281653989680816661094774203533E+00 0.18641197954494566790359842383218E+01
0.67240340768333763403092810927101E+00 0.18628106537436430690083690875048E+01
0.67196923094493017924133349020156E+00 0.18614346742470942472212962775923E+01
0.67151403100740209198611506471458E+00 0.18599919015026513620256789821950E+01
0.67103783025288019644310291892437E+00 0.18584823821990642486501501051840E+01
0.67054065212219591775720674718570E+00 0.18569061651670653971964336563710E+01
0.67002252111741510909067539039924E+00 0.18552633013752419788117022391089E+01
0.66948346280450776200097814547572E+00 0.18535538439257028498057889588373E+01
0.66892350381616147611819117192616E+00 0.18517778480495376150574452983811E+01
0.66834267185474264484118067615849E+00 0.18499353711020644773047660507405E+01
0.66774099569540968453930207302750E+00 0.18480264725578633896928017075138E+01
0.66711850518938279373927928897512E+00 0.18460512140055911354349545614489E+01
0.66647523126737501208981105002397E+00 0.18440096591425742677733614575098E+01
0.66581120594318970569922958517753E+00 0.18419018737691762002347365681641E+01
0.66512646231748962503244747173245E+00 0.18397279257829337628412999446286E+01
0.66442103458174313164597937822191E+00 0.18374878851724593033951425558867E+01
0.66369495802235362376314136045246E+00 0.18351818240111031829897699485907E+01
0.66294826902497800059858475058897E+00 0.18328098164503719130723185802180E+01
0.66218100507904103443444693573896E+00 0.18303719387130966077837540527243E+01
0.66139320478245205505243766432049E+00 0.18278682690863462804210735587595E+01
0.66058490784653140395016226978557E+00 0.18252988879140802857441655021122E+01
0.65975615510115405472793567535314E+00 0.18226638775895334597495540044781E+01
0.65890698850011821356591882620111E+00 0.18199633225473279778430017052460E+01
0.65803745112674734659171861220190E+00 0.18171973092553047174086689614909E+01
0.65714758719973403466799448607514E+00 0.18143659262060672659320368942560E+01
0.65623744207923518856255569687170E+00 0.18114692639082312361717490176988E+01
0.65530706227322791628798481468531E+00 0.18085074148773700883838003490312E+01
0.65435649544413594134959138036674E+00 0.18054804736266507298329134172303E+01
0.65338579041573777782319357106031E+00 0.18023885366571482271547758851380E+01
0.65239499718036678208685839202435E+00 0.17992317024478321372269292590734E+01
0.65138416690641568541084380505720E+00 0.17960100714452135793157402690370E+01
0.65035335194615703640374367978363E+00 0.17927237460526433237273147784662E+01
0.64930260584389285304357334531419E+00 0.17893728306192501841760127155876E+01
0.64823198334444679044933799682286E+00 0.17859574314285079806451948614058E+01
0.64714154040201281587209878352595E+00 0.17824776566864195777029976626027E+01
0.64603133418937552105455231422446E+00 0.17789336165093052008613625471431E+01
0.64490142310751753048007504815396E+00 0.17753254229111816074889724268659E+01
0.64375186679563029558792125274533E+00 0.17716531897907184615101341473000E+01
0.64258272614154570906422156229754E+00 0.17679170329177568316509737790575E+01
0.64139406329260648518196798759448E+00 0.17641170699193746110867757028872E+01
0.64018594166699455240228369556276E+00 0.17602534202654820152286472217377E+01
0.63895842596553718990303720557391E+00 0.17563262052539301888170659679792E+01
0.63771158218401224333273833936172E+00 0.17523355479951145730700127201155E+01
0.63644547762597455462581914752451E+00 0.17482815733960535500052531151076E+01
0.63516018091612676654018236216151E+00 0.17441644081439221739209056517792E+01
0.63385576201425932017560844038727E+00 0.17399841806890194398552674727814E+01
0.63253229222978538839799051936367E+00 0.17357410212271461078482520909785E+01
0.63118984423689801844912988255295E+00 0.17314350616813692816645078473945E+01
0.62982849209037828654648739128871E+00 0.17270664356831481283301530403711E+01
0.62844831124208465252983784633373E+00 0.17226352785527937997739750433822E+01
0.62704937855815565185401986684912E+00 0.17181417272792351574102319305120E+01
0.62563177233695939117012506516483E+00 0.17135859204990598628270130115522E+01
0.62419557232782560581934679590355E+00 0.17089679984747992988399766758060E+01
0.62274085975059784745933748486329E+00 0.17042881030724228271012342765552E+01
0.62126771731604519666290247632015E+00 0.16995463777380058411244640785533E+01
0.61977622924717575213678343807015E+00 0.16947429674735338640545729792846E+01
0.61826648130149612321968206699964E+00 0.16898780188118009548571693101597E+01
0.61673856079426331234052997677945E+00 0.16849516797903613880294026176276E+01
0.61519255662277951203130836750679E+00 0.16799640999244871508704303408687E+01
0.61362855929178107241371798059393E+00 0.16749154301790840593288627632775E+01
0.61204666093997792609840897092815E+00 0.16698058229395146965944611161896E+01
0.61044695536780239357400003393144E+00 0.16646354319812728818325081912107E+01
0.60882953806642886437952332086247E+00 0.16594044124384524608503020731010E+01
0.60719450624813152054190568108574E+00 0.16541129207709471106143019564430E+01
0.60554195887804926236919496918275E+00 0.16487611147303158643325510415493E+01
0.60387199670743261337255097743077E+00 0.16433491533242441987146152367271E+01
0.60218472230845208517807644714942E+00 0.16378771967795242163406950552335E+01
0.60048024011065060282972151638806E+00 0.16323454065034756897019652917810E+01
0.59875865643913091596823838245343E+00 0.16267539450437206398264955673508E+01
0.59702007955457132372945422230433E+00 0.16211029760462211330020739238433E+01
0.59526461969517139550338869757482E+00 0.16153926642114823704918329858956E+01
0.59349238912063535523504701695044E+00 0.16096231752488165044377914543893E+01
0.59170350215830670182581011365757E+00 0.16037946758285554303410410597222E+01
0.58989807525157723230815307104060E+00 0.15979073335320930894559954431351E+01
0.58807622701069946763217512842505E+00 0.15919613167996287237573546583999E+01
0.58623807826614226148914107665206E+00 0.15859567948754739273236837113076E+01
0.58438375212463717475926883621416E+00 0.15798939377507756533352140343339E+01
0.58251337402807445565705211424939E+00 0.15737729161034973377634178033854E+01
0.58062707181541774650076147538537E+00 0.15675939012354874559225579815423E+01
0.57872497578781888905160138873328E+00 0.15613570650064528259238176699280E+01
0.57680721877712667199517872157447E+00 0.15550625797646402652599841977050E+01
0.57487393621799742537625145092035E+00 0.15487106182740141509818684840558E+01
0.57292526622383005503311753302457E+00 0.15423013536377017738479610698182E+01
0.57096134966676470765619111460192E+00 0.15358349592174608958393114501623E+01
0.56898233026200154246905388891700E+00 0.15293116085489028859771211123652E+01
0.56698835465671532027602450153971E+00 0.15227314752521855862182489836291E+01
0.56497957252386185749782060120796E+00 0.15160947329378646086706316076734E+01
0.56295613666119581986026398951834E+00 0.15094015551075689879022553503423E+01
0.56091820309584261522222334161977E+00 0.15026521150491367117733815355791E+01
0.55886593119479504785774795661139E+00 0.14958465857258165400380268864301E+01
0.55679948378173355243735268173493E+00 0.14889851396591102731031844948128E+01
0.55471902726060095514671422211009E+00 0.14820679488047899256660793137984E+01
0.55262473174639791210287046979882E+00 0.14750951844215873696081992964700E+01
0.55051677120370183918930889294730E+00 0.14680670169320082026345437323927E+01
0.54839532359345518151564725587158E+00 0.14609836157746711780472810381298E+01
0.54626057102861270459427114848527E+00 0.14538451492475262118731503723781E+01
0.54411269993928967078584785755753E+00 0.14466517843412363414056544507841E+01
0.54195190124810413213060117509677E+00 0.14394036865619528546395246539927E+01
0.53977837055647118455423188174743E+00 0.14321010197426324533572227826291E+01
0.53759230834266906704963820935441E+00 0.14247439458419691375785273353191E+01
0.53539392017257325638535929700927E+00 0.14173326247299244710995961587628E+01
0.53318341692403293852065229917484E+00 0.14098672139587376579923025368205E+01
0.53096101502595580543402815263062E+00 0.14023478685181911295283897817367E+01
0.52872693671326346559181521528937E+00 0.13947747405737810123965765511297E+01
0.52648141029898971859506108281436E+00 0.13871479791863067907004459603630E+01
0.52422467046491556803713306258825E+00 0.13794677300112413600451344016086E+01
0.52195695857226885205767793621615E+00 0.13717341349760709594438378123634E+01
0.51967852299416595309077337164747E+00 0.13639473319336042166537169734204E+01
0.51738961947164009731763311845649E+00 0.13561074542890312117066999761722E+01
0.51509051149528651048193245765044E+00 0.13482146305982758505680767699203E+01
0.51278147071476334830544530923070E+00 0.13402689841349080364930547172648E+01
0.51046277737861907024811192398100E+00 0.13322706324225769573289248209221E+01
0.50813472080717946067119211540048E+00 0.13242196867295780912600053798088E+01
0.50579759990151893160218686820040E+00 0.13161162515217734384254556116829E+01
0.50345172369187307434676312607821E+00 0.13079604238696363136786617686863E+01
0.50109741192922042535328598253166E+00 0.12997522928046853276495837214245E+01
0.49873499572418110384187528129528E+00 0.12914919386199914695041987935264E+01
0.49636481823785825742238423669266E+00 0.12831794321087828887837434551561E+01
0.49398723542978653821483262410742E+00 0.12748148337344131642017277760603E+01
0.49160261686876537146551964235584E+00 0.12663981927240928039094082962075E+01
0.48921134661305542527585095617149E+00 0.12579295460777841467812503921389E+01
0.48681382416721451897995569407960E+00 0.12494089174825102742791713078710E+01
0.48441046552376209405144662478830E+00 0.12408363161209993050652648542767E+01
0.48200170429891206030712562911005E+00 0.12322117353620452763749086597249E+01
0.47958799297281769859381149802007E+00 0.12235351513181756677026599184754E+01
0.47716980424616663708226533376769E+00 0.12148065212541341635084956407393E+01
0.47474763252657014307599423609765E+00 0.12060257818272466922401962795251E+01
0.47232199556006074823965008747468E+00 0.11971928471378848400073356468216E+01
0.46989343622518200233629331662849E+00 0.11883076065648804049528460537038E+01
0.46746252450969147844105875826755E+00 0.11793699223567810602994221119929E+01
0.46502985969286602219381530439796E+00 0.11703796269451432663157345992526E+01
0.46259607275988595544123889503412E+00 0.11613365199404771162943921950491E+01
0.46016182907889085160326728074639E+00 0.11522403647648059243689432575659E+01
0.45772783137616795486310391208469E+00 0.11430908848668236852848852709141E+01
0.45529482305072206241628523837556E+00 0.11338877594560460020220144400943E+01
0.45286359187638221989797074439300E+00 0.11246306186807588365202646567089E+01
0.45043497414787698559434976003857E+00 0.11153190381604969636955477044846E+01
0.44800985933728188101910101689005E+00 0.11059525327666291632425949621925E+01
0.44558919533929478675105207571719E+00 0.10965305495235756222590632800567E+01
0.44317399439847189511441307226712E+00 0.10870524594772486576064741814263E+01
0.44076533982948207937203488672275E+00 0.10775175483451391163850286122298E+01
0.43836439366350097803712089701767E+00 0.10679250057223469063622510589400E+01
0.43597240538115247385759519712967E+00 0.10582739125674834250169978164651E+01
0.43359072192639668090244936337783E+00 0.10485632266286896992873335413110E+01
0.43122079923838537793452151123728E+00 0.10387917653889352326217201811786E+01
0.42886421559215436218402903191384E+00 0.10289581860057121970027665424397E+01
0.42652268710759381315328356004682E+00 0.10190609615856051015713513802139E+01
0.42419808587420323352733495064474E+00 0.10090983529584622650460341624959E+01
0.42189246125328402672616907779504E+00 0.99906837488424295531575601459262E+00
0.41960806506864924066633042417815E+00 0.98896875531715087035923487174277E+00
0.41734738159466461178387174561312E+00 0.97879688593631160168790659779561E+00
0.41511316351520082050506781637408E+00 0.96854976158620587014428532131582E+00
0.41290847538622724405323496081130E+00 0.95822390548846286141065167340724E+00
0.41073674662905154339656501659934E+00 0.94781527599178162594870212297286E+00
0.40860183677264920758721407427285E+00 0.93731914906882384044354802657629E+00
0.40650811664935120305676459923039E+00 0.92672996851311803297253047812236E+00
0.40446057068690840194080076278763E+00 0.91604115245876090802914097374101E+00
0.40246492760757634872544847708769E+00 0.90524483982026871955331261873702E+00
0.40052783028696149232487033065270E+00 0.89433155246995421349779579060170E+00
0.39865706167234554390007284797560E+00 0.88328973652370862183310117256641E+00
0.39686185937521459822336012518651E+00 0.87210512495011767889806773604735E+00
0.39515351951970405870584380504285E+00 0.86075980800143471723531899914972E+00
0.39323526720661557066287460718028E+00 0.84690101403072476699532855481878E+00
0.39149209704724345189507787736999E+00 0.83272433165698248615839307496298E+00
0.38996216475006527078235885524730E+00 0.81815381250286664389927723673313E+00
0.38870200021911045335367674288154E+00 0.80307420743651896256286839490630E+00
0.38779457144037299109253286149986E+00 0.78729766671502888233076061406706E+00
0.38738663406128273194251054074801E+00 0.77138574429731623579087324599580E+00
0.38757400358716588714675168815444E+00 0.75609707329661177688554758110168E+00
0.38839208440263589993683998224512E+00 0.74144130919073075317147877752723E+00
0.38977454647543157975093787914951E+00 0.72740931096532824864265919963329E+00
0.39219905098762398478244676463265E+00 0.71405423936690539314960456781729E+00
0.38224959700835129741801556539345E+00 0.70476894862962130887346069113249E+00
0.37246682501518624125839386515610E+00 0.69444906294089752131396804885597E+00
0.36273156356569889710949190645004E+00 0.68316812303561910295479831432279E+00
0.35302868824377900517074393233476E+00 0.67091671645493472541525477369857E+00
0.34331500276525629470834934229381E+00 0.65771820721684449025727250467544E+00
0.33399784340003437352753887332331E+00 0.64423205605744282123129992214294E+00
0.32532645211815708736559169747216E+00 0.63100957533547129401133066661663E+00
0.31712448813326478070092297856974E+00 0.61795277208018067614288193303673E+00
0.30928115451619459483288060182478E+00 0.60500407133743841003208529986150E+00
0.30172114216863391895697230795384E+00 0.59212720185007172337813172384328E+00
0.29559952880027335265788656423503E+00 0.58143296548564937045317339702286E+00
0.28961277178819765797959029212817E+00 0.57076220892070324775877066311316E+00
0.28374348630142003808568511313165E+00 0.56010666530739926782251405932539E+00
0.27797606470245057152734468370677E+00 0.54946082441773723589874150213196E+00
0.27229814710895916461875537815836E+00 0.53882015250958382869346365228348E+00
0.26669926538509944289902205476737E+00 0.52818118403827926815792327644787E+00
0.26117065306296533483407772363597E+00 0.51754115531155151878756252346717E+00
0.25570483583437411832869694976887E+00 0.50689788177848155561156957237677E+00
0.25029541004481439123157516775199E+00 0.49624962096010752459242259603396E+00
0.24493684222383376149107132773581E+00 0.48559498509205979084142957037105E+00
0.23962432225467935634019173914304E+00 0.47493286966213717008342753101223E+00
0.23435364384952677300585987992958E+00 0.46426240001121001716969267787520E+00
0.22912110994133413239184069897657E+00 0.45358288916264321376979561425695E+00
0.22392345579260739709775673375960E+00 0.44289380477609384475783581300074E+00
0.21875778633671206374332949235775E+00 0.43219474279969035891579940388892E+00
0.21362152454373045516933710377977E+00 0.42148540634323073446603480590745E+00
0.20851236858542373931894155561331E+00 0.41076558857819550705003130913666E+00
0.20342825602955814163244859678429E+00 0.40003515880078880010574219329830E+00
0.19836733371713321529027434462266E+00 0.38929405099202861098337108639436E+00
0.19332793226363636309987342022256E+00 0.37854225436811737195827028273738E+00
0.18830854435234091156212414037933E+00 0.36777980552804530486097833099360E+00
0.18330780615769768384815942395498E+00 0.35700678189226040590384421051378E+00
0.17832448136895542226113764609969E+00 0.34622329619158347863021688530963E+00
0.17335744738648586672760402419010E+00 0.33542949181568707845233590218400E+00
0.16840568334360449269793808432088E+00 0.32462553886905418177234616949843E+00
0.16346825967009556124819896678592E+00 0.31381163081234996905566030958246E+00
0.15854432896408461275942169100755E+00 0.30298798159062752003772851504764E+00
0.15363311797931260276808697366739E+00 0.29215482316829648902312606147504E+00
0.14873392056742034051358804409037E+00 0.28131240340547255161312002573445E+00
0.14384609144125314307531259301041E+00 0.27046098422203765625553464026149E+00
0.13896904064672248833904268647880E+00 0.25960084000514988450361816189892E+00
0.13410222864840338717432141941716E+00 0.24873225622352751480791672829228E+00
0.12924516194858641651431983591538E+00 0.23785552821798986712718016986693E+00
0.12439738917153680341143876028183E+00 0.22697096014275496278049302748963E+00
0.11955849755472080182050760796288E+00 0.21607886403610153141887839943810E+00
0.11472810979712001467504674338006E+00 0.20517955900238485832281441680780E+00
0.10990588122176287397923660297241E+00 0.19427337049018508291258876095876E+00
0.10509149721550978363373240467372E+00 0.18336062965368354426114909158894E+00
0.10028467091411184081103691125655E+00 0.17244167278628976316853441825581E+00
0.95485141104800071601719528864440E-01 0.16151684081715031317969686197425E+00
0.90692670322259917932778186819657E-01 0.15058647886252410785966267361401E+00
0.85907043116925337148117223604505E-01 0.13965093582514123509083245495939E+00
0.81128064477157060843745370619208E-01 0.12871056403562450594111395276935E+00
0.76355558389137545135551011866747E-01 0.11776571893086299370842841280009E+00
0.71589366520263817809346839429415E-01 0.10681675876491456674251729539187E+00
0.66829347013505743365157183313957E-01 0.95864044348606691330018933016312E-01
0.62075373381657939042071258235438E-01 0.84907938814499498698762792072889E-01
0.57327333491683007392360541797460E-01 0.73948807404309152215561462053284E-01
0.52585128630448244859165092362567E-01 0.62987017276256691680462240845494E-01
0.47848672644122822799075338792607E-01 0.52022937330122886295133394286256E-01
0.43117891144347377165197332829692E-01 0.41056938048065944287897963434817E-01
0.38392720775027457674519355885750E-01 0.30089391349493287086359264743670E-01
0.33673108534252674439982273013856E-01 0.19120670458483509500443307127562E-01
0.28959011146418335486703690027024E-01 0.81511497824349303656404785142400E-02
0.24250394480129594198469402058520E-01 -0.28187951992327066695845996179333E-02
0.19547233007916071492692208386233E-01 -0.13788788037356365926867964379741E-01
0.14849509304182990209746755803237E-01 -0.24758451407207300747172650337576E-01
0.10157213578173720409746609913355E-01 -0.35727407195382161287549167626517E-01
0.54703432390323124385972003823435E-02 -0.46695276580131728578483180260336E-01
0.78890249033285173169116683627713E-03 -0.57661680105773072585217834113356E-01
-0.38870980483069576352485271187388E-02 -0.68626237751758310427481387915497E-01
-0.85576416946936705221579242051769E-02 -0.79588568996915238092165535523004E-01
-0.13222706034569056688308099542012E-01 -0.90548292879317386399953585978999E-01
-0.17882263230950795229734415146817E-01 -0.10150502805219488140189262173333E+00
-0.22536280313929362489409098287796E-01 -0.11245839283625502354159062613080E+00
-0.27184719452402753546272668703591E-01 -0.12340800526874182339993503219593E+00
-0.31827538209102505155248517335483E-01 -0.13435348314953285372636221649758E+00
-0.36464689780147267079984636841224E-01 -0.14529444408454056340884481808691E+00
-0.41096123220254786867321463568105E-01 -0.15623050552665713031888837585861E+00
-0.45721783654648768414396469071008E-01 -0.16716128481446290975474159311968E+00
-0.50341612478609227965936621842406E-01 -0.17808639920889158420418907039408E+00
-0.54955547545539803474898297613978E-01 -0.18900546592803039433663146786685E+00
-0.59563523344351151178306301513193E-01 -0.19991810218021584606858704779620E+00
-0.64165471166897768880526020302966E-01 -0.21082392519556919098372602846039E+00
-0.68761319266147420315166983734108E-01 -0.22172255225610342836818965551157E+00
-0.73350993005705775256649970705785E-01 -0.23261360072452110690370996704275E+00
-0.77934415001274726871846637488824E-01 -0.24349668807181059467571408099918E+00
-0.82511505254574836153445243481022E-01 -0.25437143190374078848689988825167E+00
-0.87082181280225365566503129452041E-01 -0.26523744998634110819691658090920E+00
-0.91646358226034372821822910217437E-01 -0.27609436027045100024534047663638E+00
-0.96203948987121542188208555609873E-01 -0.28694178091541083791886002123929E+00
-0.10075486431426271832401854261682E+00 -0.29777933031196345450499281951416E+00
-0.10529901291681816089143293071990E+00 -0.30860662710442740828456381678094E+00
-0.10983630156057904044922112613462E+00 -0.31942329021219758483362645173194E+00
-0.11436663516084448002989184977644E+00 -0.33022893885062647814539316794714E+00
-0.11888991687101824948278674656377E+00 -0.34102319255133091291108954812057E+00
-0.12340604816699416827867208247167E+00 -0.35180567118196966449732672044098E+00
-0.12791492892758100834744085074965E+00 -0.36257599496552926535098570177312E+00
-0.13241645751119990870410055521056E+00 -0.37333378449915476414041648097428E+00
-0.13691053082907126795449397630483E+00 -0.38407866077256081695080214634065E+00
-0.14139704441509606203955899077528E+00 -0.39481024518604816716406295290177E+00
-0.14587589249261696097575420500179E+00 -0.40552815956816027541671021191707E+00
-0.15034696803824070966822966483673E+00 -0.41623202619299908830692581744003E+00
-0.15481016284288257270858749634591E+00 -0.42692146779722831209454141000482E+00
-0.15926536757019029230298395465028E+00 -0.43759610759678307904061234333340E+00
-0.16371247181249080631918506114447E+00 -0.44825556930330664442890488347060E+00
-0.16815136414439463744664745700076E+00 -0.45889947714033292910109811168139E+00
-0.17258193217418629336377977042127E+00 -0.46952745585923067273249320143762E+00
-0.17700406259311736920946735352277E+00 -0.48013913075492523387591813453611E+00
-0.18141764122271513306096542914097E+00 -0.49073412768141245178122420471642E+00
-0.18582255306021129964047831834353E+00 -0.50131207306707724109464876529163E+00
-0.19021868232218789374660764643355E+00 -0.51187259392982946589535673235397E+00
-0.19460591248653379523790449111913E+00 -0.52241531789206742532989755097324E+00
-0.19898412633279744611030382710412E+00 -0.53293987319548048659640525630861E+00
-0.20335320598101844232711889688527E+00 -0.54344588871569929550220088998337E+00
-0.20771303292911357309019128858702E+00 -0.55393299397680243495362890894465E+00
-0.21206348808889009444502920091990E+00 -0.56440081916568816714955319772154E+00
-0.21640445182075438026486187610243E+00 -0.57484899514631815211025226445534E+00
-0.22073580396717941388581384538578E+00 -0.58527715347383997011249901716627E+00
-0.22505742388499206687186584434682E+00 -0.59568492640859539737739808493866E+00
-0.22936919047653691389308085350948E+00 -0.60607194693001943617718204917407E+00
-0.23367098221977045533531402094117E+00 -0.61643784875043618326334776715842E+00
-0.23796267719733627942439295444188E+00 -0.62678226632875608378076222969538E+00
-0.24224415312466931186692369554906E+00 -0.63710483488407922451806656167080E+00
-0.24651528737717444546281443854839E+00 -0.64740519040920932214393864744145E+00
-0.25077595701652222137143597753416E+00 -0.65768296968408130542962809926210E+00
-0.25502603881610191635925516980123E+00 -0.66793781028910746576147684161225E+00
-0.25926540928567108183460300790008E+00 -0.67816935061844452154472472848664E+00
-0.26349394469523680080580926644429E+00 -0.68837722989318407175517054775628E+00
-0.26771152109820333595164080200379E+00 -0.69856108817447189131516691730384E+00
-0.27191801435381957037449198873094E+00 -0.70872056637655457156165240026581E+00
-0.27611330014895500792504708893790E+00 -0.71885530627976006102775523998329E+00
-0.28029725401923612979570980724028E+00 -0.72896495054341156336760624395071E+00
-0.28446975136956872242148631074976E+00 -0.73904914271867717828649606035047E+00
-0.28863066749407323269953178260825E+00 -0.74910752726135873126753688859151E+00
-0.29277987759545857179290450875232E+00 -0.75913974954461896370727261814865E+00
-0.29691725680385664950930879703239E+00 -0.76914545587165106009682375473346E+00
-0.30104268019514203864166272356462E+00 -0.77912429348829074706054023212401E+00
-0.30515602280875649054839967285173E+00 -0.78907591059557116116039460965238E+00
-0.30925715966505906986133215848120E+00 -0.79899995636222494263479301861308E+00
-0.31334596578222211715810995866744E+00 -0.80889608093713036533505777996696E+00
-0.31742231619268943811652217919539E+00 -0.81876393546170613821667717549647E+00
-0.32148608595921645882089134441398E+00 -0.82860317208225391519259396724474E+00
-0.32553715019050721889217616737869E+00 -0.83841344396224917859436332391239E+00
-0.32957538405646473537037423702080E+00 -0.84819440529458238043892243486747E+00
-0.33360066280306979091182698063056E+00 -0.85794571131374979440525736467199E+00
-0.33761286176690232542048718143346E+00 -0.86766701830799540559700217108352E+00
-0.34161185638931908497137117832313E+00 -0.87735798363140404417378966801762E+00
-0.34559752223030063246372683684281E+00 -0.88701826571594612092121287913389E+00
-0.34956973498198017706125169975747E+00 -0.89664752408347478284788576125278E+00
-0.35352837048186592710520008720097E+00 -0.90624541935767514365424333411486E+00
-0.35747330472576816646671707323483E+00 -0.91581161327596658252075384472658E+00
-0.36140441388044206114825319575147E+00 -0.92534576870135792000476505029543E+00
-0.36532157429595662106953795834527E+00 -0.93484754963425575538299053936005E+00
-0.36922466251779863395865275677928E+00 -0.94431662122422627667064799386863E+00
-0.37311355529872246793325849095754E+00 -0.95375264978171057773459691368095E+00
-0.37698812961035362633871448224089E+00 -0.96315530278969333333916695461988E+00
-0.38084826265455445971140592961411E+00 -0.97252424891532540147890448217006E+00
-0.38469383187456124261507594801432E+00 -0.98185915802149991862155897642883E+00
-0.38852471496589914797185274280134E+00 -0.99115970117838238109514564718704E+00
-0.39234078988708390579577213485450E+00 -0.10004255506748938669970718886820E+01
-0.39614193487011582042138532043541E+00 -0.10096563800301482831428050031788E+01
-0.39992802843077416562792525204504E+00 -0.10188518640048432593224504124283E+01
-0.40369894937871825299145295471415E+00 -0.10280116786126041050581994461773E+01
-0.40745457682740040114892883785951E+00 -0.10371355011312813990680625555896E+01
-0.41119479020379877214224292587895E+00 -0.10462230101142020371298002820364E+01
-0.41491946925797336082749325204658E+00 -0.10552738854013724000390307644833E+01
-0.41862849407245282718573497737740E+00 -0.10642878081306364129051495868659E+01
-0.42232174507145621811106220372265E+00 -0.10732644607487835427247745400406E+01
-0.42599910302995420676075568444750E+00 -0.10822035270226126525056777759523E+01
-0.42966044908257660275359674367621E+00 -0.10911046920499453054750699973906E+01
-0.43330566473236814930815456578953E+00 -0.10999676422705930061591360148704E+01
-0.43693463185939909670819088920091E+00 -0.11087920654772761490766150422342E+01
-0.44054723272923375152579116549771E+00 -0.11175776508264940771979857556742E+01
-0.44414335000126144234241037609331E+00 -0.11263240888493474581303346390953E+01
-0.44772286673689387433201717019096E+00 -0.11350310714623111611473086122636E+01
-0.45128566640763184578901016688257E+00 -0.11436982919779586232756804762209E+01
-0.45483163290300622882680536065107E+00 -0.11523254451156369799280881841848E+01
-0.45836065053839535230766944591988E+00 -0.11609122270120921948404576441077E+01
-0.46187260406272325931678406959348E+00 -0.11694583352320451826507559040660E+01
-0.46536737866604062246203032084624E+00 -0.11779634687787167225276836064470E+01
-0.46884485998699287192142524905685E+00 -0.11864273281043033482401978316314E+01
-0.47230493412017763274414105173828E+00 -0.11948496151204015859725126126153E+01
-0.47574748762339376704309796479249E+00 -0.12032300332083814936173642942692E+01
-0.47917240752478634967841481612023E+00 -0.12115682872297091656372547885747E+01
-0.48257958132988796177577816964843E+00 -0.12198640835362177298616529664932E+01
-0.48596889702856114380567602482816E+00 -0.12281171299803261249721374053504E+01
-0.48934024310184245110225591418492E+00 -0.12363271359252060566339923195357E+01
-0.49269350852869126653537388890618E+00 -0.12444938122548963023711573067779E+01
-0.49602858279264590012196218715064E+00 -0.12526168713843646212171489638846E+01
-0.49934535588838826852792210441365E+00 -0.12606960272695159293743859904873E+01
-0.50264371832821967301580410153502E+00 -0.12687309954171477313480095544364E+01
-0.50592356114844990580394160667815E+00 -0.12767214928948516878165275303713E+01
-0.50918477591570053996750752678460E+00 -0.12846672383408605538817247750096E+01
-0.51242725473312589502133738980936E+00 -0.12925679519738417556660261505768E+01
-0.51565089024655148061165917407319E+00 -0.13004233556026357038890768072591E+01
-0.51885557565053299529255917084168E+00 -0.13082331726359390087778175042458E+01
-0.52204120469433703937293937931652E+00 -0.13159971280919328749186020220983E+01
-0.52520767168784519259185587858258E+00 -0.13237149486078554597998809123036E+01
-0.52835487150738248068506388537645E+00 -0.13313863624495185439096696540757E+01
-0.53148269960147224888220827680470E+00 -0.13390110995207677532394772471594E+01
-0.53459105199651889414747588413504E+00 -0.13465888913728864447983412933336E+01
-0.53767982530241905052129038084872E+00 -0.13541194712139424064636305433735E+01
-0.54074891671810307819605030192295E+00 -0.13616025739180772375666191650672E+01
-0.54379822403700816471642311149298E+00 -0.13690379360347390333115841590116E+01
-0.54682764565248394285241472131724E+00 -0.13764252957978559446393056884319E+01
-0.54983708056313165221917080831091E+00 -0.13837643931349524815946103672273E+01
-0.55282642837807859561939056002134E+00 -0.13910549696762071397142889349490E+01
-0.55579558932218785554614920347788E+00 -0.13982967687634508783154208849792E+01
-0.55874446424120563940818392085245E+00 -0.14054895354591069258484244215497E+01
-0.56167295460684608323344948255757E+00 -0.14126330165550708483667911598451E+01
-0.56458096252181489352897598157952E+00 -0.14197269605815310187474032597745E+01
-0.56746839072477303614672097417895E+00 -0.14267711178157289021161456857477E+01
-0.57033514259524096994544142806066E+00 -0.14337652402906589259176036911751E+01
-0.57318112215844404900753141873181E+00 -0.14407090818037081781577851222350E+01
-0.57600623409010081785753459420818E+00 -0.14476023979252343582930189915824E+01
-0.57881038372115358795388480022599E+00 -0.14544449460070827911042222793760E+01
-0.58159347704244393928827459954623E+00 -0.14612364851910422357387857306037E+01
-0.58435542070933163455658401332259E+00 -0.14679767764172379669471421013094E+01
-0.58709612204625959754912656768620E+00 -0.14746655824324634959426512349398E+01
-0.58981548905126450280889760043595E+00 -0.14813026677984491199240386098534E+01
-0.59251343040043408179973623346467E+00 -0.14878877989000681860838683829732E+01
-0.59518985545231161584091999655346E+00 -0.14944207439534800331903851137961E+01
-0.59784467425224801301467112297402E+00 -0.15009012730142094795474227188599E+01
-0.60047779753670290354515297124947E+00 -0.15073291579851628970051895553383E+01
-0.60308913673749401212293029864176E+00 -0.15137041726245799819257857543705E+01
-0.60567860398599659143616482472317E+00 -0.15200260925539215989082746725575E+01
-0.60824611211729248344609536576536E+00 -0.15262946952656932064894423289649E+01
-0.61079157467426975626865396471554E+00 -0.15325097601312026124664219339071E+01
-0.61331490591167411719345700928679E+00 -0.15386710684082539976984532900218E+01
-0.61581602080011017431633691724672E+00 -0.15447784032487751690237813664216E+01
-0.61829483502999671696027298640997E+00 -0.15508315497063803156188497623264E+01
-0.62075126501547246533738220630110E+00 -0.15568302947438660349153768453392E+01
-0.62318522789825586115416471862914E+00 -0.15627744272406416549664773670748E+01
-0.62559664155145756782751436916796E+00 -0.15686637380000928177531704810008E+01
-0.62798542458334638418852249581514E+00 -0.15744980197568784460695759169107E+01
-0.63035149634106967625356560043932E+00 -0.15802770671841606836393593269734E+01
-0.63269477691432746035007052232414E+00 -0.15860006769007676700299603914594E+01
-0.63501518713900152517168202281793E+00 -0.15916686474782885879854688711231E+01
-0.63731264860073960866437482676455E+00 -0.15972807794481010535570168548000E+01
-0.63958708363849456608363009266411E+00 -0.16028368753083305757727624537596E+01
-0.64183841534801951953199221368673E+00 -0.16083367395307415361294248718100E+01
-0.64406656758531851606842467514991E+00 -0.16137801785675597363026571655783E+01
-0.64627146497005394856015456220232E+00 -0.16191670008582261273833947373416E+01
-0.64845303288890998395234116888437E+00 -0.16244970168360815047225837593632E+01
-0.65061119749891285735304803675365E+00 -0.16297700389349819937050313682294E+01
-0.65274588573070844234672782338293E+00 -0.16349858815958448724061215013412E+01
-0.65485702529179674299552407117778E+00 -0.16401443612731248182304769206535E+01
-0.65694454466972404434874266923232E+00 -0.16452452964412199593897165467686E+01
-0.65900837313523286313750495562371E+00 -0.16502885076008078899365563011646E+01
-0.66104844074536973006166738174114E+00 -0.16552738172851111022555686723273E+01
-0.66306467834655119869799665484711E+00 -0.16602010500660917742405486592876E+01
-0.66505701757758820513868678440855E+00 -0.16650700325605756869996007573860E+01
-0.66702539087266902511501310232260E+00 -0.16698805934363048807452389668150E+01
-0.66896973146430102094909505394704E+00 -0.16746325634179191682585280691089E+01
-0.67088997338621117811904933521616E+00 -0.16793257752928657846521661429566E+01
-0.67278605147620605055659375803616E+00 -0.16839600639172374911969037287725E+01
-0.67465790137899078868762476782469E+00 -0.16885352662215387021341482550122E+01
-0.67650545954894747008542689119156E+00 -0.16930512212163790060969124735867E+01
-0.67832866325287366882510092211862E+00 -0.16975077699980948617272359371811E+01
-0.68012745057267986740293375415562E+00 -0.17019047557542981254522453827801E+01
-0.68190176040804773558795719502542E+00 -0.17062420237693520189698111009247E+01
-0.68365153247904782982351530027091E+00 -0.17105194214297741736395129860448E+01
-0.68537670732871757031906079147658E+00 -0.17147367982295661165958068766736E+01
-0.68707722632559989482475120954316E+00 -0.17188940057754696783260917497318E+01
-0.68875303166624179831922758284091E+00 -0.17229908977921495279570291669401E+01
-0.69040406637765401733920533515241E+00 -0.17270273301273019901375250625116E+01
-0.69203027431973106340915859955157E+00 -0.17310031607566901070021427974009E+01
-0.69363160018763188969019169693731E+00 -0.17349182497891040529727462551139E+01
-0.69520798951412208264193425177328E+00 -0.17387724594712476985843400976082E+01
-0.69675938867187620970791959109293E+00 -0.17425656541925503040756622987453E+01
-0.69828574487574204460422110324744E+00 -0.17462977004899035810283523464059E+01
-0.69978700618496555556535032433817E+00 -0.17499684670523240508895681025765E+01
-0.70126312150537721782982997855748E+00 -0.17535778247255401103532996602826E+01
-0.70271404059153987763268159599986E+00 -0.17571256465165040548850481420039E+01
-0.70413971404885791008125655687424E+00 -0.17606118075978286541657776468724E+01
-0.70554009333564799845132796519500E+00 -0.17640361853121481726731792646738E+01
-0.70691513076517151087471435002607E+00 -0.17673986591764037659768235990639E+01
-0.70826477950762858435475399308118E+00 -0.17706991108860529131312510158608E+01
-0.70958899359211398134370061042047E+00 -0.17739374243192029747016608159879E+01
-0.71088772790853471797564297091359E+00 -0.17771134855406684580155602729725E+01
-0.71216093820948967801095180682725E+00 -0.17802271828059520507653695984222E+01
-0.71340858111211118262732422842243E+00 -0.17832784065651492197447393063197E+01
-0.71463061409986848509181047968643E+00 -0.17862670494667761339334167833665E+01
-0.71582699552433348793049181121664E+00 -0.17891930063615209178674912218536E+01
-0.71699768460690854124360667891063E+00 -0.17920561743059180725186227021098E+01
-0.71814264144051635063727314991793E+00 -0.17948564525659457983920845933533E+01
-0.71926182699125228423075462583548E+00 -0.17975937426205462075858619378896E+01
-0.72035520309999882541775325467087E+00 -0.18002679481650683492465889267536E+01
-0.72142273248400254890167935311612E+00 -0.18028789751146337694822119251399E+01
-0.72246437873841321507687549656439E+00 -0.18054267316074245780335460503858E+01
-0.72348010633778553207306436151036E+00 -0.18079111280078938818108311146721E+01
-0.72446988063754334263068414838143E+00 -0.18103320769098985010357401456596E+01
-0.72543366787540616007764566277561E+00 -0.18126894931397538198868344735264E+01
-0.72637143517277849464996903198285E+00 -0.18149832937592105926218721585890E+01
-0.72728315053610156318496964293443E+00 -0.18172133980683538272164081789580E+01
-0.72816878285816766094229358301096E+00 -0.18193797276084232411667633675747E+01
-0.72902830191939739024817663929391E+00 -0.18214822061645557489355378403195E+01
-0.72986167838907908243921124245294E+00 -0.18235207597684492289165288809569E+01
-0.73066888382657163087494089763908E+00 -0.18254953167009480434510283514030E+01
-0.73144989068246931596989241240119E+00 -0.18274058074945499378352220964011E+01
-0.73220467229972998581109658364629E+00 -0.18292521649358341022109155809081E+01
-0.73293320291476573145719376283281E+00 -0.18310343240678107417596660883125E+01
-0.73363545765849644136613602489386E+00 -0.18327522221921915760431003280303E+01
-0.73431141255736625812596370021050E+00 -0.18344057988715815827600661609643E+01
-0.73496104453432277026737800135110E+00 -0.18359949959315915871000571245943E+01
-0.73558433140975921799100032240616E+00 -0.18375197574628718707616510761876E+01
-0.73618125190241955838332074447208E+00 -0.18389800298230666139733007431655E+01
-0.73675178563026642792164236463841E+00 -0.18403757616386890511650829623565E+01
-0.73729591311131207950980549635526E+00 -0.18417069038069174138012281251153E+01
-0.73781361576441222956346858104730E+00 -0.18429734094973114272943382955276E+01
-0.73830487591002300082252663901995E+00 -0.18441752341534494624903190799291E+01
-0.73876967677092067511265155825748E+00 -0.18453123354944861767106955667495E+01
-0.73920800247288460510529695170358E+00 -0.18463846735166305721826815261518E+01
-0.73961983804534305287422644148218E+00 -0.18473922104945445425801958360355E+01
-0.74000516942198214081107940219004E+00 -0.18483349109826616952065121386875E+01
-0.74036398344131773694725426507837E+00 -0.18492127418164265569481128612478E+01
-0.74069626784723051666361452012074E+00 -0.18500256721134539833303516285521E+01
-0.74100201128946415099679884291425E+00 -0.18507736732746087230139033430103E+01
-0.74128120332408867085279052965977E+00 -0.18514567189850044097410253147066E+01
-0.74145257581809919448440069021450E+00 -0.18518759844698182768514276904131E+01
-0.74161214082724672703229688427868E+00 -0.18522663635829864113669471740840E+01
-0.74175989592887836529404221798443E+00 -0.18526278502206786812259385795696E+01
-0.74189583887965073202182851032821E+00 -0.18529604387308080020333459080716E+01
-0.74201996761553093950928341615026E+00 -0.18532641239131342878856592536168E+01
-0.74213819159283414080752002651937E+00 -0.18535533633492066829813173353144E+01
-0.74225642155436409481869155494064E+00 -0.18538426178617599212047252670528E+01
-0.74237465750033637397382923687352E+00 -0.18541318874512626596522266000860E+01
-0.74249289943096679066532817595436E+00 -0.18544211721181834656079251678457E+01
-0.74261114734647090329932347528880E+00 -0.18547104718629910176875229359574E+01
-0.74249289943096679066532817595436E+00 -0.18544211721181834656079251678457E+01
-0.74237465750033637397382923687352E+00 -0.18541318874512626596522266000860E+01
-0.74225642155436409481869155494064E+00 -0.18538426178617599212047252670528E+01
-0.74213819159283414080752002651937E+00 -0.18535533633492066829813173353144E+01
-0.74201996761553093950928341615026E+00 -0.18532641239131342878856592536168E+01
-0.74189583887965073202182851032821E+00 -0.18529604387308080020333459080716E+01
-0.74175989592887836529404221798443E+00 -0.18526278502206786812259385795696E+01
-0.74161214082724672703229688427868E+00 -0.18522663635829864113669471740840E+01
-0.74145257581809919448440069021450E+00 -0.18518759844698182768514276904131E+01
-0.74128120332408867085279052965977E+00 -0.18514567189850044097410253147066E+01
-0.74100201128946415099679884291425E+00 -0.18507736732746087230139033430103E+01
-0.74069626784723051666361452012074E+00 -0.18500256721134539833303516285521E+01
-0.74036398344131773694725426507837E+00 -0.18492127418164265569481128612478E+01
-0.74000516942198214081107940219004E+00 -0.18483349109826616952065121386875E+01
-0.73961983804534305287422644148218E+00 -0.18473922104945445425801958360355E+01
-0.73920800247288460510529695170358E+00 -0.18463846735166305721826815261518E+01
-0.73876967677092067511265155825748E+00 -0.18453123354944861767106955667495E+01
-0.73830487591002300082252663901995E+00 -0.18441752341534494624903190799291E+01
-0.73781361576441222956346858104730E+00 -0.18429734094973114272943382955276E+01
-0.73729591311131207950980549635526E+00 -0.18417069038069174138012281251153E+01
-0.73675178563026642792164236463841E+00 -0.18403757616386890511650829623565E+01
-0.73618125190241955838332074447208E+00 -0.18389800298230666139733007431655E+01
-0.73558433140975921799100032240616E+00 -0.18375197574628718707616510761876E+01
-0.73496104453432277026737800135110E+00 -0.18359949959315915871000571245943E+01
-0.73431141255736625812596370021050E+00 -0.18344057988715815827600661609643E+01
-0.73363545765849644136613602489386E+00 -0.18327522221921915760431003280303E+01
-0.73293320291476573145719376283281E+00 -0.18310343240678107417596660883125E+01
-0.73220467229972998581109658364629E+00 -0.18292521649358341022109155809081E+01
-0.73144989068246931596989241240119E+00 -0.18274058074945499378352220964011E+01
-0.73066888382657163087494089763908E+00 -0.18254953167009480434510283514030E+01
-0.72986167838907908243921124245294E+00 -0.18235207597684492289165288809569E+01
-0.72902830191939739024817663929391E+00 -0.18214822061645557489355378403195E+01
-0.72816878285816766094229358301096E+00 -0.18193797276084232411667633675747E+01
-0.72728315053610156318496964293443E+00 -0.18172133980683538272164081789580E+01
-0.72637143517277849464996903198285E+00 -0.18149832937592105926218721585890E+01
-0.72543366787540616007764566277561E+00 -0.18126894931397538198868344735264E+01
-0.72446988063754334263068414838143E+00 -0.18103320769098985010357401456596E+01
-0.72348010633778553207306436151036E+00 -0.18079111280078938818108311146721E+01
-0.72246437873841321507687549656439E+00 -0.18054267316074245780335460503858E+01
-0.72142273248400254890167935311612E+00 -0.18028789751146337694822119251399E+01
-0.72035520309999882541775325467087E+00 -0.18002679481650683492465889267536E+01
-0.71926182699125228423075462583548E+00 -0.17975937426205462075858619378896E+01
-0.71814264144051635063727314991793E+00 -0.17948564525659457983920845933533E+01
-0.71699768460690854124360667891063E+00 -0.17920561743059180725186227021098E+01
-0.71582699552433348793049181121664E+00 -0.17891930063615209178674912218536E+01
-0.71463061409986848509181047968643E+00 -0.17862670494667761339334167833665E+01
-0.71340858111211118262732422842243E+00 -0.17832784065651492197447393063197E+01
-0.71216093820948967801095180682725E+00 -0.17802271828059520507653695984222E+01
-0.71088772790853471797564297091359E+00 -0.17771134855406684580155602729725E+01
-0.70958899359211398134370061042047E+00 -0.17739374243192029747016608159879E+01
-0.70826477950762858435475399308118E+00 -0.17706991108860529131312510158608E+01
-0.70691513076517151087471435002607E+00 -0.17673986591764037659768235990639E+01
-0.70554009333564799845132796519500E+00 -0.17640361853121481726731792646738E+01
-0.70413971404885791008125655687424E+00 -0.17606118075978286541657776468724E+01
-0.70271404059153987763268159599986E+00 -0.17571256465165040548850481420039E+01
-0.70126312150537721782982997855748E+00 -0.17535778247255401103532996602826E+01
-0.69978700618496555556535032433817E+00 -0.17499684670523240508895681025765E+01
-0.69828574487574204460422110324744E+00 -0.17462977004899035810283523464059E+01
-0.69675938867187620970791959109293E+00 -0.17425656541925503040756622987453E+01
-0.69520798951412208264193425177328E+00 -0.17387724594712476985843400976082E+01
-0.69363160018763188969019169693731E+00 -0.17349182497891040529727462551139E+01
-0.69203027431973106340915859955157E+00 -0.17310031607566901070021427974009E+01
-0.69040406637765401733920533515241E+00 -0.17270273301273019901375250625116E+01
-0.68875303166624179831922758284091E+00 -0.17229908977921495279570291669401E+01
-0.68707722632559989482475120954316E+00 -0.17188940057754696783260917497318E+01
-0.68537670732871757031906079147658E+00 -0.17147367982295661165958068766736E+01
-0.68365153247904782982351530027091E+00 -0.17105194214297741736395129860448E+01
-0.68190176040804773558795719502542E+00 -0.17062420237693520189698111009247E+01
-0.68012745057267986740293375415562E+00 -0.17019047557542981254522453827801E+01
-0.67832866325287366882510092211862E+00 -0.16975077699980948617272359371811E+01
-0.67650545954894747008542689119156E+00 -0.16930512212163790060969124735867E+01
-0.67465790137899078868762476782469E+00 -0.16885352662215387021341482550122E+01
-0.67278605147620605055659375803616E+00 -0.16839600639172374911969037287725E+01
-0.67088997338621117811904933521616E+00 -0.16793257752928657846521661429566E+01
-0.66896973146430102094909505394704E+00 -0.16746325634179191682585280691089E+01
-0.66702539087266902511501310232260E+00 -0.16698805934363048807452389668150E+01
-0.66505701757758820513868678440855E+00 -0.16650700325605756869996007573860E+01
-0.66306467834655119869799665484711E+00 -0.16602010500660917742405486592876E+01
-0.66104844074536973006166738174114E+00 -0.16552738172851111022555686723273E+01
-0.65900837313523286313750495562371E+00 -0.16502885076008078899365563011646E+01
-0.65694454466972404434874266923232E+00 -0.16452452964412199593897165467686E+01
-0.65485702529179674299552407117778E+00 -0.16401443612731248182304769206535E+01
-0.65274588573070844234672782338293E+00 -0.16349858815958448724061215013412E+01
-0.65061119749891285735304803675365E+00 -0.16297700389349819937050313682294E+01
-0.64845303288890998395234116888437E+00 -0.16244970168360815047225837593632E+01
-0.64627146497005394856015456220232E+00 -0.16191670008582261273833947373416E+01
-0.64406656758531851606842467514991E+00 -0.16137801785675597363026571655783E+01
-0.64183841534801951953199221368673E+00 -0.16083367395307415361294248718100E+01
-0.63958708363849456608363009266411E+00 -0.16028368753083305757727624537596E+01
-0.63731264860073960866437482676455E+00 -0.15972807794481010535570168548000E+01
-0.63501518713900152517168202281793E+00 -0.15916686474782885879854688711231E+01
-0.63269477691432746035007052232414E+00 -0.15860006769007676700299603914594E+01
-0.63035149634106967625356560043932E+00 -0.15802770671841606836393593269734E+01
-0.62798542458334638418852249581514E+00 -0.15744980197568784460695759169107E+01
-0.62559664155145756782751436916796E+00 -0.15686637380000928177531704810008E+01
-0.62318522789825586115416471862914E+00 -0.15627744272406416549664773670748E+01
-0.62075126501547246533738220630110E+00 -0.15568302947438660349153768453392E+01
-0.61829483502999671696027298640997E+00 -0.15508315497063803156188497623264E+01
-0.61581602080011017431633691724672E+00 -0.15447784032487751690237813664216E+01
-0.61331490591167411719345700928679E+00 -0.15386710684082539976984532900218E+01
-0.61079157467426975626865396471554E+00 -0.15325097601312026124664219339071E+01
-0.60824611211729248344609536576536E+00 -0.15262946952656932064894423289649E+01
-0.60567860398599659143616482472317E+00 -0.15200260925539215989082746725575E+01
-0.60308913673749401212293029864176E+00 -0.15137041726245799819257857543705E+01
-0.60047779753670290354515297124947E+00 -0.15073291579851628970051895553383E+01
-0.59784467425224801301467112297402E+00 -0.15009012730142094795474227188599E+01
-0.59518985545231161584091999655346E+00 -0.14944207439534800331903851137961E+01
-0.59251343040043408179973623346467E+00 -0.14878877989000681860838683829732E+01
-0.58981548905126450280889760043595E+00 -0.14813026677984491199240386098534E+01
-0.58709612204625959754912656768620E+00 -0.14746655824324634959426512349398E+01
-0.58435542070933163455658401332259E+00 -0.14679767764172379669471421013094E+01
-0.58159347704244393928827459954623E+00 -0.14612364851910422357387857306037E+01
-0.57881038372115358795388480022599E+00 -0.14544449460070827911042222793760E+01
-0.57600623409010081785753459420818E+00 -0.14476023979252343582930189915824E+01
-0.57318112215844404900753141873181E+00 -0.14407090818037081781577851222350E+01
-0.57033514259524096994544142806066E+00 -0.14337652402906589259176036911751E+01
-0.56746839072477303614672097417895E+00 -0.14267711178157289021161456857477E+01
-0.56458096252181489352897598157952E+00 -0.14197269605815310187474032597745E+01
-0.56167295460684608323344948255757E+00 -0.14126330165550708483667911598451E+01
-0.55874446424120563940818392085245E+00 -0.14054895354591069258484244215497E+01
-0.55579558932218785554614920347788E+00 -0.13982967687634508783154208849792E+01
-0.55282642837807859561939056002134E+00 -0.13910549696762071397142889349490E+01
-0.54983708056313165221917080831091E+00 -0.13837643931349524815946103672273E+01
-0.54682764565248394285241472131724E+00 -0.13764252957978559446393056884319E+01
-0.54379822403700816471642311149298E+00 -0.13690379360347390333115841590116E+01
-0.54074891671810307819605030192295E+00 -0.13616025739180772375666191650672E+01
-0.53767982530241905052129038084872E+00 -0.13541194712139424064636305433735E+01
-0.53459105199651889414747588413504E+00 -0.13465888913728864447983412933336E+01
-0.53148269960147224888220827680470E+00 -0.13390110995207677532394772471594E+01
-0.52835487150738248068506388537645E+00 -0.13313863624495185439096696540757E+01
-0.52520767168784519259185587858258E+00 -0.13237149486078554597998809123036E+01
-0.52204120469433703937293937931652E+00 -0.13159971280919328749186020220983E+01
-0.51885557565053299529255917084168E+00 -0.13082331726359390087778175042458E+01
-0.51565089024655148061165917407319E+00 -0.13004233556026357038890768072591E+01
-0.51242725473312589502133738980936E+00 -0.12925679519738417556660261505768E+01
-0.50918477591570053996750752678460E+00 -0.12846672383408605538817247750096E+01
-0.50592356114844990580394160667815E+00 -0.12767214928948516878165275303713E+01
-0.50264371832821967301580410153502E+00 -0.12687309954171477313480095544364E+01
-0.49934535588838826852792210441365E+00 -0.12606960272695159293743859904873E+01
-0.49602858279264590012196218715064E+00 -0.12526168713843646212171489638846E+01
-0.49269350852869126653537388890618E+00 -0.12444938122548963023711573067779E+01
-0.48934024310184245110225591418492E+00 -0.12363271359252060566339923195357E+01
-0.48596889702856114380567602482816E+00 -0.12281171299803261249721374053504E+01
-0.48257958132988796177577816964843E+00 -0.12198640835362177298616529664932E+01
-0.47917240752478634967841481612023E+00 -0.12115682872297091656372547885747E+01
-0.47574748762339376704309796479249E+00 -0.12032300332083814936173642942692E+01
-0.47230493412017763274414105173828E+00 -0.11948496151204015859725126126153E+01
-0.46884485998699287192142524905685E+00 -0.11864273281043033482401978316314E+01
-0.46536737866604062246203032084624E+00 -0.11779634687787167225276836064470E+01
-0.46187260406272325931678406959348E+00 -0.11694583352320451826507559040660E+01
-0.45836065053839535230766944591988E+00 -0.11609122270120921948404576441077E+01
-0.45483163290300622882680536065107E+00 -0.11523254451156369799280881841848E+01
-0.45128566640763184578901016688257E+00 -0.11436982919779586232756804762209E+01
-0.44772286673689387433201717019096E+00 -0.11350310714623111611473086122636E+01
-0.44414335000126144234241037609331E+00 -0.11263240888493474581303346390953E+01
-0.44054723272923375152579116549771E+00 -0.11175776508264940771979857556742E+01
-0.43693463185939909670819088920091E+00 -0.11087920654772761490766150422342E+01
-0.43330566473236814930815456578953E+00 -0.10999676422705930061591360148704E+01
-0.42966044908257660275359674367621E+00 -0.10911046920499453054750699973906E+01
-0.42599910302995420676075568444750E+00 -0.10822035270226126525056777759523E+01
-0.42232174507145621811106220372265E+00 -0.10732644607487835427247745400406E+01
-0.41862849407245282718573497737740E+00 -0.10642878081306364129051495868659E+01
-0.41491946925797336082749325204658E+00 -0.10552738854013724000390307644833E+01
-0.41119479020379877214224292587895E+00 -0.10462230101142020371298002820364E+01
-0.40745457682740040114892883785951E+00 -0.10371355011312813990680625555896E+01
-0.40369894937871825299145295471415E+00 -0.10280116786126041050581994461773E+01
-0.39992802843077416562792525204504E+00 -0.10188518640048432593224504124283E+01
-0.39614193487011582042138532043541E+00 -0.10096563800301482831428050031788E+01
-0.39234078988708390579577213485450E+00 -0.10004255506748938669970718886820E+01
-0.38852471496589914797185274280134E+00 -0.99115970117838238109514564718704E+00
-0.38469383187456124261507594801432E+00 -0.98185915802149991862155897642883E+00
-0.38084826265455445971140592961411E+00 -0.97252424891532540147890448217006E+00
-0.37698812961035362633871448224089E+00 -0.96315530278969333333916695461988E+00
-0.37311355529872246793325849095754E+00 -0.95375264978171057773459691368095E+00
-0.36922466251779863395865275677928E+00 -0.94431662122422627667064799386863E+00
-0.36532157429595662106953795834527E+00 -0.93484754963425575538299053936005E+00
-0.36140441388044206114825319575147E+00 -0.92534576870135792000476505029543E+00
-0.35747330472576816646671707323483E+00 -0.91581161327596658252075384472658E+00
-0.35352837048186592710520008720097E+00 -0.90624541935767514365424333411486E+00
-0.34956973498198017706125169975747E+00 -0.89664752408347478284788576125278E+00
-0.34559752223030063246372683684281E+00 -0.88701826571594612092121287913389E+00
-0.34161185638931908497137117832313E+00 -0.87735798363140404417378966801762E+00
-0.33761286176690232542048718143346E+00 -0.86766701830799540559700217108352E+00
-0.33360066280306979091182698063056E+00 -0.85794571131374979440525736467199E+00
-0.32957538405646473537037423702080E+00 -0.84819440529458238043892243486747E+00
-0.32553715019050721889217616737869E+00 -0.83841344396224917859436332391239E+00
-0.32148608595921645882089134441398E+00 -0.82860317208225391519259396724474E+00
-0.31742231619268943811652217919539E+00 -0.81876393546170613821667717549647E+00
-0.31334596578222211715810995866744E+00 -0.80889608093713036533505777996696E+00
-0.30925715966505906986133215848120E+00 -0.79899995636222494263479301861308E+00
-0.30515602280875649054839967285173E+00 -0.78907591059557116116039460965238E+00
-0.30104268019514203864166272356462E+00 -0.77912429348829074706054023212401E+00
-0.29691725680385664950930879703239E+00 -0.76914545587165106009682375473346E+00
-0.29277987759545857179290450875232E+00 -0.75913974954461896370727261814865E+00
-0.28863066749407323269953178260825E+00 -0.74910752726135873126753688859151E+00
-0.28446975136956872242148631074976E+00 -0.73904914271867717828649606035047E+00
-0.28029725401923612979570980724028E+00 -0.72896495054341156336760624395071E+00
-0.27611330014895500792504708893790E+00 -0.71885530627976006102775523998329E+00
-0.27191801435381957037449198873094E+00 -0.70872056637655457156165240026581E+00
-0.26771152109820333595164080200379E+00 -0.69856108817447189131516691730384E+00
-0.26349394469523680080580926644429E+00 -0.68837722989318407175517054775628E+00
-0.25926540928567108183460300790008E+00 -0.67816935061844452154472472848664E+00
-0.25502603881610191635925516980123E+00 -0.66793781028910746576147684161225E+00
-0.25077595701652222137143597753416E+00 -0.65768296968408130542962809926210E+00
-0.24651528737717444546281443854839E+00 -0.64740519040920932214393864744145E+00
-0.24224415312466931186692369554906E+00 -0.63710483488407922451806656167080E+00
-0.23796267719733627942439295444188E+00 -0.62678226632875608378076222969538E+00
-0.23367098221977045533531402094117E+00 -0.61643784875043618326334776715842E+00
-0.22936919047653691389308085350948E+00 -0.60607194693001943617718204917407E+00
-0.22505742388499206687186584434682E+00 -0.59568492640859539737739808493866E+00
-0.22073580396717941388581384538578E+00 -0.58527715347383997011249901716627E+00
-0.21640445182075438026486187610243E+00 -0.57484899514631815211025226445534E+00
-0.21206348808889009444502920091990E+00 -0.56440081916568816714955319772154E+00
-0.20771303292911357309019128858702E+00 -0.55393299397680243495362890894465E+00
-0.20335320598101844232711889688527E+00 -0.54344588871569929550220088998337E+00
-0.19898412633279744611030382710412E+00 -0.53293987319548048659640525630861E+00
-0.19460591248653379523790449111913E+00 -0.52241531789206742532989755097324E+00
-0.19021868232218789374660764643355E+00 -0.51187259392982946589535673235397E+00
-0.18582255306021129964047831834353E+00 -0.50131207306707724109464876529163E+00
-0.18141764122271513306096542914097E+00 -0.49073412768141245178122420471642E+00
-0.17700406259311736920946735352277E+00 -0.48013913075492523387591813453611E+00
-0.17258193217418629336377977042127E+00 -0.46952745585923067273249320143762E+00
-0.16815136414439463744664745700076E+00 -0.45889947714033292910109811168139E+00
-0.16371247181249080631918506114447E+00 -0.44825556930330664442890488347060E+00
-0.15926536757019029230298395465028E+00 -0.43759610759678307904061234333340E+00
-0.15481016284288257270858749634591E+00 -0.42692146779722831209454141000482E+00
-0.15034696803824070966822966483673E+00 -0.41623202619299908830692581744003E+00
-0.14587589249261696097575420500179E+00 -0.40552815956816027541671021191707E+00
-0.14139704441509606203955899077528E+00 -0.39481024518604816716406295290177E+00
-0.13691053082907126795449397630483E+00 -0.38407866077256081695080214634065E+00
-0.13241645751119990870410055521056E+00 -0.37333378449915476414041648097428E+00
-0.12791492892758100834744085074965E+00 -0.36257599496552926535098570177312E+00
-0.12340604816699416827867208247167E+00 -0.35180567118196966449732672044098E+00
-0.11888991687101824948278674656377E+00 -0.34102319255133091291108954812057E+00
-0.11436663516084448002989184977644E+00 -0.33022893885062647814539316794714E+00
-0.10983630156057904044922112613462E+00 -0.31942329021219758483362645173194E+00
-0.10529901291681816089143293071990E+00 -0.30860662710442740828456381678094E+00
-0.10075486431426271832401854261682E+00 -0.29777933031196345450499281951416E+00
-0.96203948987121542188208555609873E-01 -0.28694178091541083791886002123929E+00
-0.91646358226034372821822910217437E-01 -0.27609436027045100024534047663638E+00
-0.87082181280225365566503129452041E-01 -0.26523744998634110819691658090920E+00
-0.82511505254574836153445243481022E-01 -0.25437143190374078848689988825167E+00
-0.77934415001274726871846637488824E-01 -0.24349668807181059467571408099918E+00
-0.73350993005705775256649970705785E-01 -0.23261360072452110690370996704275E+00
-0.68761319266147420315166983734108E-01 -0.22172255225610342836818965551157E+00
-0.64165471166897768880526020302966E-01 -0.21082392519556919098372602846039E+00
-0.59563523344351151178306301513193E-01 -0.19991810218021584606858704779620E+00
-0.54955547545539803474898297613978E-01 -0.18900546592803039433663146786685E+00
-0.50341612478609227965936621842406E-01 -0.17808639920889158420418907039408E+00
-0.45721783654648768414396469071008E-01 -0.16716128481446290975474159311968E+00
-0.41096123220254786867321463568105E-01 -0.15623050552665713031888837585861E+00
-0.36464689780147267079984636841224E-01 -0.14529444408454056340884481808691E+00
-0.31827538209102505155248517335483E-01 -0.13435348314953285372636221649758E+00
-0.27184719452402753546272668703591E-01 -0.12340800526874182339993503219593E+00
-0.22536280313929362489409098287796E-01 -0.11245839283625502354159062613080E+00
-0.17882263230950795229734415146817E-01 -0.10150502805219488140189262173333E+00
-0.13222706034569056688308099542012E-01 -0.90548292879317386399953585978999E-01
-0.85576416946936705221579242051769E-02 -0.79588568996915238092165535523004E-01
-0.38870980483069576352485271187388E-02 -0.68626237751758310427481387915497E-01
0.78890249033285173169116683627713E-03 -0.57661680105773072585217834113356E-01
0.54703432390323124385972003823435E-02 -0.46695276580131728578483180260336E-01
0.10157213578173720409746609913355E-01 -0.35727407195382161287549167626517E-01
0.14849509304182990209746755803237E-01 -0.24758451407207300747172650337576E-01
0.19547233007916071492692208386233E-01 -0.13788788037356365926867964379741E-01
0.24250394480129594198469402058520E-01 -0.28187951992327066695845996179333E-02
0.28959011146418335486703690027024E-01 0.81511497824349303656404785142400E-02
0.33673108534252674439982273013856E-01 0.19120670458483509500443307127562E-01
0.38392720775027457674519355885750E-01 0.30089391349493287086359264743670E-01
0.43117891144347377165197332829692E-01 0.41056938048065944287897963434817E-01
0.47848672644122822799075338792607E-01 0.52022937330122886295133394286256E-01
0.52585128630448244859165092362567E-01 0.62987017276256691680462240845494E-01
0.57327333491683007392360541797460E-01 0.73948807404309152215561462053284E-01
0.62075373381657939042071258235438E-01 0.84907938814499498698762792072889E-01
0.66829347013505743365157183313957E-01 0.95864044348606691330018933016312E-01
0.71589366520263817809346839429415E-01 0.10681675876491456674251729539187E+00
0.76355558389137545135551011866747E-01 0.11776571893086299370842841280009E+00
0.81128064477157060843745370619208E-01 0.12871056403562450594111395276935E+00
0.85907043116925337148117223604505E-01 0.13965093582514123509083245495939E+00
0.90692670322259917932778186819657E-01 0.15058647886252410785966267361401E+00
0.95485141104800071601719528864440E-01 0.16151684081715031317969686197425E+00
0.10028467091411184081103691125655E+00 0.17244167278628976316853441825581E+00
0.10509149721550978363373240467372E+00 0.18336062965368354426114909158894E+00
0.10990588122176287397923660297241E+00 0.19427337049018508291258876095876E+00
0.11472810979712001467504674338006E+00 0.20517955900238485832281441680780E+00
0.11955849755472080182050760796288E+00 0.21607886403610153141887839943810E+00
0.12439738917153680341143876028183E+00 0.22697096014275496278049302748963E+00
0.12924516194858641651431983591538E+00 0.23785552821798986712718016986693E+00
0.13410222864840338717432141941716E+00 0.24873225622352751480791672829228E+00
0.13896904064672248833904268647880E+00 0.25960084000514988450361816189892E+00
0.14384609144125314307531259301041E+00 0.27046098422203765625553464026149E+00
0.14873392056742034051358804409037E+00 0.28131240340547255161312002573445E+00
0.15363311797931260276808697366739E+00 0.29215482316829648902312606147504E+00
0.15854432896408461275942169100755E+00 0.30298798159062752003772851504764E+00
0.16346825967009556124819896678592E+00 0.31381163081234996905566030958246E+00
0.16840568334360449269793808432088E+00 0.32462553886905418177234616949843E+00
0.17335744738648586672760402419010E+00 0.33542949181568707845233590218400E+00
0.17832448136895542226113764609969E+00 0.34622329619158347863021688530963E+00
0.18330780615769768384815942395498E+00 0.35700678189226040590384421051378E+00
0.18830854435234091156212414037933E+00 0.36777980552804530486097833099360E+00
0.19332793226363636309987342022256E+00 0.37854225436811737195827028273738E+00
0.19836733371713321529027434462266E+00 0.38929405099202861098337108639436E+00
0.20342825602955814163244859678429E+00 0.40003515880078880010574219329830E+00
0.20851236858542373931894155561331E+00 0.41076558857819550705003130913666E+00
0.21362152454373045516933710377977E+00 0.42148540634323073446603480590745E+00
0.21875778633671206374332949235775E+00 0.43219474279969035891579940388892E+00
0.22392345579260739709775673375960E+00 0.44289380477609384475783581300074E+00
0.22912110994133413239184069897657E+00 0.45358288916264321376979561425695E+00
0.23435364384952677300585987992958E+00 0.46426240001121001716969267787520E+00
0.23962432225467935634019173914304E+00 0.47493286966213717008342753101223E+00
0.24493684222383376149107132773581E+00 0.48559498509205979084142957037105E+00
0.25029541004481439123157516775199E+00 0.49624962096010752459242259603396E+00
0.25570483583437411832869694976887E+00 0.50689788177848155561156957237677E+00
0.26117065306296533483407772363597E+00 0.51754115531155151878756252346717E+00
0.26669926538509944289902205476737E+00 0.52818118403827926815792327644787E+00
0.27229814710895916461875537815836E+00 0.53882015250958382869346365228348E+00
0.27797606470245057152734468370677E+00 0.54946082441773723589874150213196E+00
0.28374348630142003808568511313165E+00 0.56010666530739926782251405932539E+00
0.28961277178819765797959029212817E+00 0.57076220892070324775877066311316E+00
0.29559952880027335265788656423503E+00 0.58143296548564937045317339702286E+00
0.30172114216863391895697230795384E+00 0.59212720185007172337813172384328E+00
0.30928115451619459483288060182478E+00 0.60500407133743841003208529986150E+00
0.31712448813326478070092297856974E+00 0.61795277208018067614288193303673E+00
0.32532645211815708736559169747216E+00 0.63100957533547129401133066661663E+00
0.33399784340003437352753887332331E+00 0.64423205605744282123129992214294E+00
0.34331500276525629470834934229381E+00 0.65771820721684449025727250467544E+00
0.35302868824377900517074393233476E+00 0.67091671645493472541525477369857E+00
0.36273156356569889710949190645004E+00 0.68316812303561910295479831432279E+00
0.37246682501518624125839386515610E+00 0.69444906294089752131396804885597E+00
0.38224959700835129741801556539345E+00 0.70476894862962130887346069113249E+00
