0.16606055574913567914952229620944E+00 0.33637135323199940966467415259091E+00
0.17615151093178654201757666148557E+00 0.33530963210428255217297187703671E+00
0.18565806137579473594733333835656E+00 0.33431886946255249521961942260386E+00
0.19453978858293018351484082891042E+00 0.33339939877132195532800147305257E+00
0.20276610199859492700622738984629E+00 0.33255360368054366133006780966587E+00
0.21030485551922856083460106549159E+00 0.33178365616862005080684203490909E+00
0.21716297588445210116516268669676E+00 0.33108760067889700584570267885972E+00
0.22348349181788910851174864460045E+00 0.33044984160179066010378581254132E+00
0.22938708408851243671186651420823E+00 0.32985740369266046268985111863720E+00
0.23495406965890295743398540203417E+00 0.32930163140495282352476547291266E+00
0.24024128523485481645244124908203E+00 0.32877638768326290275272954331560E+00
0.23495406965890295743398540203417E+00 0.32930163140495282352476547291266E+00
0.22938708408851243671186651420823E+00 0.32985740369266046268985111863720E+00
0.22348349181788910851174864460045E+00 0.33044984160179066010378581254132E+00
0.21716297588445210116516268669676E+00 0.33108760067889700584570267885972E+00
0.21030485551922856083460106549159E+00 0.33178365616862005080684203490909E+00
0.20276610199859492700622738984629E+00 0.33255360368054366133006780966587E+00
0.19453978858293018351484082891042E+00 0.33339939877132195532800147305257E+00
0.18565806137579473594733333835656E+00 0.33431886946255249521961942260386E+00
0.17615151093178654201757666148557E+00 0.33530963210428255217297187703671E+00
0.16606055574913567914952229620944E+00 0.33637135323199940966467415259091E+00
0.16039474016116110404028370391567E+00 0.34983385914150903044427235884433E+00
0.15564460782143789715141316205611E+00 0.36427284619931367225326122473106E+00
0.15132229611006374704961805586453E+00 0.37952703196553822073638764499184E+00
0.14749642076485211238952586603470E+00 0.39562778702175258136426599515037E+00
0.14413317472911792518497012125326E+00 0.41256300514220650152280853440698E+00
0.14131458356715397065822667507434E+00 0.42951099938789880642389992300446E+00
0.13902362891695422553489693939769E+00 0.44584012584150080234212617608091E+00
0.13713070495634897324156622480577E+00 0.46172737247335516958880561475293E+00
0.13555051101894358051396718752374E+00 0.47727991605088531171741410796122E+00
0.13422603321767871390046406803766E+00 0.49256813068615477116902227410570E+00
0.13328372230917629817225088542779E+00 0.50514162173983261450293031235373E+00
0.13246918744608667597436102882386E+00 0.51758605486352731084809358240390E+00
0.13176661976201854933669865201439E+00 0.52991744444030889842153682709674E+00
0.13116319600371440174247282843667E+00 0.54214848242046280628612575447675E+00
0.13064822884925339642737609888316E+00 0.55428936766816398200538124458922E+00
0.13021269200251840900064548952751E+00 0.56634839850344223084340329955096E+00
0.12984887932662280966350984091729E+00 0.57833239918220272970638003672730E+00
0.12955015034737713003712979789715E+00 0.59024703308640809914980701380739E+00
0.12931073599340778867683391664401E+00 0.60209703698186764814541056704855E+00
0.12912558776833347374107660364039E+00 0.61388639912138637675671452120909E+00
0.12899025894723549647744642099631E+00 0.62561849663710548077961827704788E+00
0.12890080981333098344456904597713E+00 0.63729620291557914888382281505087E+00
0.12885373122047553445966303787391E+00 0.64892197250207213060276503069249E+00
0.12884588231561557918046533593352E+00 0.66049790895177174206280932582315E+00
0.12887443933542220826861608098417E+00 0.67202581957809500736407919911416E+00
0.12893685315887326548913190047516E+00 0.68350726001908729713590697433099E+00
0.12903081385189902106237104202198E+00 0.69494357080975804908204597637420E+00
0.12915422084642470028110065515922E+00 0.70633590761841785202206753919325E+00
0.12930515769774125952133056313977E+00 0.71768526641721034787911626814043E+00
0.12948187059075018593026570608063E+00 0.72899250456962830321028580122556E+00
0.12968274993778094076929776862497E+00 0.74025835860245012273996899173883E+00
0.12990631454278313510680874952168E+00 0.75148345926651398410326267317482E+00
0.13015119790902216082084310035240E+00 0.76266834436614765260632136059827E+00
0.13041613634736445408729669463134E+00 0.77381346974099391464562988658771E+00
0.13069995860521163618286705071121E+00 0.78491921870926710482571216777402E+00
0.13100157678613219091675594589080E+00 0.79598591022293412554134817347431E+00
0.13131997837018752031365893359102E+00 0.80701380593910732891372824525345E+00
0.13165421917709951674068760621911E+00 0.81800311637521279707601258394440E+00
0.13200341714043162142469163767721E+00 0.82895400628611811217826394580213E+00
0.13236674678215473077565253140965E+00 0.83986659937776750228600950467848E+00
0.13274343429432875919614253677728E+00 0.85074098245273203499195303739127E+00
0.13313275314892350028374443716912E+00 0.86157720906751219992482116816247E+00
0.13353402016862600642527320163764E+00 0.87237530276868929942473226408083E+00
0.13394659200131250956526005681581E+00 0.88313525996454765755716753153883E+00
0.13436986194906961878369483248721E+00 0.89385705248014521079232647125758E+00
0.13480325710953199837875334501476E+00 0.90454062983662789371580083580489E+00
0.13524623579309941380828415606867E+00 0.91518592128961158206313258153713E+00
0.13569828518449440563286215682994E+00 0.92579283765645233833800502663210E+00
0.13615891922127208534956368543285E+00 0.93636127295802763600485984078122E+00
0.13662767666543965807747004297710E+00 0.94689110589711658310105093456555E+00
0.13710411934735481952889628886902E+00 0.95738220119246733364107015258183E+00
0.13758783056366957746279977403659E+00 0.96783441078511122669062901553707E+00
0.13807841361330659104280781212641E+00 0.97824757493131039746781174259330E+00
0.13857549045737672930778832505220E+00 0.98862152319468759548115390529863E+00
0.13907870049060505265524529944949E+00 0.99895607534850176027825233294046E+00
0.13958769941326999299832279611220E+00 0.10092510421976740508439758451444E+01
0.14010215819391306740478015404947E+00 0.10195062263290014782912862427699E+01
0.14062176211416371362666914604025E+00 0.10297214227969820313797023192807E+01
0.14114620988797735890195934444712E+00 0.10398964197518001868204951313406E+01
0.14167521284841842842011138478171E+00 0.10500309990152644056669567090379E+01
0.14220849419585043926285216272296E+00 0.10601249366098235963465042015482E+01
0.14274578830204045951908994405651E+00 0.10701780032452154095774245471946E+01
0.14328684006525116327563520343103E+00 0.10801899647667936744432342706077E+01
0.14383140431189481130957541724392E+00 0.10901605825691427198492491609207E+01
0.14437924524076812736184265554177E+00 0.11000896139781960094803857727530E+01
0.14493013590627767346414716577610E+00 0.11099768126047376776388037052600E+01
0.14548385773741796796564356015595E+00 0.11198219286718639886480669721384E+01
0.14604020008957161782555054083201E+00 0.11296247093187179012181169670058E+01
0.14659895982648065176616690821717E+00 0.11393848988825720030023585641352E+01
0.14715994092998428071379995865480E+00 0.11491022391611312436758815084133E+01
0.14772295413533995605546333907746E+00 0.11587764696567385198854415915975E+01
0.14828781659014281847338029540496E+00 0.11684073278040043937680065513578E+01
0.14885435153503591605514918303981E+00 0.11779945491822346959251382373387E+01
0.14942238800456472554983618906584E+00 0.11875378677138990410797427638795E+01
0.14999176054667193244993644727323E+00 0.11970370158502686962305335226302E+01
0.15056230895945870091156137494607E+00 0.12064917247452443595554872873188E+01
0.15113387804395552006913431239046E+00 0.12159017244183050420682936308024E+01
0.15170631737175133835800514249847E+00 0.12252667439074220978306688461015E+01
0.15227948106642594878931963273902E+00 0.12345865114127065830352402949694E+01
0.15285322759781531098979504694096E+00 0.12438607544314968551125595358449E+01
0.15342741958822125758821316622375E+00 0.12530891998855196910671358506489E+01
0.15400192362974438336667157747955E+00 0.12622715742407179133325834992882E+01
0.15457661011198823598705505708212E+00 0.12714076036202748755870545055408E+01
0.15515135305943776075211732380954E+00 0.12804970139113284423896581380056E+01
0.15572602997787188404301448927889E+00 0.12895395308658248675406393760274E+01
0.15630052170921781696873785389843E+00 0.12985348801959230739054956638578E+01
0.15687471229429901220196528065024E+00 0.13074827876643309983617382527109E+01
0.15744848884297208352405061789765E+00 0.13163829791699211401033353769163E+01
0.15802174141118174434265429081020E+00 0.13252351808289452466580354065843E+01
0.15859436288450137485005718136228E+00 0.13340391190521465799296025801170E+01
0.15916624886775488930271347214370E+00 0.13427945206180386926748742022155E+01
0.15973729758034592376898968047818E+00 0.13515011127426049454501982405533E+01
0.16030740975694813414831212466291E+00 0.13601586231456493764220337086596E+01
0.16087648855323224284982664702484E+00 0.13687667801140140839285396614248E+01
0.16144443945632977100871800449055E+00 0.13773253125618619439178871863679E+01
0.16201117019975392939585335144734E+00 0.13858339500882077793607993742406E+01
0.16257659068251657998275276975636E+00 0.13942924230318690996976310736363E+01
0.16314061289219821142007265300413E+00 0.14027004625239939308753976048278E+01
0.16370315083174423012625176536485E+00 0.14110578005383122014752815410967E+01
0.16426412044977575824052247887437E+00 0.14193641699392473812761113678510E+01
0.16482343957421688452596598081416E+00 0.14276193045280140984415452309265E+01
0.16538102784905332041026357038780E+00 0.14358229390868199538451078745483E+01
0.16593680667404960810210631630851E+00 0.14439748094212808789558314055292E+01
0.16649069914726273857430419852854E+00 0.14520746524011515839528581675737E+01
0.16704263001019980918737899297936E+00 0.14601222059994668468541397291153E+01
0.16759252559547857395699001840705E+00 0.14681172093301814771169126252615E+01
0.16814031377685657963393113664632E+00 0.14760594026843919384886146493687E+01
0.16868592392150327423992244692650E+00 0.14839485275652171997844398395733E+01
0.16922928684439902485668583335709E+00 0.14917843267214094411095306638145E+01
0.16977033476474879665765342137386E+00 0.14995665441797646164221462349901E+01
0.17030900126430803810635934952533E+00 0.15072949252763925950366903913323E+01
0.17084522124752227251052220266643E+00 0.15149692166869086261172988684920E+01
0.17137893090338856340489352464345E+00 0.15225891664556004253466579597461E+01
0.17191006766895303636286372217502E+00 0.15301545240236214663318906415481E+01
0.17243857019436156087252984434223E+00 0.15376650402562611832816417481829E+01
0.17296437830938867359059261056171E+00 0.15451204674693355635213958988672E+01
0.17348743299137010918255603369520E+00 0.15525205594547416155720087478219E+01
0.17400767633447265122999763741162E+00 0.15598650715052171685133645366704E+01
0.17452505152023508128616833175183E+00 0.15671537604383396609268297734383E+01
0.17503950278932053793669252683433E+00 0.15743863846198050242197519648085E+01
0.17555097541442217561162441465990E+00 0.15815627039860142019094809614691E+01
0.17605941567426768924658352698486E+00 0.15886824800660025061840612649889E+01
0.17656477082867152284781741533703E+00 0.15957454760027400144648625876932E+01
0.17706698909458577499106900022851E+00 0.16027514565738299351694673956571E+01
0.17756601962310430077266682106318E+00 0.16097001882116325858320836394183E+01
0.17806181247737574206188057228584E+00 0.16165914390228381284017529329525E+01
0.17855431861138449484432018564308E+00 0.16234249788075123108034512871774E+01
0.17904348984956066620597199254770E+00 0.16302005790776367124872489400688E+01
0.17952927886718147214834450939147E+00 0.16369180130751639311208902343452E+01
0.18001163917152950496737383907274E+00 0.16435770557896077954998420350998E+01
0.18049052508377344440749946954326E+00 0.16501774839751860302326235512126E+01
0.18096589172154097904166927610088E+00 0.16567190761675341043390179128740E+01
0.18143769498215250137256360267572E+00 0.16632016127000054392863077490800E+01
0.18190589152648781811633783762631E+00 0.16696248757195741578154336048986E+01
0.18237043876345839335002236129133E+00 0.16759886492023549099253180230412E+01
0.18283129483505929178495725720142E+00 0.16822927189687540635849679717324E+01
0.18328841860197662938731980822116E+00 0.16885368726982645289319151807400E+01
0.18374176962972671344075620632103E+00 0.16947208999439175259663876330900E+01
0.18419130817530493610255294901661E+00 0.17008445921464026272775808336051E+01
0.18463699517432339706941353460603E+00 0.17069077426478677733032018568092E+01
0.18507879222861659933805401807756E+00 0.17129101467054088663372994546498E+01
0.18551666159429683431626311663355E+00 0.17188516015042600401655863859590E+01
0.18595056617024033918977489856446E+00 0.17247319061706937710225269290643E+01
0.18638046948698695317467917277841E+00 0.17305508617846393191787130259115E+01
0.18680633569603711333395787780171E+00 0.17363082713920290106496539557700E+01
0.18722812955952945247020523737034E+00 0.17420039400168799276028098592932E+01
0.18764581644028530463455996101182E+00 0.17476376746731182799701666680939E+01
0.18805936229220377228724480590080E+00 0.17532092843761556178178365212697E+01
0.18846873365099589718699796587060E+00 0.17587185801542208746989508190127E+01
0.18887389762524270379955339988063E+00 0.17641653750594582171181116570728E+01
0.18927482188776577165988652425268E+00 0.17695494841787942453181886377018E+01
0.18967147466729837786350675424032E+00 0.17748707246445820897635485538400E+01
0.19006382474044517304221765940848E+00 0.17801289156450276739182708009476E+01
0.19045184142391965156482892283078E+00 0.17853238784344031651652597352149E+01
0.19083549456704937297060572555933E+00 0.17904554363430538833092035417324E+01
0.19121475454453837231176585340283E+00 0.17955234147872018803041712532527E+01
0.19158959224947761325110897586832E+00 0.18005276412785524444441278174784E+01
0.19195997908659406207899496830220E+00 0.18054679454337071837264850699330E+01
0.19232588696572981692905137108375E+00 0.18103441589833878789909728572641E+01
0.19268728829554264857281876720292E+00 0.18151561157814756746860016007004E+01
0.19304415597742049203793717874996E+00 0.18199036518138685505181723744698E+01
0.19339646339960136038241911133375E+00 0.18245866052071619400765848421861E+01
0.19374418443149225049422268877863E+00 0.18292048162371548211891673691864E+01
0.19408729341817903015352279258204E+00 0.18337581273371851858642673052372E+01
0.19442576517512162401365109294124E+00 0.18382463831062981952638296559083E+01
0.19475957498302711656580563237421E+00 0.18426694303172496026435720967850E+01
0.19508869858289483942549718252963E+00 0.18470271179243476466390460721551E+01
0.19541311217122792942117900475738E+00 0.18513192970711360811942524353714E+01
0.19573279239540504859280367906829E+00 0.18555458210979207520557150280672E+01
0.19604771634920709588453536177282E+00 0.18597065455491428360473896016707E+01
0.19635786156849367804959898149044E+00 0.18638013281806002002045742326760E+01
0.19666320602702432527771723056185E+00 0.18678300289665201232534831933106E+01
0.19696372813241938611503441568567E+00 0.18717925101064848709042231681555E+01
0.19725940672225632905872806998107E+00 0.18756886360322124641037924469532E+01
0.19755022106029681823694104339005E+00 0.18795182734141947347585821377593E+01
0.19783615083284020932432170039864E+00 0.18832812911681942776989380542640E+01
0.19811717614519960131344241604818E+00 0.18869775604616022909728509153035E+01
0.19839327751829638699918570057312E+00 0.18906069547196591873559227303182E+01
0.19866443588536947383140719271622E+00 0.18941693496315391819286469948977E+01
0.19893063258879578639420254931472E+00 0.18976646231563008602744971160508E+01
0.19919184937701825683130017082442E+00 0.19010926555287050216262290619633E+01
0.19944806840157832259684117032751E+00 0.19044533292649013808203151669129E+01
0.19969927221424924925320475528910E+00 0.19077465291679852085625855093137E+01
0.19994544376426799834250763322387E+00 0.19109721423334255534746295021039E+01
0.20018656639566168092591593866894E+00 0.19141300581543662587575994499232E+01
0.20042262384466658814043872991301E+00 0.19172201683268006664865083679583E+01
0.20065360023723672524280249407252E+00 0.19202423668546215237810936867946E+01
0.20087948008663917896119327295931E+00 0.19231965500545469976382732382031E+01
0.20110024829113411246207407056147E+00 0.19260826165609238525023983707619E+01
0.20131589013173658361065874877859E+00 0.19289004673304088409462034610713E+01
0.20152639127005825151572909485153E+00 0.19316500056465292245268268962975E+01
0.20173173774622655261920917740793E+00 0.19343311371241233091014487250864E+01
0.20193191597687914965702499970067E+00 0.19369437697136620026368558844373E+01
0.20212691275323201866123680387618E+00 0.19394878137054519349880145577311E+01
0.20231671523921861205264013838397E+00 0.19419631817337213263020243949283E+01
0.20250131096969874690605972990300E+00 0.19443697887805889968363291071041E+01
0.20268068784873524610447073618401E+00 0.19467075521799174367747531593299E+01
0.20285483414793644598072146461841E+00 0.19489763916210506532999702846918E+01
0.20302373850486324020222627281287E+00 0.19511762291524372046981571477893E+01
0.20318738992149881658858035089232E+00 0.19533069891851394202967902507813E+01
0.20334577776277975681460800363386E+00 0.19553685984962290274618958243315E+01
0.20349889175518691758238442754575E+00 0.19573609862320700326546433215543E+01
0.20364672198539484937822286722004E+00 0.19592840839114892285921209569134E+01
0.20378925889897834105092886491589E+00 0.19611378254288349217949924812365E+01
0.20392649329917487124232081178365E+00 0.19629221470569243590079087318031E+01
0.20405841634570175912363790337881E+00 0.19646369874498802460345812358552E+01
0.20418501955362692619251710304314E+00 0.19662822876458569107216867280086E+01
0.20430629479229209111768340105384E+00 0.19678579910696564639520903220746E+01
0.20442223428428742038951255511742E+00 0.19693640435352353182335712678721E+01
0.20453283060447672748122904405978E+00 0.19708003932481015280973545797864E+01
0.20463807667907197219723173103683E+00 0.19721669908076032243346495009845E+01
0.20473796578475719870403010331594E+00 0.19734637892091085076973496383584E+01
0.20483249154785795301666850451013E+00 0.19746907438460772202772484364444E+01
0.20492164794356478059946080554877E+00 0.19758478125120243317183667327205E+01
0.20500542929518255849799372550907E+00 0.19769349554023771640475311289501E+01
0.20508383027348498167252614126966E+00 0.19779521351162206997261269410359E+01
0.20515684589594250076200824244124E+00 0.19788993166579489154856588458559E+01
0.20522447152648870975923200475182E+00 0.19797764674387711183027786412077E+01
0.20528670287391817504093514406629E+00 0.19805835572782204547921701046835E+01
0.20534353599435904369218241809993E+00 0.19813205584052450229886553702742E+01
0.20537842393222777735748505208616E+00 0.19817729416937292678942109069577E+01
0.20541091006842069755235435064927E+00 0.19821941562039664541997920672953E+01
0.20544099348877455595819962795622E+00 0.19825841954939139713821691800155E+01
0.20546867334718951608011286372076E+00 0.19829430535982040854702751818142E+01
0.20549394886540228629820892391166E+00 0.19832707250282737871060007705678E+01
0.20551802309817414545693854990528E+00 0.19835828093673559075356071840742E+01
0.20554209958502331926952745490730E+00 0.19838949096196929641927455579279E+01
0.20556617832575253866292476105185E+00 0.19842070257858987993629225519629E+01
0.20559025931999000174257358098735E+00 0.19845191578666006772863980787431E+01
0.20561434256790884817201164142736E+00 0.19848313058623837819497641689909E+01
0.20559025931999000174257358098735E+00 0.19845191578666006772863980787431E+01
0.20556617832575253866292476105185E+00 0.19842070257858987993629225519629E+01
0.20554209958502331926952745490730E+00 0.19838949096196929641927455579279E+01
0.20551802309817414545693854990528E+00 0.19835828093673559075356071840742E+01
0.20549394886540228629820892391166E+00 0.19832707250282737871060007705678E+01
0.20546867334718951608011286372076E+00 0.19829430535982040854702751818142E+01
0.20544099348877455595819962795622E+00 0.19825841954939139713821691800155E+01
0.20541091006842069755235435064927E+00 0.19821941562039664541997920672953E+01
0.20537842393222777735748505208616E+00 0.19817729416937292678942109069577E+01
0.20534353599435904369218241809993E+00 0.19813205584052450229886553702742E+01
0.20528670287391817504093514406629E+00 0.19805835572782204547921701046835E+01
0.20522447152648870975923200475182E+00 0.19797764674387711183027786412077E+01
0.20515684589594250076200824244124E+00 0.19788993166579489154856588458559E+01
0.20508383027348498167252614126966E+00 0.19779521351162206997261269410359E+01
0.20500542929518255849799372550907E+00 0.19769349554023771640475311289501E+01
0.20492164794356478059946080554877E+00 0.19758478125120243317183667327205E+01
0.20483249154785795301666850451013E+00 0.19746907438460772202772484364444E+01
0.20473796578475719870403010331594E+00 0.19734637892091085076973496383584E+01
0.20463807667907197219723173103683E+00 0.19721669908076032243346495009845E+01
0.20453283060447672748122904405978E+00 0.19708003932481015280973545797864E+01
0.20442223428428742038951255511742E+00 0.19693640435352353182335712678721E+01
0.20430629479229209111768340105384E+00 0.19678579910696564639520903220746E+01
0.20418501955362692619251710304314E+00 0.19662822876458569107216867280086E+01
0.20405841634570175912363790337881E+00 0.19646369874498802460345812358552E+01
0.20392649329917487124232081178365E+00 0.19629221470569243590079087318031E+01
0.20378925889897834105092886491589E+00 0.19611378254288349217949924812365E+01
0.20364672198539484937822286722004E+00 0.19592840839114892285921209569134E+01
0.20349889175518691758238442754575E+00 0.19573609862320700326546433215543E+01
0.20334577776277975681460800363386E+00 0.19553685984962290274618958243315E+01
0.20318738992149881658858035089232E+00 0.19533069891851394202967902507813E+01
0.20302373850486324020222627281287E+00 0.19511762291524372046981571477893E+01
0.20285483414793644598072146461841E+00 0.19489763916210506532999702846918E+01
0.20268068784873524610447073618401E+00 0.19467075521799174367747531593299E+01
0.20250131096969874690605972990300E+00 0.19443697887805889968363291071041E+01
0.20231671523921861205264013838397E+00 0.19419631817337213263020243949283E+01
0.20212691275323201866123680387618E+00 0.19394878137054519349880145577311E+01
0.20193191597687914965702499970067E+00 0.19369437697136620026368558844373E+01
0.20173173774622655261920917740793E+00 0.19343311371241233091014487250864E+01
0.20152639127005825151572909485153E+00 0.19316500056465292245268268962975E+01
0.20131589013173658361065874877859E+00 0.19289004673304088409462034610713E+01
0.20110024829113411246207407056147E+00 0.19260826165609238525023983707619E+01
0.20087948008663917896119327295931E+00 0.19231965500545469976382732382031E+01
0.20065360023723672524280249407252E+00 0.19202423668546215237810936867946E+01
0.20042262384466658814043872991301E+00 0.19172201683268006664865083679583E+01
0.20018656639566168092591593866894E+00 0.19141300581543662587575994499232E+01
0.19994544376426799834250763322387E+00 0.19109721423334255534746295021039E+01
0.19969927221424924925320475528910E+00 0.19077465291679852085625855093137E+01
0.19944806840157832259684117032751E+00 0.19044533292649013808203151669129E+01
0.19919184937701825683130017082442E+00 0.19010926555287050216262290619633E+01
0.19893063258879578639420254931472E+00 0.18976646231563008602744971160508E+01
0.19866443588536947383140719271622E+00 0.18941693496315391819286469948977E+01
0.19839327751829638699918570057312E+00 0.18906069547196591873559227303182E+01
0.19811717614519960131344241604818E+00 0.18869775604616022909728509153035E+01
0.19783615083284020932432170039864E+00 0.18832812911681942776989380542640E+01
0.19755022106029681823694104339005E+00 0.18795182734141947347585821377593E+01
0.19725940672225632905872806998107E+00 0.18756886360322124641037924469532E+01
0.19696372813241938611503441568567E+00 0.18717925101064848709042231681555E+01
0.19666320602702432527771723056185E+00 0.18678300289665201232534831933106E+01
0.19635786156849367804959898149044E+00 0.18638013281806002002045742326760E+01
0.19604771634920709588453536177282E+00 0.18597065455491428360473896016707E+01
0.19573279239540504859280367906829E+00 0.18555458210979207520557150280672E+01
0.19541311217122792942117900475738E+00 0.18513192970711360811942524353714E+01
0.19508869858289483942549718252963E+00 0.18470271179243476466390460721551E+01
0.19475957498302711656580563237421E+00 0.18426694303172496026435720967850E+01
0.19442576517512162401365109294124E+00 0.18382463831062981952638296559083E+01
0.19408729341817903015352279258204E+00 0.18337581273371851858642673052372E+01
0.19374418443149225049422268877863E+00 0.18292048162371548211891673691864E+01
0.19339646339960136038241911133375E+00 0.18245866052071619400765848421861E+01
0.19304415597742049203793717874996E+00 0.18199036518138685505181723744698E+01
0.19268728829554264857281876720292E+00 0.18151561157814756746860016007004E+01
0.19232588696572981692905137108375E+00 0.18103441589833878789909728572641E+01
0.19195997908659406207899496830220E+00 0.18054679454337071837264850699330E+01
0.19158959224947761325110897586832E+00 0.18005276412785524444441278174784E+01
0.19121475454453837231176585340283E+00 0.17955234147872018803041712532527E+01
0.19083549456704937297060572555933E+00 0.17904554363430538833092035417324E+01
0.19045184142391965156482892283078E+00 0.17853238784344031651652597352149E+01
0.19006382474044517304221765940848E+00 0.17801289156450276739182708009476E+01
0.18967147466729837786350675424032E+00 0.17748707246445820897635485538400E+01
0.18927482188776577165988652425268E+00 0.17695494841787942453181886377018E+01
0.18887389762524270379955339988063E+00 0.17641653750594582171181116570728E+01
0.18846873365099589718699796587060E+00 0.17587185801542208746989508190127E+01
0.18805936229220377228724480590080E+00 0.17532092843761556178178365212697E+01
0.18764581644028530463455996101182E+00 0.17476376746731182799701666680939E+01
0.18722812955952945247020523737034E+00 0.17420039400168799276028098592932E+01
0.18680633569603711333395787780171E+00 0.17363082713920290106496539557700E+01
0.18638046948698695317467917277841E+00 0.17305508617846393191787130259115E+01
0.18595056617024033918977489856446E+00 0.17247319061706937710225269290643E+01
0.18551666159429683431626311663355E+00 0.17188516015042600401655863859590E+01
0.18507879222861659933805401807756E+00 0.17129101467054088663372994546498E+01
0.18463699517432339706941353460603E+00 0.17069077426478677733032018568092E+01
0.18419130817530493610255294901661E+00 0.17008445921464026272775808336051E+01
0.18374176962972671344075620632103E+00 0.16947208999439175259663876330900E+01
0.18328841860197662938731980822116E+00 0.16885368726982645289319151807400E+01
0.18283129483505929178495725720142E+00 0.16822927189687540635849679717324E+01
0.18237043876345839335002236129133E+00 0.16759886492023549099253180230412E+01
0.18190589152648781811633783762631E+00 0.16696248757195741578154336048986E+01
0.18143769498215250137256360267572E+00 0.16632016127000054392863077490800E+01
0.18096589172154097904166927610088E+00 0.16567190761675341043390179128740E+01
0.18049052508377344440749946954326E+00 0.16501774839751860302326235512126E+01
0.18001163917152950496737383907274E+00 0.16435770557896077954998420350998E+01
0.17952927886718147214834450939147E+00 0.16369180130751639311208902343452E+01
0.17904348984956066620597199254770E+00 0.16302005790776367124872489400688E+01
0.17855431861138449484432018564308E+00 0.16234249788075123108034512871774E+01
0.17806181247737574206188057228584E+00 0.16165914390228381284017529329525E+01
0.17756601962310430077266682106318E+00 0.16097001882116325858320836394183E+01
0.17706698909458577499106900022851E+00 0.16027514565738299351694673956571E+01
0.17656477082867152284781741533703E+00 0.15957454760027400144648625876932E+01
0.17605941567426768924658352698486E+00 0.15886824800660025061840612649889E+01
0.17555097541442217561162441465990E+00 0.15815627039860142019094809614691E+01
0.17503950278932053793669252683433E+00 0.15743863846198050242197519648085E+01
0.17452505152023508128616833175183E+00 0.15671537604383396609268297734383E+01
0.17400767633447265122999763741162E+00 0.15598650715052171685133645366704E+01
0.17348743299137010918255603369520E+00 0.15525205594547416155720087478219E+01
0.17296437830938867359059261056171E+00 0.15451204674693355635213958988672E+01
0.17243857019436156087252984434223E+00 0.15376650402562611832816417481829E+01
0.17191006766895303636286372217502E+00 0.15301545240236214663318906415481E+01
0.17137893090338856340489352464345E+00 0.15225891664556004253466579597461E+01
0.17084522124752227251052220266643E+00 0.15149692166869086261172988684920E+01
0.17030900126430803810635934952533E+00 0.15072949252763925950366903913323E+01
0.16977033476474879665765342137386E+00 0.14995665441797646164221462349901E+01
0.16922928684439902485668583335709E+00 0.14917843267214094411095306638145E+01
0.16868592392150327423992244692650E+00 0.14839485275652171997844398395733E+01
0.16814031377685657963393113664632E+00 0.14760594026843919384886146493687E+01
0.16759252559547857395699001840705E+00 0.14681172093301814771169126252615E+01
0.16704263001019980918737899297936E+00 0.14601222059994668468541397291153E+01
0.16649069914726273857430419852854E+00 0.14520746524011515839528581675737E+01
0.16593680667404960810210631630851E+00 0.14439748094212808789558314055292E+01
0.16538102784905332041026357038780E+00 0.14358229390868199538451078745483E+01
0.16482343957421688452596598081416E+00 0.14276193045280140984415452309265E+01
0.16426412044977575824052247887437E+00 0.14193641699392473812761113678510E+01
0.16370315083174423012625176536485E+00 0.14110578005383122014752815410967E+01
0.16314061289219821142007265300413E+00 0.14027004625239939308753976048278E+01
0.16257659068251657998275276975636E+00 0.13942924230318690996976310736363E+01
0.16201117019975392939585335144734E+00 0.13858339500882077793607993742406E+01
0.16144443945632977100871800449055E+00 0.13773253125618619439178871863679E+01
0.16087648855323224284982664702484E+00 0.13687667801140140839285396614248E+01
0.16030740975694813414831212466291E+00 0.13601586231456493764220337086596E+01
0.15973729758034592376898968047818E+00 0.13515011127426049454501982405533E+01
0.15916624886775488930271347214370E+00 0.13427945206180386926748742022155E+01
0.15859436288450137485005718136228E+00 0.13340391190521465799296025801170E+01
0.15802174141118174434265429081020E+00 0.13252351808289452466580354065843E+01
0.15744848884297208352405061789765E+00 0.13163829791699211401033353769163E+01
0.15687471229429901220196528065024E+00 0.13074827876643309983617382527109E+01
0.15630052170921781696873785389843E+00 0.12985348801959230739054956638578E+01
0.15572602997787188404301448927889E+00 0.12895395308658248675406393760274E+01
0.15515135305943776075211732380954E+00 0.12804970139113284423896581380056E+01
0.15457661011198823598705505708212E+00 0.12714076036202748755870545055408E+01
0.15400192362974438336667157747955E+00 0.12622715742407179133325834992882E+01
0.15342741958822125758821316622375E+00 0.12530891998855196910671358506489E+01
0.15285322759781531098979504694096E+00 0.12438607544314968551125595358449E+01
0.15227948106642594878931963273902E+00 0.12345865114127065830352402949694E+01
0.15170631737175133835800514249847E+00 0.12252667439074220978306688461015E+01
0.15113387804395552006913431239046E+00 0.12159017244183050420682936308024E+01
0.15056230895945870091156137494607E+00 0.12064917247452443595554872873188E+01
0.14999176054667193244993644727323E+00 0.11970370158502686962305335226302E+01
0.14942238800456472554983618906584E+00 0.11875378677138990410797427638795E+01
0.14885435153503591605514918303981E+00 0.11779945491822346959251382373387E+01
0.14828781659014281847338029540496E+00 0.11684073278040043937680065513578E+01
0.14772295413533995605546333907746E+00 0.11587764696567385198854415915975E+01
0.14715994092998428071379995865480E+00 0.11491022391611312436758815084133E+01
0.14659895982648065176616690821717E+00 0.11393848988825720030023585641352E+01
0.14604020008957161782555054083201E+00 0.11296247093187179012181169670058E+01
0.14548385773741796796564356015595E+00 0.11198219286718639886480669721384E+01
0.14493013590627767346414716577610E+00 0.11099768126047376776388037052600E+01
0.14437924524076812736184265554177E+00 0.11000896139781960094803857727530E+01
0.14383140431189481130957541724392E+00 0.10901605825691427198492491609207E+01
0.14328684006525116327563520343103E+00 0.10801899647667936744432342706077E+01
0.14274578830204045951908994405651E+00 0.10701780032452154095774245471946E+01
0.14220849419585043926285216272296E+00 0.10601249366098235963465042015482E+01
0.14167521284841842842011138478171E+00 0.10500309990152644056669567090379E+01
0.14114620988797735890195934444712E+00 0.10398964197518001868204951313406E+01
0.14062176211416371362666914604025E+00 0.10297214227969820313797023192807E+01
0.14010215819391306740478015404947E+00 0.10195062263290014782912862427699E+01
0.13958769941326999299832279611220E+00 0.10092510421976740508439758451444E+01
0.13907870049060505265524529944949E+00 0.99895607534850176027825233294046E+00
0.13857549045737672930778832505220E+00 0.98862152319468759548115390529863E+00
0.13807841361330659104280781212641E+00 0.97824757493131039746781174259330E+00
0.13758783056366957746279977403659E+00 0.96783441078511122669062901553707E+00
0.13710411934735481952889628886902E+00 0.95738220119246733364107015258183E+00
0.13662767666543965807747004297710E+00 0.94689110589711658310105093456555E+00
0.13615891922127208534956368543285E+00 0.93636127295802763600485984078122E+00
0.13569828518449440563286215682994E+00 0.92579283765645233833800502663210E+00
0.13524623579309941380828415606867E+00 0.91518592128961158206313258153713E+00
0.13480325710953199837875334501476E+00 0.90454062983662789371580083580489E+00
0.13436986194906961878369483248721E+00 0.89385705248014521079232647125758E+00
0.13394659200131250956526005681581E+00 0.88313525996454765755716753153883E+00
0.13353402016862600642527320163764E+00 0.87237530276868929942473226408083E+00
0.13313275314892350028374443716912E+00 0.86157720906751219992482116816247E+00
0.13274343429432875919614253677728E+00 0.85074098245273203499195303739127E+00
0.13236674678215473077565253140965E+00 0.83986659937776750228600950467848E+00
0.13200341714043162142469163767721E+00 0.82895400628611811217826394580213E+00
0.13165421917709951674068760621911E+00 0.81800311637521279707601258394440E+00
0.13131997837018752031365893359102E+00 0.80701380593910732891372824525345E+00
0.13100157678613219091675594589080E+00 0.79598591022293412554134817347431E+00
0.13069995860521163618286705071121E+00 0.78491921870926710482571216777402E+00
0.13041613634736445408729669463134E+00 0.77381346974099391464562988658771E+00
0.13015119790902216082084310035240E+00 0.76266834436614765260632136059827E+00
0.12990631454278313510680874952168E+00 0.75148345926651398410326267317482E+00
0.12968274993778094076929776862497E+00 0.74025835860245012273996899173883E+00
0.12948187059075018593026570608063E+00 0.72899250456962830321028580122556E+00
0.12930515769774125952133056313977E+00 0.71768526641721034787911626814043E+00
0.12915422084642470028110065515922E+00 0.70633590761841785202206753919325E+00
0.12903081385189902106237104202198E+00 0.69494357080975804908204597637420E+00
0.12893685315887326548913190047516E+00 0.68350726001908729713590697433099E+00
0.12887443933542220826861608098417E+00 0.67202581957809500736407919911416E+00
0.12884588231561557918046533593352E+00 0.66049790895177174206280932582315E+00
0.12885373122047553445966303787391E+00 0.64892197250207213060276503069249E+00
0.12890080981333098344456904597713E+00 0.63729620291557914888382281505087E+00
0.12899025894723549647744642099631E+00 0.62561849663710548077961827704788E+00
0.12912558776833347374107660364039E+00 0.61388639912138637675671452120909E+00
0.12931073599340778867683391664401E+00 0.60209703698186764814541056704855E+00
0.12955015034737713003712979789715E+00 0.59024703308640809914980701380739E+00
0.12984887932662280966350984091729E+00 0.57833239918220272970638003672730E+00
0.13021269200251840900064548952751E+00 0.56634839850344223084340329955096E+00
0.13064822884925339642737609888316E+00 0.55428936766816398200538124458922E+00
0.13116319600371440174247282843667E+00 0.54214848242046280628612575447675E+00
0.13176661976201854933669865201439E+00 0.52991744444030889842153682709674E+00
0.13246918744608667597436102882386E+00 0.51758605486352731084809358240390E+00
0.13328372230917629817225088542779E+00 0.50514162173983261450293031235373E+00
0.13422603321767871390046406803766E+00 0.49256813068615477116902227410570E+00
0.13555051101894358051396718752374E+00 0.47727991605088531171741410796122E+00
0.13713070495634897324156622480577E+00 0.46172737247335516958880561475293E+00
0.13902362891695422553489693939769E+00 0.44584012584150080234212617608091E+00
0.14131458356715397065822667507434E+00 0.42951099938789880642389992300446E+00
0.14413317472911792518497012125326E+00 0.41256300514220650152280853440698E+00
0.14749642076485211238952586603470E+00 0.39562778702175258136426599515037E+00
0.15132229611006374704961805586453E+00 0.37952703196553822073638764499184E+00
0.15564460782143789715141316205611E+00 0.36427284619931367225326122473106E+00
0.16039474016116110404028370391567E+00 0.34983385914150903044427235884433E+00
0.16606055574913567914952229620944E+00 0.33637135323199940966467415259091E+00
0.15779352572753561470806043693698E+00 0.32431325141339235187307040186974E+00
0.14996745106703714736574238890094E+00 0.31122459314996647681674749298674E+00
0.14244226040031674016809014250563E+00 0.29716026467759255079228742076461E+00
0.13520459530783482338445075961227E+00 0.28211348763781320677959238397817E+00
0.12820464741219146904482382295789E+00 0.26610489380366363169696851524201E+00
0.12170973493441554261722632929708E+00 0.24992040434433436910486098478648E+00
0.11584479086126378466709872213669E+00 0.23419086185919267803367732689560E+00
0.11044612595583226738543970897623E+00 0.21877185246072661204466608737227E+00
0.10540982332682310296679678287228E+00 0.20357679659384758328326016168431E+00
0.10066449559830655175524731035711E+00 0.18854982561979080049331042134462E+00
0.96896211186988980402472024808039E-01 0.17612746872252755135563463003119E+00
0.93270453385298887492274213728806E-01 0.16377946202830668213151777829927E+00
0.89770610133677424320336201084618E-01 0.15149302074552938579837243998182E+00
0.86381365780419612411842761506778E-01 0.13925865007225572717564252714600E+00
0.83090599289984736252723665256821E-01 0.12706865428154816942858602984946E+00
0.79887953626424544562370354970592E-01 0.11491690273404036407649632938221E+00
0.76764711033151493952120209975715E-01 0.10279840412728001131439188212582E+00
0.73713391225138405101476953070728E-01 0.90709079812927497001841772951073E-01
0.70727547635994971933455642206351E-01 0.78645568038719162237015988875369E-01
0.67801575757133140143756242361193E-01 0.66605084755778243516591531179292E-01
0.64930574026992377633388570588858E-01 0.54585313956950482977877480593471E-01
0.62110229582205651153493492310160E-01 0.42584323352712744738304232348298E-01
0.59336727710907872880959996304288E-01 0.30600497737273617060330768950155E-01
0.56606677962709764754006665305758E-01 0.18632486108399846105661881216124E-01
0.53917053767646110270235111580632E-01 0.66791591829450915982645753325115E-02
0.51265142523245359062988332861055E-01 -0.52604250029776482828490009271076E-02
0.48648504069404290358632903093072E-01 -0.17187049186753922578152788003464E-01
0.46064935879888879273501286043237E-01 -0.29101359989840657850735544885701E-01
0.43512443699454971547165830260703E-01 -0.41003887063052443465221028574960E-01
0.40989216623236593084929795330706E-01 -0.52895059048675288158840948782606E-01
0.38493605828475335273526955594057E-01 -0.64775216968553851726732925467159E-01
0.36024106328447581776947367315494E-01 -0.76644625515987220529302393001132E-01
0.33579341243031846910067045270371E-01 -0.88503482629482935614566823694578E-01
0.31158048177046063039770193525080E-01 -0.10035192764962839084450416916774E+00
0.28759067373560345641131460862224E-01 -0.11219004830084216906990816517679E+00
0.26381331369565687156461291004060E-01 -0.12401788669328451403593021678402E+00
0.24023855929359084351005680835162E-01 -0.13583544450362618573930291763207E+00
0.21685732069509985652372959030526E-01 -0.14764268746439654495334378515895E+00
0.19366119020365239025050678295203E-01 -0.15943954926851709652505806668076E+00
0.17064237994311769032737150033924E-01 -0.17122593497708640401304416000613E+00
0.14779366651651605495207410786193E-01 -0.18300172400351650128787155498277E+00
0.12510834171892491268619205202205E-01 -0.19476677273498209691363831140691E+00
0.10258016852246142268969107282920E-01 -0.20652091684223989850786666212801E+00
0.80203341667284215593497126463615E-02 -0.21826397332076097076654360217451E+00
0.57972452289212934265541114500650E-02 -0.22999574229943679871286132843438E+00
0.35882456095430749190413214838878E-02 -0.24171600864759198768871506867816E+00
0.13928644667680220840080964924565E-02 -0.25342454340644606773460633745496E+00
-0.78933804703320451111426422953878E-03 -0.26512110506733917912880933672727E+00
-0.29587731336103609643352801711074E-02 -0.27680544071582986877597658236365E+00
-0.51158254795633748785765908538835E-02 -0.28847728705808226365974524065996E+00
-0.72608551933289180283820335806405E-02 -0.30013637134368581492550963604254E+00
-0.93941995692603702761318551800767E-02 -0.31178241219713287715652061615575E+00
-0.11516174697062787789219567953523E-01 -0.32341512036854529610409522074539E+00
-0.13627076932623082728920952553925E-01 -0.33503419941285302773421456841223E+00
-0.15727184244362422737237819049246E-01 -0.34663934630544353915982943733049E+00
-0.17816757447581915050028222706338E-01 -0.35823025200128070021541431989911E+00
-0.19896041337831993790303026931686E-01 -0.36980660194362316045763826441925E+00
-0.21965265733088712863725057913354E-01 -0.38136807652771804443335221790353E+00
-0.24024646433426700690341137498530E-01 -0.39291435152419726794816508180065E+00
-0.26074386105926276400109632082108E-01 -0.40444509846634311382146716161917E+00
-0.28114675101716712329753044953014E-01 -0.41595998500490042592353669220457E+00
-0.30145692211323314927873846066050E-01 -0.42745867523369038990324987678241E+00
-0.32167605363841456716100829828111E-01 -0.43894082998891107934945198266545E+00
-0.34180572274890204931387642144972E-01 -0.45040610712468533399324486783870E+00
-0.36184741047795489109719640866731E-01 -0.46185416176713816569152892667901E+00
-0.38180250732008827619745719097689E-01 -0.47328464654903255272978842014763E+00
-0.40167231842369667728211449138395E-01 -0.48469721182677918126034593405849E+00
-0.42145806842470841319353896624033E-01 -0.49609150588144177746797109682212E+00
-0.44116090595073410225226055462725E-01 -0.50746717510519077021088509247117E+00
-0.46078190782238405997371714627377E-01 -0.51882386417450859458434279707840E+00
-0.48032208297593785398331839505952E-01 -0.53016121621131722916200314111427E+00
-0.49978237612932934286246346406778E-01 -0.54147887293308231003450267335807E+00
-0.51916367121141605807795312392167E-01 -0.55277647479284166393123767744090E+00
-0.53846679457270368169934749011283E-01 -0.56405366111001592540863393229321E+00
-0.55769251799409175120115543891049E-01 -0.57531007019277427463017819906053E+00
-0.57684156150876958405624848890600E-01 -0.58654533945265495327379902896273E+00
-0.59591459605106352713970987763501E-01 -0.59775910551207537516363566381816E+00
-0.61491224594488062402122694078341E-01 -0.60895100430530618487985300367827E+00
-0.63383509124332435812113759597700E-01 -0.62012067117343108199702014614423E+00
-0.65268366993007757828643619828913E-01 -0.63126774095376772710401683322954E+00
-0.67145847999231152634258909253734E-01 -0.64239184806418106071897537799539E+00
-0.69015998137404994250831861047775E-01 -0.65349262658268263205123979176051E+00
-0.70878859781822308582300166380109E-01 -0.66456971032267472205782552000918E+00
-0.72734471860498745110219502431797E-01 -0.67562273290416791080816024896979E+00
-0.74582870019328875861939390519498E-01 -0.68665132782126985005658109045859E+00
-0.76424086777211060200873904568927E-01 -0.69765512850622128692220857088558E+00
-0.78258151672734315251391015976244E-01 -0.70863376839022815511650644953617E+00
-0.80085091402977511193056767545766E-01 -0.71958688096132257256498802323257E+00
-0.81904929954928628030585721753974E-01 -0.73051409981946067332914648693737E+00
-0.83717688729993599460301810600401E-01 -0.74141505872905390104836012165504E+00
-0.85523386662031340661969784612344E-01 -0.75228939166910999835184723174973E+00
-0.87322040329318381058965437692870E-01 -0.76313673288114912524129791686869E+00
-0.89113664060818136507679274906889E-01 -0.77395671691504532590971769958930E+00
-0.90898270037102808044011913326611E-01 -0.78474897867293194244808686656916E+00
-0.92675868386251435011705342682470E-01 -0.79551315345130094868668718214224E+00
-0.94446467275025559823830620257876E-01 -0.80624887698141291818857990878186E+00
-0.96210072995601523162390115567361E-01 -0.81695578546812831675385572373764E+00
-0.97966690048122043416171634785994E-01 -0.82763351562726079453637744675800E+00
-0.99716321219308299808116054446717E-01 -0.83828170472154479818533635682368E+00
-0.10145896765736068731381728279341E+00 -0.84889999059530826213503339620458E+00
-0.10319462894336032049407224600238E+00 -0.85948801170792405732889762442812E+00
-0.10492330315936724981301143896356E+00 -0.87004540716612190279897677019393E+00
-0.10664498695340310819467907695042E+00 -0.88057181675522408761228486138459E+00
-0.10835967560148777741072446138012E+00 -0.89106688096937188912341902730560E+00
-0.11006736306689535509665629517610E+00 -0.90153024104080235176106330285869E+00
-0.11176804205677779038163787829909E+00 -0.91196153896822895234413670588049E+00
-0.11346170407630043400267506554197E+00 -0.92236041754437985603272611075153E+00
-0.11514833948042181388401207454239E+00 -0.93272652038274022533527482180999E+00
-0.11682793752344212950421206369290E+00 -0.94305949194354330220069430824634E+00
-0.11850048640643833111811375810279E+00 -0.95335897755905303991184285257755E+00
-0.12016597332269554768941382439628E+00 -0.96362462345817551275126643789678E+00
-0.12182438450123843239620796094868E+00 -0.97385607679043643770204276816010E+00
-0.12347570524855969190956593785143E+00 -0.98405298564935794460624280129777E+00
-0.12511991998863655580251811016922E+00 -0.99421499909526609276156824966422E+00
-0.12675701230132335283545102288589E+00 -0.10043417671775596060018533591819E+01
-0.12838696495919836775282418845010E+00 -0.10144329409564657726498420369704E+01
-0.13000975996294364553801787851709E+00 -0.10244881725243104386943399915197E+01
-0.13162537857532906319965265541788E+00 -0.10345071150263258494173544399629E+01
-0.13323380135386826050601666321870E+00 -0.10444894226810188187945623783273E+01
-0.13483500818221056663866884991765E+00 -0.10544347508001206741806589403562E+01
-0.13642897830032984534713568708321E+00 -0.10643427558081381237937367062337E+01
-0.13801569033356712616032093168118E+00 -0.10742130952615245600491649917296E+01
-0.13959512232058058176546686366177E+00 -0.10840454278674883348378078380939E+01
-0.14116725174025455478364727699664E+00 -0.10938394135024546449514626367133E+01
-0.14273205553761546709206122439512E+00 -0.11035947132301969471417599115457E+01
-0.14428951014880016089390566477636E+00 -0.11133109893196509284969767654882E+01
-0.14583959152512001086821089534023E+00 -0.11229879052624260219394691071234E+01
-0.14738227515626207945470655800879E+00 -0.11326251257900267891081004599149E+01
-0.14891753609266510370303890616741E+00 -0.11422223168907944654139954154474E+01
-0.15044534896710781802515953702477E+00 -0.11517791458265833440846044699461E+01
-0.15196568801554464036582829848020E+00 -0.11612952811491786029805347288196E+01
-0.15347852709722004746971447261786E+00 -0.11707703927164686910942462130541E+01
-0.15498383971409549923302586403415E+00 -0.11802041517083799116502514916787E+01
-0.15648159902961681012980114727853E+00 -0.11895962306425822499368323406455E+01
-0.15797177788685009028970314040602E+00 -0.11989463033899756477927005082602E+01
-0.15945434882601463947984383870408E+00 -0.12082540451899629933355245467357E+01
-0.16092928410143604817271699355613E+00 -0.12175191326655183675484803435248E+01
-0.16239655569794632159422113059324E+00 -0.12267412438380580720944974184732E+01
-0.16385613534675139113211601153530E+00 -0.12359200581421181829751330850612E+01
-0.16530799454078957274007560790246E+00 -0.12450552564398488594739174172052E+01
-0.16675210454960179139518002501343E+00 -0.12541465210353271837091900210827E+01
-0.16818843643373212028097686672826E+00 -0.12631935356886971388092549454770E+01
-0.16961696105867895019306034065608E+00 -0.12721959856301405490137080474065E+01
-0.17103764910841389651297514506687E+00 -0.12811535575736831941460564254128E+01
-0.17245047109848603999602166938119E+00 -0.12900659397308426037896651897792E+01
-0.17385539738872729642402560055171E+00 -0.12989328218241200093186356490222E+01
-0.17525239819557524236533636293869E+00 -0.13077538951003419061978625061540E+01
-0.17664144360402719313228570769988E+00 -0.13165288523438545579965451423601E+01
-0.17802250357924051622530144300170E+00 -0.13252573878895742694686133210200E+01
-0.17939554797779317200241158446305E+00 -0.13339391976358996459687398275233E+01
-0.18076054655861491075975404404212E+00 -0.13425739790574849584187230581186E+01
-0.18211746899360539896165307739750E+00 -0.13511614312178819544383170650774E+01
-0.18346628487794657757227849225141E+00 -0.13597012547820500449613123019239E+01
-0.18480696374012450026423345001298E+00 -0.13681931520287388297816200251685E+01
-0.18613947505166838309495462715820E+00 -0.13766368268627457826088090339716E+01
-0.18746378823661878489628013620623E+00 -0.13850319848270508768271538546625E+01
-0.18877987268073458730386819513723E+00 -0.13933783331148309252231235313090E+01
-0.19008769774044697274371869080632E+00 -0.14016755805813559184014628627252E+01
-0.19138723275157085796680878357192E+00 -0.14099234377557687804901859030183E+01
-0.19267844703778161664428555913315E+00 -0.14181216168527517653291695407579E+01
-0.19396130991886535944965430841379E+00 -0.14262698317840798664790057085394E+01
-0.19523579071875057476332252079753E+00 -0.14343677981700641457180142049669E+01
-0.19650185877332869840667487382296E+00 -0.14424152333508862007340229621634E+01
-0.19775948343807150069790783027246E+00 -0.14504118563978251408063617749714E+01
-0.19900863409545073202171628243401E+00 -0.14583573881243791788771641244873E+01
-0.20024928016216810904387976426448E+00 -0.14662515510972826067423290926639E+01
-0.20148139109620128834465140162275E+00 -0.14740940696474193618030399739898E+01
-0.20270493640367159129081537444713E+00 -0.14818846698806361351994470470895E+01
-0.20391988564554064723776116808260E+00 -0.14896230796884526617190289048031E+01
-0.20512620844413930712370641439841E+00 -0.14973090287586750227954832826199E+01
-0.20632387448953712521392494434299E+00 -0.15049422485859084952096153871217E+01
-0.20751285354575448979333047850189E+00 -0.15125224724819739380397008191158E+01
-0.20869311545682464000034535562380E+00 -0.15200494355862276387077938885752E+01
-0.20986463015270935182487422179679E+00 -0.15275228748757850497224442195665E+01
-0.21102736765507283918414516014981E+00 -0.15349425291756504714768272000346E+01
-0.21218129808291856927388123089757E+00 -0.15423081391687517792476349912712E+01
-0.21332639165809292885158559400528E+00 -0.15496194474058826016034084819773E+01
-0.21446261871065983651500665532281E+00 -0.15568761983155519370676024505584E+01
-0.21558994968415011110112141953277E+00 -0.15640781382137409976348499914510E+01
-0.21670835514069004633778733851026E+00 -0.15712250153135700734737106689359E+01
-0.21781780576601109373473650823601E+00 -0.15783165797348730890504321015812E+01
-0.21891827237434618488902067271089E+00 -0.15853525835136834279116716543478E+01
-0.22000972591321460162109642847675E+00 -0.15923327806116292495479589957911E+01
-0.22109213746809861850729355783609E+00 -0.15992569269252395663350645870012E+01
-0.22216547826701608342917082941486E+00 -0.16061247802951619526458740853200E+01
-0.22322971968499021266944277218617E+00 -0.16129361005152916046906291470111E+01
-0.22428483324842148253231155881327E+00 -0.16196906493418124818617045097985E+01
-0.22533079063936241402779345998697E+00 -0.16263881905021511419186546155013E+01
-0.22636756369969865443729747217313E+00 -0.16330284897038425805653382625213E+01
-0.22739512443523982172292395517290E+00 -0.16396113146433102669033671190473E+01
-0.22841344501972054681368941031825E+00 -0.16461364350145582654674352011023E+01
-0.22942249779871605946953056105590E+00 -0.16526036225177778736631845622088E+01
-0.23042225529347339119652555747159E+00 -0.16590126508678679591897076004568E+01
-0.23141269020466056863999630052616E+00 -0.16653632958028690140569982512087E+01
-0.23239377541603627313408778204340E+00 -0.16716553350923120599614535999673E+01
-0.23336548399804164871804616807025E+00 -0.16778885485454817472584361748512E+01
-0.23432778921131630013178345290293E+00 -0.16840627180195941680417020854978E+01
-0.23528066451014034499883065736740E+00 -0.16901776274278898048204552232951E+01
-0.23622408354580454168563236794597E+00 -0.16962330627476411508641176761389E+01
-0.23715802016990986067712491483464E+00 -0.17022288120280757655335252482901E+01
-0.23808244843759839512351510237312E+00 -0.17081646653982144961398043006090E+01
-0.23899734261071745651374903840423E+00 -0.17140404150746251421973589352621E+01
-0.23990267716091811080915043403233E+00 -0.17198558553690916279985166229877E+01
-0.24079842677268953804003905056317E+00 -0.17256107826961985381873150617589E+01
-0.24168456634633116959458603017771E+00 -0.17313049955808318897213681046810E+01
-0.24256107100086390157703249827445E+00 -0.17369382946655950487291482020352E+01
-0.24342791607688097600855759180512E+00 -0.17425104827181407436729947159469E+01
-0.24428507713934118130454801006345E+00 -0.17480213646384189179644649939441E+01
-0.24513252998030444244669354864119E+00 -0.17534707474658403144712966916791E+01
-0.24597025062161175983050152367032E+00 -0.17588584403863563375846130884613E+01
-0.24679821531751022912558234949680E+00 -0.17641842547394544415731482520375E+01
-0.24761640055722462634252469708097E+00 -0.17694480040250696966041970079052E+01
-0.24842478306747659737785007589677E+00 -0.17746495039104125420798103533331E+01
-0.24922333981495213159014696049931E+00 -0.17797885722367119986726291104769E+01
-0.25001204800871890893570224523713E+00 -0.17848650290258755332036842650932E+01
-0.25079088510259430121243472056813E+00 -0.17898786964870644293448302853921E+01
-0.25155982879746455107722606337593E+00 -0.17948293990231850777109707642685E+01
-0.25231885704355716510453895203528E+00 -0.17997169632372970197077087350176E+01
-0.25306794804266573537335054045615E+00 -0.18045412179389355495437446594465E+01
-0.25380708025033015978743713717172E+00 -0.18093019941503517437637364360601E+01
-0.25453623237797081418106511905563E+00 -0.18139991251126672313291772784194E+01
-0.25525538339497950903650661233962E+00 -0.18186324462919453336754741186309E+01
-0.25596451253076679668749380379614E+00 -0.18232017953851779860980783663588E+01
-0.25666359927676659629896174188413E+00 -0.18277070123261882921735418357936E+01
-0.25735262338839933705194611763648E+00 -0.18321479392914490493352633407482E+01
-0.25803156488699359919176329650045E+00 -0.18365244207058166203921595991366E+01
-0.25870040406166764253698416978659E+00 -0.18408363032481806773972110934212E+01
-0.25935912147117099650206534769064E+00 -0.18450834358570295937073994270413E+01
-0.26000769794568696180357011488761E+00 -0.18492656697359311183824535801809E+01
-0.26064611458859658118388476874929E+00 -0.18533828583589288262907935763366E+01
-0.26127435277820461436797728611391E+00 -0.18574348574758535980413319754361E+01
-0.26189239416942841776344908144598E+00 -0.18614215251175510068938413906869E+01
-0.26250022069544965257098743792307E+00 -0.18653427216010234523514807233924E+01
-0.26309781456933002217885119863341E+00 -0.18691983095344879628320713552435E+01
-0.26368515828559122571941088080539E+00 -0.18729881538223488165007056943018E+01
-0.26426223462175963743621005525563E+00 -0.18767121216700856450419842051111E+01
-0.26482902663987623326943096568780E+00 -0.18803700825890563181077473962335E+01
-0.26538551768797224508135273804156E+00 -0.18839619084012148797305278580591E+01
-0.26593169140151107572972370811174E+00 -0.18874874732437444455954287116953E+01
-0.26646753170479678160610138350584E+00 -0.18909466535736049447255660491327E+01
-0.26699302281234946883614569092889E+00 -0.18943393281719955906594162835749E+01
-0.26750814923024845054632787370375E+00 -0.18976653781487321026385827934049E+01
-0.26801289575744290375590661429980E+00 -0.19009246869465386492049551832818E+01
-0.26850724748703099652606429756352E+00 -0.19041171403452542273283492414300E+01
-0.26899118980750756721957943036758E+00 -0.19072426264659536391026068082940E+01
-0.26946470840398062985312441081173E+00 -0.19103010357749829764759827690899E+01
-0.26992778925935736737296036128542E+00 -0.19132922610879093150035144986842E+01
-0.27038041865549966678273636085917E+00 -0.19162161975733849170340620498095E+01
-0.27082258317434955257182185274592E+00 -0.19190727427569255284220782460972E+01
-0.27125426969902499019810195466495E+00 -0.19218617965246029255347258989697E+01
-0.27167546541488622065344448012525E+00 -0.19245832611266515727241748465171E+01
-0.27208615781057289573461018916386E+00 -0.19272370411809893354429103332345E+01
-0.27248633467901234414848032121063E+00 -0.19298230436766521617735423047097E+01
-0.27287598411839930047481180780071E+00 -0.19323411779771426093417883154553E+01
-0.27325509453314729634407362782311E+00 -0.19347913558236924734596310974363E+01
-0.27362365463481176300730060374290E+00 -0.19371734913384389137066121902024E+01
-0.27398165344298553319377731511990E+00 -0.19394875010275145297787426550902E+01
-0.27432908028616653468095564564347E+00 -0.19417333037840510380996940271407E+01
-0.27466592480259813191465066836278E+00 -0.19439108208910965499110888587480E+01
-0.27499217694108228480375468884925E+00 -0.19460199760244464897130285911890E+01
-0.27530782696176566131506341598756E+00 -0.19480606952553879305070718316098E+01
-0.27561286543689902036828515986853E+00 -0.19500329070533574447823843201094E+01
-0.27590728325156992761129946629399E+00 -0.19519365422885123510769750144056E+01
-0.27619107160440904521889420813946E+00 -0.19537715342342152314711106702726E+01
-0.27646422200827025434455617029816E+00 -0.19555378185694318901543409302042E+01
-0.27672672629088450913510232639992E+00 -0.19572353333810424137540586900142E+01
-0.27697857659548794696775813646831E+00 -0.19588640191660655062373822302605E+01
-0.27721976538142409266376469835099E+00 -0.19604238188337960035666751904570E+01
-0.27745028542472042989472024162284E+00 -0.19619146777078554007649194611539E+01
-0.27767012981863955370827434975197E+00 -0.19633365435281555509385801242147E+01
-0.27787929197420483148807117332048E+00 -0.19646893664527753138480710550013E+01
-0.27807776562070091707897461665565E+00 -0.19659730990597502327974163056713E+01
-0.27826554480614905346647280861425E+00 -0.19671876963487751306328657333711E+01
-0.27844262389775741221079628903220E+00 -0.19683331157428196298415714948771E+01
-0.27860899758234647096145943134298E+00 -0.19694093170896565558844049327824E+01
-0.27876466086674959631465869297328E+00 -0.19704162626633031543886503981932E+01
-0.27890960907818891793200622671834E+00 -0.19713539171653751316618937288067E+01
-0.27904383786462659819831436898993E+00 -0.19722222477263534922591888138101E+01
-0.27916734319509182303429221041299E+00 -0.19730212239067640406102090100671E+01
-0.27928012135998868553737313260927E+00 -0.19737508176982688200783239106799E+01
-0.27934934558046618977659567476905E+00 -0.19741986550573295395648131183697E+01
-0.27941379973510008259269376333883E+00 -0.19746156374044193323503254088868E+01
-0.27947348296307682965125595544093E+00 -0.19750017582428537632070362048750E+01
-0.27952839446730671355440514877034E+00 -0.19753570115567570775437403735408E+01
-0.27957853351434946502250411474424E+00 -0.19756813918111737091622173827470E+01
-0.27962628716764546783585687952107E+00 -0.19759903418344260227051719661430E+01
-0.27967404294783707321178560558651E+00 -0.19762993079046546888039177946328E+01
-0.27972180085506436824113271586000E+00 -0.19766082900223715214626519070493E+01
-0.27976956088946803870311629319450E+00 -0.19769172881880882438097365534875E+01
-0.27981732305118812011030140533139E+00 -0.19772263024023166843551082649115E+01
-0.27976956088946803870311629319450E+00 -0.19769172881880882438097365534875E+01
-0.27972180085506436824113271586000E+00 -0.19766082900223715214626519070493E+01
-0.27967404294783707321178560558651E+00 -0.19762993079046546888039177946328E+01
-0.27962628716764546783585687952107E+00 -0.19759903418344260227051719661430E+01
-0.27957853351434946502250411474424E+00 -0.19756813918111737091622173827470E+01
-0.27952839446730671355440514877034E+00 -0.19753570115567570775437403735408E+01
-0.27947348296307682965125595544093E+00 -0.19750017582428537632070362048750E+01
-0.27941379973510008259269376333883E+00 -0.19746156374044193323503254088868E+01
-0.27934934558046618977659567476905E+00 -0.19741986550573295395648131183697E+01
-0.27928012135998868553737313260927E+00 -0.19737508176982688200783239106799E+01
-0.27916734319509182303429221041299E+00 -0.19730212239067640406102090100671E+01
-0.27904383786462659819831436898993E+00 -0.19722222477263534922591888138101E+01
-0.27890960907818891793200622671834E+00 -0.19713539171653751316618937288067E+01
-0.27876466086674959631465869297328E+00 -0.19704162626633031543886503981932E+01
-0.27860899758234647096145943134298E+00 -0.19694093170896565558844049327824E+01
-0.27844262389775741221079628903220E+00 -0.19683331157428196298415714948771E+01
-0.27826554480614905346647280861425E+00 -0.19671876963487751306328657333711E+01
-0.27807776562070091707897461665565E+00 -0.19659730990597502327974163056713E+01
-0.27787929197420483148807117332048E+00 -0.19646893664527753138480710550013E+01
-0.27767012981863955370827434975197E+00 -0.19633365435281555509385801242147E+01
-0.27745028542472042989472024162284E+00 -0.19619146777078554007649194611539E+01
-0.27721976538142409266376469835099E+00 -0.19604238188337960035666751904570E+01
-0.27697857659548794696775813646831E+00 -0.19588640191660655062373822302605E+01
-0.27672672629088450913510232639992E+00 -0.19572353333810424137540586900142E+01
-0.27646422200827025434455617029816E+00 -0.19555378185694318901543409302042E+01
-0.27619107160440904521889420813946E+00 -0.19537715342342152314711106702726E+01
-0.27590728325156992761129946629399E+00 -0.19519365422885123510769750144056E+01
-0.27561286543689902036828515986853E+00 -0.19500329070533574447823843201094E+01
-0.27530782696176566131506341598756E+00 -0.19480606952553879305070718316098E+01
-0.27499217694108228480375468884925E+00 -0.19460199760244464897130285911890E+01
-0.27466592480259813191465066836278E+00 -0.19439108208910965499110888587480E+01
-0.27432908028616653468095564564347E+00 -0.19417333037840510380996940271407E+01
-0.27398165344298553319377731511990E+00 -0.19394875010275145297787426550902E+01
-0.27362365463481176300730060374290E+00 -0.19371734913384389137066121902024E+01
-0.27325509453314729634407362782311E+00 -0.19347913558236924734596310974363E+01
-0.27287598411839930047481180780071E+00 -0.19323411779771426093417883154553E+01
-0.27248633467901234414848032121063E+00 -0.19298230436766521617735423047097E+01
-0.27208615781057289573461018916386E+00 -0.19272370411809893354429103332345E+01
-0.27167546541488622065344448012525E+00 -0.19245832611266515727241748465171E+01
-0.27125426969902499019810195466495E+00 -0.19218617965246029255347258989697E+01
-0.27082258317434955257182185274592E+00 -0.19190727427569255284220782460972E+01
-0.27038041865549966678273636085917E+00 -0.19162161975733849170340620498095E+01
-0.26992778925935736737296036128542E+00 -0.19132922610879093150035144986842E+01
-0.26946470840398062985312441081173E+00 -0.19103010357749829764759827690899E+01
-0.26899118980750756721957943036758E+00 -0.19072426264659536391026068082940E+01
-0.26850724748703099652606429756352E+00 -0.19041171403452542273283492414300E+01
-0.26801289575744290375590661429980E+00 -0.19009246869465386492049551832818E+01
-0.26750814923024845054632787370375E+00 -0.18976653781487321026385827934049E+01
-0.26699302281234946883614569092889E+00 -0.18943393281719955906594162835749E+01
-0.26646753170479678160610138350584E+00 -0.18909466535736049447255660491327E+01
-0.26593169140151107572972370811174E+00 -0.18874874732437444455954287116953E+01
-0.26538551768797224508135273804156E+00 -0.18839619084012148797305278580591E+01
-0.26482902663987623326943096568780E+00 -0.18803700825890563181077473962335E+01
-0.26426223462175963743621005525563E+00 -0.18767121216700856450419842051111E+01
-0.26368515828559122571941088080539E+00 -0.18729881538223488165007056943018E+01
-0.26309781456933002217885119863341E+00 -0.18691983095344879628320713552435E+01
-0.26250022069544965257098743792307E+00 -0.18653427216010234523514807233924E+01
-0.26189239416942841776344908144598E+00 -0.18614215251175510068938413906869E+01
-0.26127435277820461436797728611391E+00 -0.18574348574758535980413319754361E+01
-0.26064611458859658118388476874929E+00 -0.18533828583589288262907935763366E+01
-0.26000769794568696180357011488761E+00 -0.18492656697359311183824535801809E+01
-0.25935912147117099650206534769064E+00 -0.18450834358570295937073994270413E+01
-0.25870040406166764253698416978659E+00 -0.18408363032481806773972110934212E+01
-0.25803156488699359919176329650045E+00 -0.18365244207058166203921595991366E+01
-0.25735262338839933705194611763648E+00 -0.18321479392914490493352633407482E+01
-0.25666359927676659629896174188413E+00 -0.18277070123261882921735418357936E+01
-0.25596451253076679668749380379614E+00 -0.18232017953851779860980783663588E+01
-0.25525538339497950903650661233962E+00 -0.18186324462919453336754741186309E+01
-0.25453623237797081418106511905563E+00 -0.18139991251126672313291772784194E+01
-0.25380708025033015978743713717172E+00 -0.18093019941503517437637364360601E+01
-0.25306794804266573537335054045615E+00 -0.18045412179389355495437446594465E+01
-0.25231885704355716510453895203528E+00 -0.17997169632372970197077087350176E+01
-0.25155982879746455107722606337593E+00 -0.17948293990231850777109707642685E+01
-0.25079088510259430121243472056813E+00 -0.17898786964870644293448302853921E+01
-0.25001204800871890893570224523713E+00 -0.17848650290258755332036842650932E+01
-0.24922333981495213159014696049931E+00 -0.17797885722367119986726291104769E+01
-0.24842478306747659737785007589677E+00 -0.17746495039104125420798103533331E+01
-0.24761640055722462634252469708097E+00 -0.17694480040250696966041970079052E+01
-0.24679821531751022912558234949680E+00 -0.17641842547394544415731482520375E+01
-0.24597025062161175983050152367032E+00 -0.17588584403863563375846130884613E+01
-0.24513252998030444244669354864119E+00 -0.17534707474658403144712966916791E+01
-0.24428507713934118130454801006345E+00 -0.17480213646384189179644649939441E+01
-0.24342791607688097600855759180512E+00 -0.17425104827181407436729947159469E+01
-0.24256107100086390157703249827445E+00 -0.17369382946655950487291482020352E+01
-0.24168456634633116959458603017771E+00 -0.17313049955808318897213681046810E+01
-0.24079842677268953804003905056317E+00 -0.17256107826961985381873150617589E+01
-0.23990267716091811080915043403233E+00 -0.17198558553690916279985166229877E+01
-0.23899734261071745651374903840423E+00 -0.17140404150746251421973589352621E+01
-0.23808244843759839512351510237312E+00 -0.17081646653982144961398043006090E+01
-0.23715802016990986067712491483464E+00 -0.17022288120280757655335252482901E+01
-0.23622408354580454168563236794597E+00 -0.16962330627476411508641176761389E+01
-0.23528066451014034499883065736740E+00 -0.16901776274278898048204552232951E+01
-0.23432778921131630013178345290293E+00 -0.16840627180195941680417020854978E+01
-0.23336548399804164871804616807025E+00 -0.16778885485454817472584361748512E+01
-0.23239377541603627313408778204340E+00 -0.16716553350923120599614535999673E+01
-0.23141269020466056863999630052616E+00 -0.16653632958028690140569982512087E+01
-0.23042225529347339119652555747159E+00 -0.16590126508678679591897076004568E+01
-0.22942249779871605946953056105590E+00 -0.16526036225177778736631845622088E+01
-0.22841344501972054681368941031825E+00 -0.16461364350145582654674352011023E+01
-0.22739512443523982172292395517290E+00 -0.16396113146433102669033671190473E+01
-0.22636756369969865443729747217313E+00 -0.16330284897038425805653382625213E+01
-0.22533079063936241402779345998697E+00 -0.16263881905021511419186546155013E+01
-0.22428483324842148253231155881327E+00 -0.16196906493418124818617045097985E+01
-0.22322971968499021266944277218617E+00 -0.16129361005152916046906291470111E+01
-0.22216547826701608342917082941486E+00 -0.16061247802951619526458740853200E+01
-0.22109213746809861850729355783609E+00 -0.15992569269252395663350645870012E+01
-0.22000972591321460162109642847675E+00 -0.15923327806116292495479589957911E+01
-0.21891827237434618488902067271089E+00 -0.15853525835136834279116716543478E+01
-0.21781780576601109373473650823601E+00 -0.15783165797348730890504321015812E+01
-0.21670835514069004633778733851026E+00 -0.15712250153135700734737106689359E+01
-0.21558994968415011110112141953277E+00 -0.15640781382137409976348499914510E+01
-0.21446261871065983651500665532281E+00 -0.15568761983155519370676024505584E+01
-0.21332639165809292885158559400528E+00 -0.15496194474058826016034084819773E+01
-0.21218129808291856927388123089757E+00 -0.15423081391687517792476349912712E+01
-0.21102736765507283918414516014981E+00 -0.15349425291756504714768272000346E+01
-0.20986463015270935182487422179679E+00 -0.15275228748757850497224442195665E+01
-0.20869311545682464000034535562380E+00 -0.15200494355862276387077938885752E+01
-0.20751285354575448979333047850189E+00 -0.15125224724819739380397008191158E+01
-0.20632387448953712521392494434299E+00 -0.15049422485859084952096153871217E+01
-0.20512620844413930712370641439841E+00 -0.14973090287586750227954832826199E+01
-0.20391988564554064723776116808260E+00 -0.14896230796884526617190289048031E+01
-0.20270493640367159129081537444713E+00 -0.14818846698806361351994470470895E+01
-0.20148139109620128834465140162275E+00 -0.14740940696474193618030399739898E+01
-0.20024928016216810904387976426448E+00 -0.14662515510972826067423290926639E+01
-0.19900863409545073202171628243401E+00 -0.14583573881243791788771641244873E+01
-0.19775948343807150069790783027246E+00 -0.14504118563978251408063617749714E+01
-0.19650185877332869840667487382296E+00 -0.14424152333508862007340229621634E+01
-0.19523579071875057476332252079753E+00 -0.14343677981700641457180142049669E+01
-0.19396130991886535944965430841379E+00 -0.14262698317840798664790057085394E+01
-0.19267844703778161664428555913315E+00 -0.14181216168527517653291695407579E+01
-0.19138723275157085796680878357192E+00 -0.14099234377557687804901859030183E+01
-0.19008769774044697274371869080632E+00 -0.14016755805813559184014628627252E+01
-0.18877987268073458730386819513723E+00 -0.13933783331148309252231235313090E+01
-0.18746378823661878489628013620623E+00 -0.13850319848270508768271538546625E+01
-0.18613947505166838309495462715820E+00 -0.13766368268627457826088090339716E+01
-0.18480696374012450026423345001298E+00 -0.13681931520287388297816200251685E+01
-0.18346628487794657757227849225141E+00 -0.13597012547820500449613123019239E+01
-0.18211746899360539896165307739750E+00 -0.13511614312178819544383170650774E+01
-0.18076054655861491075975404404212E+00 -0.13425739790574849584187230581186E+01
-0.17939554797779317200241158446305E+00 -0.13339391976358996459687398275233E+01
-0.17802250357924051622530144300170E+00 -0.13252573878895742694686133210200E+01
-0.17664144360402719313228570769988E+00 -0.13165288523438545579965451423601E+01
-0.17525239819557524236533636293869E+00 -0.13077538951003419061978625061540E+01
-0.17385539738872729642402560055171E+00 -0.12989328218241200093186356490222E+01
-0.17245047109848603999602166938119E+00 -0.12900659397308426037896651897792E+01
-0.17103764910841389651297514506687E+00 -0.12811535575736831941460564254128E+01
-0.16961696105867895019306034065608E+00 -0.12721959856301405490137080474065E+01
-0.16818843643373212028097686672826E+00 -0.12631935356886971388092549454770E+01
-0.16675210454960179139518002501343E+00 -0.12541465210353271837091900210827E+01
-0.16530799454078957274007560790246E+00 -0.12450552564398488594739174172052E+01
-0.16385613534675139113211601153530E+00 -0.12359200581421181829751330850612E+01
-0.16239655569794632159422113059324E+00 -0.12267412438380580720944974184732E+01
-0.16092928410143604817271699355613E+00 -0.12175191326655183675484803435248E+01
-0.15945434882601463947984383870408E+00 -0.12082540451899629933355245467357E+01
-0.15797177788685009028970314040602E+00 -0.11989463033899756477927005082602E+01
-0.15648159902961681012980114727853E+00 -0.11895962306425822499368323406455E+01
-0.15498383971409549923302586403415E+00 -0.11802041517083799116502514916787E+01
-0.15347852709722004746971447261786E+00 -0.11707703927164686910942462130541E+01
-0.15196568801554464036582829848020E+00 -0.11612952811491786029805347288196E+01
-0.15044534896710781802515953702477E+00 -0.11517791458265833440846044699461E+01
-0.14891753609266510370303890616741E+00 -0.11422223168907944654139954154474E+01
-0.14738227515626207945470655800879E+00 -0.11326251257900267891081004599149E+01
-0.14583959152512001086821089534023E+00 -0.11229879052624260219394691071234E+01
-0.14428951014880016089390566477636E+00 -0.11133109893196509284969767654882E+01
-0.14273205553761546709206122439512E+00 -0.11035947132301969471417599115457E+01
-0.14116725174025455478364727699664E+00 -0.10938394135024546449514626367133E+01
-0.13959512232058058176546686366177E+00 -0.10840454278674883348378078380939E+01
-0.13801569033356712616032093168118E+00 -0.10742130952615245600491649917296E+01
-0.13642897830032984534713568708321E+00 -0.10643427558081381237937367062337E+01
-0.13483500818221056663866884991765E+00 -0.10544347508001206741806589403562E+01
-0.13323380135386826050601666321870E+00 -0.10444894226810188187945623783273E+01
-0.13162537857532906319965265541788E+00 -0.10345071150263258494173544399629E+01
-0.13000975996294364553801787851709E+00 -0.10244881725243104386943399915197E+01
-0.12838696495919836775282418845010E+00 -0.10144329409564657726498420369704E+01
-0.12675701230132335283545102288589E+00 -0.10043417671775596060018533591819E+01
-0.12511991998863655580251811016922E+00 -0.99421499909526609276156824966422E+00
-0.12347570524855969190956593785143E+00 -0.98405298564935794460624280129777E+00
-0.12182438450123843239620796094868E+00 -0.97385607679043643770204276816010E+00
-0.12016597332269554768941382439628E+00 -0.96362462345817551275126643789678E+00
-0.11850048640643833111811375810279E+00 -0.95335897755905303991184285257755E+00
-0.11682793752344212950421206369290E+00 -0.94305949194354330220069430824634E+00
-0.11514833948042181388401207454239E+00 -0.93272652038274022533527482180999E+00
-0.11346170407630043400267506554197E+00 -0.92236041754437985603272611075153E+00
-0.11176804205677779038163787829909E+00 -0.91196153896822895234413670588049E+00
-0.11006736306689535509665629517610E+00 -0.90153024104080235176106330285869E+00
-0.10835967560148777741072446138012E+00 -0.89106688096937188912341902730560E+00
-0.10664498695340310819467907695042E+00 -0.88057181675522408761228486138459E+00
-0.10492330315936724981301143896356E+00 -0.87004540716612190279897677019393E+00
-0.10319462894336032049407224600238E+00 -0.85948801170792405732889762442812E+00
-0.10145896765736068731381728279341E+00 -0.84889999059530826213503339620458E+00
-0.99716321219308299808116054446717E-01 -0.83828170472154479818533635682368E+00
-0.97966690048122043416171634785994E-01 -0.82763351562726079453637744675800E+00
-0.96210072995601523162390115567361E-01 -0.81695578546812831675385572373764E+00
-0.94446467275025559823830620257876E-01 -0.80624887698141291818857990878186E+00
-0.92675868386251435011705342682470E-01 -0.79551315345130094868668718214224E+00
-0.90898270037102808044011913326611E-01 -0.78474897867293194244808686656916E+00
-0.89113664060818136507679274906889E-01 -0.77395671691504532590971769958930E+00
-0.87322040329318381058965437692870E-01 -0.76313673288114912524129791686869E+00
-0.85523386662031340661969784612344E-01 -0.75228939166910999835184723174973E+00
-0.83717688729993599460301810600401E-01 -0.74141505872905390104836012165504E+00
-0.81904929954928628030585721753974E-01 -0.73051409981946067332914648693737E+00
-0.80085091402977511193056767545766E-01 -0.71958688096132257256498802323257E+00
-0.78258151672734315251391015976244E-01 -0.70863376839022815511650644953617E+00
-0.76424086777211060200873904568927E-01 -0.69765512850622128692220857088558E+00
-0.74582870019328875861939390519498E-01 -0.68665132782126985005658109045859E+00
-0.72734471860498745110219502431797E-01 -0.67562273290416791080816024896979E+00
-0.70878859781822308582300166380109E-01 -0.66456971032267472205782552000918E+00
-0.69015998137404994250831861047775E-01 -0.65349262658268263205123979176051E+00
-0.67145847999231152634258909253734E-01 -0.64239184806418106071897537799539E+00
-0.65268366993007757828643619828913E-01 -0.63126774095376772710401683322954E+00
-0.63383509124332435812113759597700E-01 -0.62012067117343108199702014614423E+00
-0.61491224594488062402122694078341E-01 -0.60895100430530618487985300367827E+00
-0.59591459605106352713970987763501E-01 -0.59775910551207537516363566381816E+00
-0.57684156150876958405624848890600E-01 -0.58654533945265495327379902896273E+00
-0.55769251799409175120115543891049E-01 -0.57531007019277427463017819906053E+00
-0.53846679457270368169934749011283E-01 -0.56405366111001592540863393229321E+00
-0.51916367121141605807795312392167E-01 -0.55277647479284166393123767744090E+00
-0.49978237612932934286246346406778E-01 -0.54147887293308231003450267335807E+00
-0.48032208297593785398331839505952E-01 -0.53016121621131722916200314111427E+00
-0.46078190782238405997371714627377E-01 -0.51882386417450859458434279707840E+00
-0.44116090595073410225226055462725E-01 -0.50746717510519077021088509247117E+00
-0.42145806842470841319353896624033E-01 -0.49609150588144177746797109682212E+00
-0.40167231842369667728211449138395E-01 -0.48469721182677918126034593405849E+00
-0.38180250732008827619745719097689E-01 -0.47328464654903255272978842014763E+00
-0.36184741047795489109719640866731E-01 -0.46185416176713816569152892667901E+00
-0.34180572274890204931387642144972E-01 -0.45040610712468533399324486783870E+00
-0.32167605363841456716100829828111E-01 -0.43894082998891107934945198266545E+00
-0.30145692211323314927873846066050E-01 -0.42745867523369038990324987678241E+00
-0.28114675101716712329753044953014E-01 -0.41595998500490042592353669220457E+00
-0.26074386105926276400109632082108E-01 -0.40444509846634311382146716161917E+00
-0.24024646433426700690341137498530E-01 -0.39291435152419726794816508180065E+00
-0.21965265733088712863725057913354E-01 -0.38136807652771804443335221790353E+00
-0.19896041337831993790303026931686E-01 -0.36980660194362316045763826441925E+00
-0.17816757447581915050028222706338E-01 -0.35823025200128070021541431989911E+00
-0.15727184244362422737237819049246E-01 -0.34663934630544353915982943733049E+00
-0.13627076932623082728920952553925E-01 -0.33503419941285302773421456841223E+00
-0.11516174697062787789219567953523E-01 -0.32341512036854529610409522074539E+00
-0.93941995692603702761318551800767E-02 -0.31178241219713287715652061615575E+00
-0.72608551933289180283820335806405E-02 -0.30013637134368581492550963604254E+00
-0.51158254795633748785765908538835E-02 -0.28847728705808226365974524065996E+00
-0.29587731336103609643352801711074E-02 -0.27680544071582986877597658236365E+00
-0.78933804703320451111426422953878E-03 -0.26512110506733917912880933672727E+00
0.13928644667680220840080964924565E-02 -0.25342454340644606773460633745496E+00
0.35882456095430749190413214838878E-02 -0.24171600864759198768871506867816E+00
0.57972452289212934265541114500650E-02 -0.22999574229943679871286132843438E+00
0.80203341667284215593497126463615E-02 -0.21826397332076097076654360217451E+00
0.10258016852246142268969107282920E-01 -0.20652091684223989850786666212801E+00
0.12510834171892491268619205202205E-01 -0.19476677273498209691363831140691E+00
0.14779366651651605495207410786193E-01 -0.18300172400351650128787155498277E+00
0.17064237994311769032737150033924E-01 -0.17122593497708640401304416000613E+00
0.19366119020365239025050678295203E-01 -0.15943954926851709652505806668076E+00
0.21685732069509985652372959030526E-01 -0.14764268746439654495334378515895E+00
0.24023855929359084351005680835162E-01 -0.13583544450362618573930291763207E+00
0.26381331369565687156461291004060E-01 -0.12401788669328451403593021678402E+00
0.28759067373560345641131460862224E-01 -0.11219004830084216906990816517679E+00
0.31158048177046063039770193525080E-01 -0.10035192764962839084450416916774E+00
0.33579341243031846910067045270371E-01 -0.88503482629482935614566823694578E-01
0.36024106328447581776947367315494E-01 -0.76644625515987220529302393001132E-01
0.38493605828475335273526955594057E-01 -0.64775216968553851726732925467159E-01
0.40989216623236593084929795330706E-01 -0.52895059048675288158840948782606E-01
0.43512443699454971547165830260703E-01 -0.41003887063052443465221028574960E-01
0.46064935879888879273501286043237E-01 -0.29101359989840657850735544885701E-01
0.48648504069404290358632903093072E-01 -0.17187049186753922578152788003464E-01
0.51265142523245359062988332861055E-01 -0.52604250029776482828490009271076E-02
0.53917053767646110270235111580632E-01 0.66791591829450915982645753325115E-02
0.56606677962709764754006665305758E-01 0.18632486108399846105661881216124E-01
0.59336727710907872880959996304288E-01 0.30600497737273617060330768950155E-01
0.62110229582205651153493492310160E-01 0.42584323352712744738304232348298E-01
0.64930574026992377633388570588858E-01 0.54585313956950482977877480593471E-01
0.67801575757133140143756242361193E-01 0.66605084755778243516591531179292E-01
0.70727547635994971933455642206351E-01 0.78645568038719162237015988875369E-01
0.73713391225138405101476953070728E-01 0.90709079812927497001841772951073E-01
0.76764711033151493952120209975715E-01 0.10279840412728001131439188212582E+00
0.79887953626424544562370354970592E-01 0.11491690273404036407649632938221E+00
0.83090599289984736252723665256821E-01 0.12706865428154816942858602984946E+00
0.86381365780419612411842761506778E-01 0.13925865007225572717564252714600E+00
0.89770610133677424320336201084618E-01 0.15149302074552938579837243998182E+00
0.93270453385298887492274213728806E-01 0.16377946202830668213151777829927E+00
0.96896211186988980402472024808039E-01 0.17612746872252755135563463003119E+00
0.10066449559830655175524731035711E+00 0.18854982561979080049331042134462E+00
0.10540982332682310296679678287228E+00 0.20357679659384758328326016168431E+00
0.11044612595583226738543970897623E+00 0.21877185246072661204466608737227E+00
0.11584479086126378466709872213669E+00 0.23419086185919267803367732689560E+00
0.12170973493441554261722632929708E+00 0.24992040434433436910486098478648E+00
0.12820464741219146904482382295789E+00 0.26610489380366363169696851524201E+00
0.13520459530783482338445075961227E+00 0.28211348763781320677959238397817E+00
0.14244226040031674016809014250563E+00 0.29716026467759255079228742076461E+00
0.14996745106703714736574238890094E+00 0.31122459314996647681674749298674E+00
0.15779352572753561470806043693698E+00 0.32431325141339235187307040186974E+00
