0.17016861211785548846482699718325E+01 -0.60484893318367113906819584369373E+00
0.17039359370714026215072912871463E+01 -0.60098835086427382411060080244095E+00
0.17060932814263266883998922303009E+01 -0.59737332375829218204309242633279E+00
0.17081441347067682954688596824378E+01 -0.59401196530120708833083088327974E+00
0.17100739852681799226690591624515E+01 -0.59091207514242522520232868982003E+00
0.17118680650090867359988860635632E+01 -0.58808247569504867901391168167982E+00
0.17135213211262610010430693261281E+01 -0.58551759466019938070229294381923E+00
0.17150627926936574319636058502547E+01 -0.58316154780547916244793813145073E+00
0.17165179937091577044395574119711E+01 -0.58096763260610775192456345536087E+00
0.17179038417343075299527078084258E+01 -0.57890474135703266935182903801430E+00
0.17192322688047605724910304916463E+01 -0.57695084407195629955961485242824E+00
0.17179038417343075299527078084258E+01 -0.57890474135703266935182903801430E+00
0.17165179937091577044395574119711E+01 -0.58096763260610775192456345536087E+00
0.17150627926936574319636058502547E+01 -0.58316154780547916244793813145073E+00
0.17135213211262610010430693261281E+01 -0.58551759466019938070229294381923E+00
0.17118680650090867359988860635632E+01 -0.58808247569504867901391168167982E+00
0.17100739852681799226690591624515E+01 -0.59091207514242522520232868982003E+00
0.17081441347067682954688596824378E+01 -0.59401196530120708833083088327974E+00
0.17060932814263266883998922303009E+01 -0.59737332375829218204309242633279E+00
0.17039359370714026215072912871463E+01 -0.60098835086427382411060080244095E+00
0.17016861211785548846482699718325E+01 -0.60484893318367113906819584369373E+00
0.16952275086731820354467629680561E+01 -0.60474742801119597317943348546198E+00
0.16884308850738850477617298459528E+01 -0.60416580579776944438670569864130E+00
0.16812562325365764999207489401831E+01 -0.60330870767558894680305170292905E+00
0.16736810610670333834510625691393E+01 -0.60213324379452423471529450984190E+00
0.16656821931488953332584217013203E+01 -0.60064482128835887415053173829802E+00
0.16576216125391676505428117653355E+01 -0.59893822234811745228431856520551E+00
0.16497859499112210902385718351102E+01 -0.59711784978553405599977032479807E+00
0.16420854660600936582083034301165E+01 -0.59520052072476477785832769390557E+00
0.16344651127271901611416362697080E+01 -0.59319882373348757135801054011654E+00
0.16268889088829742751509962694398E+01 -0.59112084891395020432681467591892E+00
0.16205903152761555222012472568318E+01 -0.58933744644634882830932129548807E+00
0.16142938684749315475493496486748E+01 -0.58750953857833221255299463258127E+00
0.16079911041643723029015473694284E+01 -0.58563998789518529479863141880034E+00
0.16016753236105163343324781626366E+01 -0.58373110453357207704200066234005E+00
0.15953411283421017958486257033473E+01 -0.58178485199115685191684907469892E+00
0.15889841130040542732043772076970E+01 -0.57980292241197534280676844809703E+00
0.15826006452268786212518504307495E+01 -0.57778678863205366553263961978882E+00
0.15761877037701224241200217330336E+01 -0.57573774337389448176089180990319E+00
0.15697427571663062539511492837739E+01 -0.57365692969751709638052264561783E+00
0.15632636712040054806830704811771E+01 -0.57154536510133455335826764708652E+00
0.15567486373589341313083348580606E+01 -0.56940396086378520046024810644646E+00
0.15501961167059915300205066474970E+01 -0.56723353774471136412884210741428E+00
0.15436047954483654115617584386037E+01 -0.56503483885877660704307457408488E+00
0.15369735492845030603118454201296E+01 -0.56280854032345400197577421908018E+00
0.15303014145823792425551450776412E+01 -0.56055526013608214667936594790931E+00
0.15235875648563186711219647711654E+01 -0.55827556562764638064206541855990E+00
0.15168312914168666206833748010341E+01 -0.55596997976246482267245849298373E+00
0.15100319873358514709496605624178E+01 -0.55363898649444614220306152679487E+00
0.15031891340680492705463588855633E+01 -0.55128303534640993957799079771911E+00
0.14963022902187915278657160737371E+01 -0.54890254534520449426858050242235E+00
0.14893710820579239443088689763025E+01 -0.54649790841931501131125680242765E+00
0.14823951954647528502724501663908E+01 -0.54406949234535945527386845291679E+00
0.14753743690531232069429406428264E+01 -0.54161764331392204281863978329899E+00
0.14683083882756051657572546630238E+01 -0.53914268817254097995956116804453E+00
0.14611970803445831043357390961088E+01 -0.53664493639358368535717676309137E+00
0.14540403098385208622951819797917E+01 -0.53412468180664089748683887597363E+00
0.14468379748857720472074387500565E+01 -0.53158220412851572547887670532959E+00
0.14395900038374939733293322874152E+01 -0.52901777031855110315120124320995E+00
0.14322963523565983608464148169794E+01 -0.52643163578267432372203886530108E+00
0.14249570008620657442461427249406E+01 -0.52382404544594470157181472461620E+00
0.14175719522780018309563879027781E+01 -0.52119523471042277200220936037729E+00
0.14101412300450047405412587430724E+01 -0.51854543031270758589607162296322E+00
0.14026648763581264151346058450901E+01 -0.51587485109343333504294012315537E+00
0.13951429506012384129343502836411E+01 -0.51318370868928520475069448915337E+00
0.13875755279521826066162813523090E+01 -0.51047220815664418776853880844609E+00
0.13799626981368886906184606570612E+01 -0.50774054853474022631340580877242E+00
0.13723045643138084070758316622771E+01 -0.50498892335515208359609310854655E+00
0.13646012420726711665715617643411E+01 -0.50221752110360581962479142421354E+00
0.13568528585337986366990852301774E+01 -0.49942652563926662468798337120130E+00
0.13490595515361002656220574284637E+01 -0.49661611657606938260596744218372E+00
0.13412214689034678818684048060545E+01 -0.49378646963007709033522288549509E+00
0.13333387677806415835282931039946E+01 -0.49093775693637464519151141145297E+00
0.13254116140307779974163681986263E+01 -0.48807014733859088770439315292122E+00
0.13174401816879386028507755487621E+01 -0.48518380665378178868573060556769E+00
0.13094246524585635829715248385559E+01 -0.48227889791509463664887051484301E+00
0.13013652152667276609502828878750E+01 -0.47935558159436088968493902513326E+00
0.12932620658386015560882119297186E+01 -0.47641401580652735500510853365347E+00
0.12851154063220867486630173376174E+01 -0.47345435649762708075037147073751E+00
0.12769254449380648508149603534530E+01 -0.47047675761780869505448436868228E+00
0.12686923956601094723720837823208E+01 -0.46748137128078234901681403190660E+00
0.12604164779198679322700205337659E+01 -0.46446834791089897801793294477186E+00
0.12520979163356310626521464265683E+01 -0.46143783637895462852717560381864E+00
0.12437369404618823512073310213297E+01 -0.45838998412770069795830855891267E+00
0.12353337845578557474929862319421E+01 -0.45532493728794500896638863640157E+00
0.12268886873733432344371372545266E+01 -0.45224284078603788172785859178717E+00
0.12184018919501778315961513521913E+01 -0.44914383844346514293750742595452E+00
0.12098736454379806185694258336752E+01 -0.44602807306919621517174258198685E+00
0.12013041989229038920745482590525E+01 -0.44289568654537775876169677093789E+00
0.11926938072682332097470881831552E+01 -0.43974681990690664006252111460364E+00
0.11840427289658206557901495149034E+01 -0.43658161341536675817239140103458E+00
0.11753512259974257058823930497207E+01 -0.43340020662777130758342008584878E+00
0.11666195637051271790118850264736E+01 -0.43020273846051144322972753607574E+00
0.11578480106700511898152647204367E+01 -0.42698934724887730726932115002945E+00
0.11490368385987317100173448452003E+01 -0.42376017080248566504612743060259E+00
0.11401863222164813025274807266328E+01 -0.42051534645691800707922525487691E+00
0.11312967391672115023978385012421E+01 -0.41725501112184927862705157511268E+00
0.11223683699191884490866918952644E+01 -0.41397930132592177516921415557458E+00
0.11134014976762587400361104699384E+01 -0.41068835325859895916178576383578E+00
0.11043964082941228002699707383423E+01 -0.40738230280921268630321880290261E+00
0.10953533902012635335383099480461E+01 -0.40406128560340281030268355591872E+00
0.10862727343241832354605659802792E+01 -0.40072543703712891670477844901449E+00
0.10771547340166189435208930984131E+01 -0.39737489230842174499401508526042E+00
0.10679996849924452047094932406721E+01 -0.39400978644702827797446108440554E+00
0.10588078852619903788162873346035E+01 -0.39063025434209124178137663582483E+00
0.10495796350715186735790364654128E+01 -0.38723643076799470412684102650251E+00
0.10403152368456504851782535022399E+01 -0.38382845040849586001238416122810E+00
0.10310149951325098064746170359091E+01 -0.38040644787925499207068072432564E+00
0.10216792165514070382988512201334E+01 -0.37697055774886672088606731551472E+00
0.10123082097428799007379450593093E+01 -0.37352091455848807355635467177832E+00
0.10029022853209276912579667483174E+01 -0.37005765284015194091745608046519E+00
0.99346175582728944600363709981196E+00 -0.36658090713384844213354475627115E+00
0.98398693568762569198277150708910E+00 -0.36309081200344978414868913199764E+00
0.97447814116947665722222593316121E+00 -0.35958750205155033850821609098471E+00
0.96493569034187648746750859182642E+00 -0.35607111193328636256638842172430E+00
0.95535990303651486374991695422255E+00 -0.35254177636919839608522344466445E+00
0.94575110081034373727014042981230E+00 -0.34899963015719171331637250882364E+00
0.93610960690953494548375389945414E+00 -0.34544480818364868372739616554240E+00
0.92643574623470120740490753868082E+00 -0.34187744543374269019724176528901E+00
0.91672984530729981778961515238667E+00 -0.33829767700099890067927309631531E+00
0.90699223223714322386500552968604E+00 -0.33470563809614604039970337673268E+00
0.89722323669094671900546554843579E+00 -0.33110146405529838527940856561507E+00
0.88742318986184844740509343453912E+00 -0.32748529034750636893656977807299E+00
0.87759242443984066094865316693965E+00 -0.32385725258171054622950692485474E+00
0.86773127458305662635199037169238E+00 -0.32021748651313144106523565168298E+00
0.85784007588985989733936266215730E+00 -0.31656612804912730468972297313653E+00
0.84791916537168775759465305042442E+00 -0.31290331325454716954562397329899E+00
0.83796888142660284152470449567434E+00 -0.30922917835660677446137124845958E+00
0.82798956381350980035330661368104E+00 -0.30554385974931377059358812864138E+00
0.81798155362699943054514153867303E+00 -0.30184749399746388860987784897176E+00
0.80794519327277944023471550931565E+00 -0.29814021784023245713632772672853E+00
0.79788082644366137933800247751993E+00 -0.29442216819438113616290601341913E+00
0.78778879809606797929012786288629E+00 -0.29069348215709949212851480508400E+00
0.77766945442703162091887418267537E+00 -0.28695429700850111605509177728915E+00
0.76752314285165677381365485381040E+00 -0.28320475021379032987869253216320E+00
0.75735021198101719999518637851037E+00 -0.27944497942511688146139474786242E+00
0.74715101160046568308595416829302E+00 -0.27567512248313402161833365986977E+00
0.73692589264833100962309044425783E+00 -0.27189531741827343880535137848131E+00
0.72667520719498026847259203780451E+00 -0.26810570245175310318124096472175E+00
0.71639930842222827081878976921509E+00 -0.26430641599632841613128412214700E+00
0.70609855060307076381580906487408E+00 -0.26049759665680080244076544771773E+00
0.69577328908172741152804274061132E+00 -0.25667938323029464920084677153485E+00
0.68542388025397471311512294796938E+00 -0.25285191470631295201420415098104E+00
0.67505068154775360312564435991534E+00 -0.24901533026658326851713213979592E+00
0.66465405140403745045902039730796E+00 -0.24516976928470266758104236104256E+00
0.65423434925794513533496818010492E+00 -0.24131537132559137476813723358602E+00
0.64379193552008664998432765298000E+00 -0.23745227614476388011346183810947E+00
0.63332717155812841692767287106160E+00 -0.23358062368742560636953566172167E+00
0.62284041967856647076067399958994E+00 -0.22970055408740322902090489138817E+00
0.61233204310869662723827994708790E+00 -0.22581220766591575282177567358379E+00
0.60180240597877072634524151579949E+00 -0.22191572493019384114212294768707E+00
0.59125187330432966506701197100795E+00 -0.21801124657195377926885101611625E+00
0.58068081096870356857391920292871E+00 -0.21409891346573235188298073302068E+00
0.57008958570567009878822950309350E+00 -0.21017886666708899828135782754140E+00
0.55947856508226336804570485115575E+00 -0.20625124741068084745379466180665E+00
0.54884811748172498430892970638706E+00 -0.20231619710821563889626612792348E+00
0.53819861208658984019759792070014E+00 -0.19837385734628854090544854251373E+00
0.52753041886190062709354579220259E+00 -0.19442436988410719229690207113553E+00
0.51684390853854320642681222764082E+00 -0.19046787665110970903655267150698E+00
0.50613945259669792911911639993374E+00 -0.18650451974448020742731287297462E+00
0.49541742324939976516526349480283E+00 -0.18253444142656613091670002952624E+00
0.48467819342620305899932826209583E+00 -0.17855778412220168913989327591419E+00
0.47392213675694499467775638658061E+00 -0.17457469041594030690896104320319E+00
0.46314962755560238632666647253605E+00 -0.17058530304920090827118189579539E+00
0.45236104080423848616342290266661E+00 -0.16658976491733112885385521558635E+00
0.44155675213703424060339417466449E+00 -0.16258821906659004245962950069732E+00
0.43073713782439983582487731867163E+00 -0.15858080869105561366958140645011E+00
0.41990257475716469081301206398423E+00 -0.15456767712945655561434420554710E+00
0.40905344043083779583577435489528E+00 -0.15054896786193605492519636620228E+00
0.39819011292994103249888810602580E+00 -0.14652482450674542334509296440468E+00
0.38731297091240572978653406891168E+00 -0.14249539081687364802491975749593E+00
0.37642239359403457009219477359055E+00 -0.13846081067661473968096114602725E+00
0.36551876073302302307271008203748E+00 -0.13442122809807356196532954473137E+00
0.35460245261453802232100785409864E+00 -0.13037678721761514175802899908167E+00
0.34367385003535214910127322926425E+00 -0.12632763229225733305376708903365E+00
0.33273333428852956920259736638603E+00 -0.12227390769601077386386541820622E+00
0.32178128714816270815177380050451E+00 -0.11821575791616725576659161927123E+00
0.31081809085415650677147795745983E+00 -0.11415332754953812807327321939420E+00
0.29984412809705831836573260322475E+00 -0.11008676129864611370869535293877E+00
0.28885978200293201258569103738915E+00 -0.10601620396787019684019409955593E+00
0.27786543611827364255620407926987E+00 -0.10194180045954809139009504339361E+00
0.26686147439496812056344978455001E+00 -0.97863695770034674601508743605231E-01
0.25584828117528348416594683627447E+00 -0.93782034985721078016138437903688E-01
0.24482624117690306810113069013148E+00 -0.89696963279013966309135325519006E-01
0.23379573947799293330018612041424E+00 -0.85608625904277556279613209930587E-01
0.22275716150230383208810830452073E+00 -0.81517168193738833141554755220635E-01
0.21171089300430578553964707382831E+00 -0.77422735553358498662700020663144E-01
0.20065732005435453405453179615129E+00 -0.73325473458668318335671120281819E-01
0.18959682902388880992153231459391E+00 -0.69225527450576028861424904107446E-01
0.17852980657065729426648119397599E+00 -0.65123043131139149408131061625106E-01
0.16745663962397347028149979293451E+00 -0.61018166159309613994080246211735E-01
0.15637771536999906880240956741133E+00 -0.56911042246648999057854347358574E-01
0.14529342123705364075091682385267E+00 -0.52801817153016686794842868088486E-01
0.13420414488095014960431231947791E+00 -0.48690636682231260672184821063566E-01
0.12311027417035636000855997115844E+00 -0.44577646677706964692049500883671E-01
0.11201219717217982263575866991814E+00 -0.40462993018064783007053576607786E-01
0.10091030213697760597793742903191E+00 -0.36346821612721125832492419594249E-01
0.89804977484388837202898398174211E-01 -0.32229278397453391710183193311211E-01
0.78696611788589713011603541754324E-01 -0.28110509329943474890490893791837E-01
0.67585593763771437506004063127149E-01 -0.23990660385301810744593616783575E-01
0.56472312249639004763821308556675E-01 -0.19869877551570043182464695839730E-01
0.45357156196931944480717163901814E-01 -0.15748306825205383363921663472780E-01
0.34240514652965400305675793590483E-01 -0.11626094206546666769302330560680E-01
0.23122776747191929717771399681704E-01 -0.75033856952628268729969072871532E-02
0.12004331676784117216004147736859E-01 -0.33803272857841963833922231297162E-02
0.88556869223543243329345241089164E-03 0.74293503728172247728888829569342E-03
-0.10233122917017447267604661167154E-01 0.48662553037500887393863402244657E-02
-0.21351353836954130447450791068314E-01 0.89894875624729987253080418104968E-02
-0.32468734743310575149421959135422E-01 0.13112485885968458274447082129946E-01
-0.43584876315899485913178643187244E-01 0.17235104375061524317878574082226E-01
-0.54699389252913259729203416749978E-01 0.21357197163539168470461059556194E-01
-0.65811884285206905269406443822193E-01 0.25478618422816922719027815724866E-01
-0.76921972190562835123676824911476E-01 0.29599222366617084745624006290114E-01
-0.88029263807937524913695905218501E-01 0.33718863255657345689541173642304E-01
-0.99133370051688858106898056372169E-01 0.37837395402350650758032181695044E-01
-0.11023390192578618965678099357551E+00 0.41954673175514477811413709192086E-01
-0.12133047053800080234291539973971E+00 0.46070551005088884966055681583720E-01
-0.13242268711407881129746323201981E+00 0.50184883386864359960073785188977E-01
-0.14351016301189561566983500951691E+00 0.54297524887217002128869542215886E-01
-0.15459250973559112580176341655055E+00 0.58408330147851766636083933337367E-01
-0.16566933894968773020842644652846E+00 0.62517153890553107296451306200791E-01
-0.17674026249318846698183765256313E+00 0.66623850921942316920429129108883E-01
-0.18780489239365748007753596165667E+00 0.70728276138240748551302809494874E-01
-0.19886284088128135459326666962127E+00 0.74830284530039763733660851271881E-01
-0.20991372040291141612796870469160E+00 0.78929731187075313609733858244437E-01
-0.22095714363608763352313967660554E+00 0.83026471303007736034680271840625E-01
-0.23199272350304292734852972878415E+00 0.87120360180206197079499885286182E-01
-0.24302007318468822359464323512129E+00 0.91211253234537462181658590888899E-01
-0.25403880613457848401955524986235E+00 0.95299006000157633622683459040151E-01
-0.26504853609285889511168594456835E+00 0.99383474134308103264427450112824E-01
-0.27604887710019142827663805298865E+00 0.10346451342211367052923938955097E+00
-0.28703944351166112045132571138061E+00 0.10754197978138425227579719890651E+00
-0.29801985001066262497574043134379E+00 0.11161572926741702033516095637921E+00
-0.30898971162276624285217360935331E+00 0.11568561807780232145210628158175E+00
-0.31994864372956340490285662378320E+00 0.11975150255722951036955178566886E+00
-0.33089626208249114707651848895657E+00 0.12381323920229467517045011783066E+00
-0.34183218281663581594275169798914E+00 0.12787068466630872110812553846295E+00
-0.35275602246451543930274423544512E+00 0.13192369576410571999353724808770E+00
-0.36366739796984045251493364491143E+00 0.13597212947685208400028784846724E+00
-0.37456592670125261941344171064564E+00 0.14001584295685411215399427265595E+00
-0.38545122646604199705395165419248E+00 0.14405469353236619896109504214934E+00
-0.39632291552384152048690354168671E+00 0.14808853871239717262236324762294E+00
-0.40718061260029913002232616444634E+00 0.15211723619151556581923250973736E+00
-0.41802393690072675935352107916006E+00 0.15614064385465455788461914969319E+00
-0.42885250812372603485988444577847E+00 0.16015861978191192533713296876130E+00
-0.43966594647479125660357566609072E+00 0.16417102225335188957945342205044E+00
-0.45046387267988728776857335093985E+00 0.16817770975380071747433831972883E+00
-0.46124590799900494278354090726147E+00 0.17217854097764206001660127230443E+00
-0.47201167423969056894908530794225E+00 0.17617337483360802628220758752900E+00
-0.48276079377055174743548853208813E+00 0.18016207044956701220351822108971E+00
-0.49349288953473782383269036950429E+00 0.18414448717730841234930941224553E+00
-0.50420758506339474005416219960172E+00 0.18812048459732252903827282041500E+00
-0.51490450448909472930197341112618E+00 0.19208992252357696719794178833889E+00
-0.52558327255923964045052652269053E+00 0.19605266100828850023941193000315E+00
-0.53624351464943778627971430118672E+00 0.20000856034668964780621651726165E+00
-0.54688485677685463968056697946827E+00 0.20395748108179079593828865065640E+00
-0.55750692561353596671989052175361E+00 0.20789928400913664937571985853005E+00
-0.56810934849970401718445623413839E+00 0.21183383018155762731399567513088E+00
-0.57869175345702553711565654668991E+00 0.21576098091391482119943656713161E+00
-0.58925376920185217586380597872184E+00 0.21968059778783927350805858369472E+00
-0.59979502515843231594014294549407E+00 0.22359254265646511157525494486919E+00
-0.61031515147209389862403840874876E+00 0.22749667764915574000419221624810E+00
-0.62081377902239851281486323040162E+00 0.23139286517622342636695762851407E+00
-0.63129053943626570614068852042309E+00 0.23528096793364202514677204492999E+00
-0.64174506510106747689659517518714E+00 0.23916084890775204019793738017187E+00
-0.65217698917769270891105711800331E+00 0.24303237137995847266058567581059E+00
-0.66258594561358086965448553327918E+00 0.24689539893142081086010989147026E+00
-0.67297156915572484838772098390202E+00 0.25074979544773502566210784084112E+00
-0.68333349536364239561457391031917E+00 0.25459542512360748878360867111726E+00
-0.69367136062231593616469533543360E+00 0.25843215246752009688810118723296E+00
-0.70398480215510037585242183744078E+00 0.26225984230638730635482340349542E+00
-0.71427345803659817312124334069518E+00 0.26607835979020372604484455743858E+00
-0.72453696720550209948868263535743E+00 0.26988757039668256398410341367344E+00
-0.73477496947740452672057129631179E+00 0.27368733993588581996700870037738E+00
-0.74498710555757275910784658462902E+00 0.27747753455484297574125799905394E+00
-0.75517301705369150581808005731123E+00 0.28125802074216207566211733629155E+00
-0.76533234648856966153821610584534E+00 0.28502866533262917237624624850018E+00
-0.77546473731281350611032609210403E+00 0.28878933551179813575723340381019E+00
-0.78556983391746447992041893367923E+00 0.29253989882057071054690219443617E+00
-0.79564728164660101671058056054103E+00 0.29628022315976470135833857147655E+00
-0.80569672680990543527123969306064E+00 0.30001017679467254336160248306823E+00
-0.81571781669519354685491459355165E+00 0.30372962835960813043229683883669E+00
-0.82571019958090864496118924304667E+00 0.30743844686244217426960444759418E+00
-0.83567352474857814473439249434785E+00 0.31113650168912751416101816558605E+00
-0.84560744249523224171811685212548E+00 0.31482366260821077848715636434781E+00
-0.85551160414578608229867200396595E+00 0.31849979977533413249650571995815E+00
-0.86538566206538238728717401174304E+00 0.32216478373772384875449422959235E+00
-0.87522926967169665649762227183445E+00 0.32581848543866665319849420504229E+00
-0.88504208144720287146549644599300E+00 0.32946077622197451170913746721334E+00
-0.89482375295140013070084152902054E+00 0.33309152783643593508454743298333E+00
-0.90457394083299956842410887991616E+00 0.33671061244025480386620118065199E+00
-0.91429230284207104020271756706064E+00 0.34031790260547639744719113532006E+00
-0.92397849784214975758859782261434E+00 0.34391327132239986302031248420173E+00
-0.93363218582230160310020340219073E+00 0.34749659200397770389078609589841E+00
-0.94325302790914772151814782374747E+00 0.35106773849020132903422352834796E+00
-0.95284068637884719568042411342265E+00 0.35462658505247321160703236082360E+00
-0.96239482466903775642533711197645E+00 0.35817300639796504191426417156123E+00
-0.97191510739073435844165260531194E+00 0.36170687767396143512096643446538E+00
-0.98140120034018475459780127004470E+00 0.36522807447219003421348927648101E+00
-0.99085277051068222137417789963084E+00 0.36873647283313647130876518805589E+00
-0.10002694861043343685305624669202E+01 0.37223194925034499136560278223015E+00
-0.10096510165437888146956612537979E+01 0.37571438067470445606587432546565E+00
-0.10189970324839136042883544977497E+01 0.37918364451871895905566975793029E+00
-0.10283072058234338732483648783602E+01 0.38263961866076361217785325588185E+00
-0.10375812097165229154101655408692E+01 0.38608218144932464384069429958110E+00
-0.10468187185843484132298829741982E+01 0.38951121170722434108206852011228E+00
-0.10560194081265721479807347121472E+01 0.39292658873583022765011106001491E+00
-0.10651829553328041488926773210217E+01 0.39632819231924804935926787947970E+00
-0.10743090384940104262321901673677E+01 0.39971590272849926558007573130976E+00
-0.10833973372138731578775766226541E+01 0.40308960072568194297016950231492E+00
-0.10924475324201042323189540401790E+01 0.40644916756811530218224046531940E+00
-0.11014593063757109701965311304542E+01 0.40979448501246849554000282580325E+00
-0.11104323426902134336866853357386E+01 0.41312543531887095584592383777084E+00
-0.11193663263308145087164561500975E+01 0.41644190125500839379816466048904E+00
-0.11282609436335192818304373823377E+01 0.41974376610019917465909702576388E+00
-0.11371158823142078435937432962385E+01 0.42303091364945552247492375681320E+00
-0.11459308314796561699377565307540E+01 0.42630322821752640130820287150725E+00
-0.11547054816385085790438721409915E+01 0.42956059464292306598590751233213E+00
-0.11634395247122000165218047366237E+01 0.43280289829192706267239186996532E+00
-0.11721326540458267030394053448263E+01 0.43603002506258029103523459829213E+00
-0.11807845644189673068209645209423E+01 0.43924186138865747218197418616819E+00
-0.11893949520564514606648817716114E+01 0.44243829424361995675297491961773E+00
-0.11979635146390774223751803340785E+01 0.44561921114455156264733635275894E+00
-0.12064899513142776774491605089804E+01 0.44878450015607604564719732537569E+00
-0.12149739627067317864271412355923E+01 0.45193404989425567979997630881060E+00
-0.12234152509289269828454704243006E+01 0.45506774953047180102493469580614E+00
-0.12318135195916651931274505078710E+01 0.45818548879528526171725169166946E+00
-0.12401684738145171661556801437242E+01 0.46128715798227934057817105098561E+00
-0.12484798202362226460720497828573E+01 0.46437264795188214362912181293403E+00
-0.12567472670250358104461257054474E+01 0.46744185013517067038648288407841E+00
-0.12649705238890172286792707661195E+01 0.47049465653765480701081415755731E+00
-0.12731493020862705573632593600039E+01 0.47353095974304188391828880082635E+00
-0.12812833144351238339416884398751E+01 0.47655065291698158547952112007012E+00
-0.12893722753242554342032567669418E+01 0.47955362981079091903425909607198E+00
-0.12974159007227643640785581814473E+01 0.48253978476515892962412264507280E+00
-0.13054139081901843529688216105888E+01 0.48550901271383159212740410138091E+00
-0.13133660168864408501174398616728E+01 0.48846120918727604028818334562765E+00
-0.13212719475817520386147485385100E+01 0.49139627031632452606883574021651E+00
-0.13291314226664720519501416271607E+01 0.49431409283579777247944317814222E+00
-0.13369441661608766145735465236822E+01 0.49721457408810749073306156920402E+00
-0.13447099037248913660546914509114E+01 0.50009761202683810564394280183069E+00
-0.13524283626677614194171613734677E+01 0.50296310522030745337842346798580E+00
-0.13600992719576624961375161929682E+01 0.50581095285510631736851263679786E+00
-0.13677223622312537806768783339488E+01 0.50864105473961670048203337192000E+00
-0.13752973658031706875054315676904E+01 0.51145331130750869330844311368695E+00
-0.13828240166754588020904630882111E+01 0.51424762362121580327424523738975E+00
-0.13903020505469478980474072268212E+01 0.51702389337538856430490029333469E+00
-0.13977312048225657283284657112651E+01 0.51978202290032632625088900090881E+00
-0.14051112186225910805771334849504E+01 0.52252191516538751329337883751572E+00
-0.14124418327918465906970789007357E+01 0.52524347378237690410847236991692E+00
-0.14197227899088303527950551760688E+01 0.52794660300891193370788343937109E+00
-0.14269538342947858876833516479176E+01 0.53063120775176552903072012236238E+00
-0.14341347120227103138790116261197E+01 0.53329719357018738260320973447096E+00
-0.14412651709263012280457458724885E+01 0.53594446667920226804885502145817E+00
-0.14483449606088403779130188637229E+01 0.53857293395288559136100280091541E+00
-0.14553738324520154123548318189264E+01 0.54118250292761644134791754382266E+00
-0.14623515396246781930547006567149E+01 0.54377308180530747926747224075865E+00
-0.14692778370915402617690271256939E+01 0.54634457945661190792554781444247E+00
-0.14761524816218047963305291494287E+01 0.54889690542410729343819556936638E+00
-0.14829752317977341596423463228709E+01 0.55142996992545579056791416118686E+00
-0.14897458480231543696597176426383E+01 0.55394368385654153061067694764586E+00
-0.14964640925318940845995002284264E+01 0.55643795879458405794851193135952E+00
-0.15031297293961596938213219877318E+01 0.55891270700122835568085036564455E+00
-0.15097425245348454808982149084031E+01 0.56136784142561080454256778009526E+00
-0.15163022457217772116787884863612E+01 0.56380327570740189380604466458933E+00
-0.15228086625938925177410394211775E+01 0.56621892417982427644656626449933E+00
-0.15292615466593528735722864272986E+01 0.56861470187264720546666752171605E+00
-0.15356606713055916361517806876834E+01 0.57099052451515671485654035677407E+00
-0.15420058118072943086337197298848E+01 0.57334630853910122240315966215008E+00
-0.15482967453343127698050201009096E+01 0.57568197108161311236876130802412E+00
-0.15545332509595126116604801002994E+01 0.57799742998810551361661423941668E+00
-0.15607151096665527992969366173650E+01 0.58029260381514462330003475141278E+00
-0.15668421043575984590073613490261E+01 0.58256741183329720955258825003603E+00
-0.15729140198609657303494364157728E+01 0.58482177402995328283596163519670E+00
-0.15789306429386983190408889056503E+01 0.58705561111212387750850142259183E+00
-0.15848917622940762957219313516384E+01 0.58926884450921384869232236186157E+00
-0.15907971685790560076195078312619E+01 0.59146139637576934677865834080261E+00
-0.15966466544016415926619911108774E+01 0.59363318959420028959649333888492E+00
-0.16024400143331869682559001817631E+01 0.59578414777747715712267811546364E+00
-0.16081770449156290716641300277326E+01 0.59791419527180287524276876048235E+00
-0.16138575446686512922877446807121E+01 0.60002325715925857139345684535392E+00
-0.16194813140967771821449897669095E+01 0.60211125926042409371078687622788E+00
-0.16250481556963941767522976474911E+01 0.60417812813697271582097976346150E+00
-0.16305578739627071362291228091714E+01 0.60622379109423984021176896112008E+00
-0.16360102753966212243673147588702E+01 0.60824817618376609640691472586005E+00
-0.16414051685115541900114417205968E+01 0.61025121220581411720861341644921E+00
-0.16467423638401776948817699313994E+01 0.61223282871185947446332230317595E+00
-0.16520216739410873258449767686778E+01 0.61419295600705522777715615164545E+00
-0.16572429134054013586690530189086E+01 0.61613152515267023009464092895260E+00
-0.16624058988632876454872389180072E+01 0.61804846796850128520421825489977E+00
-0.16675104489904188373640567585319E+01 0.61994371703525841498472768714726E+00
-0.16725563845143553328517918523905E+01 0.62181720569692393030539134980304E+00
-0.16775435282208559361316529744965E+01 0.62366886806308491898153632137410E+00
-0.16824717049601162810402915744329E+01 0.62549863901123854604970930991366E+00
-0.16873407416529337262453458623112E+01 0.62730645418907115301222475678255E+00
-0.16921504672968003472884958412855E+01 0.62909225001671004244620096450277E+00
-0.16969007129719217204613019758472E+01 0.63085596368894843674949057313009E+00
-0.17015913118471629177163036275833E+01 0.63259753317744356836947074349557E+00
-0.17062220991859209520771084642017E+01 0.63431689723288728312493024898302E+00
-0.17107929123519228939668536099911E+01 0.63601399538714975001887729782068E+00
-0.17153035908149506514632026269296E+01 0.63768876795539574701827783634663E+00
-0.17197539761564909708252314089691E+01 0.63934115603817350032677577791026E+00
-0.17241439120753113268967601680648E+01 0.64097110152347649033824253772755E+00
-0.17284732443929614807235157056515E+01 0.64257854708877714583242808437405E+00
-0.17327418210591995000438805143776E+01 0.64416343620303348490763291254760E+00
-0.17369494921573437659988379481504E+01 0.64572571312866781073657755948384E+00
-0.17410961099095490325302167635202E+01 0.64726532292351768660986076638166E+00
-0.17451815286820075374564368766751E+01 0.64878221144275934536204188628511E+00
-0.17492056049900746489837332471693E+01 0.65027632534080294878574343407322E+00
-0.17531681975033185701317290237289E+01 0.65174761207316007073278961699467E+00
-0.17570691670504943865313744182381E+01 0.65319601989828314958024863389158E+00
-0.17609083766244419799951675051313E+01 0.65462149787937684073069736243271E+00
-0.17646856913869077451846262936302E+01 0.65602399588618127508683926239770E+00
-0.17684009786732899586772129471241E+01 0.65740346459672706965599120347295E+00
-0.17720541079973075497766280064331E+01 0.65875985549906214864698058370015E+00
-0.17756449510555922684079205577187E+01 0.66009312089295015477991523823114E+00
-0.17791733817322038851411479796825E+01 0.66140321389154050356675896331639E+00
-0.17826392761030683952119443765305E+01 0.66269008842301004040945316764824E+00
-0.17860425124403391450548410214478E+01 0.66395369923217612901128527701655E+00
-0.17893829712166804882442932193652E+01 0.66519400188208116073664563766811E+00
-0.17926605351094740492533867535967E+01 0.66641095275554856426528961854906E+00
-0.17958750890049474485148647032652E+01 0.66760450905670999285161730467045E+00
-0.17990265200022250644003925539585E+01 0.66877462881250382851658688284413E+00
-0.18021147174173010980179559412099E+01 0.66992127087414492706424727977732E+00
-0.18051395727869344175411152883511E+01 0.67104439491856552049035395969150E+00
-0.18081009798724654297835775091190E+01 0.67214396144982721458873202539968E+00
-0.18109988346635544619837126717221E+01 0.67321993180050396246343421597300E+00
-0.18138330353818417377808690972181E+01 0.67427226813303622712047046294936E+00
-0.18166034824845289363682350717287E+01 0.67530093344105596424365757186186E+00
-0.18193100786678818556076926560069E+01 0.67630589155068250162350186937310E+00
-0.18219527288706543785219884720862E+01 0.67728710712178945533775074286649E+00
-0.18245313402774336101067471154921E+01 0.67824454564924213502031546805440E+00
-0.18270458223219055765129488462829E+01 0.67917817346410622035543244294904E+00
-0.18294960866900424258415333775740E+01 0.68008795773482656930370499334115E+00
-0.18318820473232095734117165206420E+01 0.68097386646837724236217695653388E+00
-0.18342036204211941855224978196326E+01 0.68183586851138191461678242342363E+00
-0.18364607244451536952390977741689E+01 0.68267393355120481206499111679977E+00
-0.18386532801204849106246348947605E+01 0.68348803211701250001767914717385E+00
-0.18407812104396134885442419643370E+01 0.68427813558080591854698529670315E+00
-0.18428444406647035016875848023571E+01 0.68504421615842312247714677926404E+00
-0.18448428983302872606178864167990E+01 0.68578624691051232521348385282072E+00
-0.18467765132458150420899489776301E+01 0.68650420174347540530719409654617E+00
-0.18486452174981248229461899542360E+01 0.68719805541038189272905442496737E+00
-0.18504489454538318978587497090546E+01 0.68786778351185314139179467646941E+00
-0.18521876337616382101667193299823E+01 0.68851336249691702879863982988628E+00
-0.18538612213545614485291556799477E+01 0.68913476966383269213124528513568E+00
-0.18554696494520836447207636240757E+01 0.68973198316088580431318126943014E+00
-0.18570128615622194722620357848157E+01 0.69030498198715386960255759468988E+00
-0.18584908034835038874886119341677E+01 0.69085374599324182980458603285878E+00
-0.18599034233068992282393890257945E+01 0.69137825588198779463361994830530E+00
-0.18612506714176216104868997430379E+01 0.69187849320913900598389382196922E+00
-0.18625325004968866476418186545005E+01 0.69235444038399784554619320908178E+00
-0.18637488655235743528978878229922E+01 0.69280608067003799390121117255358E+00
-0.18648997237758132033125723307236E+01 0.69323339818549061832496011358639E+00
-0.18659850348324832073525747178445E+01 0.69363637790390086716736004816413E+00
-0.18670047605746383417958164074521E+01 0.69401500565465365817109244256007E+00
-0.18679588651868471493219051698825E+01 0.69436926812347156217169059669073E+00
-0.18688473151584544855412605993600E+01 0.69469915285287690051614290739054E+00
-0.18696700792847560171927513349028E+01 0.69500464824264040546408051372472E+00
-0.18704271286681091052655776960265E+01 0.69528574355015251401131984817055E+00
-0.18711184367189124487226625304947E+01 0.69554242889089971471219802338082E+00
-0.18715427737048199009800574887047E+01 0.69569998686597651313650868628664E+00
-0.18719378748578713365923595590936E+01 0.69584668947519136441503804044348E+00
-0.18723037340105004166856922021510E+01 0.69598253442577235218696078897766E+00
-0.18726403454516085935850664453599E+01 0.69610751959464447842728311143690E+00
-0.18729477039266566705554973106903E+01 0.69622164302845661165803696867807E+00
-0.18732404418981212729968645931352E+01 0.69633033781756717279133321399656E+00
-0.18735331951035100972743920882394E+01 0.69643903826981106730805858800892E+00
-0.18738259635432991310842628843439E+01 0.69654774438536591590921129112104E+00
-0.18741187472179665515530045283692E+01 0.69665645616440346335743049473734E+00
-0.18744115461279837415202447080660E+01 0.69676517360711377512864817599310E+00
-0.18741187472179665515530045283692E+01 0.69665645616440346335743049473734E+00
-0.18738259635432991310842628843439E+01 0.69654774438536591590921129112104E+00
-0.18735331951035100972743920882394E+01 0.69643903826981106730805858800892E+00
-0.18732404418981212729968645931352E+01 0.69633033781756717279133321399656E+00
-0.18729477039266566705554973106903E+01 0.69622164302845661165803696867807E+00
-0.18726403454516085935850664453599E+01 0.69610751959464447842728311143690E+00
-0.18723037340105004166856922021510E+01 0.69598253442577235218696078897766E+00
-0.18719378748578713365923595590936E+01 0.69584668947519136441503804044348E+00
-0.18715427737048199009800574887047E+01 0.69569998686597651313650868628664E+00
-0.18711184367189124487226625304947E+01 0.69554242889089971471219802338082E+00
-0.18704271286681091052655776960265E+01 0.69528574355015251401131984817055E+00
-0.18696700792847560171927513349028E+01 0.69500464824264040546408051372472E+00
-0.18688473151584544855412605993600E+01 0.69469915285287690051614290739054E+00
-0.18679588651868471493219051698825E+01 0.69436926812347156217169059669073E+00
-0.18670047605746383417958164074521E+01 0.69401500565465365817109244256007E+00
-0.18659850348324832073525747178445E+01 0.69363637790390086716736004816413E+00
-0.18648997237758132033125723307236E+01 0.69323339818549061832496011358639E+00
-0.18637488655235743528978878229922E+01 0.69280608067003799390121117255358E+00
-0.18625325004968866476418186545005E+01 0.69235444038399784554619320908178E+00
-0.18612506714176216104868997430379E+01 0.69187849320913900598389382196922E+00
-0.18599034233068992282393890257945E+01 0.69137825588198779463361994830530E+00
-0.18584908034835038874886119341677E+01 0.69085374599324182980458603285878E+00
-0.18570128615622194722620357848157E+01 0.69030498198715386960255759468988E+00
-0.18554696494520836447207636240757E+01 0.68973198316088580431318126943014E+00
-0.18538612213545614485291556799477E+01 0.68913476966383269213124528513568E+00
-0.18521876337616382101667193299823E+01 0.68851336249691702879863982988628E+00
-0.18504489454538318978587497090546E+01 0.68786778351185314139179467646941E+00
-0.18486452174981248229461899542360E+01 0.68719805541038189272905442496737E+00
-0.18467765132458150420899489776301E+01 0.68650420174347540530719409654617E+00
-0.18448428983302872606178864167990E+01 0.68578624691051232521348385282072E+00
-0.18428444406647035016875848023571E+01 0.68504421615842312247714677926404E+00
-0.18407812104396134885442419643370E+01 0.68427813558080591854698529670315E+00
-0.18386532801204849106246348947605E+01 0.68348803211701250001767914717385E+00
-0.18364607244451536952390977741689E+01 0.68267393355120481206499111679977E+00
-0.18342036204211941855224978196326E+01 0.68183586851138191461678242342363E+00
-0.18318820473232095734117165206420E+01 0.68097386646837724236217695653388E+00
-0.18294960866900424258415333775740E+01 0.68008795773482656930370499334115E+00
-0.18270458223219055765129488462829E+01 0.67917817346410622035543244294904E+00
-0.18245313402774336101067471154921E+01 0.67824454564924213502031546805440E+00
-0.18219527288706543785219884720862E+01 0.67728710712178945533775074286649E+00
-0.18193100786678818556076926560069E+01 0.67630589155068250162350186937310E+00
-0.18166034824845289363682350717287E+01 0.67530093344105596424365757186186E+00
-0.18138330353818417377808690972181E+01 0.67427226813303622712047046294936E+00
-0.18109988346635544619837126717221E+01 0.67321993180050396246343421597300E+00
-0.18081009798724654297835775091190E+01 0.67214396144982721458873202539968E+00
-0.18051395727869344175411152883511E+01 0.67104439491856552049035395969150E+00
-0.18021147174173010980179559412099E+01 0.66992127087414492706424727977732E+00
-0.17990265200022250644003925539585E+01 0.66877462881250382851658688284413E+00
-0.17958750890049474485148647032652E+01 0.66760450905670999285161730467045E+00
-0.17926605351094740492533867535967E+01 0.66641095275554856426528961854906E+00
-0.17893829712166804882442932193652E+01 0.66519400188208116073664563766811E+00
-0.17860425124403391450548410214478E+01 0.66395369923217612901128527701655E+00
-0.17826392761030683952119443765305E+01 0.66269008842301004040945316764824E+00
-0.17791733817322038851411479796825E+01 0.66140321389154050356675896331639E+00
-0.17756449510555922684079205577187E+01 0.66009312089295015477991523823114E+00
-0.17720541079973075497766280064331E+01 0.65875985549906214864698058370015E+00
-0.17684009786732899586772129471241E+01 0.65740346459672706965599120347295E+00
-0.17646856913869077451846262936302E+01 0.65602399588618127508683926239770E+00
-0.17609083766244419799951675051313E+01 0.65462149787937684073069736243271E+00
-0.17570691670504943865313744182381E+01 0.65319601989828314958024863389158E+00
-0.17531681975033185701317290237289E+01 0.65174761207316007073278961699467E+00
-0.17492056049900746489837332471693E+01 0.65027632534080294878574343407322E+00
-0.17451815286820075374564368766751E+01 0.64878221144275934536204188628511E+00
-0.17410961099095490325302167635202E+01 0.64726532292351768660986076638166E+00
-0.17369494921573437659988379481504E+01 0.64572571312866781073657755948384E+00
-0.17327418210591995000438805143776E+01 0.64416343620303348490763291254760E+00
-0.17284732443929614807235157056515E+01 0.64257854708877714583242808437405E+00
-0.17241439120753113268967601680648E+01 0.64097110152347649033824253772755E+00
-0.17197539761564909708252314089691E+01 0.63934115603817350032677577791026E+00
-0.17153035908149506514632026269296E+01 0.63768876795539574701827783634663E+00
-0.17107929123519228939668536099911E+01 0.63601399538714975001887729782068E+00
-0.17062220991859209520771084642017E+01 0.63431689723288728312493024898302E+00
-0.17015913118471629177163036275833E+01 0.63259753317744356836947074349557E+00
-0.16969007129719217204613019758472E+01 0.63085596368894843674949057313009E+00
-0.16921504672968003472884958412855E+01 0.62909225001671004244620096450277E+00
-0.16873407416529337262453458623112E+01 0.62730645418907115301222475678255E+00
-0.16824717049601162810402915744329E+01 0.62549863901123854604970930991366E+00
-0.16775435282208559361316529744965E+01 0.62366886806308491898153632137410E+00
-0.16725563845143553328517918523905E+01 0.62181720569692393030539134980304E+00
-0.16675104489904188373640567585319E+01 0.61994371703525841498472768714726E+00
-0.16624058988632876454872389180072E+01 0.61804846796850128520421825489977E+00
-0.16572429134054013586690530189086E+01 0.61613152515267023009464092895260E+00
-0.16520216739410873258449767686778E+01 0.61419295600705522777715615164545E+00
-0.16467423638401776948817699313994E+01 0.61223282871185947446332230317595E+00
-0.16414051685115541900114417205968E+01 0.61025121220581411720861341644921E+00
-0.16360102753966212243673147588702E+01 0.60824817618376609640691472586005E+00
-0.16305578739627071362291228091714E+01 0.60622379109423984021176896112008E+00
-0.16250481556963941767522976474911E+01 0.60417812813697271582097976346150E+00
-0.16194813140967771821449897669095E+01 0.60211125926042409371078687622788E+00
-0.16138575446686512922877446807121E+01 0.60002325715925857139345684535392E+00
-0.16081770449156290716641300277326E+01 0.59791419527180287524276876048235E+00
-0.16024400143331869682559001817631E+01 0.59578414777747715712267811546364E+00
-0.15966466544016415926619911108774E+01 0.59363318959420028959649333888492E+00
-0.15907971685790560076195078312619E+01 0.59146139637576934677865834080261E+00
-0.15848917622940762957219313516384E+01 0.58926884450921384869232236186157E+00
-0.15789306429386983190408889056503E+01 0.58705561111212387750850142259183E+00
-0.15729140198609657303494364157728E+01 0.58482177402995328283596163519670E+00
-0.15668421043575984590073613490261E+01 0.58256741183329720955258825003603E+00
-0.15607151096665527992969366173650E+01 0.58029260381514462330003475141278E+00
-0.15545332509595126116604801002994E+01 0.57799742998810551361661423941668E+00
-0.15482967453343127698050201009096E+01 0.57568197108161311236876130802412E+00
-0.15420058118072943086337197298848E+01 0.57334630853910122240315966215008E+00
-0.15356606713055916361517806876834E+01 0.57099052451515671485654035677407E+00
-0.15292615466593528735722864272986E+01 0.56861470187264720546666752171605E+00
-0.15228086625938925177410394211775E+01 0.56621892417982427644656626449933E+00
-0.15163022457217772116787884863612E+01 0.56380327570740189380604466458933E+00
-0.15097425245348454808982149084031E+01 0.56136784142561080454256778009526E+00
-0.15031297293961596938213219877318E+01 0.55891270700122835568085036564455E+00
-0.14964640925318940845995002284264E+01 0.55643795879458405794851193135952E+00
-0.14897458480231543696597176426383E+01 0.55394368385654153061067694764586E+00
-0.14829752317977341596423463228709E+01 0.55142996992545579056791416118686E+00
-0.14761524816218047963305291494287E+01 0.54889690542410729343819556936638E+00
-0.14692778370915402617690271256939E+01 0.54634457945661190792554781444247E+00
-0.14623515396246781930547006567149E+01 0.54377308180530747926747224075865E+00
-0.14553738324520154123548318189264E+01 0.54118250292761644134791754382266E+00
-0.14483449606088403779130188637229E+01 0.53857293395288559136100280091541E+00
-0.14412651709263012280457458724885E+01 0.53594446667920226804885502145817E+00
-0.14341347120227103138790116261197E+01 0.53329719357018738260320973447096E+00
-0.14269538342947858876833516479176E+01 0.53063120775176552903072012236238E+00
-0.14197227899088303527950551760688E+01 0.52794660300891193370788343937109E+00
-0.14124418327918465906970789007357E+01 0.52524347378237690410847236991692E+00
-0.14051112186225910805771334849504E+01 0.52252191516538751329337883751572E+00
-0.13977312048225657283284657112651E+01 0.51978202290032632625088900090881E+00
-0.13903020505469478980474072268212E+01 0.51702389337538856430490029333469E+00
-0.13828240166754588020904630882111E+01 0.51424762362121580327424523738975E+00
-0.13752973658031706875054315676904E+01 0.51145331130750869330844311368695E+00
-0.13677223622312537806768783339488E+01 0.50864105473961670048203337192000E+00
-0.13600992719576624961375161929682E+01 0.50581095285510631736851263679786E+00
-0.13524283626677614194171613734677E+01 0.50296310522030745337842346798580E+00
-0.13447099037248913660546914509114E+01 0.50009761202683810564394280183069E+00
-0.13369441661608766145735465236822E+01 0.49721457408810749073306156920402E+00
-0.13291314226664720519501416271607E+01 0.49431409283579777247944317814222E+00
-0.13212719475817520386147485385100E+01 0.49139627031632452606883574021651E+00
-0.13133660168864408501174398616728E+01 0.48846120918727604028818334562765E+00
-0.13054139081901843529688216105888E+01 0.48550901271383159212740410138091E+00
-0.12974159007227643640785581814473E+01 0.48253978476515892962412264507280E+00
-0.12893722753242554342032567669418E+01 0.47955362981079091903425909607198E+00
-0.12812833144351238339416884398751E+01 0.47655065291698158547952112007012E+00
-0.12731493020862705573632593600039E+01 0.47353095974304188391828880082635E+00
-0.12649705238890172286792707661195E+01 0.47049465653765480701081415755731E+00
-0.12567472670250358104461257054474E+01 0.46744185013517067038648288407841E+00
-0.12484798202362226460720497828573E+01 0.46437264795188214362912181293403E+00
-0.12401684738145171661556801437242E+01 0.46128715798227934057817105098561E+00
-0.12318135195916651931274505078710E+01 0.45818548879528526171725169166946E+00
-0.12234152509289269828454704243006E+01 0.45506774953047180102493469580614E+00
-0.12149739627067317864271412355923E+01 0.45193404989425567979997630881060E+00
-0.12064899513142776774491605089804E+01 0.44878450015607604564719732537569E+00
-0.11979635146390774223751803340785E+01 0.44561921114455156264733635275894E+00
-0.11893949520564514606648817716114E+01 0.44243829424361995675297491961773E+00
-0.11807845644189673068209645209423E+01 0.43924186138865747218197418616819E+00
-0.11721326540458267030394053448263E+01 0.43603002506258029103523459829213E+00
-0.11634395247122000165218047366237E+01 0.43280289829192706267239186996532E+00
-0.11547054816385085790438721409915E+01 0.42956059464292306598590751233213E+00
-0.11459308314796561699377565307540E+01 0.42630322821752640130820287150725E+00
-0.11371158823142078435937432962385E+01 0.42303091364945552247492375681320E+00
-0.11282609436335192818304373823377E+01 0.41974376610019917465909702576388E+00
-0.11193663263308145087164561500975E+01 0.41644190125500839379816466048904E+00
-0.11104323426902134336866853357386E+01 0.41312543531887095584592383777084E+00
-0.11014593063757109701965311304542E+01 0.40979448501246849554000282580325E+00
-0.10924475324201042323189540401790E+01 0.40644916756811530218224046531940E+00
-0.10833973372138731578775766226541E+01 0.40308960072568194297016950231492E+00
-0.10743090384940104262321901673677E+01 0.39971590272849926558007573130976E+00
-0.10651829553328041488926773210217E+01 0.39632819231924804935926787947970E+00
-0.10560194081265721479807347121472E+01 0.39292658873583022765011106001491E+00
-0.10468187185843484132298829741982E+01 0.38951121170722434108206852011228E+00
-0.10375812097165229154101655408692E+01 0.38608218144932464384069429958110E+00
-0.10283072058234338732483648783602E+01 0.38263961866076361217785325588185E+00
-0.10189970324839136042883544977497E+01 0.37918364451871895905566975793029E+00
-0.10096510165437888146956612537979E+01 0.37571438067470445606587432546565E+00
-0.10002694861043343685305624669202E+01 0.37223194925034499136560278223015E+00
-0.99085277051068222137417789963084E+00 0.36873647283313647130876518805589E+00
-0.98140120034018475459780127004470E+00 0.36522807447219003421348927648101E+00
-0.97191510739073435844165260531194E+00 0.36170687767396143512096643446538E+00
-0.96239482466903775642533711197645E+00 0.35817300639796504191426417156123E+00
-0.95284068637884719568042411342265E+00 0.35462658505247321160703236082360E+00
-0.94325302790914772151814782374747E+00 0.35106773849020132903422352834796E+00
-0.93363218582230160310020340219073E+00 0.34749659200397770389078609589841E+00
-0.92397849784214975758859782261434E+00 0.34391327132239986302031248420173E+00
-0.91429230284207104020271756706064E+00 0.34031790260547639744719113532006E+00
-0.90457394083299956842410887991616E+00 0.33671061244025480386620118065199E+00
-0.89482375295140013070084152902054E+00 0.33309152783643593508454743298333E+00
-0.88504208144720287146549644599300E+00 0.32946077622197451170913746721334E+00
-0.87522926967169665649762227183445E+00 0.32581848543866665319849420504229E+00
-0.86538566206538238728717401174304E+00 0.32216478373772384875449422959235E+00
-0.85551160414578608229867200396595E+00 0.31849979977533413249650571995815E+00
-0.84560744249523224171811685212548E+00 0.31482366260821077848715636434781E+00
-0.83567352474857814473439249434785E+00 0.31113650168912751416101816558605E+00
-0.82571019958090864496118924304667E+00 0.30743844686244217426960444759418E+00
-0.81571781669519354685491459355165E+00 0.30372962835960813043229683883669E+00
-0.80569672680990543527123969306064E+00 0.30001017679467254336160248306823E+00
-0.79564728164660101671058056054103E+00 0.29628022315976470135833857147655E+00
-0.78556983391746447992041893367923E+00 0.29253989882057071054690219443617E+00
-0.77546473731281350611032609210403E+00 0.28878933551179813575723340381019E+00
-0.76533234648856966153821610584534E+00 0.28502866533262917237624624850018E+00
-0.75517301705369150581808005731123E+00 0.28125802074216207566211733629155E+00
-0.74498710555757275910784658462902E+00 0.27747753455484297574125799905394E+00
-0.73477496947740452672057129631179E+00 0.27368733993588581996700870037738E+00
-0.72453696720550209948868263535743E+00 0.26988757039668256398410341367344E+00
-0.71427345803659817312124334069518E+00 0.26607835979020372604484455743858E+00
-0.70398480215510037585242183744078E+00 0.26225984230638730635482340349542E+00
-0.69367136062231593616469533543360E+00 0.25843215246752009688810118723296E+00
-0.68333349536364239561457391031917E+00 0.25459542512360748878360867111726E+00
-0.67297156915572484838772098390202E+00 0.25074979544773502566210784084112E+00
-0.66258594561358086965448553327918E+00 0.24689539893142081086010989147026E+00
-0.65217698917769270891105711800331E+00 0.24303237137995847266058567581059E+00
-0.64174506510106747689659517518714E+00 0.23916084890775204019793738017187E+00
-0.63129053943626570614068852042309E+00 0.23528096793364202514677204492999E+00
-0.62081377902239851281486323040162E+00 0.23139286517622342636695762851407E+00
-0.61031515147209389862403840874876E+00 0.22749667764915574000419221624810E+00
-0.59979502515843231594014294549407E+00 0.22359254265646511157525494486919E+00
-0.58925376920185217586380597872184E+00 0.21968059778783927350805858369472E+00
-0.57869175345702553711565654668991E+00 0.21576098091391482119943656713161E+00
-0.56810934849970401718445623413839E+00 0.21183383018155762731399567513088E+00
-0.55750692561353596671989052175361E+00 0.20789928400913664937571985853005E+00
-0.54688485677685463968056697946827E+00 0.20395748108179079593828865065640E+00
-0.53624351464943778627971430118672E+00 0.20000856034668964780621651726165E+00
-0.52558327255923964045052652269053E+00 0.19605266100828850023941193000315E+00
-0.51490450448909472930197341112618E+00 0.19208992252357696719794178833889E+00
-0.50420758506339474005416219960172E+00 0.18812048459732252903827282041500E+00
-0.49349288953473782383269036950429E+00 0.18414448717730841234930941224553E+00
-0.48276079377055174743548853208813E+00 0.18016207044956701220351822108971E+00
-0.47201167423969056894908530794225E+00 0.17617337483360802628220758752900E+00
-0.46124590799900494278354090726147E+00 0.17217854097764206001660127230443E+00
-0.45046387267988728776857335093985E+00 0.16817770975380071747433831972883E+00
-0.43966594647479125660357566609072E+00 0.16417102225335188957945342205044E+00
-0.42885250812372603485988444577847E+00 0.16015861978191192533713296876130E+00
-0.41802393690072675935352107916006E+00 0.15614064385465455788461914969319E+00
-0.40718061260029913002232616444634E+00 0.15211723619151556581923250973736E+00
-0.39632291552384152048690354168671E+00 0.14808853871239717262236324762294E+00
-0.38545122646604199705395165419248E+00 0.14405469353236619896109504214934E+00
-0.37456592670125261941344171064564E+00 0.14001584295685411215399427265595E+00
-0.36366739796984045251493364491143E+00 0.13597212947685208400028784846724E+00
-0.35275602246451543930274423544512E+00 0.13192369576410571999353724808770E+00
-0.34183218281663581594275169798914E+00 0.12787068466630872110812553846295E+00
-0.33089626208249114707651848895657E+00 0.12381323920229467517045011783066E+00
-0.31994864372956340490285662378320E+00 0.11975150255722951036955178566886E+00
-0.30898971162276624285217360935331E+00 0.11568561807780232145210628158175E+00
-0.29801985001066262497574043134379E+00 0.11161572926741702033516095637921E+00
-0.28703944351166112045132571138061E+00 0.10754197978138425227579719890651E+00
-0.27604887710019142827663805298865E+00 0.10346451342211367052923938955097E+00
-0.26504853609285889511168594456835E+00 0.99383474134308103264427450112824E-01
-0.25403880613457848401955524986235E+00 0.95299006000157633622683459040151E-01
-0.24302007318468822359464323512129E+00 0.91211253234537462181658590888899E-01
-0.23199272350304292734852972878415E+00 0.87120360180206197079499885286182E-01
-0.22095714363608763352313967660554E+00 0.83026471303007736034680271840625E-01
-0.20991372040291141612796870469160E+00 0.78929731187075313609733858244437E-01
-0.19886284088128135459326666962127E+00 0.74830284530039763733660851271881E-01
-0.18780489239365748007753596165667E+00 0.70728276138240748551302809494874E-01
-0.17674026249318846698183765256313E+00 0.66623850921942316920429129108883E-01
-0.16566933894968773020842644652846E+00 0.62517153890553107296451306200791E-01
-0.15459250973559112580176341655055E+00 0.58408330147851766636083933337367E-01
-0.14351016301189561566983500951691E+00 0.54297524887217002128869542215886E-01
-0.13242268711407881129746323201981E+00 0.50184883386864359960073785188977E-01
-0.12133047053800080234291539973971E+00 0.46070551005088884966055681583720E-01
-0.11023390192578618965678099357551E+00 0.41954673175514477811413709192086E-01
-0.99133370051688858106898056372169E-01 0.37837395402350650758032181695044E-01
-0.88029263807937524913695905218501E-01 0.33718863255657345689541173642304E-01
-0.76921972190562835123676824911476E-01 0.29599222366617084745624006290114E-01
-0.65811884285206905269406443822193E-01 0.25478618422816922719027815724866E-01
-0.54699389252913259729203416749978E-01 0.21357197163539168470461059556194E-01
-0.43584876315899485913178643187244E-01 0.17235104375061524317878574082226E-01
-0.32468734743310575149421959135422E-01 0.13112485885968458274447082129946E-01
-0.21351353836954130447450791068314E-01 0.89894875624729987253080418104968E-02
-0.10233122917017447267604661167154E-01 0.48662553037500887393863402244657E-02
0.88556869223543243329345241089164E-03 0.74293503728172247728888829569342E-03
0.12004331676784117216004147736859E-01 -0.33803272857841963833922231297162E-02
0.23122776747191929717771399681704E-01 -0.75033856952628268729969072871532E-02
0.34240514652965400305675793590483E-01 -0.11626094206546666769302330560680E-01
0.45357156196931944480717163901814E-01 -0.15748306825205383363921663472780E-01
0.56472312249639004763821308556675E-01 -0.19869877551570043182464695839730E-01
0.67585593763771437506004063127149E-01 -0.23990660385301810744593616783575E-01
0.78696611788589713011603541754324E-01 -0.28110509329943474890490893791837E-01
0.89804977484388837202898398174211E-01 -0.32229278397453391710183193311211E-01
0.10091030213697760597793742903191E+00 -0.36346821612721125832492419594249E-01
0.11201219717217982263575866991814E+00 -0.40462993018064783007053576607786E-01
0.12311027417035636000855997115844E+00 -0.44577646677706964692049500883671E-01
0.13420414488095014960431231947791E+00 -0.48690636682231260672184821063566E-01
0.14529342123705364075091682385267E+00 -0.52801817153016686794842868088486E-01
0.15637771536999906880240956741133E+00 -0.56911042246648999057854347358574E-01
0.16745663962397347028149979293451E+00 -0.61018166159309613994080246211735E-01
0.17852980657065729426648119397599E+00 -0.65123043131139149408131061625106E-01
0.18959682902388880992153231459391E+00 -0.69225527450576028861424904107446E-01
0.20065732005435453405453179615129E+00 -0.73325473458668318335671120281819E-01
0.21171089300430578553964707382831E+00 -0.77422735553358498662700020663144E-01
0.22275716150230383208810830452073E+00 -0.81517168193738833141554755220635E-01
0.23379573947799293330018612041424E+00 -0.85608625904277556279613209930587E-01
0.24482624117690306810113069013148E+00 -0.89696963279013966309135325519006E-01
0.25584828117528348416594683627447E+00 -0.93782034985721078016138437903688E-01
0.26686147439496812056344978455001E+00 -0.97863695770034674601508743605231E-01
0.27786543611827364255620407926987E+00 -0.10194180045954809139009504339361E+00
0.28885978200293201258569103738915E+00 -0.10601620396787019684019409955593E+00
0.29984412809705831836573260322475E+00 -0.11008676129864611370869535293877E+00
0.31081809085415650677147795745983E+00 -0.11415332754953812807327321939420E+00
0.32178128714816270815177380050451E+00 -0.11821575791616725576659161927123E+00
0.33273333428852956920259736638603E+00 -0.12227390769601077386386541820622E+00
0.34367385003535214910127322926425E+00 -0.12632763229225733305376708903365E+00
0.35460245261453802232100785409864E+00 -0.13037678721761514175802899908167E+00
0.36551876073302302307271008203748E+00 -0.13442122809807356196532954473137E+00
0.37642239359403457009219477359055E+00 -0.13846081067661473968096114602725E+00
0.38731297091240572978653406891168E+00 -0.14249539081687364802491975749593E+00
0.39819011292994103249888810602580E+00 -0.14652482450674542334509296440468E+00
0.40905344043083779583577435489528E+00 -0.15054896786193605492519636620228E+00
0.41990257475716469081301206398423E+00 -0.15456767712945655561434420554710E+00
0.43073713782439983582487731867163E+00 -0.15858080869105561366958140645011E+00
0.44155675213703424060339417466449E+00 -0.16258821906659004245962950069732E+00
0.45236104080423848616342290266661E+00 -0.16658976491733112885385521558635E+00
0.46314962755560238632666647253605E+00 -0.17058530304920090827118189579539E+00
0.47392213675694499467775638658061E+00 -0.17457469041594030690896104320319E+00
0.48467819342620305899932826209583E+00 -0.17855778412220168913989327591419E+00
0.49541742324939976516526349480283E+00 -0.18253444142656613091670002952624E+00
0.50613945259669792911911639993374E+00 -0.18650451974448020742731287297462E+00
0.51684390853854320642681222764082E+00 -0.19046787665110970903655267150698E+00
0.52753041886190062709354579220259E+00 -0.19442436988410719229690207113553E+00
0.53819861208658984019759792070014E+00 -0.19837385734628854090544854251373E+00
0.54884811748172498430892970638706E+00 -0.20231619710821563889626612792348E+00
0.55947856508226336804570485115575E+00 -0.20625124741068084745379466180665E+00
0.57008958570567009878822950309350E+00 -0.21017886666708899828135782754140E+00
0.58068081096870356857391920292871E+00 -0.21409891346573235188298073302068E+00
0.59125187330432966506701197100795E+00 -0.21801124657195377926885101611625E+00
0.60180240597877072634524151579949E+00 -0.22191572493019384114212294768707E+00
0.61233204310869662723827994708790E+00 -0.22581220766591575282177567358379E+00
0.62284041967856647076067399958994E+00 -0.22970055408740322902090489138817E+00
0.63332717155812841692767287106160E+00 -0.23358062368742560636953566172167E+00
0.64379193552008664998432765298000E+00 -0.23745227614476388011346183810947E+00
0.65423434925794513533496818010492E+00 -0.24131537132559137476813723358602E+00
0.66465405140403745045902039730796E+00 -0.24516976928470266758104236104256E+00
0.67505068154775360312564435991534E+00 -0.24901533026658326851713213979592E+00
0.68542388025397471311512294796938E+00 -0.25285191470631295201420415098104E+00
0.69577328908172741152804274061132E+00 -0.25667938323029464920084677153485E+00
0.70609855060307076381580906487408E+00 -0.26049759665680080244076544771773E+00
0.71639930842222827081878976921509E+00 -0.26430641599632841613128412214700E+00
0.72667520719498026847259203780451E+00 -0.26810570245175310318124096472175E+00
0.73692589264833100962309044425783E+00 -0.27189531741827343880535137848131E+00
0.74715101160046568308595416829302E+00 -0.27567512248313402161833365986977E+00
0.75735021198101719999518637851037E+00 -0.27944497942511688146139474786242E+00
0.76752314285165677381365485381040E+00 -0.28320475021379032987869253216320E+00
0.77766945442703162091887418267537E+00 -0.28695429700850111605509177728915E+00
0.78778879809606797929012786288629E+00 -0.29069348215709949212851480508400E+00
0.79788082644366137933800247751993E+00 -0.29442216819438113616290601341913E+00
0.80794519327277944023471550931565E+00 -0.29814021784023245713632772672853E+00
0.81798155362699943054514153867303E+00 -0.30184749399746388860987784897176E+00
0.82798956381350980035330661368104E+00 -0.30554385974931377059358812864138E+00
0.83796888142660284152470449567434E+00 -0.30922917835660677446137124845958E+00
0.84791916537168775759465305042442E+00 -0.31290331325454716954562397329899E+00
0.85784007588985989733936266215730E+00 -0.31656612804912730468972297313653E+00
0.86773127458305662635199037169238E+00 -0.32021748651313144106523565168298E+00
0.87759242443984066094865316693965E+00 -0.32385725258171054622950692485474E+00
0.88742318986184844740509343453912E+00 -0.32748529034750636893656977807299E+00
0.89722323669094671900546554843579E+00 -0.33110146405529838527940856561507E+00
0.90699223223714322386500552968604E+00 -0.33470563809614604039970337673268E+00
0.91672984530729981778961515238667E+00 -0.33829767700099890067927309631531E+00
0.92643574623470120740490753868082E+00 -0.34187744543374269019724176528901E+00
0.93610960690953494548375389945414E+00 -0.34544480818364868372739616554240E+00
0.94575110081034373727014042981230E+00 -0.34899963015719171331637250882364E+00
0.95535990303651486374991695422255E+00 -0.35254177636919839608522344466445E+00
0.96493569034187648746750859182642E+00 -0.35607111193328636256638842172430E+00
0.97447814116947665722222593316121E+00 -0.35958750205155033850821609098471E+00
0.98398693568762569198277150708910E+00 -0.36309081200344978414868913199764E+00
0.99346175582728944600363709981196E+00 -0.36658090713384844213354475627115E+00
0.10029022853209276912579667483174E+01 -0.37005765284015194091745608046519E+00
0.10123082097428799007379450593093E+01 -0.37352091455848807355635467177832E+00
0.10216792165514070382988512201334E+01 -0.37697055774886672088606731551472E+00
0.10310149951325098064746170359091E+01 -0.38040644787925499207068072432564E+00
0.10403152368456504851782535022399E+01 -0.38382845040849586001238416122810E+00
0.10495796350715186735790364654128E+01 -0.38723643076799470412684102650251E+00
0.10588078852619903788162873346035E+01 -0.39063025434209124178137663582483E+00
0.10679996849924452047094932406721E+01 -0.39400978644702827797446108440554E+00
0.10771547340166189435208930984131E+01 -0.39737489230842174499401508526042E+00
0.10862727343241832354605659802792E+01 -0.40072543703712891670477844901449E+00
0.10953533902012635335383099480461E+01 -0.40406128560340281030268355591872E+00
0.11043964082941228002699707383423E+01 -0.40738230280921268630321880290261E+00
0.11134014976762587400361104699384E+01 -0.41068835325859895916178576383578E+00
0.11223683699191884490866918952644E+01 -0.41397930132592177516921415557458E+00
0.11312967391672115023978385012421E+01 -0.41725501112184927862705157511268E+00
0.11401863222164813025274807266328E+01 -0.42051534645691800707922525487691E+00
0.11490368385987317100173448452003E+01 -0.42376017080248566504612743060259E+00
0.11578480106700511898152647204367E+01 -0.42698934724887730726932115002945E+00
0.11666195637051271790118850264736E+01 -0.43020273846051144322972753607574E+00
0.11753512259974257058823930497207E+01 -0.43340020662777130758342008584878E+00
0.11840427289658206557901495149034E+01 -0.43658161341536675817239140103458E+00
0.11926938072682332097470881831552E+01 -0.43974681990690664006252111460364E+00
0.12013041989229038920745482590525E+01 -0.44289568654537775876169677093789E+00
0.12098736454379806185694258336752E+01 -0.44602807306919621517174258198685E+00
0.12184018919501778315961513521913E+01 -0.44914383844346514293750742595452E+00
0.12268886873733432344371372545266E+01 -0.45224284078603788172785859178717E+00
0.12353337845578557474929862319421E+01 -0.45532493728794500896638863640157E+00
0.12437369404618823512073310213297E+01 -0.45838998412770069795830855891267E+00
0.12520979163356310626521464265683E+01 -0.46143783637895462852717560381864E+00
0.12604164779198679322700205337659E+01 -0.46446834791089897801793294477186E+00
0.12686923956601094723720837823208E+01 -0.46748137128078234901681403190660E+00
0.12769254449380648508149603534530E+01 -0.47047675761780869505448436868228E+00
0.12851154063220867486630173376174E+01 -0.47345435649762708075037147073751E+00
0.12932620658386015560882119297186E+01 -0.47641401580652735500510853365347E+00
0.13013652152667276609502828878750E+01 -0.47935558159436088968493902513326E+00
0.13094246524585635829715248385559E+01 -0.48227889791509463664887051484301E+00
0.13174401816879386028507755487621E+01 -0.48518380665378178868573060556769E+00
0.13254116140307779974163681986263E+01 -0.48807014733859088770439315292122E+00
0.13333387677806415835282931039946E+01 -0.49093775693637464519151141145297E+00
0.13412214689034678818684048060545E+01 -0.49378646963007709033522288549509E+00
0.13490595515361002656220574284637E+01 -0.49661611657606938260596744218372E+00
0.13568528585337986366990852301774E+01 -0.49942652563926662468798337120130E+00
0.13646012420726711665715617643411E+01 -0.50221752110360581962479142421354E+00
0.13723045643138084070758316622771E+01 -0.50498892335515208359609310854655E+00
0.13799626981368886906184606570612E+01 -0.50774054853474022631340580877242E+00
0.13875755279521826066162813523090E+01 -0.51047220815664418776853880844609E+00
0.13951429506012384129343502836411E+01 -0.51318370868928520475069448915337E+00
0.14026648763581264151346058450901E+01 -0.51587485109343333504294012315537E+00
0.14101412300450047405412587430724E+01 -0.51854543031270758589607162296322E+00
0.14175719522780018309563879027781E+01 -0.52119523471042277200220936037729E+00
0.14249570008620657442461427249406E+01 -0.52382404544594470157181472461620E+00
0.14322963523565983608464148169794E+01 -0.52643163578267432372203886530108E+00
0.14395900038374939733293322874152E+01 -0.52901777031855110315120124320995E+00
0.14468379748857720472074387500565E+01 -0.53158220412851572547887670532959E+00
0.14540403098385208622951819797917E+01 -0.53412468180664089748683887597363E+00
0.14611970803445831043357390961088E+01 -0.53664493639358368535717676309137E+00
0.14683083882756051657572546630238E+01 -0.53914268817254097995956116804453E+00
0.14753743690531232069429406428264E+01 -0.54161764331392204281863978329899E+00
0.14823951954647528502724501663908E+01 -0.54406949234535945527386845291679E+00
0.14893710820579239443088689763025E+01 -0.54649790841931501131125680242765E+00
0.14963022902187915278657160737371E+01 -0.54890254534520449426858050242235E+00
0.15031891340680492705463588855633E+01 -0.55128303534640993957799079771911E+00
0.15100319873358514709496605624178E+01 -0.55363898649444614220306152679487E+00
0.15168312914168666206833748010341E+01 -0.55596997976246482267245849298373E+00
0.15235875648563186711219647711654E+01 -0.55827556562764638064206541855990E+00
0.15303014145823792425551450776412E+01 -0.56055526013608214667936594790931E+00
0.15369735492845030603118454201296E+01 -0.56280854032345400197577421908018E+00
0.15436047954483654115617584386037E+01 -0.56503483885877660704307457408488E+00
0.15501961167059915300205066474970E+01 -0.56723353774471136412884210741428E+00
0.15567486373589341313083348580606E+01 -0.56940396086378520046024810644646E+00
0.15632636712040054806830704811771E+01 -0.57154536510133455335826764708652E+00
0.15697427571663062539511492837739E+01 -0.57365692969751709638052264561783E+00
0.15761877037701224241200217330336E+01 -0.57573774337389448176089180990319E+00
0.15826006452268786212518504307495E+01 -0.57778678863205366553263961978882E+00
0.15889841130040542732043772076970E+01 -0.57980292241197534280676844809703E+00
0.15953411283421017958486257033473E+01 -0.58178485199115685191684907469892E+00
0.16016753236105163343324781626366E+01 -0.58373110453357207704200066234005E+00
0.16079911041643723029015473694284E+01 -0.58563998789518529479863141880034E+00
0.16142938684749315475493496486748E+01 -0.58750953857833221255299463258127E+00
0.16205903152761555222012472568318E+01 -0.58933744644634882830932129548807E+00
0.16268889088829742751509962694398E+01 -0.59112084891395020432681467591892E+00
0.16344651127271901611416362697080E+01 -0.59319882373348757135801054011654E+00
0.16420854660600936582083034301165E+01 -0.59520052072476477785832769390557E+00
0.16497859499112210902385718351102E+01 -0.59711784978553405599977032479807E+00
0.16576216125391676505428117653355E+01 -0.59893822234811745228431856520551E+00
0.16656821931488953332584217013203E+01 -0.60064482128835887415053173829802E+00
0.16736810610670333834510625691393E+01 -0.60213324379452423471529450984190E+00
0.16812562325365764999207489401831E+01 -0.60330870767558894680305170292905E+00
0.16884308850738850477617298459528E+01 -0.60416580579776944438670569864130E+00
0.16952275086731820354467629680561E+01 -0.60474742801119597317943348546198E+00
0.17016861211785548846482699718325E+01 -0.60484893318367113906819584369373E+00
0.17050583578442625480120143150861E+01 -0.61025366466648821937495767019855E+00
0.17088750667454709216419395107922E+01 -0.61556565248388985901798825513998E+00
0.17130878819480670084266388194123E+01 -0.62080516890937922206461876927757E+00
0.17176668275114453740333050574881E+01 -0.62597488147325540391908770450923E+00
0.17225748206812209299163111187679E+01 -0.63107979748230072272916583478361E+00
0.17275407207561845881312396057734E+01 -0.63589877816911416275307715551194E+00
0.17323471071232105104552389529902E+01 -0.64030552205240612014506130382676E+00
0.17370231820685594752283723252626E+01 -0.64439722231393656171479050989896E+00
0.17415854541879380322248546513871E+01 -0.64823515295401958625776045237633E+00
0.17460438240771162245642885832289E+01 -0.65186106744073202152883607703647E+00
0.17496846050271663898037686569420E+01 -0.65474222950657103450291159355636E+00
0.17532599059045953419981058444994E+01 -0.65751041763898202625052404104998E+00
0.17567717473614118517135412207296E+01 -0.66017580105455872262376607221953E+00
0.17602213113738567284994530356996E+01 -0.66274704412182382325885827451684E+00
0.17636095381729111721829973857000E+01 -0.66523118749838728451143236979756E+00
0.17669370807726725349464547092342E+01 -0.66763416461337024394507266223275E+00
0.17702044161622841056226918389974E+01 -0.66996098426262796801662864600745E+00
0.17734118785380827171065549744761E+01 -0.67221593015460012847538960984271E+00
0.17765596978741366226006128218269E+01 -0.67440269191212922340835774464784E+00
0.17796480236222116354809017364067E+01 -0.67652447278614793098268703645653E+00
0.17826769438434094925475839779695E+01 -0.67858407180440492304817507303227E+00
0.17856464991680614511419263542875E+01 -0.68058394956859623415126639910381E+00
0.17885566935887220943079964261606E+01 -0.68252628077599769721312467819344E+00
0.17914075027219029102652893608733E+01 -0.68441299682858326884762008107228E+00
0.17941988802386193421722408915566E+01 -0.68624582064329666621182404671310E+00
0.17969307628917783419449985563000E+01 -0.68802629536037057072319944234077E+00
0.17996030744790419828094754814942E+01 -0.68975580819609806850969519353620E+00
0.18022157289842086583715256164976E+01 -0.69143561040642477835513290343658E+00
0.18047686330816721169725610933169E+01 -0.69306683410523399295781116777510E+00
0.18072616881427193758453677747310E+01 -0.69465050651983645447930017197599E+00
0.18096947918497822797674547232890E+01 -0.69618756214258706605034314375367E+00
0.18120678395001763193894493884161E+01 -0.69767885314367665931062074092443E+00
0.18143807250625348626700645791242E+01 -0.69912515833760840226329178408568E+00
0.18166333420352540054347758667079E+01 -0.70052719093950078274742302998014E+00
0.18188255841456820351550729019352E+01 -0.70188560530313964265340170464868E+00
0.18209573459206574860709572588117E+01 -0.70320100279776189225686236901935E+00
0.18230285231527115628100689906735E+01 -0.70447393695274218545301688195966E+00
0.18250390132813564018966763135075E+01 -0.70570491797706615974269170384305E+00
0.18269887157050452503802353580543E+01 -0.70689441674249961817729124662146E+00
0.18288775320363709413534810546696E+01 -0.70804286830477958440092145976073E+00
0.18307053663106761758842213832818E+01 -0.70915067502525266162093160672374E+00
0.18324721251563447668973747124870E+01 -0.71021820934562362623102745303136E+00
0.18341777179335201488228748744420E+01 -0.71124581626042713547776333369858E+00
0.18358220568467729238150816043809E+01 -0.71223381552516340409571538449398E+00
0.18374050570362529482690128978466E+01 -0.71318250363248740354063113888914E+00
0.18389266366510608023454782591943E+01 -0.71409215558419506210827557547316E+00
0.18403867169079236138895984004707E+01 -0.71496302648285273934979700349428E+00
0.18417852221377299824823549402155E+01 -0.71579535296362657532126697727323E+00
0.18431220798220437635236165223598E+01 -0.71658935448408565369424015791050E+00
0.18443972206213605680408478478259E+01 -0.71734523448738767385861317184096E+00
0.18456105783965763138840554177215E+01 -0.71806318145223810405614070094257E+00
0.18467620902248952474928413133038E+01 -0.71874336984128732478669139933733E+00
0.18478516964112033504897892497007E+01 -0.71938596095814647448651426486850E+00
0.18488793404957662306031381058037E+01 -0.71999110372192386568348723798146E+00
0.18498449692589716821459627467930E+01 -0.72055893536707803197779842819290E+00
0.18507485327237195735655552822616E+01 -0.72108958207542427610924230215623E+00
0.18515899841559616455892565349085E+01 -0.72158315954630123131542730905042E+00
0.18523692800637941948399080499537E+01 -0.72203977351020182496197333764218E+00
0.18530863801953166338259903190089E+01 -0.72245952019073923947881463472913E+00
0.18537412475323667602498495430531E+01 -0.72284248672446140442459436242399E+00
0.18541432352003321439545904949373E+01 -0.72307740334427383311839096722519E+00
0.18545175395284906476683601295295E+01 -0.72329602944774953764088529742183E+00
0.18548641519834503472204242743332E+01 -0.72349838449363581832426480365068E+00
0.18551830646191313939185297963710E+01 -0.72368448644293112689343430843252E+00
0.18554742701400910884469716590561E+01 -0.72385435168225015541863217456222E+00
0.18557516303972681867579251046091E+01 -0.72401608041994812848723868820144E+00
0.18560290117890534925537225054296E+01 -0.72417776280452373489898074527137E+00
0.18563064143127127397954198451434E+01 -0.72433939899711895947432523479715E+00
0.18565838379650882381884286430182E+01 -0.72450098915876645135096526103235E+00
0.18568612827433665620387809801636E+01 -0.72466253344907786250820160904862E+00
0.18565838379650882381884286430182E+01 -0.72450098915876645135096526103235E+00
0.18563064143127127397954198451434E+01 -0.72433939899711895947432523479715E+00
0.18560290117890534925537225054296E+01 -0.72417776280452373489898074527137E+00
0.18557516303972681867579251046091E+01 -0.72401608041994812848723868820144E+00
0.18554742701400910884469716590561E+01 -0.72385435168225015541863217456222E+00
0.18551830646191313939185297963710E+01 -0.72368448644293112689343430843252E+00
0.18548641519834503472204242743332E+01 -0.72349838449363581832426480365068E+00
0.18545175395284906476683601295295E+01 -0.72329602944774953764088529742183E+00
0.18541432352003321439545904949373E+01 -0.72307740334427383311839096722519E+00
0.18537412475323667602498495430531E+01 -0.72284248672446140442459436242399E+00
0.18530863801953166338259903190089E+01 -0.72245952019073923947881463472913E+00
0.18523692800637941948399080499537E+01 -0.72203977351020182496197333764218E+00
0.18515899841559616455892565349085E+01 -0.72158315954630123131542730905042E+00
0.18507485327237195735655552822616E+01 -0.72108958207542427610924230215623E+00
0.18498449692589716821459627467930E+01 -0.72055893536707803197779842819290E+00
0.18488793404957662306031381058037E+01 -0.71999110372192386568348723798146E+00
0.18478516964112033504897892497007E+01 -0.71938596095814647448651426486850E+00
0.18467620902248952474928413133038E+01 -0.71874336984128732478669139933733E+00
0.18456105783965763138840554177215E+01 -0.71806318145223810405614070094257E+00
0.18443972206213605680408478478259E+01 -0.71734523448738767385861317184096E+00
0.18431220798220437635236165223598E+01 -0.71658935448408565369424015791050E+00
0.18417852221377299824823549402155E+01 -0.71579535296362657532126697727323E+00
0.18403867169079236138895984004707E+01 -0.71496302648285273934979700349428E+00
0.18389266366510608023454782591943E+01 -0.71409215558419506210827557547316E+00
0.18374050570362529482690128978466E+01 -0.71318250363248740354063113888914E+00
0.18358220568467729238150816043809E+01 -0.71223381552516340409571538449398E+00
0.18341777179335201488228748744420E+01 -0.71124581626042713547776333369858E+00
0.18324721251563447668973747124870E+01 -0.71021820934562362623102745303136E+00
0.18307053663106761758842213832818E+01 -0.70915067502525266162093160672374E+00
0.18288775320363709413534810546696E+01 -0.70804286830477958440092145976073E+00
0.18269887157050452503802353580543E+01 -0.70689441674249961817729124662146E+00
0.18250390132813564018966763135075E+01 -0.70570491797706615974269170384305E+00
0.18230285231527115628100689906735E+01 -0.70447393695274218545301688195966E+00
0.18209573459206574860709572588117E+01 -0.70320100279776189225686236901935E+00
0.18188255841456820351550729019352E+01 -0.70188560530313964265340170464868E+00
0.18166333420352540054347758667079E+01 -0.70052719093950078274742302998014E+00
0.18143807250625348626700645791242E+01 -0.69912515833760840226329178408568E+00
0.18120678395001763193894493884161E+01 -0.69767885314367665931062074092443E+00
0.18096947918497822797674547232890E+01 -0.69618756214258706605034314375367E+00
0.18072616881427193758453677747310E+01 -0.69465050651983645447930017197599E+00
0.18047686330816721169725610933169E+01 -0.69306683410523399295781116777510E+00
0.18022157289842086583715256164976E+01 -0.69143561040642477835513290343658E+00
0.17996030744790419828094754814942E+01 -0.68975580819609806850969519353620E+00
0.17969307628917783419449985563000E+01 -0.68802629536037057072319944234077E+00
0.17941988802386193421722408915566E+01 -0.68624582064329666621182404671310E+00
0.17914075027219029102652893608733E+01 -0.68441299682858326884762008107228E+00
0.17885566935887220943079964261606E+01 -0.68252628077599769721312467819344E+00
0.17856464991680614511419263542875E+01 -0.68058394956859623415126639910381E+00
0.17826769438434094925475839779695E+01 -0.67858407180440492304817507303227E+00
0.17796480236222116354809017364067E+01 -0.67652447278614793098268703645653E+00
0.17765596978741366226006128218269E+01 -0.67440269191212922340835774464784E+00
0.17734118785380827171065549744761E+01 -0.67221593015460012847538960984271E+00
0.17702044161622841056226918389974E+01 -0.66996098426262796801662864600745E+00
0.17669370807726725349464547092342E+01 -0.66763416461337024394507266223275E+00
0.17636095381729111721829973857000E+01 -0.66523118749838728451143236979756E+00
0.17602213113738567284994530356996E+01 -0.66274704412182382325885827451684E+00
0.17567717473614118517135412207296E+01 -0.66017580105455872262376607221953E+00
0.17532599059045953419981058444994E+01 -0.65751041763898202625052404104998E+00
0.17496846050271663898037686569420E+01 -0.65474222950657103450291159355636E+00
0.17460438240771162245642885832289E+01 -0.65186106744073202152883607703647E+00
0.17415854541879380322248546513871E+01 -0.64823515295401958625776045237633E+00
0.17370231820685594752283723252626E+01 -0.64439722231393656171479050989896E+00
0.17323471071232105104552389529902E+01 -0.64030552205240612014506130382676E+00
0.17275407207561845881312396057734E+01 -0.63589877816911416275307715551194E+00
0.17225748206812209299163111187679E+01 -0.63107979748230072272916583478361E+00
0.17176668275114453740333050574881E+01 -0.62597488147325540391908770450923E+00
0.17130878819480670084266388194123E+01 -0.62080516890937922206461876927757E+00
0.17088750667454709216419395107922E+01 -0.61556565248388985901798825513998E+00
0.17050583578442625480120143150861E+01 -0.61025366466648821937495767019855E+00
