0.47488831045406676618190276407979E+00 0.78834879215678224329157214703049E+00
0.48342116174548500006101105886925E+00 0.78497533949194583563612964004201E+00
0.49146830037711568023930401590449E+00 0.78181849969403077601359575182988E+00
0.49899322878093455628315279923824E+00 0.77888593171871453728417342462965E+00
0.50596873353330327128704532926986E+00 0.77618466386018847554517108895784E+00
0.51236622492177281275645865689451E+00 0.77372194411965367784598874866619E+00
0.51819029558052996737741971386115E+00 0.77149225615518082144034847422871E+00
0.52356134759740225717427231107176E+00 0.76944639489189004316121929740004E+00
0.52858116326609553732830022922723E+00 0.76754333009230154237062331540095E+00
0.53331746767501676552896486870228E+00 0.76575571623930797507117326926692E+00
0.53781817798082983146017455760128E+00 0.76406417851233055707305851069768E+00
0.53331746767501676552896486870228E+00 0.76575571623930797507117326926692E+00
0.52858116326609553732830022922723E+00 0.76754333009230154237062331540095E+00
0.52356134759740225717427231107176E+00 0.76944639489189004316121929740004E+00
0.51819029558052996737741971386115E+00 0.77149225615518082144034847422871E+00
0.51236622492177281275645865689451E+00 0.77372194411965367784598874866619E+00
0.50596873353330327128704532926986E+00 0.77618466386018847554517108895784E+00
0.49899322878093455628315279923824E+00 0.77888593171871453728417342462965E+00
0.49146830037711568023930401590449E+00 0.78181849969403077601359575182988E+00
0.48342116174548500006101105886925E+00 0.78497533949194583563612964004201E+00
0.47488831045406676618190276407979E+00 0.78834879215678224329157214703049E+00
0.47323883284443646604137376126260E+00 0.80143900584967342383380705767765E+00
0.47263975319769151725659860412413E+00 0.81512450749258150930541720775515E+00
0.47262395221535097968911709700393E+00 0.82937748968394465173254855926619E+00
0.47325556656779146671507105908454E+00 0.84420189010747676275958994239609E+00
0.47449899088188972945903217760478E+00 0.85958876195110311627626991866822E+00
0.47622010227402894451536368535064E+00 0.87480780512617702663712794111127E+00
0.47824597177972288248961514620264E+00 0.88932395232416960203734245163601E+00
0.48050569620253894445952938026744E+00 0.90332423828915677969725779208077E+00
0.48295028912603005840186598537657E+00 0.91692374065778178530580858355396E+00
0.48554656097516674761681712746803E+00 0.93019836348504653269526720976771E+00
0.48780473610010629979517910936941E+00 0.94105174327555974502373464807274E+00
0.49013757273136037716752652200993E+00 0.95173979027859588928294394686998E+00
0.49253500429681041259160398133770E+00 0.96228053923620947588305331007423E+00
0.49498877531653987285095696877685E+00 0.97268837314323345954694431175596E+00
0.49749190423270374800955631906759E+00 0.98297495892102378780943943824703E+00
0.50003841083342410676241942367498E+00 0.99314988382365968358874118716098E+00
0.50262312047000293420849528663016E+00 0.10032211134636291937431980356194E+01
0.50524151645399836605501041736311E+00 0.10131953293441267712751831216734E+01
0.50788962613119847134193814426443E+00 0.10230781823952481003783341152533E+01
0.51056393144470601969100090334231E+00 0.10328744865899377687938962830570E+01
0.51326129773659642554849276928953E+00 0.10425883689718911088112919321009E+01
0.51597891638164867116983578500617E+00 0.10522233874283131544837868657192E+01
0.51871425807122171409253552963888E+00 0.10617826242271876529417989513220E+01
0.52146503440592446275962321996988E+00 0.10712687610937084006468253707918E+01
0.52422916604663961673160184991660E+00 0.10806841400494157399659986953063E+01
0.52700475609689824292747504912559E+00 0.10900308131470315784620189599906E+01
0.52979006769804317472685112845927E+00 0.10993105834550677225259671692606E+01
0.53258350504654756521480860132386E+00 0.11085250390819025061665009752614E+01
0.53538359721348032889840204436913E+00 0.11176755816146890037140564888905E+01
0.53818898427534369648825639523687E+00 0.11267634500405983940923512812736E+01
0.54099840536444242826571193100734E+00 0.11357897409865894859409709638861E+01
0.54381068832343918968521242093357E+00 0.11447554259383125112491174382978E+01
0.54662474070842458156501490153561E+00 0.11536613659641840697693404372782E+01
0.54943954193179176667177742970115E+00 0.11625083243666224162945857462956E+01
0.55225413637343848839289567146003E+00 0.11712969776013102599751485184671E+01
0.55506762731856904409538980324510E+00 0.11800279247416093809476002141885E+01
0.55787917160429344778938692326951E+00 0.11887016957148059616346560310793E+01
0.56068797487658974123301237872810E+00 0.11973187584966642708351075059481E+01
0.56349328737497065281363207059095E+00 0.12058795254185242604930587510947E+01
0.56629440017511614080330591702639E+00 0.12143843587151636498366006900663E+01
0.56909064183037114916629314045066E+00 0.12228335754205308140654680679753E+01
0.57188137536181646331914439272840E+00 0.12312274517012298438343457799683E+01
0.57466599555394113659140553684236E+00 0.12395662267035091636937419260055E+01
0.57744392651906508164143272855105E+00 0.12478501059778599211070904915107E+01
0.58021461949879267387905382821598E+00 0.12560792645356924258158833653129E+01
0.58297755087510325278210649689136E+00 0.12642538495845359051794410784142E+01
0.58573222036734256443593604808514E+00 0.12723739829815135986445835137650E+01
0.58847814939448524845413173964175E+00 0.12804397634392291572098126035772E+01
0.59121487958468301717699599414132E+00 0.12884512685134729470783839667612E+01
0.59394197141637590030209569924427E+00 0.12964085563981647774429662690048E+01
0.59665900297718447286699313987136E+00 0.13043116675495633400885147146243E+01
0.59936556882846893298991775072217E+00 0.13121606261588939100614925793978E+01
0.60206127896488186570740186425450E+00 0.13199554414900867420232511716554E+01
0.60474575785948733401120350513729E+00 0.13276961090972162310975984438455E+01
0.60741864358610233773423974273253E+00 0.13353826119344245126862232258794E+01
0.61007958701145469830181197336586E+00 0.13430149213695557245971618107423E+01
0.61272825105057561985241846546041E+00 0.13505929981113874272528577611681E+01
0.61536430997956054591438773835145E+00 0.13581167930591809913190517184827E+01
0.61798744880046235323424124976728E+00 0.13655862480822635178605658467206E+01
0.62059736265363369794646668655135E+00 0.13730012967364778302166118841026E+01
0.62319375627332089940335244591698E+00 0.13803618649235692198785152435282E+01
0.62577634348274205286889870316034E+00 0.13876678714989098119028159157363E+01
0.62834484672526210589600799313607E+00 0.13949192288323740985377796447050E+01
0.63089899662861141335376439449205E+00 0.14021158433266653165299119653678E+01
0.63343853159939644294250238413716E+00 0.14092576158969386301341146648031E+01
0.63596319744541274866314848957452E+00 0.14163444424151678360387388041815E+01
0.63847274702350993449738334627487E+00 0.14233762141223499131451930339339E+01
0.64096693991096736311133777596634E+00 0.14303528180113305759092611387279E+01
0.64344554209852781226279045008035E+00 0.14372741371827544036390135642892E+01
0.64590832570340672915586022774975E+00 0.14441400511764013544570221433727E+01
0.64835506870074391422034250651136E+00 0.14509504362799492172945064342460E+01
0.65078555467210228403112129662516E+00 0.14577051658170093693865575789175E+01
0.65319957256973874370882475492682E+00 0.14644041104161078207111217974161E+01
0.65559691649548431655738831196481E+00 0.14710471382621282181270339419522E+01
0.65797738549316832963168623602026E+00 0.14776341153315954807079567204703E+01
0.66034078335361190818827546852014E+00 0.14841649056130518510122691514790E+01
0.66268691843129726857505979384606E+00 0.14906393713136673080535096275911E+01
0.66501560347189181848678406375838E+00 0.14970573730531240801014395204919E+01
0.66732665544987495230902728623734E+00 0.15034187700457232192138441440413E+01
0.66961989541557239806046062687594E+00 0.15097234202715838985482452308962E+01
0.67189514835096150096039117130684E+00 0.15159711806377247002611384655409E+01
0.67415224303365881144577688386708E+00 0.15221619071297578482760636465979E+01
0.67639101190854675341940538104300E+00 0.15282954549548593254762917766324E+01
0.67861129096653977761659853138906E+00 0.15343716786766283933798333328786E+01
0.68081291963002538042734523746396E+00 0.15403904323423973583249856483335E+01
0.68299574064455297297705677849923E+00 0.15463515696035081768397643950365E+01
0.68515959997637332036403310584627E+00 0.15522549438290317854041936066067E+01
0.68730434671546092962519498204606E+00 0.15581004082133679026099633875350E+01
0.68942983298367929354316124854599E+00 0.15638878158781291467995876977977E+01
0.69153591384777167712663513672839E+00 0.15696170199686829073268594168186E+01
0.69362244723688437975973522906269E+00 0.15752878737456949875232769067182E+01
0.69568929386434844867039472402610E+00 0.15809002306719938257982351054052E+01
0.69773631715346625882679679153986E+00 0.15864539444950498214695532095087E+01
0.69976338316706613455341639477832E+00 0.15919488693253430789470650106314E+01
0.70177036054060385085939606549281E+00 0.15973848597108724660240798090558E+01
0.70375712041860622855647110089730E+00 0.16027617707080407260410620335735E+01
0.70572353639426433354472511302168E+00 0.16080794579491336471101037019618E+01
0.70766948445199717386064767658611E+00 0.16133377777065958128869779660233E+01
0.70959484291281859411432591784662E+00 0.16185365869542909605631684996317E+01
0.71149949238235074573992705431514E+00 0.16236757434259224798586867263034E+01
0.71338331570133760564825999234239E+00 0.16287551056707767663364239050330E+01
0.71524619789852143588239211220229E+00 0.16337745331069416077696621784228E+01
0.71708802614575377460570898475716E+00 0.16387338860721412229896265649106E+01
0.71890868971522055203298900770931E+00 0.16436330258723199763855375204255E+01
0.72070807993866831227664556599467E+00 0.16484718148280985311637971510327E+01
0.72248609016852559377128162901670E+00 0.16532501163192171237538428605482E+01
0.72424261574082028265836415903399E+00 0.16579677948270742934090424271076E+01
0.72597755393979863459575635451421E+00 0.16626247159754617279007650166829E+01
0.72769080396415920482091370212305E+00 0.16672207465695887286318713810603E+01
0.72938226689481806163603962255608E+00 0.16717557546334862690472559284345E+01
0.73105184566412802418483257836329E+00 0.16762296094458714430837522643108E+01
0.73269944502647885338263413766588E+00 0.16806421815745513859911404284331E+01
0.73432497153020873628906463250113E+00 0.16849933429094388783670910732693E+01
0.73592833349076293924618350043703E+00 0.16892829666942474495157989766920E+01
0.73750944096503771409606721099027E+00 0.16935109275569311109151421799417E+01
0.73906820572685192047861388153235E+00 0.16976771015389278823579679197864E+01
0.74060454124349210919290482223391E+00 0.17017813661232644158475990731315E+01
0.74211836265327873309748982751126E+00 0.17058236002615750434496893959166E+01
0.74360958674410593621039830053593E+00 0.17098036844000842909403060069828E+01
0.74507813193290809165228227321605E+00 0.17137215005046016120196932418793E+01
0.74652391824601006819573280668270E+00 0.17175769320845711409277879565380E+01
0.74794686730032023379534196537733E+00 0.17213698642162193171756126193561E+01
0.74934690228532697806754788263620E+00 0.17251001835648395363946636411940E+01
0.75072394794586227400955414232467E+00 0.17287677784062506483892163941499E+01
0.75207793056559739480720008555819E+00 0.17323725386474648494309626686131E+01
0.75340877795123777985813861920618E+00 0.17359143558465976750907184441477E+01
0.75471641941738581703422688563409E+00 0.17393931232320514663526775664571E+01
0.75600078577204201616751759962830E+00 0.17428087357210018083502595009920E+01
0.75726180930271644830148009430807E+00 0.17461610899372146464168985190178E+01
0.75849942376312387908525757657898E+00 0.17494500842282206197307644538683E+01
0.75971356436043730640393845104661E+00 0.17526756186818712125894396097862E+01
0.76090416774307612591676068948019E+00 0.17558375951423004480268768568734E+01
0.76207117198900601969650375059054E+00 0.17589359172253143425931385888849E+01
0.76321451659452906565839161993493E+00 0.17619704903332290088278971512009E+01
0.76433414246354375910707462485030E+00 0.17649412216691775004925387417595E+01
0.76542999189725518604884385235245E+00 0.17678480202509042658083792903408E+01
0.76650200858431724267045178662081E+00 0.17706907969240647803210204414264E+01
0.76755013759138902620444431937525E+00 0.17734694643750476004406132895292E+01
0.76857432535408911516210867602969E+00 0.17761839371433346308808501236037E+01
0.76957451966833156979932625203031E+00 0.17788341316334148783314427023026E+01
0.77055066968202867656688296666740E+00 0.17814199661262659435730702072437E+01
0.77150272588714647116949332681993E+00 0.17839413607904169251627599297417E+01
0.77243064011209894103623898583113E+00 0.17863982376926057447014390359503E+01
0.77333436551446840212824001198340E+00 0.17887905208080428840722311745171E+01
0.77421385657403967559590673739842E+00 0.17911181360302932556435359117893E+01
0.77506906908613614014573081690502E+00 0.17933810111807873334978338695175E+01
0.77589996015524724314865821770714E+00 0.17955790760179714021833362695560E+01
0.77670648818893599595737521191027E+00 0.17977122622461077652274293641781E+01
0.77748861289201748058985211697054E+00 0.17997805035237329372055453770750E+01
0.77824629526099803425071940361652E+00 0.18017837354717840352698285112479E+01
0.77897949757876657328781662093471E+00 0.18037218956814007057745125435717E+01
0.77968818340952938284655338840084E+00 0.18055949237214109858779210334426E+01
0.78037231759398019892909766916842E+00 0.18074027611455087047507948480185E+01
0.78103186624469794990908469045156E+00 0.18091453514991291640973125069432E+01
0.78166679674176482410698060694214E+00 0.18108226403260302305268769772954E+01
0.78227707772859772308937628968903E+00 0.18124345751745848120580693256203E+01
0.78286267910798666207041894697988E+00 0.18139811056037910373118420509638E+01
0.78342357203833383876826095890936E+00 0.18154621831890056564631956980973E+01
0.78395972893008747592772216113692E+00 0.18168777615274059872791891107773E+01
0.78447112344236516945084192230037E+00 0.18182277962431855129824372601126E+01
0.78495773047976067017288789535590E+00 0.18195122449924880020326462168410E+01
0.78541952618933213814507955477818E+00 0.18207310674680837241457901698981E+01
0.78585648795775806619399666039417E+00 0.18218842254037952034907267126785E+01
0.78626859440868383559384682738487E+00 0.18229716825786662110542976255170E+01
0.78665582540017535010312128445343E+00 0.18239934048209078154220667379066E+01
0.78701816202250683946345650258073E+00 0.18249493600115373252371896753765E+01
0.78735558659561253947583149863169E+00 0.18258395180879661049031323669553E+01
0.78766808266811979380377900955021E+00 0.18266638510468110895167352231737E+01
0.78795563501245892549058657702943E+00 0.18274223329480182563232137372776E+01
0.78821822963175658946181151281356E+00 0.18281149399143451401570092306453E+01
0.78837942094268115746049961663067E+00 0.18285400698533438631312007587479E+01
0.78852951074114323442889820697450E+00 0.18289359063584310002203250475729E+01
0.78866849578293482397630124253734E+00 0.18293024438884936537890494300490E+01
0.78879637306524691923917725537012E+00 0.18296396773116713244970879462952E+01
0.78891313982599498596962084469493E+00 0.18299476019057939777270666460756E+01
0.78902435446584333963754062377688E+00 0.18302408774616146568385955067020E+01
0.78913557710594229816015063462879E+00 0.18305341667139365908079704748227E+01
0.78924680774562170095917305135611E+00 0.18308274696639807612193733568528E+01
0.78935804638370986315015663139161E+00 0.18311207863131579726553391522941E+01
0.78946929302060247186840925177874E+00 0.18314141166622842298078727958087E+01
0.78935804638370986315015663139161E+00 0.18311207863131579726553391522941E+01
0.78924680774562170095917305135611E+00 0.18308274696639807612193733568528E+01
0.78913557710594229816015063462879E+00 0.18305341667139365908079704748227E+01
0.78902435446584333963754062377688E+00 0.18302408774616146568385955067020E+01
0.78891313982599498596962084469493E+00 0.18299476019057939777270666460756E+01
0.78879637306524691923917725537012E+00 0.18296396773116713244970879462952E+01
0.78866849578293482397630124253734E+00 0.18293024438884936537890494300490E+01
0.78852951074114323442889820697450E+00 0.18289359063584310002203250475729E+01
0.78837942094268115746049961663067E+00 0.18285400698533438631312007587479E+01
0.78821822963175658946181151281356E+00 0.18281149399143451401570092306453E+01
0.78795563501245892549058657702943E+00 0.18274223329480182563232137372776E+01
0.78766808266811979380377900955021E+00 0.18266638510468110895167352231737E+01
0.78735558659561253947583149863169E+00 0.18258395180879661049031323669553E+01
0.78701816202250683946345650258073E+00 0.18249493600115373252371896753765E+01
0.78665582540017535010312128445343E+00 0.18239934048209078154220667379066E+01
0.78626859440868383559384682738487E+00 0.18229716825786662110542976255170E+01
0.78585648795775806619399666039417E+00 0.18218842254037952034907267126785E+01
0.78541952618933213814507955477818E+00 0.18207310674680837241457901698981E+01
0.78495773047976067017288789535590E+00 0.18195122449924880020326462168410E+01
0.78447112344236516945084192230037E+00 0.18182277962431855129824372601126E+01
0.78395972893008747592772216113692E+00 0.18168777615274059872791891107773E+01
0.78342357203833383876826095890936E+00 0.18154621831890056564631956980973E+01
0.78286267910798666207041894697988E+00 0.18139811056037910373118420509638E+01
0.78227707772859772308937628968903E+00 0.18124345751745848120580693256203E+01
0.78166679674176482410698060694214E+00 0.18108226403260302305268769772954E+01
0.78103186624469794990908469045156E+00 0.18091453514991291640973125069432E+01
0.78037231759398019892909766916842E+00 0.18074027611455087047507948480185E+01
0.77968818340952938284655338840084E+00 0.18055949237214109858779210334426E+01
0.77897949757876657328781662093471E+00 0.18037218956814007057745125435717E+01
0.77824629526099803425071940361652E+00 0.18017837354717840352698285112479E+01
0.77748861289201748058985211697054E+00 0.17997805035237329372055453770750E+01
0.77670648818893599595737521191027E+00 0.17977122622461077652274293641781E+01
0.77589996015524724314865821770714E+00 0.17955790760179714021833362695560E+01
0.77506906908613614014573081690502E+00 0.17933810111807873334978338695175E+01
0.77421385657403967559590673739842E+00 0.17911181360302932556435359117893E+01
0.77333436551446840212824001198340E+00 0.17887905208080428840722311745171E+01
0.77243064011209894103623898583113E+00 0.17863982376926057447014390359503E+01
0.77150272588714647116949332681993E+00 0.17839413607904169251627599297417E+01
0.77055066968202867656688296666740E+00 0.17814199661262659435730702072437E+01
0.76957451966833156979932625203031E+00 0.17788341316334148783314427023026E+01
0.76857432535408911516210867602969E+00 0.17761839371433346308808501236037E+01
0.76755013759138902620444431937525E+00 0.17734694643750476004406132895292E+01
0.76650200858431724267045178662081E+00 0.17706907969240647803210204414264E+01
0.76542999189725518604884385235245E+00 0.17678480202509042658083792903408E+01
0.76433414246354375910707462485030E+00 0.17649412216691775004925387417595E+01
0.76321451659452906565839161993493E+00 0.17619704903332290088278971512009E+01
0.76207117198900601969650375059054E+00 0.17589359172253143425931385888849E+01
0.76090416774307612591676068948019E+00 0.17558375951423004480268768568734E+01
0.75971356436043730640393845104661E+00 0.17526756186818712125894396097862E+01
0.75849942376312387908525757657898E+00 0.17494500842282206197307644538683E+01
0.75726180930271644830148009430807E+00 0.17461610899372146464168985190178E+01
0.75600078577204201616751759962830E+00 0.17428087357210018083502595009920E+01
0.75471641941738581703422688563409E+00 0.17393931232320514663526775664571E+01
0.75340877795123777985813861920618E+00 0.17359143558465976750907184441477E+01
0.75207793056559739480720008555819E+00 0.17323725386474648494309626686131E+01
0.75072394794586227400955414232467E+00 0.17287677784062506483892163941499E+01
0.74934690228532697806754788263620E+00 0.17251001835648395363946636411940E+01
0.74794686730032023379534196537733E+00 0.17213698642162193171756126193561E+01
0.74652391824601006819573280668270E+00 0.17175769320845711409277879565380E+01
0.74507813193290809165228227321605E+00 0.17137215005046016120196932418793E+01
0.74360958674410593621039830053593E+00 0.17098036844000842909403060069828E+01
0.74211836265327873309748982751126E+00 0.17058236002615750434496893959166E+01
0.74060454124349210919290482223391E+00 0.17017813661232644158475990731315E+01
0.73906820572685192047861388153235E+00 0.16976771015389278823579679197864E+01
0.73750944096503771409606721099027E+00 0.16935109275569311109151421799417E+01
0.73592833349076293924618350043703E+00 0.16892829666942474495157989766920E+01
0.73432497153020873628906463250113E+00 0.16849933429094388783670910732693E+01
0.73269944502647885338263413766588E+00 0.16806421815745513859911404284331E+01
0.73105184566412802418483257836329E+00 0.16762296094458714430837522643108E+01
0.72938226689481806163603962255608E+00 0.16717557546334862690472559284345E+01
0.72769080396415920482091370212305E+00 0.16672207465695887286318713810603E+01
0.72597755393979863459575635451421E+00 0.16626247159754617279007650166829E+01
0.72424261574082028265836415903399E+00 0.16579677948270742934090424271076E+01
0.72248609016852559377128162901670E+00 0.16532501163192171237538428605482E+01
0.72070807993866831227664556599467E+00 0.16484718148280985311637971510327E+01
0.71890868971522055203298900770931E+00 0.16436330258723199763855375204255E+01
0.71708802614575377460570898475716E+00 0.16387338860721412229896265649106E+01
0.71524619789852143588239211220229E+00 0.16337745331069416077696621784228E+01
0.71338331570133760564825999234239E+00 0.16287551056707767663364239050330E+01
0.71149949238235074573992705431514E+00 0.16236757434259224798586867263034E+01
0.70959484291281859411432591784662E+00 0.16185365869542909605631684996317E+01
0.70766948445199717386064767658611E+00 0.16133377777065958128869779660233E+01
0.70572353639426433354472511302168E+00 0.16080794579491336471101037019618E+01
0.70375712041860622855647110089730E+00 0.16027617707080407260410620335735E+01
0.70177036054060385085939606549281E+00 0.15973848597108724660240798090558E+01
0.69976338316706613455341639477832E+00 0.15919488693253430789470650106314E+01
0.69773631715346625882679679153986E+00 0.15864539444950498214695532095087E+01
0.69568929386434844867039472402610E+00 0.15809002306719938257982351054052E+01
0.69362244723688437975973522906269E+00 0.15752878737456949875232769067182E+01
0.69153591384777167712663513672839E+00 0.15696170199686829073268594168186E+01
0.68942983298367929354316124854599E+00 0.15638878158781291467995876977977E+01
0.68730434671546092962519498204606E+00 0.15581004082133679026099633875350E+01
0.68515959997637332036403310584627E+00 0.15522549438290317854041936066067E+01
0.68299574064455297297705677849923E+00 0.15463515696035081768397643950365E+01
0.68081291963002538042734523746396E+00 0.15403904323423973583249856483335E+01
0.67861129096653977761659853138906E+00 0.15343716786766283933798333328786E+01
0.67639101190854675341940538104300E+00 0.15282954549548593254762917766324E+01
0.67415224303365881144577688386708E+00 0.15221619071297578482760636465979E+01
0.67189514835096150096039117130684E+00 0.15159711806377247002611384655409E+01
0.66961989541557239806046062687594E+00 0.15097234202715838985482452308962E+01
0.66732665544987495230902728623734E+00 0.15034187700457232192138441440413E+01
0.66501560347189181848678406375838E+00 0.14970573730531240801014395204919E+01
0.66268691843129726857505979384606E+00 0.14906393713136673080535096275911E+01
0.66034078335361190818827546852014E+00 0.14841649056130518510122691514790E+01
0.65797738549316832963168623602026E+00 0.14776341153315954807079567204703E+01
0.65559691649548431655738831196481E+00 0.14710471382621282181270339419522E+01
0.65319957256973874370882475492682E+00 0.14644041104161078207111217974161E+01
0.65078555467210228403112129662516E+00 0.14577051658170093693865575789175E+01
0.64835506870074391422034250651136E+00 0.14509504362799492172945064342460E+01
0.64590832570340672915586022774975E+00 0.14441400511764013544570221433727E+01
0.64344554209852781226279045008035E+00 0.14372741371827544036390135642892E+01
0.64096693991096736311133777596634E+00 0.14303528180113305759092611387279E+01
0.63847274702350993449738334627487E+00 0.14233762141223499131451930339339E+01
0.63596319744541274866314848957452E+00 0.14163444424151678360387388041815E+01
0.63343853159939644294250238413716E+00 0.14092576158969386301341146648031E+01
0.63089899662861141335376439449205E+00 0.14021158433266653165299119653678E+01
0.62834484672526210589600799313607E+00 0.13949192288323740985377796447050E+01
0.62577634348274205286889870316034E+00 0.13876678714989098119028159157363E+01
0.62319375627332089940335244591698E+00 0.13803618649235692198785152435282E+01
0.62059736265363369794646668655135E+00 0.13730012967364778302166118841026E+01
0.61798744880046235323424124976728E+00 0.13655862480822635178605658467206E+01
0.61536430997956054591438773835145E+00 0.13581167930591809913190517184827E+01
0.61272825105057561985241846546041E+00 0.13505929981113874272528577611681E+01
0.61007958701145469830181197336586E+00 0.13430149213695557245971618107423E+01
0.60741864358610233773423974273253E+00 0.13353826119344245126862232258794E+01
0.60474575785948733401120350513729E+00 0.13276961090972162310975984438455E+01
0.60206127896488186570740186425450E+00 0.13199554414900867420232511716554E+01
0.59936556882846893298991775072217E+00 0.13121606261588939100614925793978E+01
0.59665900297718447286699313987136E+00 0.13043116675495633400885147146243E+01
0.59394197141637590030209569924427E+00 0.12964085563981647774429662690048E+01
0.59121487958468301717699599414132E+00 0.12884512685134729470783839667612E+01
0.58847814939448524845413173964175E+00 0.12804397634392291572098126035772E+01
0.58573222036734256443593604808514E+00 0.12723739829815135986445835137650E+01
0.58297755087510325278210649689136E+00 0.12642538495845359051794410784142E+01
0.58021461949879267387905382821598E+00 0.12560792645356924258158833653129E+01
0.57744392651906508164143272855105E+00 0.12478501059778599211070904915107E+01
0.57466599555394113659140553684236E+00 0.12395662267035091636937419260055E+01
0.57188137536181646331914439272840E+00 0.12312274517012298438343457799683E+01
0.56909064183037114916629314045066E+00 0.12228335754205308140654680679753E+01
0.56629440017511614080330591702639E+00 0.12143843587151636498366006900663E+01
0.56349328737497065281363207059095E+00 0.12058795254185242604930587510947E+01
0.56068797487658974123301237872810E+00 0.11973187584966642708351075059481E+01
0.55787917160429344778938692326951E+00 0.11887016957148059616346560310793E+01
0.55506762731856904409538980324510E+00 0.11800279247416093809476002141885E+01
0.55225413637343848839289567146003E+00 0.11712969776013102599751485184671E+01
0.54943954193179176667177742970115E+00 0.11625083243666224162945857462956E+01
0.54662474070842458156501490153561E+00 0.11536613659641840697693404372782E+01
0.54381068832343918968521242093357E+00 0.11447554259383125112491174382978E+01
0.54099840536444242826571193100734E+00 0.11357897409865894859409709638861E+01
0.53818898427534369648825639523687E+00 0.11267634500405983940923512812736E+01
0.53538359721348032889840204436913E+00 0.11176755816146890037140564888905E+01
0.53258350504654756521480860132386E+00 0.11085250390819025061665009752614E+01
0.52979006769804317472685112845927E+00 0.10993105834550677225259671692606E+01
0.52700475609689824292747504912559E+00 0.10900308131470315784620189599906E+01
0.52422916604663961673160184991660E+00 0.10806841400494157399659986953063E+01
0.52146503440592446275962321996988E+00 0.10712687610937084006468253707918E+01
0.51871425807122171409253552963888E+00 0.10617826242271876529417989513220E+01
0.51597891638164867116983578500617E+00 0.10522233874283131544837868657192E+01
0.51326129773659642554849276928953E+00 0.10425883689718911088112919321009E+01
0.51056393144470601969100090334231E+00 0.10328744865899377687938962830570E+01
0.50788962613119847134193814426443E+00 0.10230781823952481003783341152533E+01
0.50524151645399836605501041736311E+00 0.10131953293441267712751831216734E+01
0.50262312047000293420849528663016E+00 0.10032211134636291937431980356194E+01
0.50003841083342410676241942367498E+00 0.99314988382365968358874118716098E+00
0.49749190423270374800955631906759E+00 0.98297495892102378780943943824703E+00
0.49498877531653987285095696877685E+00 0.97268837314323345954694431175596E+00
0.49253500429681041259160398133770E+00 0.96228053923620947588305331007423E+00
0.49013757273136037716752652200993E+00 0.95173979027859588928294394686998E+00
0.48780473610010629979517910936941E+00 0.94105174327555974502373464807274E+00
0.48554656097516674761681712746803E+00 0.93019836348504653269526720976771E+00
0.48295028912603005840186598537657E+00 0.91692374065778178530580858355396E+00
0.48050569620253894445952938026744E+00 0.90332423828915677969725779208077E+00
0.47824597177972288248961514620264E+00 0.88932395232416960203734245163601E+00
0.47622010227402894451536368535064E+00 0.87480780512617702663712794111127E+00
0.47449899088188972945903217760478E+00 0.85958876195110311627626991866822E+00
0.47325556656779146671507105908454E+00 0.84420189010747676275958994239609E+00
0.47262395221535097968911709700393E+00 0.82937748968394465173254855926619E+00
0.47263975319769151725659860412413E+00 0.81512450749258150930541720775515E+00
0.47323883284443646604137376126260E+00 0.80143900584967342383380705767765E+00
0.47488831045406676618190276407979E+00 0.78834879215678224329157214703049E+00
0.46473697957483390577462698524272E+00 0.77985712423656510484271541826873E+00
0.45468567997830847596738734373560E+00 0.77035019485168922974316819345835E+00
0.44462182369446471480673558083287E+00 0.75990435437817769156752304720572E+00
0.43452961770616241062209853321974E+00 0.74850974483896561378481515822198E+00
0.42436768714193934255710076029172E+00 0.73618988408032171493519053114598E+00
0.41456785641384631617948225710381E+00 0.72356338110997752343510988799420E+00
0.40540352833019598696828215339994E+00 0.71115318010710292974939680618862E+00
0.39669872727917493602827802544374E+00 0.69887343356090767945658031320135E+00
0.38834313217533911863686332606344E+00 0.68667407960374785590890074272836E+00
0.38026193105509258227915550842461E+00 0.67452386975062315777784111027857E+00
0.37369944016134462309490302184674E+00 0.66442038513611164033026660889027E+00
0.36726621547284002189970110647995E+00 0.65432865642296394959875779778084E+00
0.36094501657578928548529509103090E+00 0.64424156633419264149661081898066E+00
0.35472045946953407439136051284152E+00 0.63415458834874692460743931917186E+00
0.34858035933383423627538558418602E+00 0.62406397033160871708938419261405E+00
0.34251441760125562367050847138858E+00 0.61396689873093628107055313511591E+00
0.33651402011169568999864590319454E+00 0.60386115162931717820968242729515E+00
0.33057183352617069466279916147946E+00 0.59374500163878520674437683722834E+00
0.32468158381748154727983744704097E+00 0.58361709434138307294586591879750E+00
0.31883785750653090704523849190074E+00 0.57347637409348502712258619283246E+00
0.31303595577801422120766247520367E+00 0.56332202236216814096261540358573E+00
0.30727177596190279440869461271239E+00 0.55315341218401649321819888036155E+00
0.30154171774666127602138703990135E+00 0.54297007220336297809149090130878E+00
0.29584260702497511897298003387382E+00 0.53277165863814212191139693753832E+00
0.29017163387408192607978596262697E+00 0.52255793299784776743096990261426E+00
0.28452630148408149941494039517347E+00 0.51232874428974841157522845918871E+00
0.27890438381661927111949913806393E+00 0.50208401467082319051083377915826E+00
0.27330389023441444326631350051381E+00 0.49182372780025286485367235224219E+00
0.26772303576279433656975548150196E+00 0.48154791931681874291926876237535E+00
0.26216021593124545459614408058873E+00 0.47125666900503952658238445547705E+00
0.25661398536876447369731544139648E+00 0.46095009431229771418045141226642E+00
0.25108303949602834124279138400580E+00 0.45062834495459841950813873264425E+00
0.24556619878876331794828880450133E+00 0.44029159840508081452724268279185E+00
0.24006239518842722645696620728667E+00 0.42994005610268215927635673387085E+00
0.23457066031613132975434010129445E+00 0.41957394025159820067219828258030E+00
0.22909011520869857585057134724125E+00 0.40919349110797913576937247084116E+00
0.22361996134583402251505149359402E+00 0.39879896467044671057816273598776E+00
0.21815947277747124378937987813861E+00 0.38839063070685774247971638375562E+00
0.21270798919265095500517239236164E+00 0.37796877106228256056295712522106E+00
0.20726490979746023819175531401893E+00 0.36753367820314823267839902461818E+00
0.20182968789089162711834568986599E+00 0.35708565396049474462151652892851E+00
0.19640182604495925744785981274393E+00 0.34662500844172983633421292361515E+00
0.19098087180980110397334537907540E+00 0.33615205908547904106737829347899E+00
0.18556641387641039318113333210391E+00 0.32566712983836502997988492050527E+00
0.18015807863953761564446215237756E+00 0.31517055043601156854433241360778E+00
0.17475552711157362470211184459270E+00 0.30466265577340974899487904773411E+00
0.16935845214515270875269973596560E+00 0.29414378535212459158488164511393E+00
0.16396657592804945106257690084840E+00 0.28361428279375539938432559992394E+00
0.15857964771887148156585677073052E+00 0.27307449541067516929576130900144E+00
0.15319744179622684350787037838152E+00 0.26252477382641085048140079777344E+00
0.14781975559760261150302231850019E+00 0.25196547163915148061752693519026E+00
0.14244640802722553588048352843587E+00 0.24139694512280963853594331548363E+00
0.13707723791477117478321673126217E+00 0.23081955296085379745440625687469E+00
0.13171210260902862387702319514535E+00 0.22023365600880248959964749628188E+00
0.12635087669253826098583012936747E+00 0.20963961708182956078370297827227E+00
0.12099345080489569663881707672803E+00 0.19903780076442080727641847788335E+00
0.11563973056384112441091644713092E+00 0.18842857323942467869643214781410E+00
0.11028963557451120062016776849772E+00 0.17781230213419261377858229683234E+00
0.10494309851831567492743582643783E+00 0.16718935638180540228205995046064E+00
0.99600064313849403340779041874333E-01 0.15656010609563581059817855179382E+00
0.94260489343083686355178012577405E-01 0.14592492245572263438938599539525E+00
0.88924340736805795709136133842630E-01 0.13528417760561881604224439168818E+00
0.83591595713917864200147159238063E-01 0.12463824455854214931735281070764E+00
0.78262240969768725803032162204669E-01 0.11398749711180145956798292672616E+00
0.72936272109188640942864488661864E-01 0.10333230976858999996882196918419E+00
0.67613693120336661330283890637933E-01 0.92673057666352442112171178010461E-01
0.62294515885859067720599550988050E-01 0.82010116511018133875575621585173E-01
0.56978759728204474923874156322280E-01 0.71343862516480200756914328801041E-01
0.51666450986243675338561798854744E-01 0.60674672348769169258927099337917E-01
0.46357622620620225401762511677478E-01 0.50002923074432992202037638774000E-01
0.41052313845498272728800702685216E-01 0.39328992112689775957477499452278E-01
0.35750569784593911498818270673929E-01 0.28653257190967553162572590239695E-01
0.30452441149568818915110132583929E-01 0.17976096303489387826482799477466E-01
0.25157983939041788326577804228563E-01 0.72978876725969985123345687615664E-02
0.19867259156628686948690216171211E-01 -0.33809902874598553181514367372506E-02
0.14580332546563599290225697465286E-01 -0.14060159004510234444897201252734E-01
0.92972743455788383056097825134787E-02 -0.24739239780444710653077015680093E-01
0.40181590498377475617057675505966E-02 -0.35417853821388307840515431599365E-01
-0.12569348041843093288793423426743E-02 -0.46095622266237070034195161574149E-01
-0.65279248458814395684551120986390E-02 -0.56772166213717370030563345791870E-01
-0.11794725064687808925361335838948E-01 -0.67447106748106735617734738261124E-01
-0.17057245993087529535444199789916E-01 -0.78120064963743097044777709764419E-01
-0.22315394879244960157576260111734E-01 -0.88790661988436823116249675736399E-01
-0.27569075849972966661495771877166E-01 -0.99458519005887627775382609258238E-01
-0.32818190064701191242429635648742E-01 -0.11012325727719789476774466510642E+00
-0.38062635861052159020491310238363E-01 -0.12078449816156690785519958068584E+00
-0.43302308892586924840273247118935E-01 -0.13144186313623973893537846232631E+00
-0.48537102259238492631634212027217E-01 -0.14209497381578041032527593045002E+00
-0.53766906630912487151929547901628E-01 -0.15274345197072760822935403694753E+00
-0.58991610364696809786407903092227E-01 -0.16338691954569232272740699596629E+00
-0.64211099616089423989096758659229E-01 -0.17402499867694382594434961791347E+00
-0.69425258444625513964557554544765E-01 -0.18465731170953184506749746497212E+00
-0.74633968914253931015182485431232E-01 -0.19528348121398518000059612686466E+00
-0.79837111188789768897894259245020E-01 -0.20590313000262334173173502645542E+00
-0.85034563622745990517660530168077E-01 -0.21651588114551703803663541691612E+00
-0.90226202847825288616315789312985E-01 -0.22712135798612559387394309247718E+00
-0.95411903855333966521748933592027E-01 -0.23771918415664151696659855077455E+00
-0.10059154007476159044214434369080E+00 -0.24830898359306603528247542463207E+00
-0.10576498344875167342196811323320E+00 -0.25889038055003773699676659724399E+00
-0.11093210450467690435413917367007E+00 -0.26946299961543953031774861776564E+00
-0.11609277242301374350859776017112E+00 -0.28002646572479553678044660156485E+00
-0.12124685510270094204066312210659E+00 -0.29058040417548327038464608665912E+00
-0.12639421922365469454035928227303E+00 -0.30112444064077019913544073615286E+00
-0.13153473030659778364896941886979E+00 -0.31165820118369276664646084617583E+00
-0.13666825277035642681594966620100E+00 -0.32218131227078961277183985083580E+00
-0.14179464998676139271243460849721E+00 -0.33269340078570021830501446700859E+00
-0.14691378433328711340676050051370E+00 -0.34319409404264126720182710882020E+00
-0.15202551724355054951841275918212E+00 -0.35368301979976869527893467703724E+00
-0.15712970925578518768779873341594E+00 -0.36415980627243524439625466052341E+00
-0.16222622005939801758267990139055E+00 -0.37462408214635206431195090209252E+00
-0.16731490853971117953180325312589E+00 -0.38507547659066025321760876414572E+00
-0.17239563282098319888502511617987E+00 -0.39551361927092040656359242682932E+00
-0.17746825030779910688075699493888E+00 -0.40593814036202519198462875711954E+00
-0.18253261772491289800889361064655E+00 -0.41634867056104133616845393764595E+00
-0.18758859115562259681506318160541E+00 -0.42674484109998529366686025464837E+00
-0.19263602607875062150597019996720E+00 -0.43712628375853709569240757952213E+00
-0.19767477740430041150139328643022E+00 -0.44749263087669739831073596713644E+00
-0.20270469950785440519167557102231E+00 -0.45784351536739011232665177858511E+00
-0.20772564626377621480565608479418E+00 -0.46817857072901495082742133550716E+00
-0.21273747107727400077404385967679E+00 -0.47849743105795256579671136311663E+00
-0.21774002691538208582553706095687E+00 -0.48879973106102490823068203004530E+00
-0.22273316633691083571909046302753E+00 -0.49908510606791347843207423273304E+00
-0.22771674152141536003160561455652E+00 -0.50935319204353741240256348312499E+00
-0.23269060429722844279568495126076E+00 -0.51960362560039366097170332244029E+00
-0.23765460616860180757681642160380E+00 -0.52983604401086088293531054152525E+00
-0.24260859834199739443357627317785E+00 -0.54005008521946832661356761043760E+00
-0.24755243175156661306928599989213E+00 -0.55024538785513187751245936560527E+00
-0.25248595708385655662454819062700E+00 -0.56042159124335792999479497373928E+00
-0.25740902480177589854300051659109E+00 -0.57057833541841547332340792269420E+00
-0.26232148516785492531490518488294E+00 -0.58071526113547973768684122270365E+00
-0.26722318826683173150222794656059E+00 -0.59083200988274463867799033022062E+00
-0.27211398402759172588396923736401E+00 -0.60092822389350854214958994593580E+00
-0.27699372224449205877220822732781E+00 -0.61100354615823126186914062576684E+00
-0.28186225259809486397063459672877E+00 -0.62105762043656328999630779345829E+00
-0.28671942467533597767276231983451E+00 -0.63109009126934932931275415929414E+00
-0.29156508798915312885940113859383E+00 -0.64110060399060373583230772810706E+00
-0.29639909199759554154314750301064E+00 -0.65108880473946078678265129152899E+00
-0.30122128612243822161433981745900E+00 -0.66105434047209873356970155327458E+00
-0.30603151976731979808772579072207E+00 -0.67099685897363662466314042305844E+00
-0.31082964233542424894559933285880E+00 -0.68091600887000741092620258717385E+00
-0.31561550324672562470452960811929E+00 -0.69081143963980283632742916344591E+00
-0.32038895195481189842737742877849E+00 -0.70068280162609422432149493127666E+00
-0.32514983796330646713168501783327E+00 -0.71052974604822672773097960616027E+00
-0.32989801084190218925275002803158E+00 -0.72035192501358717491210787817226E+00
-0.33463332024202334243330114527739E+00 -0.73014899152934646665952481454436E+00
-0.33935561591213030306581423769750E+00 -0.73992059951417513068662971681256E+00
-0.34406474771268036328032257793121E+00 -0.74966640380993259587790846528608E+00
-0.34876056563075799733161433728375E+00 -0.75938606019332966767159098072051E+00
-0.35344291979438705017871318553268E+00 -0.76907922538756397015427714077384E+00
-0.35811166048653672860629286096610E+00 -0.77874555707392830975611978564291E+00
-0.36276663815883288343871057825887E+00 -0.78838471390339113733653880165426E+00
-0.36740770344498505496593041194297E+00 -0.79799635550814942112735195817149E+00
-0.37203470717394012351132134401868E+00 -0.80758014251315334491126171688001E+00
-0.37664750038277208858610617845696E+00 -0.81713573654760212873377179816142E+00
-0.38124593432931723341416248375687E+00 -0.82666280025641128549798061957743E+00
-0.38582986050456424198610901974803E+00 -0.83616099731165063512133088436436E+00
-0.39039913064480727091408716088372E+00 -0.84562999242395214438769340147096E+00
-0.39495359674357025324402634693932E+00 -0.85506945135388833858245189968629E+00
-0.39949311106331049403936087081943E+00 -0.86447904092331972289106035322680E+00
-0.40401752614690888077010662036795E+00 -0.87385842902671190019657326603360E+00
-0.40852669482895394510950983411541E+00 -0.88320728464242073223408300077221E+00
-0.41302047024682611900078142867125E+00 -0.89252527784394608847788300379258E+00
-0.41749870585158956081781360014064E+00 -0.90181207981115382210040622751026E+00
-0.42196125541869713245631740338979E+00 -0.91106736284146431544148053040214E+00
-0.42640797305851454643241081222718E+00 -0.92029080036100875370524651439004E+00
-0.43083871322666986673897857637089E+00 -0.92948206693575163780520454928025E+00
-0.43525333073423314242777317869860E+00 -0.93864083828257878664878954239643E+00
-0.43965168075773188529667057928784E+00 -0.94776679128035272140857309206603E+00
-0.44403361884900756643460657189546E+00 -0.95685960398093030215038497422400E+00
-0.44839900094491674322639167151638E+00 -0.96591895562014853276144367487600E+00
-0.45274768337688369880376294149984E+00 -0.97494452662877156734159144613026E+00
-0.45707952288030600376256920169410E+00 -0.98393599864340332933144194279085E+00
-0.46139437660381977489317826512321E+00 -0.99289305451736294082078840602113E+00
-0.46569210211842759025055348314137E+00 -0.10018153783315228433902740579792E+01
-0.46997255742649247644669035687503E+00 -0.10107026554051098934053478334463E+01
-0.47423560097060290566266660903882E+00 -0.10195545723064674683271869904766E+01
-0.47848109164231103458853859266018E+00 -0.10283708168637800500489806623127E+01
-0.48270888879074847084705901143552E+00 -0.10371510781757583365391736253295E+01
-0.48691885223112275274213334942649E+00 -0.10458950466222849898687352303904E+01
-0.49111084225309707803289728146588E+00 -0.10546024138750207456829449951373E+01
-0.49528471962905708080475491563804E+00 -0.10632728729079695271390928690523E+01
-0.49944034562226676002805035830180E+00 -0.10719061180080040162558933571724E+01
-0.50357758199491726124448110376806E+00 -0.10805018447853485504956258587354E+01
-0.50769629101607018510764443506646E+00 -0.10890597501840214685402912396754E+01
-0.51179633546949834837958713886364E+00 -0.10975795324922345061693702514452E+01
-0.51587757866142698946090594548877E+00 -0.11060608913527504531345514767840E+01
-0.51993988442817679139780135622705E+00 -0.11145035277731970196383863899082E+01
-0.52398311714371188339103936924304E+00 -0.11229071441363375902030613013701E+01
-0.52800714172709403362292448749650E+00 -0.11312714442102980640828355876860E+01
-0.53201182364984623334829024923926E+00 -0.11395961331587495468810010243540E+01
-0.53599702894322665266242740811285E+00 -0.11478809175510455959590392746140E+01
-0.53996262420541548427468357172955E+00 -0.11561255053723151057815325288226E+01
-0.54390847660861644458057481723759E+00 -0.11643296060335091137019657935835E+01
-0.54783445390607429788934752907113E+00 -0.11724929303814013792024518381791E+01
-0.55174042443901065414818965241922E+00 -0.11806151907085428891634084778190E+01
-0.55562625714347950477048131703919E+00 -0.11886961007631691939415624165073E+01
-0.55949182155714361148945232730718E+00 -0.11967353757590602954959556946278E+01
-0.56333698782597404590003917676215E+00 -0.12047327323853532882173242511270E+01
-0.56716162671087364438115820140024E+00 -0.12126878888163060994305799622360E+01
-0.57096560959422631196811358195578E+00 -0.12206005647210133251515896811043E+01
-0.57474880848637268219202549338182E+00 -0.12284704812730726855086662900622E+01
-0.57851109603201487414622523653043E+00 -0.12362973611602022168860143537375E+01
-0.58225234551655007960536960001712E+00 -0.12440809285938077441750877278656E+01
-0.58597243087233454811741467579782E+00 -0.12518209093184996285258579801965E+01
-0.58967122668488027114633212272486E+00 -0.12595170306215601189809666790219E+01
-0.59334860819898370707539348059895E+00 -0.12671690213423582440166497554427E+01
-0.59700445132478877480042449305619E+00 -0.12747766118817143488755823736930E+01
-0.60063863264378493067765394259438E+00 -0.12823395342112125338758355795874E+01
-0.60425102941474085983026960451524E+00 -0.12898575218824607678707081631145E+01
-0.60784151957957543743049294439826E+00 -0.12973303100362988676269940917752E+01
-0.61140998176916616791285915032472E+00 -0.13047576354119531143472016355298E+01
-0.61495629530909640105815297804657E+00 -0.13121392363561378415709343427947E+01
-0.61848034022534222481073709402105E+00 -0.13194748528321035123734470849254E+01
-0.62198199724989905572464720323878E+00 -0.13267642264286299251879783164639E+01
-0.62546114782635027600189385545680E+00 -0.13340071003689663136509696489624E+01
-0.62891767411537686037311192754476E+00 -0.13412032195197155193984273231093E+01
-0.63235145900020970199144489988736E+00 -0.13483523303996635616316399971063E+01
-0.63576238609202557215114175492648E+00 -0.13554541811885537035072843891101E+01
-0.63915033973528668055390677553136E+00 -0.13625085217358042993035811557258E+01
-0.64251520501302461286233164447844E+00 -0.13695151035691710952832114486134E+01
-0.64585686775206969908854424422492E+00 -0.13764736799033521245054278820795E+01
-0.64917521452822607390047048496943E+00 -0.13833840056485364651900089838259E+01
-0.65247013267139285279762938151306E+00 -0.13902458374188952213377746082842E+01
-0.65574151027063227710074498641981E+00 -0.13970589335410151044917129870699E+01
-0.65898923617918540830416268433515E+00 -0.14038230540622741666306613602569E+01
-0.66221320001943531332968652738390E+00 -0.14105379607591589992944680183388E+01
-0.66541329218781889034779199756752E+00 -0.14172034171455234501506155264569E+01
-0.66858940385968758245988973762465E+00 -0.14238191884807886783790704722396E+01
-0.67174142699411700733173463912691E+00 -0.14303850417780833744141522354496E+01
-0.67486925433866678460515425864109E+00 -0.14369007458123248519149319515657E+01
-0.67797277943409010066492701847641E+00 -0.14433660711282400340968239450836E+01
-0.68105189661899390415864075268398E+00 -0.14497807900483263615993334857243E+01
-0.68410650103445009042298929359804E+00 -0.14561446766807516987224463014090E+01
-0.68713648862855797888258555398294E+00 -0.14624575069271941210156471686786E+01
-0.69014175616095827935414921063431E+00 -0.14687190584906197972821325888469E+01
-0.69312220120729907693926912660763E+00 -0.14749291108829999951859101715516E+01
-0.69607772216365407502882184203884E+00 -0.14810874454329656579100677335387E+01
-0.69900821825089381537191863329731E+00 -0.14871938452934005640005440075420E+01
-0.70191358951900909330727131267723E+00 -0.14932480954489716988094049687183E+01
-0.70479373685138832179669440663867E+00 -0.14992499827235969337997305037648E+01
-0.70764856196904779959941987458341E+00 -0.15051992957878499806655173260254E+01
-0.71047796743481619694002970124463E+00 -0.15110958251663017606853408718916E+01
-0.71328185665747266832251276117211E+00 -0.15169393632447986576733957331956E+01
-0.71606013389583934567182323451323E+00 -0.15227297042776764225432418369418E+01
-0.71881270426282854496082603190874E+00 -0.15284666443949102543161203145231E+01
-0.72153947372944419749336404174503E+00 -0.15341499816092005199334925272882E+01
-0.72424034912873887203971721149709E+00 -0.15397795158229936264385179379427E+01
-0.72691523815972530592943808906634E+00 -0.15453550488354382716830719955482E+01
-0.72956404939124341250063833417191E+00 -0.15508763843492757709207559741787E+01
-0.73218669226578360666915492877699E+00 -0.15563433279776659637599240905241E+01
-0.73478307710326426093643237798504E+00 -0.15617556872509462979077779354951E+01
-0.73735311510476698154596273169286E+00 -0.15671132716233256429244104913404E+01
-0.73989671835622619496996347825546E+00 -0.15724158924795115865201451099501E+01
-0.74241379983207621136005814243711E+00 -0.15776633631412710562763506903862E+01
-0.74490427339885405009434825472081E+00 -0.15828554988739245228765506821081E+01
-0.74736805381875888505011609965766E+00 -0.15879921168927727467542524026666E+01
-0.74980505675316843773078644898675E+00 -0.15930730363694566393734591151754E+01
-0.75221519876611183057413485405764E+00 -0.15980980784382494334997315302486E+01
-0.75459839732769951621291794144303E+00 -0.16030670662022809719569986729303E+01
-0.75695457081751045679740401105324E+00 -0.16079798247396942378680267197627E+01
-0.75928363852793620845967028514922E+00 -0.16128361811097334825260826108145E+01
-0.76158552066748253593755562404542E+00 -0.16176359643587640146444764952806E+01
-0.76386013836402820501714055468858E+00 -0.16223790055262231083873568086125E+01
-0.76610741366804161457582539889791E+00 -0.16270651376505021381736832002943E+01
-0.76832726955575478425205325775668E+00 -0.16316941957747595741941837347470E+01
-0.77051962993229509166238568552856E+00 -0.16362660169526644757410632207639E+01
-0.77268441963477497298720200605775E+00 -0.16407804402540704943918647390228E+01
-0.77482156443533933811873368681011E+00 -0.16452373067706200791379436378928E+01
-0.77693099104417101403277533244544E+00 -0.16496364596212785638562019408109E+01
-0.77901262711245434050309245389435E+00 -0.16539777439577981119767778084845E+01
-0.78106640123529675123151075280089E+00 -0.16582610069701112107987145443600E+01
-0.78309224295460866365003863150988E+00 -0.16624860978916534886029792312009E+01
-0.78509008276194157507886631485377E+00 -0.16666528680046157330902778531631E+01
-0.78705985210128452077286935836508E+00 -0.16707611706451247834492532352916E+01
-0.78900148337181897044585642542555E+00 -0.16748108612083533369038477590695E+01
-0.79091490993063203664430295670047E+00 -0.16788017971535581209183846101872E+01
-0.79280006609538844523884423419400E+00 -0.16827338380090465422146410100739E+01
-0.79465688714696086440271703891917E+00 -0.16866068453770717040479528548128E+01
-0.79648530933201876297935722980894E+00 -0.16904206829386549586155744903973E+01
-0.79828526986557643606410006425575E+00 -0.16941752164583368450653180512414E+01
-0.80005670693349894744565244210329E+00 -0.16978703137888552040763271395583E+01
-0.80179955969496764476187322066653E+00 -0.17015058448757509820570928027993E+01
-0.80351376828490395460118585344187E+00 -0.17050816817619014210878189324957E+01
-0.80519927381635203903969029968827E+00 -0.17085976985919800619892904888364E+01
-0.80685601838282064803608053744353E+00 -0.17120537716168440369866918523333E+01
-0.80848394506058340935146276983759E+00 -0.17154497791978478919535792817812E+01
-0.81008299791093853554553809131717E+00 -0.17187856018110841260851109008937E+01
-0.81165312198242721619977826191954E+00 -0.17220611220515503342199187681497E+01
-0.81319426331301085242307726900532E+00 -0.17252762246372424119988993134790E+01
-0.81470636893220792545783375519198E+00 -0.17284307964131741277366046258758E+01
-0.81618938686318907242775030425783E+00 -0.17315247263553225602897776467755E+01
-0.81764326612483198463676779076932E+00 -0.17345579055744994538424947909218E+01
-0.81906795673373502209490851505874E+00 -0.17375302273201483126074628690728E+01
-0.82046340970618993705076563800118E+00 -0.17404415869840670459393514332519E+01
-0.82182957706011395368819493909287E+00 -0.17432918821040559818584790457433E+01
-0.82316641181694076673805792309924E+00 -0.17460810123674912868709305155697E+01
-0.82447386800347088588316678168838E+00 -0.17488088796148234687650592016170E+01
-0.82575190065368108283477026899634E+00 -0.17514753878430009145827050526947E+01
-0.82700046581049307493866348104741E+00 -0.17540804432088184015565372779558E+01
-0.82821952052750146309773001738079E+00 -0.17566239540321902639079354421108E+01
-0.82940902287066078793504795564534E+00 -0.17591058307993483835337775725158E+01
-0.83056893191993199917329349229159E+00 -0.17615259861659644927533982116462E+01
-0.83169920777088805755545444694974E+00 -0.17638843349601971509609665011488E+01
-0.83279981153627884046475164148140E+00 -0.17661807941856628102453989930590E+01
-0.83387070534755536801078741504129E+00 -0.17684152830243311989695082513206E+01
-0.83491185235635329609712488896668E+00 -0.17705877228393447617477538819881E+01
-0.83592321673593560654990268669995E+00 -0.17726980371777620851292825789485E+01
-0.83690476368259479521545073147589E+00 -0.17747461517732252014157584382017E+01
-0.83785645941701421145458275794664E+00 -0.17767319945485506295522715219706E+01
-0.83877827118558881052251906907490E+00 -0.17786554956182441962838944836754E+01
-0.83967016726170513350761183551167E+00 -0.17805165872909393888618703585991E+01
-0.84053211694698071837948099383563E+00 -0.17823152040717591453217520702500E+01
-0.84136409057246283135662730820968E+00 -0.17840512826646012247050009128217E+01
-0.84216605949978643975697051225092E+00 -0.17857247619743467118609679143154E+01
-0.84293799612229166114916402238361E+00 -0.17873355831089919388447388448532E+01
-0.84367987386610049899463924920126E+00 -0.17888836893817034458562830170710E+01
-0.84439166719115283288553893812861E+00 -0.17903690263127960516486768900963E+01
-0.84507335159220205434043822523657E+00 -0.17917915416316340969879177377027E+01
-0.84572490359976960905993011511274E+00 -0.17931511852784553085883238993748E+01
-0.84634630078105940608247936337407E+00 -0.17944479094061179268054269052200E+01
-0.84693752174083114691029277847692E+00 -0.17956816683817703518112767418402E+01
-0.84749854612223328947360857670859E+00 -0.17968524187884436455685357004428E+01
-0.84802935460759529965731837464336E+00 -0.17979601194265667732751444040302E+01
-0.84852992891917922605869850058284E+00 -0.17990047313154043812037750875254E+01
-0.84900025181989071856111740905556E+00 -0.17999862176944172630835799777288E+01
-0.84944030711394933585363855954156E+00 -0.18009045440245452617409414666534E+01
-0.84985007964751829838633158504316E+00 -0.18017596779894126964114069840593E+01
-0.85022955530929360467286155871558E+00 -0.18025515894964562525085253943880E+01
-0.85057872103105258191635961044145E+00 -0.18032802506779751322718953213641E+01
-0.85089756478816346400731099962740E+00 -0.18039456358921029204914807571957E+01
-0.85109327629148696783412726906796E+00 -0.18043540610649550481162028587994E+01
-0.85127550346872024296802922987185E+00 -0.18047343467452277620838686712883E+01
-0.85144424353059036921039951842510E+00 -0.18050864869852026400765868664845E+01
-0.85159949389426674617395941409467E+00 -0.18054104762773518639241388988943E+01
-0.85174125218337486805211838601959E+00 -0.18057063095544383801141835478756E+01
-0.85187626713948057767430597396434E+00 -0.18059880705902871097990215818746E+01
-0.85201128898530785502565941726980E+00 -0.18062698463170101530688563006968E+01
-0.85214631772109428449561630945907E+00 -0.18065516367350634080053260989775E+01
-0.85228135334707763748109313709668E+00 -0.18068334418449026950048703024761E+01
-0.85241639586349549109685316413860E+00 -0.18071152616469839386695497853447E+01
-0.85228135334707763748109313709668E+00 -0.18068334418449026950048703024761E+01
-0.85214631772109428449561630945907E+00 -0.18065516367350634080053260989775E+01
-0.85201128898530785502565941726980E+00 -0.18062698463170101530688563006968E+01
-0.85187626713948057767430597396434E+00 -0.18059880705902871097990215818746E+01
-0.85174125218337486805211838601959E+00 -0.18057063095544383801141835478756E+01
-0.85159949389426674617395941409467E+00 -0.18054104762773518639241388988943E+01
-0.85144424353059036921039951842510E+00 -0.18050864869852026400765868664845E+01
-0.85127550346872024296802922987185E+00 -0.18047343467452277620838686712883E+01
-0.85109327629148696783412726906796E+00 -0.18043540610649550481162028587994E+01
-0.85089756478816346400731099962740E+00 -0.18039456358921029204914807571957E+01
-0.85057872103105258191635961044145E+00 -0.18032802506779751322718953213641E+01
-0.85022955530929360467286155871558E+00 -0.18025515894964562525085253943880E+01
-0.84985007964751829838633158504316E+00 -0.18017596779894126964114069840593E+01
-0.84944030711394933585363855954156E+00 -0.18009045440245452617409414666534E+01
-0.84900025181989071856111740905556E+00 -0.17999862176944172630835799777288E+01
-0.84852992891917922605869850058284E+00 -0.17990047313154043812037750875254E+01
-0.84802935460759529965731837464336E+00 -0.17979601194265667732751444040302E+01
-0.84749854612223328947360857670859E+00 -0.17968524187884436455685357004428E+01
-0.84693752174083114691029277847692E+00 -0.17956816683817703518112767418402E+01
-0.84634630078105940608247936337407E+00 -0.17944479094061179268054269052200E+01
-0.84572490359976960905993011511274E+00 -0.17931511852784553085883238993748E+01
-0.84507335159220205434043822523657E+00 -0.17917915416316340969879177377027E+01
-0.84439166719115283288553893812861E+00 -0.17903690263127960516486768900963E+01
-0.84367987386610049899463924920126E+00 -0.17888836893817034458562830170710E+01
-0.84293799612229166114916402238361E+00 -0.17873355831089919388447388448532E+01
-0.84216605949978643975697051225092E+00 -0.17857247619743467118609679143154E+01
-0.84136409057246283135662730820968E+00 -0.17840512826646012247050009128217E+01
-0.84053211694698071837948099383563E+00 -0.17823152040717591453217520702500E+01
-0.83967016726170513350761183551167E+00 -0.17805165872909393888618703585991E+01
-0.83877827118558881052251906907490E+00 -0.17786554956182441962838944836754E+01
-0.83785645941701421145458275794664E+00 -0.17767319945485506295522715219706E+01
-0.83690476368259479521545073147589E+00 -0.17747461517732252014157584382017E+01
-0.83592321673593560654990268669995E+00 -0.17726980371777620851292825789485E+01
-0.83491185235635329609712488896668E+00 -0.17705877228393447617477538819881E+01
-0.83387070534755536801078741504129E+00 -0.17684152830243311989695082513206E+01
-0.83279981153627884046475164148140E+00 -0.17661807941856628102453989930590E+01
-0.83169920777088805755545444694974E+00 -0.17638843349601971509609665011488E+01
-0.83056893191993199917329349229159E+00 -0.17615259861659644927533982116462E+01
-0.82940902287066078793504795564534E+00 -0.17591058307993483835337775725158E+01
-0.82821952052750146309773001738079E+00 -0.17566239540321902639079354421108E+01
-0.82700046581049307493866348104741E+00 -0.17540804432088184015565372779558E+01
-0.82575190065368108283477026899634E+00 -0.17514753878430009145827050526947E+01
-0.82447386800347088588316678168838E+00 -0.17488088796148234687650592016170E+01
-0.82316641181694076673805792309924E+00 -0.17460810123674912868709305155697E+01
-0.82182957706011395368819493909287E+00 -0.17432918821040559818584790457433E+01
-0.82046340970618993705076563800118E+00 -0.17404415869840670459393514332519E+01
-0.81906795673373502209490851505874E+00 -0.17375302273201483126074628690728E+01
-0.81764326612483198463676779076932E+00 -0.17345579055744994538424947909218E+01
-0.81618938686318907242775030425783E+00 -0.17315247263553225602897776467755E+01
-0.81470636893220792545783375519198E+00 -0.17284307964131741277366046258758E+01
-0.81319426331301085242307726900532E+00 -0.17252762246372424119988993134790E+01
-0.81165312198242721619977826191954E+00 -0.17220611220515503342199187681497E+01
-0.81008299791093853554553809131717E+00 -0.17187856018110841260851109008937E+01
-0.80848394506058340935146276983759E+00 -0.17154497791978478919535792817812E+01
-0.80685601838282064803608053744353E+00 -0.17120537716168440369866918523333E+01
-0.80519927381635203903969029968827E+00 -0.17085976985919800619892904888364E+01
-0.80351376828490395460118585344187E+00 -0.17050816817619014210878189324957E+01
-0.80179955969496764476187322066653E+00 -0.17015058448757509820570928027993E+01
-0.80005670693349894744565244210329E+00 -0.16978703137888552040763271395583E+01
-0.79828526986557643606410006425575E+00 -0.16941752164583368450653180512414E+01
-0.79648530933201876297935722980894E+00 -0.16904206829386549586155744903973E+01
-0.79465688714696086440271703891917E+00 -0.16866068453770717040479528548128E+01
-0.79280006609538844523884423419400E+00 -0.16827338380090465422146410100739E+01
-0.79091490993063203664430295670047E+00 -0.16788017971535581209183846101872E+01
-0.78900148337181897044585642542555E+00 -0.16748108612083533369038477590695E+01
-0.78705985210128452077286935836508E+00 -0.16707611706451247834492532352916E+01
-0.78509008276194157507886631485377E+00 -0.16666528680046157330902778531631E+01
-0.78309224295460866365003863150988E+00 -0.16624860978916534886029792312009E+01
-0.78106640123529675123151075280089E+00 -0.16582610069701112107987145443600E+01
-0.77901262711245434050309245389435E+00 -0.16539777439577981119767778084845E+01
-0.77693099104417101403277533244544E+00 -0.16496364596212785638562019408109E+01
-0.77482156443533933811873368681011E+00 -0.16452373067706200791379436378928E+01
-0.77268441963477497298720200605775E+00 -0.16407804402540704943918647390228E+01
-0.77051962993229509166238568552856E+00 -0.16362660169526644757410632207639E+01
-0.76832726955575478425205325775668E+00 -0.16316941957747595741941837347470E+01
-0.76610741366804161457582539889791E+00 -0.16270651376505021381736832002943E+01
-0.76386013836402820501714055468858E+00 -0.16223790055262231083873568086125E+01
-0.76158552066748253593755562404542E+00 -0.16176359643587640146444764952806E+01
-0.75928363852793620845967028514922E+00 -0.16128361811097334825260826108145E+01
-0.75695457081751045679740401105324E+00 -0.16079798247396942378680267197627E+01
-0.75459839732769951621291794144303E+00 -0.16030670662022809719569986729303E+01
-0.75221519876611183057413485405764E+00 -0.15980980784382494334997315302486E+01
-0.74980505675316843773078644898675E+00 -0.15930730363694566393734591151754E+01
-0.74736805381875888505011609965766E+00 -0.15879921168927727467542524026666E+01
-0.74490427339885405009434825472081E+00 -0.15828554988739245228765506821081E+01
-0.74241379983207621136005814243711E+00 -0.15776633631412710562763506903862E+01
-0.73989671835622619496996347825546E+00 -0.15724158924795115865201451099501E+01
-0.73735311510476698154596273169286E+00 -0.15671132716233256429244104913404E+01
-0.73478307710326426093643237798504E+00 -0.15617556872509462979077779354951E+01
-0.73218669226578360666915492877699E+00 -0.15563433279776659637599240905241E+01
-0.72956404939124341250063833417191E+00 -0.15508763843492757709207559741787E+01
-0.72691523815972530592943808906634E+00 -0.15453550488354382716830719955482E+01
-0.72424034912873887203971721149709E+00 -0.15397795158229936264385179379427E+01
-0.72153947372944419749336404174503E+00 -0.15341499816092005199334925272882E+01
-0.71881270426282854496082603190874E+00 -0.15284666443949102543161203145231E+01
-0.71606013389583934567182323451323E+00 -0.15227297042776764225432418369418E+01
-0.71328185665747266832251276117211E+00 -0.15169393632447986576733957331956E+01
-0.71047796743481619694002970124463E+00 -0.15110958251663017606853408718916E+01
-0.70764856196904779959941987458341E+00 -0.15051992957878499806655173260254E+01
-0.70479373685138832179669440663867E+00 -0.14992499827235969337997305037648E+01
-0.70191358951900909330727131267723E+00 -0.14932480954489716988094049687183E+01
-0.69900821825089381537191863329731E+00 -0.14871938452934005640005440075420E+01
-0.69607772216365407502882184203884E+00 -0.14810874454329656579100677335387E+01
-0.69312220120729907693926912660763E+00 -0.14749291108829999951859101715516E+01
-0.69014175616095827935414921063431E+00 -0.14687190584906197972821325888469E+01
-0.68713648862855797888258555398294E+00 -0.14624575069271941210156471686786E+01
-0.68410650103445009042298929359804E+00 -0.14561446766807516987224463014090E+01
-0.68105189661899390415864075268398E+00 -0.14497807900483263615993334857243E+01
-0.67797277943409010066492701847641E+00 -0.14433660711282400340968239450836E+01
-0.67486925433866678460515425864109E+00 -0.14369007458123248519149319515657E+01
-0.67174142699411700733173463912691E+00 -0.14303850417780833744141522354496E+01
-0.66858940385968758245988973762465E+00 -0.14238191884807886783790704722396E+01
-0.66541329218781889034779199756752E+00 -0.14172034171455234501506155264569E+01
-0.66221320001943531332968652738390E+00 -0.14105379607591589992944680183388E+01
-0.65898923617918540830416268433515E+00 -0.14038230540622741666306613602569E+01
-0.65574151027063227710074498641981E+00 -0.13970589335410151044917129870699E+01
-0.65247013267139285279762938151306E+00 -0.13902458374188952213377746082842E+01
-0.64917521452822607390047048496943E+00 -0.13833840056485364651900089838259E+01
-0.64585686775206969908854424422492E+00 -0.13764736799033521245054278820795E+01
-0.64251520501302461286233164447844E+00 -0.13695151035691710952832114486134E+01
-0.63915033973528668055390677553136E+00 -0.13625085217358042993035811557258E+01
-0.63576238609202557215114175492648E+00 -0.13554541811885537035072843891101E+01
-0.63235145900020970199144489988736E+00 -0.13483523303996635616316399971063E+01
-0.62891767411537686037311192754476E+00 -0.13412032195197155193984273231093E+01
-0.62546114782635027600189385545680E+00 -0.13340071003689663136509696489624E+01
-0.62198199724989905572464720323878E+00 -0.13267642264286299251879783164639E+01
-0.61848034022534222481073709402105E+00 -0.13194748528321035123734470849254E+01
-0.61495629530909640105815297804657E+00 -0.13121392363561378415709343427947E+01
-0.61140998176916616791285915032472E+00 -0.13047576354119531143472016355298E+01
-0.60784151957957543743049294439826E+00 -0.12973303100362988676269940917752E+01
-0.60425102941474085983026960451524E+00 -0.12898575218824607678707081631145E+01
-0.60063863264378493067765394259438E+00 -0.12823395342112125338758355795874E+01
-0.59700445132478877480042449305619E+00 -0.12747766118817143488755823736930E+01
-0.59334860819898370707539348059895E+00 -0.12671690213423582440166497554427E+01
-0.58967122668488027114633212272486E+00 -0.12595170306215601189809666790219E+01
-0.58597243087233454811741467579782E+00 -0.12518209093184996285258579801965E+01
-0.58225234551655007960536960001712E+00 -0.12440809285938077441750877278656E+01
-0.57851109603201487414622523653043E+00 -0.12362973611602022168860143537375E+01
-0.57474880848637268219202549338182E+00 -0.12284704812730726855086662900622E+01
-0.57096560959422631196811358195578E+00 -0.12206005647210133251515896811043E+01
-0.56716162671087364438115820140024E+00 -0.12126878888163060994305799622360E+01
-0.56333698782597404590003917676215E+00 -0.12047327323853532882173242511270E+01
-0.55949182155714361148945232730718E+00 -0.11967353757590602954959556946278E+01
-0.55562625714347950477048131703919E+00 -0.11886961007631691939415624165073E+01
-0.55174042443901065414818965241922E+00 -0.11806151907085428891634084778190E+01
-0.54783445390607429788934752907113E+00 -0.11724929303814013792024518381791E+01
-0.54390847660861644458057481723759E+00 -0.11643296060335091137019657935835E+01
-0.53996262420541548427468357172955E+00 -0.11561255053723151057815325288226E+01
-0.53599702894322665266242740811285E+00 -0.11478809175510455959590392746140E+01
-0.53201182364984623334829024923926E+00 -0.11395961331587495468810010243540E+01
-0.52800714172709403362292448749650E+00 -0.11312714442102980640828355876860E+01
-0.52398311714371188339103936924304E+00 -0.11229071441363375902030613013701E+01
-0.51993988442817679139780135622705E+00 -0.11145035277731970196383863899082E+01
-0.51587757866142698946090594548877E+00 -0.11060608913527504531345514767840E+01
-0.51179633546949834837958713886364E+00 -0.10975795324922345061693702514452E+01
-0.50769629101607018510764443506646E+00 -0.10890597501840214685402912396754E+01
-0.50357758199491726124448110376806E+00 -0.10805018447853485504956258587354E+01
-0.49944034562226676002805035830180E+00 -0.10719061180080040162558933571724E+01
-0.49528471962905708080475491563804E+00 -0.10632728729079695271390928690523E+01
-0.49111084225309707803289728146588E+00 -0.10546024138750207456829449951373E+01
-0.48691885223112275274213334942649E+00 -0.10458950466222849898687352303904E+01
-0.48270888879074847084705901143552E+00 -0.10371510781757583365391736253295E+01
-0.47848109164231103458853859266018E+00 -0.10283708168637800500489806623127E+01
-0.47423560097060290566266660903882E+00 -0.10195545723064674683271869904766E+01
-0.46997255742649247644669035687503E+00 -0.10107026554051098934053478334463E+01
-0.46569210211842759025055348314137E+00 -0.10018153783315228433902740579792E+01
-0.46139437660381977489317826512321E+00 -0.99289305451736294082078840602113E+00
-0.45707952288030600376256920169410E+00 -0.98393599864340332933144194279085E+00
-0.45274768337688369880376294149984E+00 -0.97494452662877156734159144613026E+00
-0.44839900094491674322639167151638E+00 -0.96591895562014853276144367487600E+00
-0.44403361884900756643460657189546E+00 -0.95685960398093030215038497422400E+00
-0.43965168075773188529667057928784E+00 -0.94776679128035272140857309206603E+00
-0.43525333073423314242777317869860E+00 -0.93864083828257878664878954239643E+00
-0.43083871322666986673897857637089E+00 -0.92948206693575163780520454928025E+00
-0.42640797305851454643241081222718E+00 -0.92029080036100875370524651439004E+00
-0.42196125541869713245631740338979E+00 -0.91106736284146431544148053040214E+00
-0.41749870585158956081781360014064E+00 -0.90181207981115382210040622751026E+00
-0.41302047024682611900078142867125E+00 -0.89252527784394608847788300379258E+00
-0.40852669482895394510950983411541E+00 -0.88320728464242073223408300077221E+00
-0.40401752614690888077010662036795E+00 -0.87385842902671190019657326603360E+00
-0.39949311106331049403936087081943E+00 -0.86447904092331972289106035322680E+00
-0.39495359674357025324402634693932E+00 -0.85506945135388833858245189968629E+00
-0.39039913064480727091408716088372E+00 -0.84562999242395214438769340147096E+00
-0.38582986050456424198610901974803E+00 -0.83616099731165063512133088436436E+00
-0.38124593432931723341416248375687E+00 -0.82666280025641128549798061957743E+00
-0.37664750038277208858610617845696E+00 -0.81713573654760212873377179816142E+00
-0.37203470717394012351132134401868E+00 -0.80758014251315334491126171688001E+00
-0.36740770344498505496593041194297E+00 -0.79799635550814942112735195817149E+00
-0.36276663815883288343871057825887E+00 -0.78838471390339113733653880165426E+00
-0.35811166048653672860629286096610E+00 -0.77874555707392830975611978564291E+00
-0.35344291979438705017871318553268E+00 -0.76907922538756397015427714077384E+00
-0.34876056563075799733161433728375E+00 -0.75938606019332966767159098072051E+00
-0.34406474771268036328032257793121E+00 -0.74966640380993259587790846528608E+00
-0.33935561591213030306581423769750E+00 -0.73992059951417513068662971681256E+00
-0.33463332024202334243330114527739E+00 -0.73014899152934646665952481454436E+00
-0.32989801084190218925275002803158E+00 -0.72035192501358717491210787817226E+00
-0.32514983796330646713168501783327E+00 -0.71052974604822672773097960616027E+00
-0.32038895195481189842737742877849E+00 -0.70068280162609422432149493127666E+00
-0.31561550324672562470452960811929E+00 -0.69081143963980283632742916344591E+00
-0.31082964233542424894559933285880E+00 -0.68091600887000741092620258717385E+00
-0.30603151976731979808772579072207E+00 -0.67099685897363662466314042305844E+00
-0.30122128612243822161433981745900E+00 -0.66105434047209873356970155327458E+00
-0.29639909199759554154314750301064E+00 -0.65108880473946078678265129152899E+00
-0.29156508798915312885940113859383E+00 -0.64110060399060373583230772810706E+00
-0.28671942467533597767276231983451E+00 -0.63109009126934932931275415929414E+00
-0.28186225259809486397063459672877E+00 -0.62105762043656328999630779345829E+00
-0.27699372224449205877220822732781E+00 -0.61100354615823126186914062576684E+00
-0.27211398402759172588396923736401E+00 -0.60092822389350854214958994593580E+00
-0.26722318826683173150222794656059E+00 -0.59083200988274463867799033022062E+00
-0.26232148516785492531490518488294E+00 -0.58071526113547973768684122270365E+00
-0.25740902480177589854300051659109E+00 -0.57057833541841547332340792269420E+00
-0.25248595708385655662454819062700E+00 -0.56042159124335792999479497373928E+00
-0.24755243175156661306928599989213E+00 -0.55024538785513187751245936560527E+00
-0.24260859834199739443357627317785E+00 -0.54005008521946832661356761043760E+00
-0.23765460616860180757681642160380E+00 -0.52983604401086088293531054152525E+00
-0.23269060429722844279568495126076E+00 -0.51960362560039366097170332244029E+00
-0.22771674152141536003160561455652E+00 -0.50935319204353741240256348312499E+00
-0.22273316633691083571909046302753E+00 -0.49908510606791347843207423273304E+00
-0.21774002691538208582553706095687E+00 -0.48879973106102490823068203004530E+00
-0.21273747107727400077404385967679E+00 -0.47849743105795256579671136311663E+00
-0.20772564626377621480565608479418E+00 -0.46817857072901495082742133550716E+00
-0.20270469950785440519167557102231E+00 -0.45784351536739011232665177858511E+00
-0.19767477740430041150139328643022E+00 -0.44749263087669739831073596713644E+00
-0.19263602607875062150597019996720E+00 -0.43712628375853709569240757952213E+00
-0.18758859115562259681506318160541E+00 -0.42674484109998529366686025464837E+00
-0.18253261772491289800889361064655E+00 -0.41634867056104133616845393764595E+00
-0.17746825030779910688075699493888E+00 -0.40593814036202519198462875711954E+00
-0.17239563282098319888502511617987E+00 -0.39551361927092040656359242682932E+00
-0.16731490853971117953180325312589E+00 -0.38507547659066025321760876414572E+00
-0.16222622005939801758267990139055E+00 -0.37462408214635206431195090209252E+00
-0.15712970925578518768779873341594E+00 -0.36415980627243524439625466052341E+00
-0.15202551724355054951841275918212E+00 -0.35368301979976869527893467703724E+00
-0.14691378433328711340676050051370E+00 -0.34319409404264126720182710882020E+00
-0.14179464998676139271243460849721E+00 -0.33269340078570021830501446700859E+00
-0.13666825277035642681594966620100E+00 -0.32218131227078961277183985083580E+00
-0.13153473030659778364896941886979E+00 -0.31165820118369276664646084617583E+00
-0.12639421922365469454035928227303E+00 -0.30112444064077019913544073615286E+00
-0.12124685510270094204066312210659E+00 -0.29058040417548327038464608665912E+00
-0.11609277242301374350859776017112E+00 -0.28002646572479553678044660156485E+00
-0.11093210450467690435413917367007E+00 -0.26946299961543953031774861776564E+00
-0.10576498344875167342196811323320E+00 -0.25889038055003773699676659724399E+00
-0.10059154007476159044214434369080E+00 -0.24830898359306603528247542463207E+00
-0.95411903855333966521748933592027E-01 -0.23771918415664151696659855077455E+00
-0.90226202847825288616315789312985E-01 -0.22712135798612559387394309247718E+00
-0.85034563622745990517660530168077E-01 -0.21651588114551703803663541691612E+00
-0.79837111188789768897894259245020E-01 -0.20590313000262334173173502645542E+00
-0.74633968914253931015182485431232E-01 -0.19528348121398518000059612686466E+00
-0.69425258444625513964557554544765E-01 -0.18465731170953184506749746497212E+00
-0.64211099616089423989096758659229E-01 -0.17402499867694382594434961791347E+00
-0.58991610364696809786407903092227E-01 -0.16338691954569232272740699596629E+00
-0.53766906630912487151929547901628E-01 -0.15274345197072760822935403694753E+00
-0.48537102259238492631634212027217E-01 -0.14209497381578041032527593045002E+00
-0.43302308892586924840273247118935E-01 -0.13144186313623973893537846232631E+00
-0.38062635861052159020491310238363E-01 -0.12078449816156690785519958068584E+00
-0.32818190064701191242429635648742E-01 -0.11012325727719789476774466510642E+00
-0.27569075849972966661495771877166E-01 -0.99458519005887627775382609258238E-01
-0.22315394879244960157576260111734E-01 -0.88790661988436823116249675736399E-01
-0.17057245993087529535444199789916E-01 -0.78120064963743097044777709764419E-01
-0.11794725064687808925361335838948E-01 -0.67447106748106735617734738261124E-01
-0.65279248458814395684551120986390E-02 -0.56772166213717370030563345791870E-01
-0.12569348041843093288793423426743E-02 -0.46095622266237070034195161574149E-01
0.40181590498377475617057675505966E-02 -0.35417853821388307840515431599365E-01
0.92972743455788383056097825134787E-02 -0.24739239780444710653077015680093E-01
0.14580332546563599290225697465286E-01 -0.14060159004510234444897201252734E-01
0.19867259156628686948690216171211E-01 -0.33809902874598553181514367372506E-02
0.25157983939041788326577804228563E-01 0.72978876725969985123345687615664E-02
0.30452441149568818915110132583929E-01 0.17976096303489387826482799477466E-01
0.35750569784593911498818270673929E-01 0.28653257190967553162572590239695E-01
0.41052313845498272728800702685216E-01 0.39328992112689775957477499452278E-01
0.46357622620620225401762511677478E-01 0.50002923074432992202037638774000E-01
0.51666450986243675338561798854744E-01 0.60674672348769169258927099337917E-01
0.56978759728204474923874156322280E-01 0.71343862516480200756914328801041E-01
0.62294515885859067720599550988050E-01 0.82010116511018133875575621585173E-01
0.67613693120336661330283890637933E-01 0.92673057666352442112171178010461E-01
0.72936272109188640942864488661864E-01 0.10333230976858999996882196918419E+00
0.78262240969768725803032162204669E-01 0.11398749711180145956798292672616E+00
0.83591595713917864200147159238063E-01 0.12463824455854214931735281070764E+00
0.88924340736805795709136133842630E-01 0.13528417760561881604224439168818E+00
0.94260489343083686355178012577405E-01 0.14592492245572263438938599539525E+00
0.99600064313849403340779041874333E-01 0.15656010609563581059817855179382E+00
0.10494309851831567492743582643783E+00 0.16718935638180540228205995046064E+00
0.11028963557451120062016776849772E+00 0.17781230213419261377858229683234E+00
0.11563973056384112441091644713092E+00 0.18842857323942467869643214781410E+00
0.12099345080489569663881707672803E+00 0.19903780076442080727641847788335E+00
0.12635087669253826098583012936747E+00 0.20963961708182956078370297827227E+00
0.13171210260902862387702319514535E+00 0.22023365600880248959964749628188E+00
0.13707723791477117478321673126217E+00 0.23081955296085379745440625687469E+00
0.14244640802722553588048352843587E+00 0.24139694512280963853594331548363E+00
0.14781975559760261150302231850019E+00 0.25196547163915148061752693519026E+00
0.15319744179622684350787037838152E+00 0.26252477382641085048140079777344E+00
0.15857964771887148156585677073052E+00 0.27307449541067516929576130900144E+00
0.16396657592804945106257690084840E+00 0.28361428279375539938432559992394E+00
0.16935845214515270875269973596560E+00 0.29414378535212459158488164511393E+00
0.17475552711157362470211184459270E+00 0.30466265577340974899487904773411E+00
0.18015807863953761564446215237756E+00 0.31517055043601156854433241360778E+00
0.18556641387641039318113333210391E+00 0.32566712983836502997988492050527E+00
0.19098087180980110397334537907540E+00 0.33615205908547904106737829347899E+00
0.19640182604495925744785981274393E+00 0.34662500844172983633421292361515E+00
0.20182968789089162711834568986599E+00 0.35708565396049474462151652892851E+00
0.20726490979746023819175531401893E+00 0.36753367820314823267839902461818E+00
0.21270798919265095500517239236164E+00 0.37796877106228256056295712522106E+00
0.21815947277747124378937987813861E+00 0.38839063070685774247971638375562E+00
0.22361996134583402251505149359402E+00 0.39879896467044671057816273598776E+00
0.22909011520869857585057134724125E+00 0.40919349110797913576937247084116E+00
0.23457066031613132975434010129445E+00 0.41957394025159820067219828258030E+00
0.24006239518842722645696620728667E+00 0.42994005610268215927635673387085E+00
0.24556619878876331794828880450133E+00 0.44029159840508081452724268279185E+00
0.25108303949602834124279138400580E+00 0.45062834495459841950813873264425E+00
0.25661398536876447369731544139648E+00 0.46095009431229771418045141226642E+00
0.26216021593124545459614408058873E+00 0.47125666900503952658238445547705E+00
0.26772303576279433656975548150196E+00 0.48154791931681874291926876237535E+00
0.27330389023441444326631350051381E+00 0.49182372780025286485367235224219E+00
0.27890438381661927111949913806393E+00 0.50208401467082319051083377915826E+00
0.28452630148408149941494039517347E+00 0.51232874428974841157522845918871E+00
0.29017163387408192607978596262697E+00 0.52255793299784776743096990261426E+00
0.29584260702497511897298003387382E+00 0.53277165863814212191139693753832E+00
0.30154171774666127602138703990135E+00 0.54297007220336297809149090130878E+00
0.30727177596190279440869461271239E+00 0.55315341218401649321819888036155E+00
0.31303595577801422120766247520367E+00 0.56332202236216814096261540358573E+00
0.31883785750653090704523849190074E+00 0.57347637409348502712258619283246E+00
0.32468158381748154727983744704097E+00 0.58361709434138307294586591879750E+00
0.33057183352617069466279916147946E+00 0.59374500163878520674437683722834E+00
0.33651402011169568999864590319454E+00 0.60386115162931717820968242729515E+00
0.34251441760125562367050847138858E+00 0.61396689873093628107055313511591E+00
0.34858035933383423627538558418602E+00 0.62406397033160871708938419261405E+00
0.35472045946953407439136051284152E+00 0.63415458834874692460743931917186E+00
0.36094501657578928548529509103090E+00 0.64424156633419264149661081898066E+00
0.36726621547284002189970110647995E+00 0.65432865642296394959875779778084E+00
0.37369944016134462309490302184674E+00 0.66442038513611164033026660889027E+00
0.38026193105509258227915550842461E+00 0.67452386975062315777784111027857E+00
0.38834313217533911863686332606344E+00 0.68667407960374785590890074272836E+00
0.39669872727917493602827802544374E+00 0.69887343356090767945658031320135E+00
0.40540352833019598696828215339994E+00 0.71115318010710292974939680618862E+00
0.41456785641384631617948225710381E+00 0.72356338110997752343510988799420E+00
0.42436768714193934255710076029172E+00 0.73618988408032171493519053114598E+00
0.43452961770616241062209853321974E+00 0.74850974483896561378481515822198E+00
0.44462182369446471480673558083287E+00 0.75990435437817769156752304720572E+00
0.45468567997830847596738734373560E+00 0.77035019485168922974316819345835E+00
0.46473697957483390577462698524272E+00 0.77985712423656510484271541826873E+00
