0.10962296002634290074929393481731E+01 -0.86459249586722921511626897643907E+00
0.11016062284011945659754667763636E+01 -0.85948836414545715180806900933796E+00
0.11066931097990179382139639719719E+01 -0.85470531740451002002595116368858E+00
0.11114672513742817195580485294680E+01 -0.85025799851793071946290396778655E+00
0.11159075496485137869867619249840E+01 -0.84615683536434500857049460142886E+00
0.11199921921395224658010557306730E+01 -0.84241345122471994870221642927372E+00
0.11237208432726817729750770599241E+01 -0.83902042234933538691145703759815E+00
0.11271679632918355902008192426755E+01 -0.83590378007165272752490599897713E+00
0.11303969970561473386441326950715E+01 -0.83300171672619655879281726574016E+00
0.11334501330348767003237386213644E+01 -0.83027306334462375305301437606137E+00
0.11363572030426027807969481094810E+01 -0.82768866468017337772192683815321E+00
0.11334501330348767003237386213644E+01 -0.83027306334462375305301437606137E+00
0.11303969970561473386441326950715E+01 -0.83300171672619655879281726574016E+00
0.11271679632918355902008192426755E+01 -0.83590378007165272752490599897713E+00
0.11237208432726817729750770599241E+01 -0.83902042234933538691145703759815E+00
0.11199921921395224658010557306730E+01 -0.84241345122471994870221642927372E+00
0.11159075496485137869867619249840E+01 -0.84615683536434500857049460142886E+00
0.11114672513742817195580485294680E+01 -0.85025799851793071946290396778655E+00
0.11066931097990179382139639719719E+01 -0.85470531740451002002595116368858E+00
0.11016062284011945659754667763636E+01 -0.85948836414545715180806900933796E+00
0.10962296002634290074929393481731E+01 -0.86459249586722921511626897643907E+00
0.10860189591382812836643632820651E+01 -0.86139188898702212744897951184146E+00
0.10755954282039941187687133057229E+01 -0.85723614127482360740344235972119E+00
0.10648081721079611719911848743256E+01 -0.85245393134552608812139970917390E+00
0.10536575035708583721556829506639E+01 -0.84697804155272550127141478482830E+00
0.10421197235622220236504063990676E+01 -0.84081852090208515139564287805956E+00
0.10307099525638150429364039521032E+01 -0.83430808843438628918958235694979E+00
0.10198044035127999075673359890139E+01 -0.82775306787721331560711312238247E+00
0.10092478966536679082923550124653E+01 -0.82114030606198750597698029905633E+00
0.99894374632818120045140786775013E+00 -0.81446550033713615140193752068729E+00
0.98882841736814041018942908248589E+00 -0.80772603642752794432323317056013E+00
0.98050892968541417006541455364223E+00 -0.80206235974935965827308798290071E+00
0.97226901303916369253005534366261E+00 -0.79635492650788965264088456776110E+00
0.96409309072693799071115685590409E+00 -0.79060468228129053650749425216686E+00
0.95596874887641292488238051604323E+00 -0.78481249743278772339409792589466E+00
0.94788588656225734767758460812309E+00 -0.77897926153524658283860005239159E+00
0.93983617678932970193169565778969E+00 -0.77310586417403989029259834652342E+00
0.93181268003241444119147514238908E+00 -0.76719317950216613481351846033690E+00
0.92380955907861989112891947408171E+00 -0.76124205683479706049342993604372E+00
0.91582186433164724881547169814159E+00 -0.75525331556243242002847258415209E+00
0.90784536942973798357927825806054E+00 -0.74922774287128973564152879728569E+00
0.89987644353338899783499485080541E+00 -0.74316609323101165082434260945244E+00
0.89191195080929814389723485224056E+00 -0.73706908896766410990386685853443E+00
0.88394917039649296048124797486336E+00 -0.73093742148027450822754005184732E+00
0.87598573201104448391504920936791E+00 -0.72477175281605370626851618876122E+00
0.86801956363961365413895622254642E+00 -0.71857271742143710356838488837470E+00
0.86004884868316272478241971586493E+00 -0.71234092395252848297201493236777E+00
0.85207199056403510197484849290564E+00 -0.70607695707197189824314684954257E+00
0.84408758328278993510010055264233E+00 -0.69978137918775524815090306385516E+00
0.83609438675920810609551945311021E+00 -0.69345473210812105572520686732868E+00
0.82809130605096437078702536472323E+00 -0.68709753859897440852852205700802E+00
0.82007737373848299345952319398678E+00 -0.68071030383810429435522419137808E+00
0.81205173491280566735385996849488E+00 -0.67429351676560992099958540208164E+00
0.80401363431717338756448912378717E+00 -0.66784765133310050506983045961839E+00
0.79596240528123140403200866417036E+00 -0.66137316765613803452665366349116E+00
0.78789746015565476435942393649298E+00 -0.65487051307545740619857527717158E+00
0.77981828200921936780840528873247E+00 -0.64834012313300126995708185502062E+00
0.77172441739332952424574275698906E+00 -0.64178242246894797771833646483019E+00
0.76361547001332739350341315167625E+00 -0.63519782564582253408512407350474E+00
0.75549109517347621330801260720022E+00 -0.62858673790554424797605023878941E+00
0.74735099488478545013466030280436E+00 -0.62194955586495105305893569413171E+00
0.73919491354295520354917209731973E+00 -0.61528666815497747474465542020082E+00
0.73102263409851457674760031104197E+00 -0.60859845600828908214829077574883E+00
0.72283397465338151238407500887953E+00 -0.60188529379979868904898605686748E+00
0.71462878542810736855658277743966E+00 -0.59514754954412555370880995865363E+00
0.70640694605238237307328062058148E+00 -0.58838558535371152464327648997305E+00
0.69816836313831074787020777604886E+00 -0.58159975786098512588049635562990E+00
0.68991296810175484946372996917994E+00 -0.57479041860766011400457000804993E+00
0.68164071520191320609368242493869E+00 -0.56795791440397890891497460789332E+00
0.67335157977339704200855757299409E+00 -0.56110258766045644197909064971828E+00
0.66504555662853790272136781883033E+00 -0.55422477669444694815522225423609E+00
0.65672265861060408534171472018887E+00 -0.54732481601364378881429085096251E+00
0.64838291528110875005961761679420E+00 -0.54040303657843177065592214414115E+00
0.64002637172653718982926677955762E+00 -0.53345976604483520273504801123583E+00
0.63165308747165541971028788796061E+00 -0.52649532898964865962603455478064E+00
0.62326313548814008043175504491553E+00 -0.51951004711919208841763781720273E+00
0.61485660128863181444440675173616E+00 -0.51250423946300592743382137972714E+00
0.60643358209748777371734591105985E+00 -0.50547822255368097750187722069534E+00
0.59799418609052933722605113291994E+00 -0.49843231059391430051151581559624E+00
0.58953853169696693866291904861629E+00 -0.49136681561178735498866485440292E+00
0.58106674695745260677010010343782E+00 -0.48428204760517176756082294363052E+00
0.57257896893288685029592799272564E+00 -0.47717831467609505690105714038182E+00
0.56407534315919301310499883350336E+00 -0.47005592315582354074387171487489E+00
0.55555602314379058697059283801620E+00 -0.46291517772135598254178996553397E+00
0.54702116989995064221691460064599E+00 -0.45575638150396471052248084163517E+00
0.53847095151561843406800487291563E+00 -0.44857983619036555347451236492178E+00
0.52990554275363883700207386005101E+00 -0.44138584211705175423824456543740E+00
0.52132512468063391120145206220190E+00 -0.43417469835828168499168364655141E+00
0.51272988432205480152397674265822E+00 -0.42694670280817039772745552089746E+00
0.50412001434117943609519726080210E+00 -0.41970215225730177318129760586255E+00
0.49549571274004024204585062263454E+00 -0.41244134246423919736867551543689E+00
0.48685718258046465914023719577569E+00 -0.40516456822228841956321765527697E+00
0.47820463172358022152048150725327E+00 -0.39787212342183532375067024995393E+00
0.46953827258629175869990683686925E+00 -0.39056430110855773250902746571286E+00
0.46085832191337788378671346866987E+00 -0.38324139353778622870516703619293E+00
0.45216500056397434389815034383638E+00 -0.37590369222526899367089628255562E+00
0.44345853331132618740241231064939E+00 -0.36855148799457700986657948251602E+00
0.43473914865478768752391114572935E+00 -0.36118507102136571106417639544428E+00
0.42600707864314004238740111533255E+00 -0.35380473087469748639772296865547E+00
0.41726255870838010380742563724516E+00 -0.34641075655560958290103309796815E+00
0.40850582750919802462159040826476E+00 -0.33900343653310231426729524258179E+00
0.39973712678344133773784748399517E+00 -0.33158305877770853951419937168402E+00
0.39095670120890689142775480959830E+00 -0.32414991079279329259052445347993E+00
0.38216479827186948558713341810773E+00 -0.31670427964372298330162350114248E+00
0.37336166814279686571469963266271E+00 -0.30924645198503351995918523576209E+00
0.36454756355874728983382005840615E+00 -0.30177671408571743977876159938303E+00
0.35572273971198849148154096165010E+00 -0.29429535185274201459883999309418E+00
0.34688745414440993010624006854702E+00 -0.28680265085290270984631042343483E+00
0.33804196664733605483734897099196E+00 -0.27929889633311038107630776236948E+00
0.32918653916637890015714629621443E+00 -0.27178437323920116765070601081649E+00
0.32032143571099422582310792373669E+00 -0.26425936623335566381334056947884E+00
0.31144692226843355363994508082951E+00 -0.25672415971020527242220932056707E+00
0.30256326672180467237317638640946E+00 -0.24917903781170190143485554271004E+00
0.29367073877197751802380999822673E+00 -0.24162428444081732753204659437424E+00
0.28476960986308977206163701620716E+00 -0.23406018327413983633741447519351E+00
0.27586015311142455560872116915930E+00 -0.22648701777342744898796758488423E+00
0.26694264323745072070485283711191E+00 -0.21890507119617539556381426384397E+00
0.25801735650082871649145118263198E+00 -0.21131462660525070161398628488149E+00
0.24908457063820131110058369505753E+00 -0.20371596687764403802502931017149E+00
0.24014456480359999288264355357152E+00 -0.19610937471238697663426161822622E+00
0.23119761951130908010543665932138E+00 -0.18849513263767681240258473763093E+00
0.22224401658104223116654556009170E+00 -0.18087352301725255929842573627593E+00
0.21328403908529373717848487149062E+00 -0.17324482805605983358729586050277E+00
0.20431797129873907659859893272481E+00 -0.16560932980524095713508206036788E+00
0.19534609864956447713021204306233E+00 -0.15796731016648811514207143987898E+00
0.18636870767261506894494788088157E+00 -0.15031905089578593377798863998841E+00
0.17738608596425978010260209519148E+00 -0.14266483360658198586699481066820E+00
0.16839852213887369760297943666464E+00 -0.13500493977240635936631426493044E+00
0.15940630578684909265044100878009E+00 -0.12733965072897393411292715645492E+00
0.15040972743405136793879594056672E+00 -0.11966924767579125500818465575510E+00
0.14140907850263745220907422154846E+00 -0.11199401167729323960611051549826E+00
0.13240465127316663631329172780807E+00 -0.10431422366353426141447062234074E+00
0.12339673884793079584498534165867E+00 -0.96630164430452299389110158315249E-01
0.11438563511544018332216351514849E+00 -0.88942114639729399078623374404999E-01
0.10537163471600463147230344721289E+00 -0.81250354818266928992915741992045E-01
0.96355033008349901094098784054610E-01 -0.73555165357293131294929987061910E-01
0.87336126037218187472903479139777E-01 -0.65856826511122130100091275970007E-01
0.78315210501900499727255068919123E-01 -0.58155618395578324639360640090619E-01
0.69292583725652259276965118502643E-01 -0.50451820986105068447570940032529E-01
0.60268543625950419128275040157526E-01 -0.42745714115569617629063021649699E-01
0.51243388685545655836975383391929E-01 -0.35037577471779286039824595596538E-01
0.42217417924273930197290680061337E-01 -0.27327690594723329142738902682342E-01
0.33190930871587202855757310662969E-01 -0.19616332873551022373754912755204E-01
0.24164227539768766721681847890284E-01 -0.11903783543299586365079943607429E-01
0.15137608397800778164183057226274E-01 -0.41903216813831689248184650439773E-02
0.61113743458512084887030546518009E-02 0.35237737961471083595058407507512E-02
-0.29141733096483351544573561414753E-02 0.11238224138560789328295068486570E-01
-0.11938732880362352621762886719725E-01 0.18952750764614121844456068625016E-01
-0.20962002319875049339073931843533E-01 0.26667075266914996374752701813306E-01
-0.29983679247002669647651918442352E-01 0.34380919416477676460189410239604E-01
-0.39003460968618453179407056787467E-01 0.42094005167459560248399324115034E-01
-0.48021044502011730880277285195281E-01 0.49806054662070614110771499426192E-01
-0.57036126596803350982458721718894E-01 0.57516790235648939746759720783132E-01
-0.66048403756436317358407609964113E-01 0.65225934421895559486222781198629E-01
-0.75057572259260977031156081956512E-01 0.72933209958258336633466794615837E-01
-0.84063328179232819537282444002101E-01 0.80638339791463511092580330091019E-01
-0.93065367406239325789563741646128E-01 0.88341047083183074747225738866410E-01
-0.10206338566607243694787750433450E+00 0.96041055215835279424616556817259E-01
-0.11105707854006130365336188958096E+00 0.10373808779851215587025711992822E+00
-0.12004614148437963871191998182348E+00 0.11143186867302637641614388020774E+00
-0.12903026984904250179124696918373E+00 0.11912212192007509904356231733387E+00
-0.13800915889660350533788900559353E+00 0.12680857186551269384428821806255E+00
-0.14698250382056652226566921357680E+00 0.13449094308672949074888457641275E+00
-0.15594999976352279450876099470062E+00 0.14216896041913242893464438269917E+00
-0.16491134183502399544555263723094E+00 0.14984234896271933126438763934709E+00
-0.17386622512920286378750969927898E+00 0.15751083408874828186514578859601E+00
-0.18281434474215083972103033137954E+00 0.16517414144649212317238191017557E+00
-0.19175539578906087596307690443178E+00 0.17283199697007851866310864146195E+00
-0.20068907342114866323333115747208E+00 0.18048412688540966815113215750062E+00
-0.20961507284235378895876203926323E+00 0.18813025771715802486041817829688E+00
-0.21853308932583696473539794630914E+00 0.19577011629583596433897437349078E+00
-0.22744281823027472420808495242092E+00 0.20340342976493378659869022873541E+00
-0.23634395501596192979471650044390E+00 0.21102992558812512841312662609357E+00
-0.24523619526072919983509901433679E+00 0.21864933155653520381651523822338E+00
-0.25411923467568028653837507815962E+00 0.22626137579606926699504974508005E+00
-0.26299276912075778580993794521875E+00 0.23386578677479879092775623084553E+00
-0.27185649462014106355962341951384E+00 0.24146229331040175894713401456741E+00
-0.28071010737748380306928953980958E+00 0.24905062457765533711767067240711E+00
-0.28955330379099623907086443602277E+00 0.25663051011597794809824844081258E+00
-0.29838578046837631735987735008615E+00 0.26420167983701814539768583692645E+00
-0.30720723424159680470581861023416E+00 0.27176386403228765673732489305371E+00
-0.31601736218155013094467743835901E+00 0.27931679338083760497510912316539E+00
-0.32481586161255869296275711778661E+00 0.28686019895697394037644981594343E+00
-0.33360243012675227215547718215738E+00 0.29439381223801105508790212379207E+00
-0.34237676559831829945804405199926E+00 0.30191736511206087961634235751458E+00
-0.35113856619762784869577522001827E+00 0.30943058988585648047850016788843E+00
-0.35988753040524170449981111099315E+00 0.31693321929260715642497016397596E+00
-0.36862335702579995709633916025646E+00 0.32442498649988302212097959278147E+00
-0.37734574520179819926575646968287E+00 0.33190562511752871059109647399574E+00
-0.38605439442725325231880073587295E+00 0.33937486920560308792536372225855E+00
-0.39474900456126318359608150614964E+00 0.34683245328234343588528302160012E+00
-0.40342927584146155558719867145710E+00 0.35427811233215381716799348189698E+00
-0.41209490889737183275963804019817E+00 0.36171158181361300117816905657136E+00
-0.42074560476366271833021909806672E+00 0.36913259766750542114102695274378E+00
-0.42938106489330669436198323613488E+00 0.37654089632486692978459935020324E+00
-0.43800099117064633926905943473087E+00 0.38393621471505114083825697538892E+00
-0.44660508592436779033649895329426E+00 0.39131829027380916129572061527972E+00
-0.45519305194038572294325247118371E+00 0.39868686095138419454203701445763E+00
-0.46376459247464143297669191183996E+00 0.40604166522061982579555739138453E+00
-0.47231941126581533903374758043930E+00 0.41338244208507880019100402970662E+00
-0.48085721254795646651591455015632E+00 0.42070893108717352551300340729233E+00
-0.48937770106303030481262590872573E+00 0.42802087231630495622460658261668E+00
-0.49788058207338745785361754708517E+00 0.43531800641700973977558599968910E+00
-0.50636556137415397831815611073252E+00 0.44260007459711433018934516041240E+00
-0.51483234530554464603887347509300E+00 0.44986681863589489416403736993016E+00
-0.52328064076510252025255091593510E+00 0.45711798089224249732421593554295E+00
-0.53171015521986361595186036064591E+00 0.46435330431283037384674774724537E+00
-0.54012059671845030789909121382276E+00 0.47157253244028583792184672725698E+00
-0.54851167390309325628678703466249E+00 0.47877540942136234546960121573335E+00
-0.55688309602158359406725142595384E+00 0.48596168001511297318495645900959E+00
-0.56523457293915701767744986553041E+00 0.49313108960106305526302026097093E+00
-0.57356581515031012292787536389849E+00 0.50028338418738202760224992478106E+00
-0.58187653379055019923440411841716E+00 0.50741831041905315742334857995817E+00
-0.59016644064808010978480682258728E+00 0.51453561558603974905219936215691E+00
-0.59843524817541798561574961481704E+00 0.52163504763144772778976326736878E+00
-0.60668266950095445924521905340594E+00 0.52871635515968403473961693198482E+00
-0.61490841844044611386747278772382E+00 0.53577928744460823857852969525959E+00
-0.62311220950844772625542686837885E+00 0.54282359443767895423986411952424E+00
-0.63129375792968359368371679753208E+00 0.54984902677609256963286975231938E+00
-0.63945277965035761343485902265089E+00 0.55685533579091382950408966955540E+00
-0.64758899134940490717302014415258E+00 0.56384227351519820941599331635753E+00
-0.65570211044968335764952454093356E+00 0.57080959269210465374873695476904E+00
-0.66379185512910755191192982326454E+00 0.57775704678299787246455180053216E+00
-0.67185794433172458173483796517826E+00 0.58468438997554027988781296641594E+00
-0.67990009777873257508835279673795E+00 0.59159137719177209658578344471096E+00
-0.68791803597944281421650546159201E+00 0.59847776409617909308427138949642E+00
-0.69591148024218544793896679175251E+00 0.60534330710374754321651094600260E+00
-0.70388015268515944516622884281828E+00 0.61218776338800583182931274477875E+00
-0.71182377624722730484274951316584E+00 0.61901089088905173251548495386941E+00
-0.71974207469865491462301261410294E+00 0.62581244832156413971735803152313E+00
-0.72763477265179719287433060758226E+00 0.63259219518280073692306883569918E+00
-0.73550159557172876887251973440458E+00 0.63934989176057841744968238500008E+00
-0.74334226978682206406361939695896E+00 0.64608529914123748772263094090489E+00
-0.75115652249927074264646505048278E+00 0.65279817921758876344867887038551E+00
-0.75894408179556103052427371940251E+00 0.65948829469684247071701257721602E+00
-0.76670467665688937050206488151935E+00 0.66615540910851914558019758391348E+00
-0.77443803696952786551720009146014E+00 0.67279928681234137181855018756803E+00
-0.78214389353513733740529156897691E+00 0.67941969300610591171603119992720E+00
-0.78982197808102788794194255262073E+00 0.68601639373353644402454197851303E+00
-0.79747202327036798877063001667222E+00 0.69258915589211457898919118638547E+00
-0.80509376271234145255754516476901E+00 0.69913774724089115743091365445863E+00
-0.81268693097225288569065147533654E+00 0.70566193640827501232277388375784E+00
-0.82025126358158180307923855806595E+00 0.71216149289979976486513471394107E+00
-0.82778649704798534953232480219932E+00 0.71863618710586879340740247651965E+00
-0.83529236886524994968805228470090E+00 0.72508579030947586905683052637237E+00
-0.84276861752319168187748353551064E+00 0.73151007469390340052310516279812E+00
-0.85021498251750602083593857054321E+00 0.73790881335039594071796254212945E+00
-0.85763120435956649468835850369726E+00 0.74428178028580955941019444939977E+00
-0.86501702458617259904902044440073E+00 0.75062875043023602231344370921550E+00
-0.87237218576924705302095540570804E+00 0.75694949964460171406900694329570E+00
-0.87969643152548237296278973066203E+00 0.76324380472824077966561703697204E+00
-0.88698950652593671940933463028682E+00 0.76951144342644172876561396734050E+00
-0.89425115650557929890327228522612E+00 0.77575219443796739631189584685955E+00
-0.90148112827278522659309519565145E+00 0.78196583742254799316723397866124E+00
-0.90867916971877963843429782788117E+00 0.78815215300834618994276893070178E+00
-0.91584502982703149302915701630384E+00 0.79431092279939454592869989157915E+00
-0.92297845868259667548351466100888E+00 0.80044192938300412449937743747186E+00
-0.93007920748141066489834000868701E+00 0.80654495633714491472097315718222E+00
-0.93714702853953054926487377881824E+00 0.81261978823779620728865233090213E+00
-0.94418167530232649139299041153371E+00 0.81866621066626822905912960071294E+00
-0.95118290235362250813478137347178E+00 0.82468401021649304111004418037256E+00
-0.95815046542478668569669069096432E+00 0.83067297450228553136882975200912E+00
-0.96508412140377055407269695382094E+00 0.83663289216457340062950334001587E+00
-0.97198362834409780671026940440453E+00 0.84256355287859599040086630290589E+00
-0.97884874547380211495825310297423E+00 0.84846474736107183453769891834537E+00
-0.98567923320431406911837400961928E+00 0.85433626737733389325930326567844E+00
-0.99247485313929721037533714339851E+00 0.86017790574843302013810121998729E+00
-0.99923536808343291416952456696188E+00 0.86598945635820838697751716775788E+00
-0.10059605420511543356108082492398E+01 0.87177071416032520339453097410430E+00
-0.10126501402753289390259887322824E+01 0.87752147518527916237652296346590E+00
-0.10193039292158898313038692898820E+01 0.88324153654736685067071356151535E+00
-0.10259216765684158224619422175742E+01 0.88893069645162262235655747015530E+00
-0.10325031512726597759882735356930E+01 0.89458875420072080396718490854628E+00
-0.10390481235210255482638557569402E+01 0.90021551020184335148540497200887E+00
-0.10455563647669931263055416745423E+01 0.90581076597351241379669386812526E+00
-0.10520276477334920528640174098215E+01 0.91137432415238767998817056513914E+00
-0.10584617464212228615217700952379E+01 0.91690598850002793023824238198177E+00
-0.10648584361169264419585658132150E+01 0.92240556390961662897518012097015E+00
-0.10712174934016014094940390304870E+01 0.92787285641265131574753969247365E+00
-0.10775386961586689933880733560432E+01 0.93330767318559621203734155911142E+00
-0.10838218235820856970594291107130E+01 0.93870982255649808141284967241225E+00
-0.10900666561844032634895833765042E+01 0.94407911401156466157799454183503E+00
-0.10962729758047761420983396016154E+01 0.94941535820170576257221028998114E+00
-0.11024405656169160481088537434975E+01 0.95471836694903637306109439967727E+00
-0.11085692101369935770644010735268E+01 0.95998795325334166228306311626992E+00
-0.11146586952314868585634286539458E+01 0.96522393129850362612853016349828E+00
-0.11207088081249768670800320535650E+01 0.97042611645888894848834642756658E+00
-0.11267193374078895635980466761634E+01 0.97559432530569783148663077330361E+00
-0.11326900730441842246380304672141E+01 0.98072837561327359558892384929342E+00
-0.11386208063789885566966955712506E+01 0.98582808636537273419127823492037E+00
-0.11445113301461797176286847311297E+01 0.99089327776139493000903977701811E+00
-0.11503614384759113994965476590484E+01 0.99592377122257318405518870027691E+00
-0.11561709269020871133626603787596E+01 0.10009193893981233832131498447163E+01
-0.11619395923697788520076493151597E+01 0.10058799561713532450465818469879E+01
-0.11676672332425917517118795216354E+01 0.10108052966657303537066780228015E+01
-0.11733536493099739220579002339048E+01 0.10156952372509088748439197018979E+01
-0.11789986417944717182370197260668E+01 0.10205496055487149931037869557139E+01
-0.11846020133589302450280963344592E+01 0.10253682304390904067225426852099E+01
-0.11901635681136385877179171410622E+01 0.10301509420659940650453907971904E+01
-0.11956831116234203412879027495791E+01 0.10348975718432614471652039111142E+01
-0.12011604509146682744452558910748E+01 0.10396079524604215230307109581736E+01
-0.12065953944823240893256564806635E+01 0.10442819178884709497517268970771E+01
-0.12119877522968020625213783154733E+01 0.10489193033856051496949060697875E+01
-0.12173373358108573132734749549180E+01 0.10535199455029063983224972059340E+01
-0.12226439579663978230338448642527E+01 0.10580836820899882359294350420683E+01
-0.12279074332012406252523658111723E+01 0.10626103523005963061486919117274E+01
-0.12331275774558114602809695477725E+01 0.10670997965981651382497678484191E+01
-0.12383042081797882531844094193058E+01 0.10715518567613309415685988180965E+01
-0.12434371443386879702178421843867E+01 0.10759663758893998556991841556601E+01
-0.12485262064203966554572785788595E+01 0.10803431984077715091998562540701E+01
-0.12535712164416426155192522665933E+01 0.10846821700733179446249540766194E+01
-0.12585719979544127243274909605998E+01 0.10889831379797172354852096924139E+01
-0.12635283760523111896987080884608E+01 0.10932459505627420479806758662082E+01
-0.12684401773768613951500016148647E+01 0.10974704576055023136555494596668E+01
-0.12733072301237497731655403959650E+01 0.11016565102436426309512987315533E+01
-0.12781293640490124474333379105215E+01 0.11058039609704934247953631598942E+01
-0.12829064104751636667118793581533E+01 0.11099126636421758152271185515033E+01
-0.12876382022972664213821055335237E+01 0.11139824734826606633119880107955E+01
-0.12923245739889451566473142221999E+01 0.11180132470887803547036774514840E+01
-0.12969653616083395991112552889408E+01 0.11220048424351943589075490805048E+01
-0.13015604028040007975101059811719E+01 0.11259571188793075678331755382696E+01
-0.13061095368207281519000920650704E+01 0.11298699371661413578028665956771E+01
-0.13106126045053477401314161749122E+01 0.11337431594331575867988536984047E+01
-0.13150694483124319569583669567569E+01 0.11375766492150346252198461055613E+01
-0.13194799123099597831821835684690E+01 0.11413702714483960604722188410025E+01
-0.13238438421849181045076911320464E+01 0.11451238924764910069231294274452E+01
-0.13281610852488436098137046716443E+01 0.11488373800538266459449464554134E+01
-0.13324314904433049845135317993767E+01 0.11525106033507522175599512896886E+01
-0.13366549083453259818332549817730E+01 0.11561434329579945563238428821178E+01
-0.13408311911727478996426812993935E+01 0.11597357408911448835813786156199E+01
-0.13449601927895328648389223844735E+01 0.11632874005950970137385183460411E+01
-0.13490417687110066508394215929350E+01 0.11667982869484360423851991890421E+01
-0.13530757761090413294752703393470E+01 0.11702682762677781018095238726179E+01
-0.13570620738171775269860192877632E+01 0.11736972463120607782118810261955E+01
-0.13610005223356861868569780350275E+01 0.11770850762867838425483398404019E+01
-0.13648909838365698086691341065002E+01 0.11804316468482001562414625690865E+01
-0.13687333221685025930211935971969E+01 0.11837368401074569246195369122479E+01
-0.13725274028617099791979831961624E+01 0.11870005396346866702393017636952E+01
-0.13762730931327869297210426216928E+01 0.11902226304630481518070386615651E+01
-0.13799702618894549782323095574291E+01 0.11934029990927166592988133407636E+01
-0.13836187797352581648900614600841E+01 0.11965415334948241820451955588598E+01
-0.13872185189741972027769881573647E+01 0.11996381231153483788544702475725E+01
-0.13907693536153022405685732819547E+01 0.12026926588789510466971769436166E+01
-0.13942711593771439485605408428846E+01 0.12057050331927656570899442023205E+01
-0.13977238136922824633060732246163E+01 0.12086751399501332510882361430699E+01
-0.14011271957116546869657100764406E+01 0.12116028745342877190478644208668E+01
-0.14044811863088992275433355587233E+01 0.12144881338219891672779010105121E+01
-0.14077856680846192684626876793180E+01 0.12173308161871057760122401955572E+01
-0.14110405253705828657777641527821E+01 0.12201308215041441675482312141990E+01
-0.14142456442338610306419696544398E+01 0.12228880511517276710713416428910E+01
-0.14174009124809030272450621813655E+01 0.12256024080160227804567250369134E+01
-0.14205062196615490986468264024461E+01 0.12282737964941133234111412668393E+01
-0.14235614570729800705232218883086E+01 0.12309021224973224463767869553128E+01
-0.14265665177636044356988681501981E+01 0.12334872934544824848851144689252E+01
-0.14295212965368819297387722578465E+01 0.12360292183151517148417730562379E+01
-0.14324256899550843632777395568735E+01 0.12385278075527790822152186040663E+01
-0.14352795963429927923847099615065E+01 0.12409829731678158870358958209630E+01
-0.14380829157915314504031230414554E+01 0.12433946286907746588811402422295E+01
-0.14408355501613383386514011971838E+01 0.12457626891852349384073090337012E+01
-0.14435374030862718899113936671847E+01 0.12480870712507960772294289501188E+01
-0.14461883799768542034898454142725E+01 0.12503676930259768475156853073697E+01
-0.14487883880236502525629781125335E+01 0.12526044741910614968033998412266E+01
-0.14513373362005833407201283734925E+01 0.12547973359708927181830664783317E+01
-0.14538351352681866546276942600257E+01 0.12569462011376106448958332536086E+01
-0.14562816977767900961363252602580E+01 0.12590509940133385176183568330116E+01
-0.14586769380696439773533460870644E+01 0.12611116404728145004045120095643E+01
-0.14610207722859772201687844818723E+01 0.12631280679459695474382297730545E+01
-0.14633131183639921746070002370408E+01 0.12651002054204514261838633601738E+01
-0.14655538960437943801811451286080E+01 0.12670279834440946570709934746824E+01
-0.14677430268702578874778595832692E+01 0.12689113341273362634005718910000E+01
-0.14698804341958261216360366969659E+01 0.12707501911455772983935797994169E+01
-0.14719660431832477304509379939881E+01 0.12725444897414900699075011583925E+01
-0.14739997808082477924207435506983E+01 0.12742941667272709813610106099961E+01
-0.14759815758621341452303436898476E+01 0.12759991604868386700536711417241E+01
-0.14779113589543386036031566491414E+01 0.12776594109779778049445493433805E+01
-0.14797890625148932827953279825391E+01 0.12792748597344280555008989073374E+01
-0.14816146207968416297182293545143E+01 0.12808454498679184557063145564849E+01
-0.14833879698785844386697913337771E+01 0.12823711260701466560544521396046E+01
-0.14851090476661604654904510233658E+01 0.12838518346147036178654372948937E+01
-0.14867777938954617153192580355794E+01 0.12852875233589431057615455248153E+01
-0.14883941501343834206477787678026E+01 0.12866781417457962163580926142513E+01
-0.14899580597849084120786213209921E+01 0.12880236408055307343257765207817E+01
-0.14914694680851260801359467825215E+01 0.12893239731574553545032457435181E+01
-0.14929283221111856709656200982499E+01 0.12905790930115686864016337902008E+01
-0.14943345707791839006585532628714E+01 0.12917889561701527999181358544594E+01
-0.14956881648469869469777500210926E+01 0.12929535200293115905064440260881E+01
-0.14969890569159865857646258054833E+01 0.12940727435804535588468168498073E+01
-0.14982372014327906071823329748355E+01 0.12951465874117191720117300002018E+01
-0.14994325546908472172442957108119E+01 0.12961750137093527853875413069867E+01
-0.15005750748320036195220554792815E+01 0.12971579862590186353647299618416E+01
-0.15016647218479986552771942526653E+01 0.12980954704470616964017447044447E+01
-0.15027014575818892842042881857599E+01 0.12989874332617122941676184889440E+01
-0.15036852457294111289647072027518E+01 0.12998338432942355030486361188360E+01
-0.15046160518402730048552132276387E+01 0.13006346707400242789886129058846E+01
-0.15054938433193847938651388753931E+01 0.13013898873996373781125054184290E+01
-0.15063185894280205044321402127589E+01 0.13020994666797801004551137029680E+01
-0.15070902612849115729442285501753E+01 0.13027633835942328753498173951474E+01
-0.15078088318672836374296184904102E+01 0.13033816147647129392637348783415E+01
-0.15084742760117994150548002278457E+01 0.13039541384217120218814086021792E+01
-0.15090865704155140768084851028118E+01 0.13044809344051863397310483437538E+01
-0.15096456936365392209721948371024E+01 0.13049619841654523611448949776603E+01
-0.15099888931590060238565574656500E+01 0.13052572610058573379975602518242E+01
-0.15103084469627032245451539370098E+01 0.13055321940088388315805429461675E+01
-0.15106043500741039223721680054871E+01 0.13057867788716936988193978374718E+01
-0.15108765978877657197037201527695E+01 0.13060210116101804554678233299397E+01
-0.15111251861664138757202929296202E+01 0.13062348885585690781554173661110E+01
-0.15113619494994142278122538726429E+01 0.13064385917833433869186447098816E+01
-0.15115987251171323781272208384577E+01 0.13066423056357460188259899914316E+01
-0.15118355130199554421019851526236E+01 0.13068460301161083698845790183636E+01
-0.15120723132082803351908593438302E+01 0.13070497652247504598228911538073E+01
-0.15123091256824734415207267933634E+01 0.13072535109620278212439002983961E+01
-0.15120723132082803351908593438302E+01 0.13070497652247504598228911538073E+01
-0.15118355130199554421019851526236E+01 0.13068460301161083698845790183636E+01
-0.15115987251171323781272208384577E+01 0.13066423056357460188259899914316E+01
-0.15113619494994142278122538726429E+01 0.13064385917833433869186447098816E+01
-0.15111251861664138757202929296202E+01 0.13062348885585690781554173661110E+01
-0.15108765978877657197037201527695E+01 0.13060210116101804554678233299397E+01
-0.15106043500741039223721680054871E+01 0.13057867788716936988193978374718E+01
-0.15103084469627032245451539370098E+01 0.13055321940088388315805429461675E+01
-0.15099888931590060238565574656500E+01 0.13052572610058573379975602518242E+01
-0.15096456936365392209721948371024E+01 0.13049619841654523611448949776603E+01
-0.15090865704155140768084851028118E+01 0.13044809344051863397310483437538E+01
-0.15084742760117994150548002278457E+01 0.13039541384217120218814086021792E+01
-0.15078088318672836374296184904102E+01 0.13033816147647129392637348783415E+01
-0.15070902612849115729442285501753E+01 0.13027633835942328753498173951474E+01
-0.15063185894280205044321402127589E+01 0.13020994666797801004551137029680E+01
-0.15054938433193847938651388753931E+01 0.13013898873996373781125054184290E+01
-0.15046160518402730048552132276387E+01 0.13006346707400242789886129058846E+01
-0.15036852457294111289647072027518E+01 0.12998338432942355030486361188360E+01
-0.15027014575818892842042881857599E+01 0.12989874332617122941676184889440E+01
-0.15016647218479986552771942526653E+01 0.12980954704470616964017447044447E+01
-0.15005750748320036195220554792815E+01 0.12971579862590186353647299618416E+01
-0.14994325546908472172442957108119E+01 0.12961750137093527853875413069867E+01
-0.14982372014327906071823329748355E+01 0.12951465874117191720117300002018E+01
-0.14969890569159865857646258054833E+01 0.12940727435804535588468168498073E+01
-0.14956881648469869469777500210926E+01 0.12929535200293115905064440260881E+01
-0.14943345707791839006585532628714E+01 0.12917889561701527999181358544594E+01
-0.14929283221111856709656200982499E+01 0.12905790930115686864016337902008E+01
-0.14914694680851260801359467825215E+01 0.12893239731574553545032457435181E+01
-0.14899580597849084120786213209921E+01 0.12880236408055307343257765207817E+01
-0.14883941501343834206477787678026E+01 0.12866781417457962163580926142513E+01
-0.14867777938954617153192580355794E+01 0.12852875233589431057615455248153E+01
-0.14851090476661604654904510233658E+01 0.12838518346147036178654372948937E+01
-0.14833879698785844386697913337771E+01 0.12823711260701466560544521396046E+01
-0.14816146207968416297182293545143E+01 0.12808454498679184557063145564849E+01
-0.14797890625148932827953279825391E+01 0.12792748597344280555008989073374E+01
-0.14779113589543386036031566491414E+01 0.12776594109779778049445493433805E+01
-0.14759815758621341452303436898476E+01 0.12759991604868386700536711417241E+01
-0.14739997808082477924207435506983E+01 0.12742941667272709813610106099961E+01
-0.14719660431832477304509379939881E+01 0.12725444897414900699075011583925E+01
-0.14698804341958261216360366969659E+01 0.12707501911455772983935797994169E+01
-0.14677430268702578874778595832692E+01 0.12689113341273362634005718910000E+01
-0.14655538960437943801811451286080E+01 0.12670279834440946570709934746824E+01
-0.14633131183639921746070002370408E+01 0.12651002054204514261838633601738E+01
-0.14610207722859772201687844818723E+01 0.12631280679459695474382297730545E+01
-0.14586769380696439773533460870644E+01 0.12611116404728145004045120095643E+01
-0.14562816977767900961363252602580E+01 0.12590509940133385176183568330116E+01
-0.14538351352681866546276942600257E+01 0.12569462011376106448958332536086E+01
-0.14513373362005833407201283734925E+01 0.12547973359708927181830664783317E+01
-0.14487883880236502525629781125335E+01 0.12526044741910614968033998412266E+01
-0.14461883799768542034898454142725E+01 0.12503676930259768475156853073697E+01
-0.14435374030862718899113936671847E+01 0.12480870712507960772294289501188E+01
-0.14408355501613383386514011971838E+01 0.12457626891852349384073090337012E+01
-0.14380829157915314504031230414554E+01 0.12433946286907746588811402422295E+01
-0.14352795963429927923847099615065E+01 0.12409829731678158870358958209630E+01
-0.14324256899550843632777395568735E+01 0.12385278075527790822152186040663E+01
-0.14295212965368819297387722578465E+01 0.12360292183151517148417730562379E+01
-0.14265665177636044356988681501981E+01 0.12334872934544824848851144689252E+01
-0.14235614570729800705232218883086E+01 0.12309021224973224463767869553128E+01
-0.14205062196615490986468264024461E+01 0.12282737964941133234111412668393E+01
-0.14174009124809030272450621813655E+01 0.12256024080160227804567250369134E+01
-0.14142456442338610306419696544398E+01 0.12228880511517276710713416428910E+01
-0.14110405253705828657777641527821E+01 0.12201308215041441675482312141990E+01
-0.14077856680846192684626876793180E+01 0.12173308161871057760122401955572E+01
-0.14044811863088992275433355587233E+01 0.12144881338219891672779010105121E+01
-0.14011271957116546869657100764406E+01 0.12116028745342877190478644208668E+01
-0.13977238136922824633060732246163E+01 0.12086751399501332510882361430699E+01
-0.13942711593771439485605408428846E+01 0.12057050331927656570899442023205E+01
-0.13907693536153022405685732819547E+01 0.12026926588789510466971769436166E+01
-0.13872185189741972027769881573647E+01 0.11996381231153483788544702475725E+01
-0.13836187797352581648900614600841E+01 0.11965415334948241820451955588598E+01
-0.13799702618894549782323095574291E+01 0.11934029990927166592988133407636E+01
-0.13762730931327869297210426216928E+01 0.11902226304630481518070386615651E+01
-0.13725274028617099791979831961624E+01 0.11870005396346866702393017636952E+01
-0.13687333221685025930211935971969E+01 0.11837368401074569246195369122479E+01
-0.13648909838365698086691341065002E+01 0.11804316468482001562414625690865E+01
-0.13610005223356861868569780350275E+01 0.11770850762867838425483398404019E+01
-0.13570620738171775269860192877632E+01 0.11736972463120607782118810261955E+01
-0.13530757761090413294752703393470E+01 0.11702682762677781018095238726179E+01
-0.13490417687110066508394215929350E+01 0.11667982869484360423851991890421E+01
-0.13449601927895328648389223844735E+01 0.11632874005950970137385183460411E+01
-0.13408311911727478996426812993935E+01 0.11597357408911448835813786156199E+01
-0.13366549083453259818332549817730E+01 0.11561434329579945563238428821178E+01
-0.13324314904433049845135317993767E+01 0.11525106033507522175599512896886E+01
-0.13281610852488436098137046716443E+01 0.11488373800538266459449464554134E+01
-0.13238438421849181045076911320464E+01 0.11451238924764910069231294274452E+01
-0.13194799123099597831821835684690E+01 0.11413702714483960604722188410025E+01
-0.13150694483124319569583669567569E+01 0.11375766492150346252198461055613E+01
-0.13106126045053477401314161749122E+01 0.11337431594331575867988536984047E+01
-0.13061095368207281519000920650704E+01 0.11298699371661413578028665956771E+01
-0.13015604028040007975101059811719E+01 0.11259571188793075678331755382696E+01
-0.12969653616083395991112552889408E+01 0.11220048424351943589075490805048E+01
-0.12923245739889451566473142221999E+01 0.11180132470887803547036774514840E+01
-0.12876382022972664213821055335237E+01 0.11139824734826606633119880107955E+01
-0.12829064104751636667118793581533E+01 0.11099126636421758152271185515033E+01
-0.12781293640490124474333379105215E+01 0.11058039609704934247953631598942E+01
-0.12733072301237497731655403959650E+01 0.11016565102436426309512987315533E+01
-0.12684401773768613951500016148647E+01 0.10974704576055023136555494596668E+01
-0.12635283760523111896987080884608E+01 0.10932459505627420479806758662082E+01
-0.12585719979544127243274909605998E+01 0.10889831379797172354852096924139E+01
-0.12535712164416426155192522665933E+01 0.10846821700733179446249540766194E+01
-0.12485262064203966554572785788595E+01 0.10803431984077715091998562540701E+01
-0.12434371443386879702178421843867E+01 0.10759663758893998556991841556601E+01
-0.12383042081797882531844094193058E+01 0.10715518567613309415685988180965E+01
-0.12331275774558114602809695477725E+01 0.10670997965981651382497678484191E+01
-0.12279074332012406252523658111723E+01 0.10626103523005963061486919117274E+01
-0.12226439579663978230338448642527E+01 0.10580836820899882359294350420683E+01
-0.12173373358108573132734749549180E+01 0.10535199455029063983224972059340E+01
-0.12119877522968020625213783154733E+01 0.10489193033856051496949060697875E+01
-0.12065953944823240893256564806635E+01 0.10442819178884709497517268970771E+01
-0.12011604509146682744452558910748E+01 0.10396079524604215230307109581736E+01
-0.11956831116234203412879027495791E+01 0.10348975718432614471652039111142E+01
-0.11901635681136385877179171410622E+01 0.10301509420659940650453907971904E+01
-0.11846020133589302450280963344592E+01 0.10253682304390904067225426852099E+01
-0.11789986417944717182370197260668E+01 0.10205496055487149931037869557139E+01
-0.11733536493099739220579002339048E+01 0.10156952372509088748439197018979E+01
-0.11676672332425917517118795216354E+01 0.10108052966657303537066780228015E+01
-0.11619395923697788520076493151597E+01 0.10058799561713532450465818469879E+01
-0.11561709269020871133626603787596E+01 0.10009193893981233832131498447163E+01
-0.11503614384759113994965476590484E+01 0.99592377122257318405518870027691E+00
-0.11445113301461797176286847311297E+01 0.99089327776139493000903977701811E+00
-0.11386208063789885566966955712506E+01 0.98582808636537273419127823492037E+00
-0.11326900730441842246380304672141E+01 0.98072837561327359558892384929342E+00
-0.11267193374078895635980466761634E+01 0.97559432530569783148663077330361E+00
-0.11207088081249768670800320535650E+01 0.97042611645888894848834642756658E+00
-0.11146586952314868585634286539458E+01 0.96522393129850362612853016349828E+00
-0.11085692101369935770644010735268E+01 0.95998795325334166228306311626992E+00
-0.11024405656169160481088537434975E+01 0.95471836694903637306109439967727E+00
-0.10962729758047761420983396016154E+01 0.94941535820170576257221028998114E+00
-0.10900666561844032634895833765042E+01 0.94407911401156466157799454183503E+00
-0.10838218235820856970594291107130E+01 0.93870982255649808141284967241225E+00
-0.10775386961586689933880733560432E+01 0.93330767318559621203734155911142E+00
-0.10712174934016014094940390304870E+01 0.92787285641265131574753969247365E+00
-0.10648584361169264419585658132150E+01 0.92240556390961662897518012097015E+00
-0.10584617464212228615217700952379E+01 0.91690598850002793023824238198177E+00
-0.10520276477334920528640174098215E+01 0.91137432415238767998817056513914E+00
-0.10455563647669931263055416745423E+01 0.90581076597351241379669386812526E+00
-0.10390481235210255482638557569402E+01 0.90021551020184335148540497200887E+00
-0.10325031512726597759882735356930E+01 0.89458875420072080396718490854628E+00
-0.10259216765684158224619422175742E+01 0.88893069645162262235655747015530E+00
-0.10193039292158898313038692898820E+01 0.88324153654736685067071356151535E+00
-0.10126501402753289390259887322824E+01 0.87752147518527916237652296346590E+00
-0.10059605420511543356108082492398E+01 0.87177071416032520339453097410430E+00
-0.99923536808343291416952456696188E+00 0.86598945635820838697751716775788E+00
-0.99247485313929721037533714339851E+00 0.86017790574843302013810121998729E+00
-0.98567923320431406911837400961928E+00 0.85433626737733389325930326567844E+00
-0.97884874547380211495825310297423E+00 0.84846474736107183453769891834537E+00
-0.97198362834409780671026940440453E+00 0.84256355287859599040086630290589E+00
-0.96508412140377055407269695382094E+00 0.83663289216457340062950334001587E+00
-0.95815046542478668569669069096432E+00 0.83067297450228553136882975200912E+00
-0.95118290235362250813478137347178E+00 0.82468401021649304111004418037256E+00
-0.94418167530232649139299041153371E+00 0.81866621066626822905912960071294E+00
-0.93714702853953054926487377881824E+00 0.81261978823779620728865233090213E+00
-0.93007920748141066489834000868701E+00 0.80654495633714491472097315718222E+00
-0.92297845868259667548351466100888E+00 0.80044192938300412449937743747186E+00
-0.91584502982703149302915701630384E+00 0.79431092279939454592869989157915E+00
-0.90867916971877963843429782788117E+00 0.78815215300834618994276893070178E+00
-0.90148112827278522659309519565145E+00 0.78196583742254799316723397866124E+00
-0.89425115650557929890327228522612E+00 0.77575219443796739631189584685955E+00
-0.88698950652593671940933463028682E+00 0.76951144342644172876561396734050E+00
-0.87969643152548237296278973066203E+00 0.76324380472824077966561703697204E+00
-0.87237218576924705302095540570804E+00 0.75694949964460171406900694329570E+00
-0.86501702458617259904902044440073E+00 0.75062875043023602231344370921550E+00
-0.85763120435956649468835850369726E+00 0.74428178028580955941019444939977E+00
-0.85021498251750602083593857054321E+00 0.73790881335039594071796254212945E+00
-0.84276861752319168187748353551064E+00 0.73151007469390340052310516279812E+00
-0.83529236886524994968805228470090E+00 0.72508579030947586905683052637237E+00
-0.82778649704798534953232480219932E+00 0.71863618710586879340740247651965E+00
-0.82025126358158180307923855806595E+00 0.71216149289979976486513471394107E+00
-0.81268693097225288569065147533654E+00 0.70566193640827501232277388375784E+00
-0.80509376271234145255754516476901E+00 0.69913774724089115743091365445863E+00
-0.79747202327036798877063001667222E+00 0.69258915589211457898919118638547E+00
-0.78982197808102788794194255262073E+00 0.68601639373353644402454197851303E+00
-0.78214389353513733740529156897691E+00 0.67941969300610591171603119992720E+00
-0.77443803696952786551720009146014E+00 0.67279928681234137181855018756803E+00
-0.76670467665688937050206488151935E+00 0.66615540910851914558019758391348E+00
-0.75894408179556103052427371940251E+00 0.65948829469684247071701257721602E+00
-0.75115652249927074264646505048278E+00 0.65279817921758876344867887038551E+00
-0.74334226978682206406361939695896E+00 0.64608529914123748772263094090489E+00
-0.73550159557172876887251973440458E+00 0.63934989176057841744968238500008E+00
-0.72763477265179719287433060758226E+00 0.63259219518280073692306883569918E+00
-0.71974207469865491462301261410294E+00 0.62581244832156413971735803152313E+00
-0.71182377624722730484274951316584E+00 0.61901089088905173251548495386941E+00
-0.70388015268515944516622884281828E+00 0.61218776338800583182931274477875E+00
-0.69591148024218544793896679175251E+00 0.60534330710374754321651094600260E+00
-0.68791803597944281421650546159201E+00 0.59847776409617909308427138949642E+00
-0.67990009777873257508835279673795E+00 0.59159137719177209658578344471096E+00
-0.67185794433172458173483796517826E+00 0.58468438997554027988781296641594E+00
-0.66379185512910755191192982326454E+00 0.57775704678299787246455180053216E+00
-0.65570211044968335764952454093356E+00 0.57080959269210465374873695476904E+00
-0.64758899134940490717302014415258E+00 0.56384227351519820941599331635753E+00
-0.63945277965035761343485902265089E+00 0.55685533579091382950408966955540E+00
-0.63129375792968359368371679753208E+00 0.54984902677609256963286975231938E+00
-0.62311220950844772625542686837885E+00 0.54282359443767895423986411952424E+00
-0.61490841844044611386747278772382E+00 0.53577928744460823857852969525959E+00
-0.60668266950095445924521905340594E+00 0.52871635515968403473961693198482E+00
-0.59843524817541798561574961481704E+00 0.52163504763144772778976326736878E+00
-0.59016644064808010978480682258728E+00 0.51453561558603974905219936215691E+00
-0.58187653379055019923440411841716E+00 0.50741831041905315742334857995817E+00
-0.57356581515031012292787536389849E+00 0.50028338418738202760224992478106E+00
-0.56523457293915701767744986553041E+00 0.49313108960106305526302026097093E+00
-0.55688309602158359406725142595384E+00 0.48596168001511297318495645900959E+00
-0.54851167390309325628678703466249E+00 0.47877540942136234546960121573335E+00
-0.54012059671845030789909121382276E+00 0.47157253244028583792184672725698E+00
-0.53171015521986361595186036064591E+00 0.46435330431283037384674774724537E+00
-0.52328064076510252025255091593510E+00 0.45711798089224249732421593554295E+00
-0.51483234530554464603887347509300E+00 0.44986681863589489416403736993016E+00
-0.50636556137415397831815611073252E+00 0.44260007459711433018934516041240E+00
-0.49788058207338745785361754708517E+00 0.43531800641700973977558599968910E+00
-0.48937770106303030481262590872573E+00 0.42802087231630495622460658261668E+00
-0.48085721254795646651591455015632E+00 0.42070893108717352551300340729233E+00
-0.47231941126581533903374758043930E+00 0.41338244208507880019100402970662E+00
-0.46376459247464143297669191183996E+00 0.40604166522061982579555739138453E+00
-0.45519305194038572294325247118371E+00 0.39868686095138419454203701445763E+00
-0.44660508592436779033649895329426E+00 0.39131829027380916129572061527972E+00
-0.43800099117064633926905943473087E+00 0.38393621471505114083825697538892E+00
-0.42938106489330669436198323613488E+00 0.37654089632486692978459935020324E+00
-0.42074560476366271833021909806672E+00 0.36913259766750542114102695274378E+00
-0.41209490889737183275963804019817E+00 0.36171158181361300117816905657136E+00
-0.40342927584146155558719867145710E+00 0.35427811233215381716799348189698E+00
-0.39474900456126318359608150614964E+00 0.34683245328234343588528302160012E+00
-0.38605439442725325231880073587295E+00 0.33937486920560308792536372225855E+00
-0.37734574520179819926575646968287E+00 0.33190562511752871059109647399574E+00
-0.36862335702579995709633916025646E+00 0.32442498649988302212097959278147E+00
-0.35988753040524170449981111099315E+00 0.31693321929260715642497016397596E+00
-0.35113856619762784869577522001827E+00 0.30943058988585648047850016788843E+00
-0.34237676559831829945804405199926E+00 0.30191736511206087961634235751458E+00
-0.33360243012675227215547718215738E+00 0.29439381223801105508790212379207E+00
-0.32481586161255869296275711778661E+00 0.28686019895697394037644981594343E+00
-0.31601736218155013094467743835901E+00 0.27931679338083760497510912316539E+00
-0.30720723424159680470581861023416E+00 0.27176386403228765673732489305371E+00
-0.29838578046837631735987735008615E+00 0.26420167983701814539768583692645E+00
-0.28955330379099623907086443602277E+00 0.25663051011597794809824844081258E+00
-0.28071010737748380306928953980958E+00 0.24905062457765533711767067240711E+00
-0.27185649462014106355962341951384E+00 0.24146229331040175894713401456741E+00
-0.26299276912075778580993794521875E+00 0.23386578677479879092775623084553E+00
-0.25411923467568028653837507815962E+00 0.22626137579606926699504974508005E+00
-0.24523619526072919983509901433679E+00 0.21864933155653520381651523822338E+00
-0.23634395501596192979471650044390E+00 0.21102992558812512841312662609357E+00
-0.22744281823027472420808495242092E+00 0.20340342976493378659869022873541E+00
-0.21853308932583696473539794630914E+00 0.19577011629583596433897437349078E+00
-0.20961507284235378895876203926323E+00 0.18813025771715802486041817829688E+00
-0.20068907342114866323333115747208E+00 0.18048412688540966815113215750062E+00
-0.19175539578906087596307690443178E+00 0.17283199697007851866310864146195E+00
-0.18281434474215083972103033137954E+00 0.16517414144649212317238191017557E+00
-0.17386622512920286378750969927898E+00 0.15751083408874828186514578859601E+00
-0.16491134183502399544555263723094E+00 0.14984234896271933126438763934709E+00
-0.15594999976352279450876099470062E+00 0.14216896041913242893464438269917E+00
-0.14698250382056652226566921357680E+00 0.13449094308672949074888457641275E+00
-0.13800915889660350533788900559353E+00 0.12680857186551269384428821806255E+00
-0.12903026984904250179124696918373E+00 0.11912212192007509904356231733387E+00
-0.12004614148437963871191998182348E+00 0.11143186867302637641614388020774E+00
-0.11105707854006130365336188958096E+00 0.10373808779851215587025711992822E+00
-0.10206338566607243694787750433450E+00 0.96041055215835279424616556817259E-01
-0.93065367406239325789563741646128E-01 0.88341047083183074747225738866410E-01
-0.84063328179232819537282444002101E-01 0.80638339791463511092580330091019E-01
-0.75057572259260977031156081956512E-01 0.72933209958258336633466794615837E-01
-0.66048403756436317358407609964113E-01 0.65225934421895559486222781198629E-01
-0.57036126596803350982458721718894E-01 0.57516790235648939746759720783132E-01
-0.48021044502011730880277285195281E-01 0.49806054662070614110771499426192E-01
-0.39003460968618453179407056787467E-01 0.42094005167459560248399324115034E-01
-0.29983679247002669647651918442352E-01 0.34380919416477676460189410239604E-01
-0.20962002319875049339073931843533E-01 0.26667075266914996374752701813306E-01
-0.11938732880362352621762886719725E-01 0.18952750764614121844456068625016E-01
-0.29141733096483351544573561414753E-02 0.11238224138560789328295068486570E-01
0.61113743458512084887030546518009E-02 0.35237737961471083595058407507512E-02
0.15137608397800778164183057226274E-01 -0.41903216813831689248184650439773E-02
0.24164227539768766721681847890284E-01 -0.11903783543299586365079943607429E-01
0.33190930871587202855757310662969E-01 -0.19616332873551022373754912755204E-01
0.42217417924273930197290680061337E-01 -0.27327690594723329142738902682342E-01
0.51243388685545655836975383391929E-01 -0.35037577471779286039824595596538E-01
0.60268543625950419128275040157526E-01 -0.42745714115569617629063021649699E-01
0.69292583725652259276965118502643E-01 -0.50451820986105068447570940032529E-01
0.78315210501900499727255068919123E-01 -0.58155618395578324639360640090619E-01
0.87336126037218187472903479139777E-01 -0.65856826511122130100091275970007E-01
0.96355033008349901094098784054610E-01 -0.73555165357293131294929987061910E-01
0.10537163471600463147230344721289E+00 -0.81250354818266928992915741992045E-01
0.11438563511544018332216351514849E+00 -0.88942114639729399078623374404999E-01
0.12339673884793079584498534165867E+00 -0.96630164430452299389110158315249E-01
0.13240465127316663631329172780807E+00 -0.10431422366353426141447062234074E+00
0.14140907850263745220907422154846E+00 -0.11199401167729323960611051549826E+00
0.15040972743405136793879594056672E+00 -0.11966924767579125500818465575510E+00
0.15940630578684909265044100878009E+00 -0.12733965072897393411292715645492E+00
0.16839852213887369760297943666464E+00 -0.13500493977240635936631426493044E+00
0.17738608596425978010260209519148E+00 -0.14266483360658198586699481066820E+00
0.18636870767261506894494788088157E+00 -0.15031905089578593377798863998841E+00
0.19534609864956447713021204306233E+00 -0.15796731016648811514207143987898E+00
0.20431797129873907659859893272481E+00 -0.16560932980524095713508206036788E+00
0.21328403908529373717848487149062E+00 -0.17324482805605983358729586050277E+00
0.22224401658104223116654556009170E+00 -0.18087352301725255929842573627593E+00
0.23119761951130908010543665932138E+00 -0.18849513263767681240258473763093E+00
0.24014456480359999288264355357152E+00 -0.19610937471238697663426161822622E+00
0.24908457063820131110058369505753E+00 -0.20371596687764403802502931017149E+00
0.25801735650082871649145118263198E+00 -0.21131462660525070161398628488149E+00
0.26694264323745072070485283711191E+00 -0.21890507119617539556381426384397E+00
0.27586015311142455560872116915930E+00 -0.22648701777342744898796758488423E+00
0.28476960986308977206163701620716E+00 -0.23406018327413983633741447519351E+00
0.29367073877197751802380999822673E+00 -0.24162428444081732753204659437424E+00
0.30256326672180467237317638640946E+00 -0.24917903781170190143485554271004E+00
0.31144692226843355363994508082951E+00 -0.25672415971020527242220932056707E+00
0.32032143571099422582310792373669E+00 -0.26425936623335566381334056947884E+00
0.32918653916637890015714629621443E+00 -0.27178437323920116765070601081649E+00
0.33804196664733605483734897099196E+00 -0.27929889633311038107630776236948E+00
0.34688745414440993010624006854702E+00 -0.28680265085290270984631042343483E+00
0.35572273971198849148154096165010E+00 -0.29429535185274201459883999309418E+00
0.36454756355874728983382005840615E+00 -0.30177671408571743977876159938303E+00
0.37336166814279686571469963266271E+00 -0.30924645198503351995918523576209E+00
0.38216479827186948558713341810773E+00 -0.31670427964372298330162350114248E+00
0.39095670120890689142775480959830E+00 -0.32414991079279329259052445347993E+00
0.39973712678344133773784748399517E+00 -0.33158305877770853951419937168402E+00
0.40850582750919802462159040826476E+00 -0.33900343653310231426729524258179E+00
0.41726255870838010380742563724516E+00 -0.34641075655560958290103309796815E+00
0.42600707864314004238740111533255E+00 -0.35380473087469748639772296865547E+00
0.43473914865478768752391114572935E+00 -0.36118507102136571106417639544428E+00
0.44345853331132618740241231064939E+00 -0.36855148799457700986657948251602E+00
0.45216500056397434389815034383638E+00 -0.37590369222526899367089628255562E+00
0.46085832191337788378671346866987E+00 -0.38324139353778622870516703619293E+00
0.46953827258629175869990683686925E+00 -0.39056430110855773250902746571286E+00
0.47820463172358022152048150725327E+00 -0.39787212342183532375067024995393E+00
0.48685718258046465914023719577569E+00 -0.40516456822228841956321765527697E+00
0.49549571274004024204585062263454E+00 -0.41244134246423919736867551543689E+00
0.50412001434117943609519726080210E+00 -0.41970215225730177318129760586255E+00
0.51272988432205480152397674265822E+00 -0.42694670280817039772745552089746E+00
0.52132512468063391120145206220190E+00 -0.43417469835828168499168364655141E+00
0.52990554275363883700207386005101E+00 -0.44138584211705175423824456543740E+00
0.53847095151561843406800487291563E+00 -0.44857983619036555347451236492178E+00
0.54702116989995064221691460064599E+00 -0.45575638150396471052248084163517E+00
0.55555602314379058697059283801620E+00 -0.46291517772135598254178996553397E+00
0.56407534315919301310499883350336E+00 -0.47005592315582354074387171487489E+00
0.57257896893288685029592799272564E+00 -0.47717831467609505690105714038182E+00
0.58106674695745260677010010343782E+00 -0.48428204760517176756082294363052E+00
0.58953853169696693866291904861629E+00 -0.49136681561178735498866485440292E+00
0.59799418609052933722605113291994E+00 -0.49843231059391430051151581559624E+00
0.60643358209748777371734591105985E+00 -0.50547822255368097750187722069534E+00
0.61485660128863181444440675173616E+00 -0.51250423946300592743382137972714E+00
0.62326313548814008043175504491553E+00 -0.51951004711919208841763781720273E+00
0.63165308747165541971028788796061E+00 -0.52649532898964865962603455478064E+00
0.64002637172653718982926677955762E+00 -0.53345976604483520273504801123583E+00
0.64838291528110875005961761679420E+00 -0.54040303657843177065592214414115E+00
0.65672265861060408534171472018887E+00 -0.54732481601364378881429085096251E+00
0.66504555662853790272136781883033E+00 -0.55422477669444694815522225423609E+00
0.67335157977339704200855757299409E+00 -0.56110258766045644197909064971828E+00
0.68164071520191320609368242493869E+00 -0.56795791440397890891497460789332E+00
0.68991296810175484946372996917994E+00 -0.57479041860766011400457000804993E+00
0.69816836313831074787020777604886E+00 -0.58159975786098512588049635562990E+00
0.70640694605238237307328062058148E+00 -0.58838558535371152464327648997305E+00
0.71462878542810736855658277743966E+00 -0.59514754954412555370880995865363E+00
0.72283397465338151238407500887953E+00 -0.60188529379979868904898605686748E+00
0.73102263409851457674760031104197E+00 -0.60859845600828908214829077574883E+00
0.73919491354295520354917209731973E+00 -0.61528666815497747474465542020082E+00
0.74735099488478545013466030280436E+00 -0.62194955586495105305893569413171E+00
0.75549109517347621330801260720022E+00 -0.62858673790554424797605023878941E+00
0.76361547001332739350341315167625E+00 -0.63519782564582253408512407350474E+00
0.77172441739332952424574275698906E+00 -0.64178242246894797771833646483019E+00
0.77981828200921936780840528873247E+00 -0.64834012313300126995708185502062E+00
0.78789746015565476435942393649298E+00 -0.65487051307545740619857527717158E+00
0.79596240528123140403200866417036E+00 -0.66137316765613803452665366349116E+00
0.80401363431717338756448912378717E+00 -0.66784765133310050506983045961839E+00
0.81205173491280566735385996849488E+00 -0.67429351676560992099958540208164E+00
0.82007737373848299345952319398678E+00 -0.68071030383810429435522419137808E+00
0.82809130605096437078702536472323E+00 -0.68709753859897440852852205700802E+00
0.83609438675920810609551945311021E+00 -0.69345473210812105572520686732868E+00
0.84408758328278993510010055264233E+00 -0.69978137918775524815090306385516E+00
0.85207199056403510197484849290564E+00 -0.70607695707197189824314684954257E+00
0.86004884868316272478241971586493E+00 -0.71234092395252848297201493236777E+00
0.86801956363961365413895622254642E+00 -0.71857271742143710356838488837470E+00
0.87598573201104448391504920936791E+00 -0.72477175281605370626851618876122E+00
0.88394917039649296048124797486336E+00 -0.73093742148027450822754005184732E+00
0.89191195080929814389723485224056E+00 -0.73706908896766410990386685853443E+00
0.89987644353338899783499485080541E+00 -0.74316609323101165082434260945244E+00
0.90784536942973798357927825806054E+00 -0.74922774287128973564152879728569E+00
0.91582186433164724881547169814159E+00 -0.75525331556243242002847258415209E+00
0.92380955907861989112891947408171E+00 -0.76124205683479706049342993604372E+00
0.93181268003241444119147514238908E+00 -0.76719317950216613481351846033690E+00
0.93983617678932970193169565778969E+00 -0.77310586417403989029259834652342E+00
0.94788588656225734767758460812309E+00 -0.77897926153524658283860005239159E+00
0.95596874887641292488238051604323E+00 -0.78481249743278772339409792589466E+00
0.96409309072693799071115685590409E+00 -0.79060468228129053650749425216686E+00
0.97226901303916369253005534366261E+00 -0.79635492650788965264088456776110E+00
0.98050892968541417006541455364223E+00 -0.80206235974935965827308798290071E+00
0.98882841736814041018942908248589E+00 -0.80772603642752794432323317056013E+00
0.99894374632818120045140786775013E+00 -0.81446550033713615140193752068729E+00
0.10092478966536679082923550124653E+01 -0.82114030606198750597698029905633E+00
0.10198044035127999075673359890139E+01 -0.82775306787721331560711312238247E+00
0.10307099525638150429364039521032E+01 -0.83430808843438628918958235694979E+00
0.10421197235622220236504063990676E+01 -0.84081852090208515139564287805956E+00
0.10536575035708583721556829506639E+01 -0.84697804155272550127141478482830E+00
0.10648081721079611719911848743256E+01 -0.85245393134552608812139970917390E+00
0.10755954282039941187687133057229E+01 -0.85723614127482360740344235972119E+00
0.10860189591382812836643632820651E+01 -0.86139188898702212744897951184146E+00
0.10962296002634290074929393481731E+01 -0.86459249586722921511626897643907E+00
0.10990523427367619977918196003086E+01 -0.87484146869494861774667122270811E+00
0.11026509977447484649750366821019E+01 -0.88523909685699766478180433736297E+00
0.11069303313580399164550735124309E+01 -0.89581705332564909378652712708859E+00
0.11118665971216882430401809262833E+01 -0.90657416750859715821153134585449E+00
0.11174117231476274569841088021190E+01 -0.91751387983056488120441958948024E+00
0.11232447838952346477696131421059E+01 -0.92813593800703253793940189633964E+00
0.11290740919144481887795442023449E+01 -0.93810535064375048584597646778935E+00
0.11349013323336499688175690716756E+01 -0.94758609346623620122997343052861E+00
0.11407246025120305929023620170638E+01 -0.95668024777911206786999120945309E+00
0.11465405016313764223726917822285E+01 -0.96545648438730530993500079869983E+00
0.11513795048677042749144397011230E+01 -0.97256217309413224102714303902796E+00
0.11562082196169695713143025111150E+01 -0.97950255892063847121988679876277E+00
0.11610254518922049102763071158524E+01 -0.98629385324260462545900858993458E+00
0.11658290773599599310269450130527E+01 -0.99294975734083449489897002302818E+00
0.11706174227424326552832400941061E+01 -0.99948130134412446872730569094654E+00
0.11753888303027712807768774357627E+01 -0.10058977082027547495137431613180E+01
0.11801417929804730769804194944534E+01 -0.10122066973763611644666506415951E+01
0.11848749013306991343529361581108E+01 -0.10184148180064978336927967352680E+01
0.11895868494385101206071197602928E+01 -0.10245276649636311103385480360699E+01
0.11942764215864325178784518319664E+01 -0.10305500565542579252968250845722E+01
0.11989424855561220190023567277544E+01 -0.10364861690498231660537594669295E+01
0.12035839845247648421898160025320E+01 -0.10423396441139808398791575611597E+01
0.12081999302706394414404587761326E+01 -0.10481136741214232987072685636081E+01
0.12127893968307755975421574067071E+01 -0.10538110711057443330777014295208E+01
0.12173515148549498043527113453429E+01 -0.10594343228482885453833037874754E+01
0.12218854665192676686466390573066E+01 -0.10649856389544298696513303934033E+01
0.12263904809754891292188774342598E+01 -0.10704669889881448719482590139072E+01
0.12308658302738040668747299074996E+01 -0.10758801342701052984682714220661E+01
0.12353108257116604865901023678636E+01 -0.10812266545691739766398460160637E+01
0.12397248145610859293734606578044E+01 -0.10865079706479905830086207429749E+01
0.12441071771325754452695918407939E+01 -0.10917253634169307781707260431607E+01
0.12484573241375821865971327721573E+01 -0.10968799902946798486436917063121E+01
0.12527746943159665077005223147199E+01 -0.11019728992533255171083625153756E+01
0.12570587522985821342318625897462E+01 -0.11070050409326590091175276212028E+01
0.12613089866786918701399383453051E+01 -0.11119772791354371740478116848227E+01
0.12655249082690313622047240304507E+01 -0.11168903999578893144154074253036E+01
0.12697060485241115426773538231187E+01 -0.11217451197641294006037293903885E+01
0.12738519581097952811511618903833E+01 -0.11265420921766714560728337262169E+01
0.12779622056043263545504230636004E+01 -0.11312819142259177962417077501967E+01
0.12820363763168695285564877679136E+01 -0.11359651317777564524335854216032E+01
0.12860740712112629212232085409591E+01 -0.11405922443390889790721868528219E+01
0.12900749059241217698912977980795E+01 -0.11451637093253058017747968473851E+01
0.12940385098676888117343714894637E+01 -0.11496799458607290181688811437657E+01
0.12979645254089263032034438389686E+01 -0.11541413381722998986500890128219E+01
0.13018526071173073384695911021324E+01 -0.11585482386278719498304643131734E+01
0.13057024210746070318382782309229E+01 -0.11629009704630320555926723190196E+01
0.13095136442407341980279057561128E+01 -0.11671998302341469867747862758451E+01
0.13132859638702949163843363067756E+01 -0.11714450900300956736570601160938E+01
0.13170190769751492916596716491513E+01 -0.11756369994707302656360127384280E+01
0.13207126898287285106997083547686E+01 -0.11797757875163677936877849180722E+01
0.13243665175083212130538795608676E+01 -0.11838616641094313639714991060296E+01
0.13279802834719325219476131391460E+01 -0.11878948216666501665147644984148E+01
0.13315537191666649505029903859935E+01 -0.11918754364379054208097970392011E+01
0.13350865636658783435166281181649E+01 -0.11958036697458182021095929360802E+01
0.13385785633326599344712524982545E+01 -0.11996796691184624085687914417232E+01
0.13420294715073762961132900939169E+01 -0.12035035693261053811409445698897E+01
0.13454390482172971152422178842344E+01 -0.12072754933315994249179416431837E+01
0.13488070599064717634203343082044E+01 -0.12109955531629364206818744464186E+01
0.13521332791842117518294979049574E+01 -0.12146638507155103758367811352913E+01
0.13554174845906865808287622086902E+01 -0.12182804784907918108263934447895E+01
0.13586594603782771373973428945180E+01 -0.12218455202773785423519419639998E+01
0.13618589963074544717804432331423E+01 -0.12253590517797442536749222549546E+01
0.13650158874560627921251645894749E+01 -0.12288211411994384327481908925019E+01
0.13681299340409844200832093901905E+01 -0.12322318497729922842974094666876E+01
0.13712009412512553202751325057875E+01 -0.12355912322703462496119753666736E+01
0.13742287190917784155750971856384E+01 -0.12388993374572258529574548247544E+01
0.13772130822368572590322069210080E+01 -0.12421562085245487159475628661164E+01
0.13801538498928369379157632508587E+01 -0.12453618834876405690066142719303E+01
0.13830508456691990133405993077987E+01 -0.12485163955577675557462499997235E+01
0.13859038974575115981468608202525E+01 -0.12516197734882505443155647184757E+01
0.13887128373176843105097056437657E+01 -0.12546720418972119906269209079625E+01
0.13914775013710225973817820093883E+01 -0.12576732215688147506868466336452E+01
0.13941977296996160079537163725387E+01 -0.12606233297346797327721614633976E+01
0.13968733662516320700350236956161E+01 -0.12635223803370153630604528311628E+01
0.13995042587521208100012806013971E+01 -0.12663703842748549151749184580792E+01
0.14020902586189654599805981106901E+01 -0.12691673496346722307749027700973E+01
0.14046312208836429791032495237980E+01 -0.12719132819065357609281245778134E+01
0.14071270041164833213542755216346E+01 -0.12746081841868601814149264681690E+01
0.14095774703561397021313483175310E+01 -0.12772520573687237447509515978566E+01
0.14119824850430039828301582126417E+01 -0.12798449003206375755512154333933E+01
0.14143419169563199657800867933739E+01 -0.12823867100545794841848103663331E+01
0.14166556381547660776727472858969E+01 -0.12848774818840367484360163920193E+01
0.14189235239202953736296571775196E+01 -0.12873172095727424665861499632548E+01
0.14211454527050357576988670315222E+01 -0.12897058854747334018577005107573E+01
0.14233213060810670191143678846283E+01 -0.12920435006663084028175414863630E+01
0.14254509686929049519447742591071E+01 -0.12943300450704192465505049111779E+01
0.14275343282125337421943017250023E+01 -0.12965655075739850062371181936241E+01
0.14295712752968398221583820107542E+01 -0.12987498761385825165292411944096E+01
0.14315617035473089266745114867220E+01 -0.13008831379049306168216312109198E+01
0.14335055094718593594536639759302E+01 -0.13029652792915544877953863292991E+01
0.14354025924486914369563321251384E+01 -0.13049962860879865807056959143947E+01
0.14372528546920421486135120194284E+01 -0.13069761435428347516420668744153E+01
0.14390562012197410095755937112548E+01 -0.13089048364470229875054155417114E+01
0.14408125398224697186614593923548E+01 -0.13107823492124878612083656230142E+01
0.14425217810346357294796616462732E+01 -0.13126086659465939975187991838710E+01
0.14441838381067741495198942041749E+01 -0.13143837705225107182300576389698E+01
0.14457986269793993484335825455675E+01 -0.13161076466457775298440479757445E+01
0.14473660662582319756320016321185E+01 -0.13177802779172667993723401797070E+01
0.14488860771907318642314762527585E+01 -0.13194016478927394238613127416373E+01
0.14503585836438728095452155595432E+01 -0.13209717401391744659507051271193E+01
0.14517835120830972029807295139473E+01 -0.13224905382880408792989069600548E+01
0.14531607915523953387583227377478E+01 -0.13239580260856682793732588644545E+01
0.14544903536554548652308321735225E+01 -0.13253741874408621595864517796346E+01
0.14557721325378315778838509116962E+01 -0.13267390064698990072763855863297E+01
0.14570060648700945947105871500872E+01 -0.13280524675390276694445914847494E+01
0.14581920898319024792022799019112E+01 -0.13293145553045938182993838454302E+01
0.14593301490969697141026676351893E+01 -0.13305252547508969556426018353205E+01
0.14604201868188852009103968703546E+01 -0.13316845512258812165854139365623E+01
0.14614621496177473887394131668453E+01 -0.13327924304747544424696226295597E+01
0.14624559865675828451587832729771E+01 -0.13338488786716231557857347492871E+01
0.14634016491845170186226833332841E+01 -0.13348538824492249259762404912469E+01
0.14642990914156684825430917297267E+01 -0.13358074289268338180882583574142E+01
0.14651482696287395649634904431264E+01 -0.13367095057364089681441526710095E+01
0.14659491426022783889805070928512E+01 -0.13375601010470513625000368373480E+01
0.14667016715165888835762704888636E+01 -0.13383592035878290464455758189936E+01
0.14674058199452670867985208749897E+01 -0.13391068026690263030504630449812E+01
0.14680615538473433252365553563077E+01 -0.13398028882018685518276882699284E+01
0.14686688415600099004863161968413E+01 -0.13404474507167717898412232789632E+01
0.14692276537919057916181806349484E+01 -0.13410404813801706331894100061569E+01
0.14697379636166904371420964794213E+01 -0.13415819720102023934931250704197E+01
0.14700512121589122911713997471240E+01 -0.13419143286695580273073841330429E+01
0.14703428864093178142611985517640E+01 -0.13422237732346961224502041335299E+01
0.14706129801382156749447101005073E+01 -0.13425103037779975817468595569704E+01
0.14708614875759156690898398650245E+01 -0.13427739185124903559966976839656E+01
0.14710884034172238268397692184618E+01 -0.13430146157884307096004632703410E+01
0.14713045294878193201677842323811E+01 -0.13432438562327541233848257089016E+01
0.14715206709171726863403061486670E+01 -0.13434731015068712112538272482692E+01
0.14717368277025895982611435662422E+01 -0.13437023516175943807746342517911E+01
0.14719529998413488064194488160758E+01 -0.13439316065717553864254170732464E+01
0.14721691873307641519889562994519E+01 -0.13441608663761469086618765110900E+01
0.14719529998413488064194488160758E+01 -0.13439316065717553864254170732464E+01
0.14717368277025895982611435662422E+01 -0.13437023516175943807746342517911E+01
0.14715206709171726863403061486670E+01 -0.13434731015068712112538272482692E+01
0.14713045294878193201677842323811E+01 -0.13432438562327541233848257089016E+01
0.14710884034172238268397692184618E+01 -0.13430146157884307096004632703410E+01
0.14708614875759156690898398650245E+01 -0.13427739185124903559966976839656E+01
0.14706129801382156749447101005073E+01 -0.13425103037779975817468595569704E+01
0.14703428864093178142611985517640E+01 -0.13422237732346961224502041335299E+01
0.14700512121589122911713997471240E+01 -0.13419143286695580273073841330429E+01
0.14697379636166904371420964794213E+01 -0.13415819720102023934931250704197E+01
0.14692276537919057916181806349484E+01 -0.13410404813801706331894100061569E+01
0.14686688415600099004863161968413E+01 -0.13404474507167717898412232789632E+01
0.14680615538473433252365553563077E+01 -0.13398028882018685518276882699284E+01
0.14674058199452670867985208749897E+01 -0.13391068026690263030504630449812E+01
0.14667016715165888835762704888636E+01 -0.13383592035878290464455758189936E+01
0.14659491426022783889805070928512E+01 -0.13375601010470513625000368373480E+01
0.14651482696287395649634904431264E+01 -0.13367095057364089681441526710095E+01
0.14642990914156684825430917297267E+01 -0.13358074289268338180882583574142E+01
0.14634016491845170186226833332841E+01 -0.13348538824492249259762404912469E+01
0.14624559865675828451587832729771E+01 -0.13338488786716231557857347492871E+01
0.14614621496177473887394131668453E+01 -0.13327924304747544424696226295597E+01
0.14604201868188852009103968703546E+01 -0.13316845512258812165854139365623E+01
0.14593301490969697141026676351893E+01 -0.13305252547508969556426018353205E+01
0.14581920898319024792022799019112E+01 -0.13293145553045938182993838454302E+01
0.14570060648700945947105871500872E+01 -0.13280524675390276694445914847494E+01
0.14557721325378315778838509116962E+01 -0.13267390064698990072763855863297E+01
0.14544903536554548652308321735225E+01 -0.13253741874408621595864517796346E+01
0.14531607915523953387583227377478E+01 -0.13239580260856682793732588644545E+01
0.14517835120830972029807295139473E+01 -0.13224905382880408792989069600548E+01
0.14503585836438728095452155595432E+01 -0.13209717401391744659507051271193E+01
0.14488860771907318642314762527585E+01 -0.13194016478927394238613127416373E+01
0.14473660662582319756320016321185E+01 -0.13177802779172667993723401797070E+01
0.14457986269793993484335825455675E+01 -0.13161076466457775298440479757445E+01
0.14441838381067741495198942041749E+01 -0.13143837705225107182300576389698E+01
0.14425217810346357294796616462732E+01 -0.13126086659465939975187991838710E+01
0.14408125398224697186614593923548E+01 -0.13107823492124878612083656230142E+01
0.14390562012197410095755937112548E+01 -0.13089048364470229875054155417114E+01
0.14372528546920421486135120194284E+01 -0.13069761435428347516420668744153E+01
0.14354025924486914369563321251384E+01 -0.13049962860879865807056959143947E+01
0.14335055094718593594536639759302E+01 -0.13029652792915544877953863292991E+01
0.14315617035473089266745114867220E+01 -0.13008831379049306168216312109198E+01
0.14295712752968398221583820107542E+01 -0.12987498761385825165292411944096E+01
0.14275343282125337421943017250023E+01 -0.12965655075739850062371181936241E+01
0.14254509686929049519447742591071E+01 -0.12943300450704192465505049111779E+01
0.14233213060810670191143678846283E+01 -0.12920435006663084028175414863630E+01
0.14211454527050357576988670315222E+01 -0.12897058854747334018577005107573E+01
0.14189235239202953736296571775196E+01 -0.12873172095727424665861499632548E+01
0.14166556381547660776727472858969E+01 -0.12848774818840367484360163920193E+01
0.14143419169563199657800867933739E+01 -0.12823867100545794841848103663331E+01
0.14119824850430039828301582126417E+01 -0.12798449003206375755512154333933E+01
0.14095774703561397021313483175310E+01 -0.12772520573687237447509515978566E+01
0.14071270041164833213542755216346E+01 -0.12746081841868601814149264681690E+01
0.14046312208836429791032495237980E+01 -0.12719132819065357609281245778134E+01
0.14020902586189654599805981106901E+01 -0.12691673496346722307749027700973E+01
0.13995042587521208100012806013971E+01 -0.12663703842748549151749184580792E+01
0.13968733662516320700350236956161E+01 -0.12635223803370153630604528311628E+01
0.13941977296996160079537163725387E+01 -0.12606233297346797327721614633976E+01
0.13914775013710225973817820093883E+01 -0.12576732215688147506868466336452E+01
0.13887128373176843105097056437657E+01 -0.12546720418972119906269209079625E+01
0.13859038974575115981468608202525E+01 -0.12516197734882505443155647184757E+01
0.13830508456691990133405993077987E+01 -0.12485163955577675557462499997235E+01
0.13801538498928369379157632508587E+01 -0.12453618834876405690066142719303E+01
0.13772130822368572590322069210080E+01 -0.12421562085245487159475628661164E+01
0.13742287190917784155750971856384E+01 -0.12388993374572258529574548247544E+01
0.13712009412512553202751325057875E+01 -0.12355912322703462496119753666736E+01
0.13681299340409844200832093901905E+01 -0.12322318497729922842974094666876E+01
0.13650158874560627921251645894749E+01 -0.12288211411994384327481908925019E+01
0.13618589963074544717804432331423E+01 -0.12253590517797442536749222549546E+01
0.13586594603782771373973428945180E+01 -0.12218455202773785423519419639998E+01
0.13554174845906865808287622086902E+01 -0.12182804784907918108263934447895E+01
0.13521332791842117518294979049574E+01 -0.12146638507155103758367811352913E+01
0.13488070599064717634203343082044E+01 -0.12109955531629364206818744464186E+01
0.13454390482172971152422178842344E+01 -0.12072754933315994249179416431837E+01
0.13420294715073762961132900939169E+01 -0.12035035693261053811409445698897E+01
0.13385785633326599344712524982545E+01 -0.11996796691184624085687914417232E+01
0.13350865636658783435166281181649E+01 -0.11958036697458182021095929360802E+01
0.13315537191666649505029903859935E+01 -0.11918754364379054208097970392011E+01
0.13279802834719325219476131391460E+01 -0.11878948216666501665147644984148E+01
0.13243665175083212130538795608676E+01 -0.11838616641094313639714991060296E+01
0.13207126898287285106997083547686E+01 -0.11797757875163677936877849180722E+01
0.13170190769751492916596716491513E+01 -0.11756369994707302656360127384280E+01
0.13132859638702949163843363067756E+01 -0.11714450900300956736570601160938E+01
0.13095136442407341980279057561128E+01 -0.11671998302341469867747862758451E+01
0.13057024210746070318382782309229E+01 -0.11629009704630320555926723190196E+01
0.13018526071173073384695911021324E+01 -0.11585482386278719498304643131734E+01
0.12979645254089263032034438389686E+01 -0.11541413381722998986500890128219E+01
0.12940385098676888117343714894637E+01 -0.11496799458607290181688811437657E+01
0.12900749059241217698912977980795E+01 -0.11451637093253058017747968473851E+01
0.12860740712112629212232085409591E+01 -0.11405922443390889790721868528219E+01
0.12820363763168695285564877679136E+01 -0.11359651317777564524335854216032E+01
0.12779622056043263545504230636004E+01 -0.11312819142259177962417077501967E+01
0.12738519581097952811511618903833E+01 -0.11265420921766714560728337262169E+01
0.12697060485241115426773538231187E+01 -0.11217451197641294006037293903885E+01
0.12655249082690313622047240304507E+01 -0.11168903999578893144154074253036E+01
0.12613089866786918701399383453051E+01 -0.11119772791354371740478116848227E+01
0.12570587522985821342318625897462E+01 -0.11070050409326590091175276212028E+01
0.12527746943159665077005223147199E+01 -0.11019728992533255171083625153756E+01
0.12484573241375821865971327721573E+01 -0.10968799902946798486436917063121E+01
0.12441071771325754452695918407939E+01 -0.10917253634169307781707260431607E+01
0.12397248145610859293734606578044E+01 -0.10865079706479905830086207429749E+01
0.12353108257116604865901023678636E+01 -0.10812266545691739766398460160637E+01
0.12308658302738040668747299074996E+01 -0.10758801342701052984682714220661E+01
0.12263904809754891292188774342598E+01 -0.10704669889881448719482590139072E+01
0.12218854665192676686466390573066E+01 -0.10649856389544298696513303934033E+01
0.12173515148549498043527113453429E+01 -0.10594343228482885453833037874754E+01
0.12127893968307755975421574067071E+01 -0.10538110711057443330777014295208E+01
0.12081999302706394414404587761326E+01 -0.10481136741214232987072685636081E+01
0.12035839845247648421898160025320E+01 -0.10423396441139808398791575611597E+01
0.11989424855561220190023567277544E+01 -0.10364861690498231660537594669295E+01
0.11942764215864325178784518319664E+01 -0.10305500565542579252968250845722E+01
0.11895868494385101206071197602928E+01 -0.10245276649636311103385480360699E+01
0.11848749013306991343529361581108E+01 -0.10184148180064978336927967352680E+01
0.11801417929804730769804194944534E+01 -0.10122066973763611644666506415951E+01
0.11753888303027712807768774357627E+01 -0.10058977082027547495137431613180E+01
0.11706174227424326552832400941061E+01 -0.99948130134412446872730569094654E+00
0.11658290773599599310269450130527E+01 -0.99294975734083449489897002302818E+00
0.11610254518922049102763071158524E+01 -0.98629385324260462545900858993458E+00
0.11562082196169695713143025111150E+01 -0.97950255892063847121988679876277E+00
0.11513795048677042749144397011230E+01 -0.97256217309413224102714303902796E+00
0.11465405016313764223726917822285E+01 -0.96545648438730530993500079869983E+00
0.11407246025120305929023620170638E+01 -0.95668024777911206786999120945309E+00
0.11349013323336499688175690716756E+01 -0.94758609346623620122997343052861E+00
0.11290740919144481887795442023449E+01 -0.93810535064375048584597646778935E+00
0.11232447838952346477696131421059E+01 -0.92813593800703253793940189633964E+00
0.11174117231476274569841088021190E+01 -0.91751387983056488120441958948024E+00
0.11118665971216882430401809262833E+01 -0.90657416750859715821153134585449E+00
0.11069303313580399164550735124309E+01 -0.89581705332564909378652712708859E+00
0.11026509977447484649750366821019E+01 -0.88523909685699766478180433736297E+00
0.10990523427367619977918196003086E+01 -0.87484146869494861774667122270811E+00
