0.19760385101444903675558762765717E+01 0.23536429566270940988942185352481E+00
0.19766328302091981390077162921956E+01 0.23461366169776481069512958421630E+00
0.19772423196028135650659823151386E+01 0.23392088965092758333292945166891E+00
0.19778555286946055236372418466968E+01 0.23328537210339728861108106138253E+00
0.19784614084614769951208112003578E+01 0.23270662216936583129667345502442E+00
0.19790487616411395979149661366178E+01 0.23218443629643376607603148905275E+00
0.19796098108287929179513536677873E+01 0.23171609671987861944244667232668E+00
0.19801494517750620903487680206380E+01 0.23129004306059520268716509050848E+00
0.19806730676954882685772615761051E+01 0.23089685790137185231588776187459E+00
0.19811841556433118037633419669670E+01 0.23053025423535166705144802018572E+00
0.19816851359871465554706060646395E+01 0.23018577117589976390555610042492E+00
0.19811841556433118037633419669670E+01 0.23053025423535166705144802018572E+00
0.19806730676954882685772615761051E+01 0.23089685790137185231588776187459E+00
0.19801494517750620903487680206380E+01 0.23129004306059520268716509050848E+00
0.19796098108287929179513536677873E+01 0.23171609671987861944244667232668E+00
0.19790487616411395979149661366178E+01 0.23218443629643376607603148905275E+00
0.19784614084614769951208112003578E+01 0.23270662216936583129667345502442E+00
0.19778555286946055236372418466968E+01 0.23328537210339728861108106138253E+00
0.19772423196028135650659823151386E+01 0.23392088965092758333292945166891E+00
0.19766328302091981390077162921956E+01 0.23461366169776481069512958421630E+00
0.19760385101444903675558762765717E+01 0.23536429566270940988942185352481E+00
0.19764312699696399755740682102558E+01 0.23623856665545404692680869019130E+00
0.19768691226751894741344831079415E+01 0.23705098290223950416751441078375E+00
0.19773165684373311211438274588659E+01 0.23781231813635080151026692088134E+00
0.19777697165856080727584810116814E+01 0.23851701247064717071272541300302E+00
0.19782180158640260410759411196474E+01 0.23916246006713327878183366100732E+00
0.19786533375096947669159523053304E+01 0.23974944203357190721247437244995E+00
0.19790777626281451972487705853268E+01 0.24029031937851497257391412272049E+00
0.19794943666248293799426764796195E+01 0.24079546389719432958220585358188E+00
0.19799049550101075050302263750919E+01 0.24127190545818412496425514520480E+00
0.19803111731926803958446385240295E+01 0.24172424428628267187285497009126E+00
0.19799049550101075050302263750919E+01 0.24127190545818412496425514520480E+00
0.19794943666248293799426764796195E+01 0.24079546389719432958220585358188E+00
0.19790777626281451972487705853268E+01 0.24029031937851497257391412272049E+00
0.19786533375096947669159523053304E+01 0.23974944203357190721247437244995E+00
0.19782180158640260410759411196474E+01 0.23916246006713327878183366100732E+00
0.19777697165856080727584810116814E+01 0.23851701247064717071272541300302E+00
0.19773165684373311211438274588659E+01 0.23781231813635080151026692088134E+00
0.19768691226751894741344831079415E+01 0.23705098290223950416751441078375E+00
0.19764312699696399755740682102558E+01 0.23623856665545404692680869019130E+00
0.19760385101444903675558762765717E+01 0.23536429566270940988942185352481E+00
0.19746495110574906833969795409269E+01 0.23519957397104014989621996342602E+00
0.19731145514467769077501996877077E+01 0.23501607755893197030619205235973E+00
0.19714068266340520927289904021430E+01 0.23481276634046028452340296397396E+00
0.19695011441808131329224214494009E+01 0.23458569020188142561103831981038E+00
0.19673727274701108791473999919649E+01 0.23433218216520570241430836829799E+00
0.19651080653081593134130854823127E+01 0.23406242494844880705954881445187E+00
0.19627935817143265033051703500049E+01 0.23378674724542508778273424259657E+00
0.19604133565859909809360227342020E+01 0.23350323758062540451374370821878E+00
0.19579579717506438033890048417840E+01 0.23321077779896205049355906979604E+00
0.19554214253983772547227793869309E+01 0.23290865110103435990418517564207E+00
0.19532426918180519737848113062623E+01 0.23264914367830914146878858029877E+00
0.19510031150658500803842513845260E+01 0.23238238937738584399687019088289E+00
0.19487014397183862310891248144867E+01 0.23210823867525185303552779435708E+00
0.19463367037017430942399694891135E+01 0.23182657692841696504406120804519E+00
0.19439081616064068177996389291144E+01 0.23153731533649903910452208167629E+00
0.19414152314807886487694323966020E+01 0.23124038456659971500712628474956E+00
0.19388574569801979404056946206903E+01 0.23093573025428060533595269797028E+00
0.19362344798656235575072085848369E+01 0.23062330972252202059482635307642E+00
0.19335460196469898536606572865869E+01 0.23030308955740088413443335243697E+00
0.19307918582676135021102560697039E+01 0.22997504378277764057119525956819E+00
0.19279718284132727043726149125134E+01 0.22963915246750690143892551597546E+00
0.19250858044719201330668039954957E+01 0.22929540064830107721433747782987E+00
0.19221336954611668314039025946855E+01 0.22894377748713183283538970229254E+00
0.19191154394365861833428204370944E+01 0.22858427560505053317126139830528E+00
0.19160309990281582424720297301266E+01 0.22821689055043149399200365994955E+00
0.19128803578458360523258581479466E+01 0.22784162037076279191261707073075E+00
0.19096635175615588008381430944541E+01 0.22745846526503061828118905435023E+00
0.19063804955227098208193134603672E+01 0.22706742729941853785637514561371E+00
0.19030313227867199777077390025419E+01 0.22666851017318004314012765282465E+00
0.18996160424920837175589814459606E+01 0.22626171902458902221276939917858E+00
0.18961347085000985516300298242838E+01 0.22584706026914166480485575860011E+00
0.18925873842559698436082692652785E+01 0.22542454146389127587114729042987E+00
0.18889741418288104880919584846240E+01 0.22499417119309413577373483611574E+00
0.18852950610984085923877459982738E+01 0.22455595897133929715085669392157E+00
0.18815502290630849327901035575945E+01 0.22410991516110312306231491428560E+00
0.18777397392479828967439616473209E+01 0.22365605090226734918790708696993E+00
0.18738636911970725386908427055034E+01 0.22319437805160964775400910206040E+00
0.18699221900352601782749715140114E+01 0.22272490913064484079892708775362E+00
0.18659153460894680140863277222480E+01 0.22224765728049068562256240241638E+00
0.18618432745595235357601820716071E+01 0.22176263622266697802360023040886E+00
0.18577060952312892162612042949025E+01 0.22126986022492605437319694568640E+00
0.18535039322257472402344136806533E+01 0.22076934407136607851529853868554E+00
0.18492369137787987283596464747493E+01 0.22026110303620305747473424342055E+00
0.18449051720473894783443804850574E+01 0.21974515286067868195717427554235E+00
0.18405088429382741610657133648137E+01 0.21922150973266451947203931690106E+00
0.18360480659563068567603266630002E+01 0.21869019026859224112258769271092E+00
0.18315229840696236225024117009442E+01 0.21815121149739580971102271139738E+00
0.18269337435894775848432228624485E+01 0.21760459084619909359876769509393E+00
0.18222804940628197390005076875800E+01 0.21705034612752132267223674350889E+00
0.18175633881759926002946522206606E+01 0.21648849552780649278457223321019E+00
0.18127825816681386837461719911955E+01 0.21591905759710983306577310537555E+00
0.18079382332531194788358031126174E+01 0.21534205123979781855964013143899E+00
0.18030305045489074284233776991447E+01 0.21475749570613842577991113245652E+00
0.17980595600135539188987354055099E+01 0.21416541058467457809146259122777E+00
0.17930255668869539075053296363237E+01 0.21356581579528800130989446189508E+00
0.17879286951377325283696194864405E+01 0.21295873158287325816624293176800E+00
0.17827691174146633806041623351139E+01 0.21234417851155144451992575789439E+00
0.17775470090021047676960529654043E+01 0.21172217745936233747403691345826E+00
0.17722625477790043163565338303741E+01 0.21109274961338171607305420164361E+00
0.17669159141810754990429226992270E+01 0.21045591646521667604050628436045E+00
0.17615072911658021449925547973083E+01 0.20981169980683702117076150759792E+00
0.17560368641799625520750793166806E+01 0.20916012172670790379995231270837E+00
0.17505048211294062402564249917925E+01 0.20850120460618952126351891663426E+00
0.17449113523508442924923062861188E+01 0.20783497111617776814783793829281E+00
0.17392566505854421967975803642122E+01 0.20716144421395856931104836520417E+00
0.17335409109540293520273596212791E+01 0.20648064714025556113164691590223E+00
0.17277643309337582165165438524175E+01 0.20579260341645012750396210651550E+00
0.17219271103360659042420579035071E+01 0.20509733684195632632352380981675E+00
0.17160294512858064183294574113269E+01 0.20439487149173552517035323669316E+00
0.17100715582014357087036602168512E+01 0.20368523171393652256708315754075E+00
0.17040536377761451040813283569956E+01 0.20296844212764833668585974896001E+00
0.16979758989598482138869280145299E+01 0.20224452762075475280030742888751E+00
0.16918385529419379225669280533254E+01 0.20151351334788065047972101923206E+00
0.16856418131347369761437266201859E+01 0.20077542472842098163310755855695E+00
0.16793858951575743857866185548673E+01 0.20003028744464405103543180337467E+00
0.16730710168214268117259982537250E+01 0.19927812743986234879793123989377E+00
0.16666973981140691212025132493664E+01 0.19851897091666388104465846184852E+00
0.16602652611856845204960825909978E+01 0.19775284433519819210240644168193E+00
0.16537748303348898441143602589276E+01 0.19697977441151206051563123735826E+00
0.16472263319951343746631783827560E+01 0.19619978811592937794808174717284E+00
0.16406199947214361169812265043597E+01 0.19541291267147145226275171601822E+00
0.16339560491774219491294216543130E+01 0.19461917555231346510067821883175E+00
0.16272347281226414272735608527485E+01 0.19381860448227339497268560977004E+00
0.16204562664001265320124447344296E+01 0.19301122743333025873960897886072E+00
0.16136209009241726335083196430935E+01 0.19219707262416892172497727944671E+00
0.16067288706683180570612117845685E+01 0.19137616851874820637770360221406E+00
0.15997804166535013848567684863321E+01 0.19054854382489065448622113299910E+00
0.15927757819363770360845269604938E+01 0.18971422749289039575846618327217E+00
0.15857152115977737939855690186875E+01 0.18887324871413879441758650370290E+00
0.15785989527312778074635470280672E+01 0.18802563691976467789966367221593E+00
0.15714272544319287448528496723005E+01 0.18717142177928758099700966505224E+00
0.15642003677850133932511135760393E+01 0.18631063319928344191244138477876E+00
0.15569185458549460422395038019487E+01 0.18544330132205993984703899610533E+00
0.15495820436742252339946793954449E+01 0.18456945652434119197486719918134E+00
0.15421911182324547873539713969440E+01 0.18368912941596012628801091302983E+00
0.15347460284654223993471376207836E+01 0.18280235083855752096371614318066E+00
0.15272470352442251851156821714313E+01 0.18190915186428693030998968464168E+00
0.15196944013644352837764158390539E+01 0.18100956379452431010395863108695E+00
0.15120883915353000375448951039301E+01 0.18010361815858144727315445837017E+00
0.15044292723689658409152873113531E+01 0.17919134671242250227319016905976E+00
0.14967173123697255612384357187468E+01 0.17827278143738349837609885104543E+00
0.14889527819232784637474609768261E+01 0.17734795453889264006446020672582E+00
0.14811359532860012082942947203566E+01 0.17641689844519306492401579826324E+00
0.14732671005742239671569398620460E+01 0.17547964580606487759929468359541E+00
0.14653464997535069957953719572195E+01 0.17453622949154835087620522956984E+00
0.14573744286279148036810506420884E+01 0.17358668259066625714113284365992E+00
0.14493511668292831240397127651401E+01 0.17263103841014532989467489496739E+00
0.14412769958064761351453946109043E+01 0.17166933047313696518265874479833E+00
0.14331521988146308437300992163420E+01 0.17070159251793605337605396644734E+00
0.14249770609043850555245602714349E+01 0.16972785849669783991830598435103E+00
0.14167518689110873906630245474341E+01 0.16874816257415280386522845257841E+00
0.14084769114439860531574447204932E+01 0.16776253912631896736286429578713E+00
0.14001524788753947771041078756407E+01 0.16677102273921159502113158472724E+00
0.13917788633298336310707597667556E+01 0.16577364820754942125432772002326E+00
0.13833563586731427351346825492094E+01 0.16477045053345835451853517844672E+00
0.13748852605015674611677015925533E+01 0.16376146492517137650965776651766E+00
0.13663658661308135893110421313336E+01 0.16274672679572464578402367707318E+00
0.13577984745850705121005481329010E+01 0.16172627176165039712050710564189E+00
0.13491833865860019702643482662046E+01 0.16070013564166550183415884449943E+00
0.13405209045417020730864606786903E+01 0.15966835445535607274093453229365E+00
0.13318113325356166989223083660705E+01 0.15863096442185775552027639895218E+00
0.13230549763154284759599248632713E+01 0.15758800195853199611767482520078E+00
0.13142521432819043541051952255212E+01 0.15653950367963775564749983577621E+00
0.13054031424777059137365525161699E+01 0.15548550639499845106819728613053E+00
0.12965082845761603396479197028424E+01 0.15442604710866474523491071502757E+00
0.12875678818699924889395729691509E+01 0.15336116301757238281345291107692E+00
0.12785822482600173695452309516148E+01 0.15229089151019504769229586969656E+00
0.12695516992437904796004122996501E+01 0.15121527016519317566739979864107E+00
0.12604765519042203619151958244683E+01 0.15013433675005684392124148964114E+00
0.12513571248981359147237460981573E+01 0.14904812921974473182464041988333E+00
0.12421937384448154168370052351613E+01 0.14795668571531735853521766828619E+00
0.12329867143144716110993890682219E+01 0.14686004456256558863294159506956E+00
0.12237363758166944822498230840410E+01 0.14575824427063429457000714005845E+00
0.12144430477888526396011819207879E+01 0.14465132353064078632664934378813E+00
0.12051070565844503838604845134185E+01 0.14353932121428792119525788692756E+00
0.11957287300614434342432963530899E+01 0.14242227637247253279834293382517E+00
0.11863083975705106235148705857835E+01 0.14130022823388830136570279805680E+00
0.11768463899432822162089275966215E+01 0.14017321620362376728723668973028E+00
0.11673430394805263788430263029760E+01 0.13904127986175544183424604907036E+00
0.11577986799402905833881044754792E+01 0.13790445896193476941040612866171E+00
0.11482136465260017498250844671349E+01 0.13676279342997140258808665776690E+00
0.11385882758745214592937103725979E+01 0.13561632336241017462310028766067E+00
0.11289229060441589512310348936870E+01 0.13446508902510309213614154515369E+00
0.11192178765026408824245552865910E+01 0.13330913085177688992348599740069E+00
0.11094735281150379990584709392024E+01 0.13214848944259459392646254679183E+00
0.10996902031316486709868776857566E+01 0.13098320556271273132955037036135E+00
0.10898682451758400005228200433535E+01 0.12981332014083273462532820813813E+00
0.10800079992318461933777609250467E+01 0.12863887426774774701532295630562E+00
0.10701098116325244545099419820654E+01 0.12745990919488431434930544097830E+00
0.10601740300470681974962757358833E+01 0.12627646633283885184026816745230E+00
0.10502010034686789837538440290491E+01 0.12508858724990920281577214250027E+00
0.10401910822021957793218344645759E+01 0.12389631367062137023688496335316E+00
0.10301446178516827225246685163007E+01 0.12269968747425084848372204671652E+00
0.10200619633079758711345946488827E+01 0.12149875069333951595805833751126E+00
0.10099434727361881629438977966512E+01 0.12029354551220730227482024112590E+00
0.99978950156317355240232977303471E+00 0.11908411426545891943179296347615E+00
0.98960040646495095046834778715257E+00 0.11787049943648620843696760282841E+00
0.97937654535408697015492892510594E+00 0.11665274365596516985118722794143E+00
0.96911827736703930992014020070946E+00 0.11543088970034835433136125262768E+00
0.95882596285145969404054486093239E+00 0.11420498049035256214026223621375E+00
0.94849996335345765976407510690112E+00 0.11297505908944214111178547694050E+00
0.93814064160482509472104045855654E+00 0.11174116870230698141661727441237E+00
0.92774836151022160561088491781864E+00 0.11050335267333604276064691918481E+00
0.91732348813432205475259273051197E+00 0.10926165448508694673894348357889E+00
0.90686638768892465894821083211801E+00 0.10801611775675027684614371333691E+00
0.89637742752002232994916593744038E+00 0.10676678624260934213196553617646E+00
0.88585697609483639457046073891106E+00 0.10551370383049637137774485216601E+00
0.87530540298881179870085821002730E+00 0.10425691454024270513733116371447E+00
0.86472307887257792198317948390531E+00 0.10299646252212683083856514404761E+00
0.85411037549887020260637141135321E+00 0.10173239205531528374111849550229E+00
0.84346766568941787764860992683237E+00 0.10046474754630212661584752237057E+00
0.83279532332179509631216294019749E+00 0.99193573527342028228906736570611E-01
0.82209372331623643243616883389449E+00 0.97918914654879996687077828328519E-01
0.81136324162241857990248963693664E+00 0.96640815707977046680254323494975E-01
0.80060425520620588326116872689069E+00 0.95359321586731536736460878947657E-01
0.78981714203636352286497382195151E+00 0.94074477310696463621183544913891E-01
0.77900228107123587487100037697716E+00 0.92786328017292826808420294799331E-01
0.76816005224539149361484306195022E+00 0.91494918960218861942337186362636E-01
0.75729083645623612068081554307774E+00 0.90200295507855427371014120153676E-01
0.74639501555059190990764577631643E+00 0.88902503141667746121067917398371E-01
0.73547297231124607399436158878319E+00 0.87601587454603045987964570541455E-01
0.72452509044346627268318529868738E+00 0.86297594149484235713041217860011E-01
0.71355175456148611097749627304639E+00 0.84990569037400613605737268701351E-01
0.70255335017495909138129176998457E+00 0.83680558036094172090169640789116E-01
0.69153026367538254403994815296977E+00 0.82367607168342616146333896566108E-01
0.68048288232249138834683894393159E+00 0.81051762560338482701717925172161E-01
0.66941159423062254234433513478724E+00 0.79733070440065452310947474748252E-01
0.65831678835505021034894018249444E+00 0.78411577135670601531932594599977E-01
0.64719885447829278972321502765180E+00 0.77087329073833218353310974276308E-01
0.63605818319639102198105802835646E+00 0.75760372778130582241242169240636E-01
0.62489516590515934774902024152986E+00 0.74430754867400485447778440674135E-01
0.61371019478640897058460837959892E+00 0.73098522054100011444153456515072E-01
0.60250366279414492707030750296710E+00 0.71763721142661593749874579003313E-01
0.59127596364073628612805732286447E+00 0.70426399027845990018038215009631E-01
0.58002749178306080027566089989291E+00 0.69086602693091457968845896898672E-01
0.56875864240862370789105529380362E+00 0.67744379208860964944600066748625E-01
0.55746981142165212129917800228117E+00 0.66399775730985506661905385674094E-01
0.54616139542916425452770536923669E+00 0.65052839499004895868843940790126E-01
0.53483379172701500114571330031697E+00 0.63703617834505859684806343846116E-01
0.52348739828591805320388699976171E+00 0.62352158139456870638979976755973E-01
0.51212261373744434927240734001569E+00 0.60998507894540602888790830530236E-01
0.50073983735999838423775957330170E+00 0.59642714657483440504730590655591E-01
0.48933946906477206119234212882380E+00 0.58284826061382810007822612668986E-01
0.47792190938167725960497933945801E+00 0.56924889813031237115489999165973E-01
0.46648755944525643833662917892000E+00 0.55562953691238016483700465375295E-01
0.45503682098057317864685066515031E+00 0.54199065545149423249375737219784E-01
0.44357009628908218268210813292404E+00 0.52833273292564827582883870659588E-01
0.43208778823447939334487375560287E+00 0.51465624918251850196158544107834E-01
0.42059030022853309349300889313574E+00 0.50096168472258527265715098822695E-01
0.40907803621689572519079397961309E+00 0.48724952068223356873519501612591E-01
0.39755140066489786753954423769514E+00 0.47352023881683336211685014154592E-01
0.38601079854332406537088105360571E+00 0.45977432148379573944351200677229E-01
0.37445663531417113472913845933631E+00 0.44601225162561148418344387264776E-01
0.36288931691639028032329899921405E+00 0.43223451275286836362886287471818E-01
0.35130924975161169238059672597013E+00 0.41844158892724498513532984091170E-01
0.33971684066985439234172858404767E+00 0.40463396474449494506569086728535E-01
0.32811249695521994060826470999320E+00 0.39081212531740229711273215880307E-01
0.31649662631157121719915261027531E+00 0.37697655625872499711174609871363E-01
0.30486963684819740893163637320184E+00 0.36312774366412275756768352970035E-01
0.29323193706546418253306890575141E+00 0.34926617409506117771281800122940E-01
0.28158393584045114794466181295480E+00 0.33539233456170836143470721014702E-01
0.26992604241257585447824879308587E+00 0.32150671250580893028550686749054E-01
0.25825866636920571601499065280518E+00 0.30760979578354864982683594661164E-01
0.24658221763125769345842364429891E+00 0.29370207264840054225259476589826E-01
0.23489710643878659556785805446806E+00 0.27978403173396034524118371227564E-01
0.22320374333656256549158744906072E+00 0.26585616203676845774829648957643E-01
0.21150253915963797378891355769900E+00 0.25191895289911724362298908394826E-01
0.19979390501890420112627948468959E+00 0.23797289399184830813370604965046E-01
0.18807825228663927289933905378586E+00 0.22401847529713967862510412201052E-01
0.17635599258204627431890449971067E+00 0.21005618709127906276201646068917E-01
0.16462753775678350137474219260239E+00 0.19608651992743027534647140854846E-01
0.15289329988048634149686689777613E+00 0.18210996461838678396942310256804E-01
0.14115369122628216847758240969056E+00 0.16812701221932116533222769486697E-01
0.12940912425629771575090747149224E+00 0.15413815401051956305453108127301E-01
0.11766001160716052787704989277477E+00 0.14014388148011689243433830510659E-01
0.10590676607549403486743831917190E+00 0.12614468630681579251281804406926E-01
0.94149800603407523546316938234502E-01 0.11214106034260709004889730810997E-01
0.82389528263980895218415869883171E-01 0.98133495595479321318212829453042E-02
0.70626362246745108117137825796416E-01 0.84122484212124463266740427354404E-02
0.58860715843158775085868202760434E-01 0.70108518460640719987549183962116E-02
0.47093002432081116235630040224063E-01 0.56092090713226953290503399325066E-02
0.35323635465242227598326878036786E-01 0.42073693428879582453709494791284E-02
0.23553028452710708738212492646744E-01 0.28053819136079770243329549762643E-02
0.11781594948359522841312849982889E-01 0.14032960415484549094389638577288E-02
0.97485353305641595372707936713248E-05 0.11609882613608352190010572933073E-05
-0.11762097188502014908864491677385E-01 -0.14009739829467451555703411207328E-02
-0.23533528625068579633556004539359E-01 -0.28030596087458986170993006529967E-02
-0.35304132190640612322179521288460E-01 -0.42050466275143920981783366881666E-02
-0.47073494330367085121275147442697E-01 -0.56068857810699483511620117786846E-02
-0.58841201532809262691188187423920E-01 -0.70085278164012912656440336680794E-02
-0.70606840344474019176358247388102E-01 -0.84099234873988809777426834071042E-02
-0.82369997384345171328096817325740E-01 -0.98110235565858290364145836498693E-02
-0.94130259358411850224899920491552E-01 -0.11211778796848492199028486296711E-01
-0.10588721307419406077030513618781E+00 -0.12612139993166338356190781082205E-01
-0.11764044545526423897434414704675E+00 -0.14012057944341910692463027865284E-01
-0.12938954355576481146314042146983E+00 -0.15411483464729700952254922248382E-01
-0.14113409457492114530363263355750E+00 -0.16810367385965016700279456608878E-01
-0.15287368587154902482978619565520E+00 -0.18208660558691811830368151887011E-01
-0.16460790497855684816422782637541E+00 -0.19606313854290014918311417663268E-01
-0.17633633961744106313728172160949E+00 -0.21003278166602284360461496123973E-01
-0.18805857771277558384681014674020E+00 -0.22399504413659462790830212779823E-01
-0.19977420740669326103656030516754E+00 -0.23794943539405871710260734853457E-01
-0.21148281707336024678720668024067E+00 -0.25189546515422947847650860023035E-01
-0.22318399533344170149902583095614E+00 -0.26583264342652552936101051648704E-01
-0.23487733106855905882237119385782E+00 -0.27976048053118766003870155118928E-01
-0.24656241343573771415075714365790E+00 -0.29367848711648911887387558602465E-01
-0.25823883188184533974666446925823E+00 -0.30758617417593061214610202286922E-01
-0.26990617615801977542974110399000E+00 -0.32148305306542709232810656428624E-01
-0.28156403633408602791374405616506E+00 -0.33536863552047987342131271369727E-01
-0.29321200281296216555660177623734E+00 -0.34924243367333405904862228227092E-01
-0.30484966634505353584102231296740E+00 -0.36310396007012405381562394331136E-01
-0.31647661804263438436816019856095E+00 -0.37695272768800377338196493258040E-01
-0.32809244939421715754634110768541E+00 -0.39078824995226081024406501786017E-01
-0.33969675227890790498554731148657E+00 -0.40461004075341647006783929106229E-01
-0.35128911898074876907743520451813E+00 -0.41841761446430678102377633517232E-01
-0.36286914220304517678168223192318E+00 -0.43221048595715112935851413769625E-01
-0.37443641508267899347811017992941E+00 -0.44598817062059582769637183537293E-01
-0.38599053120440635664457905603079E+00 -0.45975018437674788425752921984603E-01
-0.39753108461513893953908176903277E+00 -0.47349604369818477193857566291125E-01
-0.40905766983821020629004640842952E+00 -0.48722526562494365393451932489933E-01
-0.42056988188762362886830351057716E+00 -0.50093736778149728156590776558106E-01
-0.43206731628228439051747097839816E+00 -0.51463186839370163782832687940825E-01
-0.44354956906021313621440784977644E+00 -0.52830828630572684665773857886524E-01
-0.45501623679274112148881341613997E+00 -0.54196614099696551759803431509038E-01
-0.46646691659868711667714926326937E+00 -0.55560495259891745585444011385633E-01
-0.47790120615851456640041018209677E+00 -0.56922424191205369179015057564410E-01
-0.48931870372846921362094396720477E+00 -0.58282353042265411463733482161624E-01
-0.50071900815469650631371295030810E+00 -0.59640234031962301042142431585901E-01
-0.51210171888733773139202764015235E+00 -0.60996019451128252501765262394127E-01
-0.52346643599460583222533181219284E+00 -0.62349661664212946902718423784350E-01
-0.53481276017683854991307814709603E+00 -0.63701113110958293154245694682154E-01
-0.54614029278052979308130890843929E+00 -0.65050326308069357938952491382960E-01
-0.55744863581233802328914750769408E+00 -0.66397253850882734086942732191146E-01
-0.56873739195307184004406530720346E+00 -0.67741848415032551806567843808751E-01
-0.58000616457165138161974172387324E+00 -0.69084062758113286401041654874751E-01
-0.59125455773904554958956230278835E+00 -0.70423849721340006886693059900762E-01
-0.60248217624218501245709970055661E+00 -0.71761162231205225696184115267154E-01
-0.61368862559784936105433763075942E+00 -0.73095953301133298196987062179633E-01
-0.62487351206652909055019175270811E+00 -0.74428176033131406959231209597883E-01
-0.63603644266626116117611331791511E+00 -0.75757783619437273625748612234993E-01
-0.64717702518643809001105740548883E+00 -0.77084729344164471226688224513216E-01
-0.65829486820158954572664329124807E+00 -0.78408966584943344657801005073608E-01
-0.66938958108513707994209727672452E+00 -0.79730448814559705058697945949221E-01
-0.68046077402311974064255362714231E+00 -0.81049129602589660965343945584027E-01
-0.69150805802789204676616470574095E+00 -0.82364962617030937901141407208171E-01
-0.70253104495179231634489455379078E+00 -0.83677901625931035562154484389108E-01
-0.71352934750078167152038319496607E+00 -0.84987900499011962308411958938739E-01
-0.72450257924805294269388369158028E+00 -0.86294913209290929229485218361373E-01
-0.73545035464760928654179823534364E+00 -0.87598893834697557454303088043439E-01
-0.74637228904781150266239852679022E+00 -0.88899796559687843688551835997114E-01
-0.75726799870489434185714846754289E+00 -0.90197575676853916988681281562545E-01
-0.76813710079645004361550977238887E+00 -0.91492185588530105873818278400831E-01
-0.77897921343488092446115224798820E+00 -0.92783580808394978261809241441191E-01
-0.78979395568081740475040036373134E+00 -0.94071715963070004904748413387986E-01
-0.80058094755650422131646626514795E+00 -0.95356545793713721950272663613912E-01
-0.81133981005915156318488304839352E+00 -0.96638025157611889007899322800210E-01
-0.82207016517425282308076567883095E+00 -0.97916109029763969302497778756608E-01
-0.83277163588886756373919845111092E+00 -0.99190752504465135730424209740419E-01
-0.84344384620486817899494211165213E+00 -0.10046191079688410514368421191281E+00
-0.85408642115215263368242301130295E+00 -0.10172953924463695789962141475973E+00
-0.86469898680181944855957761524788E+00 -0.10299359330935621905332274702758E+00
-0.87528117027930715487872687717881E+00 -0.10425402857825591183324997108458E+00
-0.88583259977749647027294667790588E+00 -0.10551080076569239322701597443408E+00
-0.89635290456977381432228384598360E+00 -0.10676386571472025268410901599656E+00
-0.90684171502305937967872586759910E+00 -0.10801317939864360256938315047893E+00
-0.91729866261079355351716054010744E+00 -0.10925869792256389060535334045626E+00
-0.92772337992588735949268011601818E+00 -0.11050037752492116195693857935976E+00
-0.93811550069363175657209474906165E+00 -0.11173817457903284559221212807105E+00
-0.94847465978456740657592434003236E+00 -0.11297204559462565955810395051162E+00
-0.95880049322731506616061160631669E+00 -0.11420194721936472918285720672428E+00
-0.96909263822136416507463314924178E+00 -0.11542783624037622519847554633280E+00
-0.97935073314982095592318162330854E+00 -0.11664966958576576844380939783304E+00
-0.98957441759211475650969971020473E+00 -0.11786740432613225332231386030386E+00
-0.99976333233666209080988166752306E+00 -0.11908099767607613919803215657148E+00
-0.10099171193934887544748561121570E+01 -0.12029040699570258494246934824337E+00
-0.10200354220068082850563327477730E+01 -0.12149558979211988974513509091833E+00
-0.10301178846675578446222920180742E+01 -0.12269650372093266404232512074543E+00
-0.10401641531258894639573552738000E+01 -0.12389310658772958243295907707130E+00
-0.10501738744036175749776196533674E+01 -0.12508535634956586646519398691789E+00
-0.10601466968066219255566447766140E+01 -0.12627321111644083194846961947834E+00
-0.10700822699372048084457765757290E+01 -0.12745662915276956587458761557031E+00
-0.10799802447064031839040958513056E+01 -0.12863556887884946764682005281553E+00
-0.10898402733462549412700811831838E+01 -0.12980998887232139027408291804001E+00
-0.10996620094220180272959556371424E+01 -0.13097984786962481515869389860216E+00
-0.11094451078443435044257833357334E+01 -0.13214510476744800859477516723711E+00
-0.11191892248814009666647566348263E+01 -0.13330571862417214399236041411377E+00
-0.11288940181709562357189969128270E+01 -0.13446164866130980272104083997067E+00
-0.11385591467324008608703516171853E+01 -0.13561285426493791951309668053582E+00
-0.11481842709787333375148147329292E+01 -0.13675929498712492936520782088867E+00
-0.11577690527284912493183765822358E+01 -0.13790093054735175464991835054829E+00
-0.11673131552176337836291424917960E+01 -0.13903772083392738519085571444240E+00
-0.11768162431113744624370783024562E+01 -0.14016962590539785046617597412402E+00
-0.11862779825159644832017617472935E+01 -0.14129660599195033622758225108881E+00
-0.11956980409904237117124957919301E+01 -0.14241862149681002342509363683629E+00
-0.12050760875582226956144064596984E+01 -0.14353563299763144095643545600320E+00
-0.12144117927189112114845291124659E+01 -0.14464760124788405073400900860545E+00
-0.12237048284596964262013163380339E+01 -0.14575448717823071329148285182937E+00
-0.12329548682669684637218302232092E+01 -0.14685625189790080613228845412856E+00
-0.12421615871377723012599058727419E+01 -0.14795285669605659740318169537199E+00
-0.12513246615912281868929889895841E+01 -0.14904426304315346359349641919546E+00
-0.12604437696798969785889776761425E+01 -0.15013043259229378232350519874809E+00
-0.12695185910010927705704823448080E+01 -0.15121132718057417715091232271098E+00
-0.12785488067081412675290012374163E+01 -0.15228690883042639923011152644805E+00
-0.12875340995215816015411001138751E+01 -0.15335713975095184604175342269728E+00
-0.12964741537403164225032755974337E+01 -0.15442198233924955787256861059842E+00
-0.13053686552527028260276129345704E+01 -0.15548139918173701323412805282962E+00
-0.13142172915475903198012775650772E+01 -0.15653535305546537745278960889067E+00
-0.13230197517253011313184852622062E+01 -0.15758380692942660133680048816661E+00
-0.13317757265085540110991219919614E+01 -0.15862672396585530678517882109996E+00
-0.13404849082533315523231189303682E+01 -0.15966406752152267737408678004813E+00
-0.13491469909596894233764815936398E+01 -0.16069580114902409332156362102150E+00
-0.13577616702825084412197439796001E+01 -0.16172188859805996037694969668006E+00
-0.13663286435421882240451552117388E+01 -0.16274229381670914597142428849911E+00
-0.13748476097352820887735551940226E+01 -0.16375698095269579006609067690030E+00
-0.13833182695450736116194488940906E+01 -0.16476591435464917713591714226103E+00
-0.13917403253520933602599390267957E+01 -0.16576905857335631510466158109387E+00
-0.14001134812445763811925322936603E+01 -0.16676637836300749954309920514502E+00
-0.14084374430288594288160060995437E+01 -0.16775783868243459459597815239517E+00
-0.14167119182397178881805969412182E+01 -0.16874340469634260670327694520853E+00
-0.14249366161506421139277648139859E+01 -0.16972304177653333630040555335812E+00
-0.14331112477840525537213773352494E+01 -0.17069671550312215334657615425954E+00
-0.14412355259214532777110439685165E+01 -0.17166439166574763745328169004882E+00
-0.14493091651135240198544283017452E+01 -0.17262603626477331339668727558980E+00
-0.14573318816901496196951278169751E+01 -0.17358161551248238760864268203446E+00
-0.14653033937703875115359135052421E+01 -0.17453109583426493264858054567839E+00
-0.14732234212723717946286826156850E+01 -0.17547444386979769098586492906841E+00
-0.14810916859231543030060918292301E+01 -0.17641162647421608510112528706579E+00
-0.14889079112684823896097684445427E+01 -0.17734261071927878538316421864015E+00
-0.14966718226825122183529497672523E+01 -0.17826736389452489238509756841890E+00
-0.15043831473774584187876667542310E+01 -0.17918585350842306263839915968900E+00
-0.15120416144131787820190108317774E+01 -0.18009804728951318597497692215192E+00
-0.15196469547066937625306893615684E+01 -0.18100391318754051371041904150159E+00
-0.15271989010416421481026353506775E+01 -0.18190341937458135815859611847809E+00
-0.15346971880776684806785517259495E+01 -0.18279653424616186588599277107284E+00
-0.15421415523597478271135568302538E+01 -0.18368322642236810323340701060227E+00
-0.15495317323274414286756018446654E+01 -0.18456346474894887808887748640397E+00
-0.15568674683240873645045868846244E+01 -0.18543721829841039835444335254731E+00
-0.15641485026059242794823390840929E+01 -0.18630445637110280612194489134604E+00
-0.15713745793511469727195799045418E+01 -0.18716514849629884244885434802073E+00
-0.15785454446688956862585770626766E+01 -0.18801926443326464235964840757240E+00
-0.15856608466081763108236121059033E+01 -0.18886677417232211231101407529492E+00
-0.15927205351667132116529995392213E+01 -0.18970764793590352238632545382423E+00
-0.15997242622997337486915638034326E+01 -0.19054185617959772482073729036430E+00
-0.16066717819286830120449498611499E+01 -0.19136936959318800919549862537067E+00
-0.16135628499498708387312432731536E+01 -0.19219015910168246018083813370993E+00
-0.16203972242430479889064999534682E+01 -0.19300419586633498052446819691257E+00
-0.16271746646799138854799037367859E+01 -0.19381145128565886048144622163825E+00
-0.16338949331325536660019347368052E+01 -0.19461189699643187856940227337732E+00
-0.16405577934818050517697246922199E+01 -0.19540550487469254600245252397857E+00
-0.16471630116255546892083086341933E+01 -0.19619224703672855090751302335766E+00
-0.16537103554869637718626485420078E+01 -0.19697209584005623983482125088741E+00
-0.16601995950226222561883676075502E+01 -0.19774502388439210539745855545800E+00
-0.16666305022306317010388135391868E+01 -0.19851100401261543705744520788134E+00
-0.16730028511586163758202593817241E+01 -0.19927000931172246850540634152370E+00
-0.16793164179116626006562425166623E+01 -0.20002201311377206977111462825313E+00
-0.16855709806601852542785756256723E+01 -0.20076698899682275576393158039876E+00
-0.16917663196477222164691473886725E+01 -0.20150491078586095160167998814406E+00
-0.16979022171986558355221657861972E+01 -0.20223575255372085197781367009659E+00
-0.17039784577258610187972078554457E+01 -0.20295948862199526205883919333442E+00
-0.17099948277382802988373593409956E+01 -0.20367609356193789543305925042483E+00
-0.17159511158484251641801763366826E+01 -0.20438554219535692914071595008954E+00
-0.17218471127798031912311945328844E+01 -0.20508780959549948387402554598897E+00
-0.17276826113742714658565501114706E+01 -0.20578287108792756833756387370614E+00
-0.17334574065993151287546719049414E+01 -0.20647070225138507212307855413856E+00
-0.17391712955552515897439106518899E+01 -0.20715127891865583073168194578733E+00
-0.17448240774823595886116861119461E+01 -0.20782457717741259947111704767773E+00
-0.17504155537679330919696938778365E+01 -0.20849057337105742364986431451862E+00
-0.17559455279532599027368973016321E+01 -0.20914924409955292188317311493797E+00
-0.17614138057405241973169791756249E+01 -0.20980056622024420587321241722766E+00
-0.17668201949996337831979728708667E+01 -0.21044451684867215826387937844884E+00
-0.17721645057749705916483111261684E+01 -0.21108107335937763843805917569706E+00
-0.17774465502920648305129719038723E+01 -0.21171021338669613148374028586086E+00
-0.17826661429641931735728618750403E+01 -0.21233191482554406328421801891037E+00
-0.17878231003988988628047185856713E+01 -0.21294615583219484996888172039455E+00
-0.17929172414044360835350294202183E+01 -0.21355291482504714079702644355563E+00
-0.17979483869961359293073244660501E+01 -0.21415217048538244705843633220229E+00
-0.18029163604026952884369067447676E+01 -0.21474390175811457846481684208422E+00
-0.18078209870723880898370068511504E+01 -0.21532808785252939655495898177244E+00
-0.18126620946791980519311941259061E+01 -0.21590470824301523866588798464990E+00
-0.18174395131288739812762101823922E+01 -0.21647374266978413155639210843321E+00
-0.18221530745649058438649022169421E+01 -0.21703517113958365269933463950087E+00
-0.18268026133744227161209616621867E+01 -0.21758897392639938921807266920590E+00
-0.18313879661940119173494504885007E+01 -0.21813513157214807756575399323508E+00
-0.18359089719154587064932154275150E+01 -0.21867362488736129463233053938179E+00
-0.18403654716914072891481060001086E+01 -0.21920443495185961918701761065868E+00
-0.18447573089409417620831814446609E+01 -0.21972754311541745109700769800112E+00
-0.18490843293550880865304338444120E+01 -0.22024293099841841746469547998605E+00
-0.18533463809022356861725535166620E+01 -0.22075058049250097148822650326194E+00
-0.18575433138334793321428366409322E+01 -0.22125047376119475576006032354512E+00
-0.18616749806878806852726801630749E+01 -0.22174259324054728081008092410834E+00
-0.18657412362976495394429387710879E+01 -0.22222692163974115071519643605391E+00
-0.18697419377932444365905205068501E+01 -0.22270344194170143092808583884187E+00
-0.18736769446083925550642021176170E+01 -0.22317213740369362401833395991609E+00
-0.18775461184850285887946475601508E+01 -0.22363299155791201014194188231318E+00
-0.18813493234781527317890505839946E+01 -0.22408598821205821239353271443410E+00
-0.18850864259606070689498708747072E+01 -0.22453111144991007297022168985861E+00
-0.18887572946277708801776863678114E+01 -0.22496834563188099603097604325512E+00
-0.18923618005021740582270375765548E+01 -0.22539767539556940736514420362903E+00
-0.18958998169380289312803361246949E+01 -0.22581908565629846487573953106769E+00
-0.18993712196256800438463220244245E+01 -0.22623256160764623355629007869851E+00
-0.19027758865959719821649720717534E+01 -0.22663808872196575012027676938132E+00
-0.19061136982245347885463051482449E+01 -0.22703565275089557812961480836274E+00
-0.19093845372359871849740822739725E+01 -0.22742523972586042672982776467492E+00
-0.19125882887080571373876745053390E+01 -0.22780683595856189153568072935298E+00
-0.19157248400756197096394920578430E+01 -0.22818042804145947906450254171977E+00
-0.19187940811346522522038631319287E+01 -0.22854600284824165778037373829310E+00
-0.19217959040461064857967177119670E+01 -0.22890354753428709593114541840988E+00
-0.19247302033396975673122703092860E+01 -0.22925304953711588124432070937036E+00
-0.19275968759176098192414829574417E+01 -0.22959449657683100988422685820151E+00
-0.19303958210581192901596786994189E+01 -0.22992787665654989880438443726023E+00
-0.19331269404191326497656698708057E+01 -0.23025317806282571174556482057350E+00
-0.19357901380416425462152797449102E+01 -0.23057038936605913624777360204064E+00
-0.19383853203530992493884543759816E+01 -0.23087949942089984872119868959437E+00
-0.19409123961706983773130404039261E+01 -0.23118049736663815749758465311843E+00
-0.19433712767045847582612695010367E+01 -0.23147337262758661403349776388012E+00
-0.19457618755609721014205702821419E+01 -0.23175811491345157202573535744562E+00
-0.19480841087451785454363396173119E+01 -0.23203471421969478199310429517892E+00
-0.19503378946645779385356712612438E+01 -0.23230316082788487983685206421413E+00
-0.19525231541314665826112142531439E+01 -0.23256344530603885019171144391111E+00
-0.19546398103658456979345474319800E+01 -0.23281555850895349480634984921256E+00
-0.19566877889981190661398588591373E+01 -0.23305949157852665410737256958808E+00
-0.19586670180717061214719681924838E+01 -0.23329523594406853135500208578196E+00
-0.19605774280455702508582342684666E+01 -0.23352278332260281034172682502987E+00
-0.19624189517966621145760424201564E+01 -0.23374212571915764335020114819201E+00
-0.19641915246222781551829438495513E+01 -0.23395325542704663361286996571748E+00
-0.19658950842423339434470729803973E+01 -0.23415616502813955392097056009036E+00
-0.19675295708015524852357497670561E+01 -0.23435084739312303656152185624014E+00
-0.19690949268715672718248321349906E+01 -0.23453729568175103541387438858322E+00
-0.19705910974529401002101987071852E+01 -0.23471550334308519120242883185024E+00
-0.19720180299770935368076399400860E+01 -0.23488546411572499028941054034504E+00
-0.19733756743081579524049663216980E+01 -0.23504717202802775889768320475583E+00
-0.19746639827447330995077448134799E+01 -0.23520062139831850166045140929022E+00
-0.19758829100215641663497752021854E+01 -0.23534580683508952789066973634179E+00
-0.19770324133111321986288854582330E+01 -0.23548272323718987282387519159445E+00
-0.19781124522251588976002733888515E+01 -0.23561136579400454985154508281303E+00
-0.19791229888160256928700495499774E+01 -0.23573172998562356275564115735018E+00
-0.19800639875781070880463756616741E+01 -0.23584381158300073317927305835406E+00
-0.19809354154490181632309703155215E+01 -0.23594760664810226990114738788658E+00
-0.19817372418107762788472603622973E+01 -0.23604311153404516380191648510407E+00
-0.19824694384908768504800122326661E+01 -0.23613032288522529326314198313195E+00
-0.19829188736495463091547908600464E+01 -0.23618385474151565244782493650234E+00
-0.19833373437806082395104664951110E+01 -0.23623369837854693117013971286232E+00
-0.19837248423493306122385685347585E+01 -0.23627985301797251236835090715960E+00
-0.19840813633046260866223435840232E+01 -0.23632231793905230016551702085265E+00
-0.19844069010791465099232651325796E+01 -0.23636109247866398495049158342316E+00
-0.19847169535986869667584845411691E+01 -0.23639802258214686134365981394251E+00
-0.19850270222590391887192289211030E+01 -0.23643495460814870314208637198729E+00
-0.19853371070607073101062700970444E+01 -0.23647188855672955671327576442923E+00
-0.19856472080041954781171940968413E+01 -0.23650882442794947166859982548540E+00
-0.19859573250900078493476398062772E+01 -0.23654576222186849698417296503787E+00
-0.19856472080041954781171940968413E+01 -0.23650882442794947166859982548540E+00
-0.19853371070607073101062700970444E+01 -0.23647188855672955671327576442923E+00
-0.19850270222590391887192289211030E+01 -0.23643495460814870314208637198729E+00
-0.19847169535986869667584845411691E+01 -0.23639802258214686134365981394251E+00
-0.19844069010791465099232651325796E+01 -0.23636109247866398495049158342316E+00
-0.19840813633046260866223435840232E+01 -0.23632231793905230016551702085265E+00
-0.19837248423493306122385685347585E+01 -0.23627985301797251236835090715960E+00
-0.19833373437806082395104664951110E+01 -0.23623369837854693117013971286232E+00
-0.19829188736495463091547908600464E+01 -0.23618385474151565244782493650234E+00
-0.19824694384908768504800122326661E+01 -0.23613032288522529326314198313195E+00
-0.19817372418107762788472603622973E+01 -0.23604311153404516380191648510407E+00
-0.19809354154490181632309703155215E+01 -0.23594760664810226990114738788658E+00
-0.19800639875781070880463756616741E+01 -0.23584381158300073317927305835406E+00
-0.19791229888160256928700495499774E+01 -0.23573172998562356275564115735018E+00
-0.19781124522251588976002733888515E+01 -0.23561136579400454985154508281303E+00
-0.19770324133111321986288854582330E+01 -0.23548272323718987282387519159445E+00
-0.19758829100215641663497752021854E+01 -0.23534580683508952789066973634179E+00
-0.19746639827447330995077448134799E+01 -0.23520062139831850166045140929022E+00
-0.19733756743081579524049663216980E+01 -0.23504717202802775889768320475583E+00
-0.19720180299770935368076399400860E+01 -0.23488546411572499028941054034504E+00
-0.19705910974529401002101987071852E+01 -0.23471550334308519120242883185024E+00
-0.19690949268715672718248321349906E+01 -0.23453729568175103541387438858322E+00
-0.19675295708015524852357497670561E+01 -0.23435084739312303656152185624014E+00
-0.19658950842423339434470729803973E+01 -0.23415616502813955392097056009036E+00
-0.19641915246222781551829438495513E+01 -0.23395325542704663361286996571748E+00
-0.19624189517966621145760424201564E+01 -0.23374212571915764335020114819201E+00
-0.19605774280455702508582342684666E+01 -0.23352278332260281034172682502987E+00
-0.19586670180717061214719681924838E+01 -0.23329523594406853135500208578196E+00
-0.19566877889981190661398588591373E+01 -0.23305949157852665410737256958808E+00
-0.19546398103658456979345474319800E+01 -0.23281555850895349480634984921256E+00
-0.19525231541314665826112142531439E+01 -0.23256344530603885019171144391111E+00
-0.19503378946645779385356712612438E+01 -0.23230316082788487983685206421413E+00
-0.19480841087451785454363396173119E+01 -0.23203471421969478199310429517892E+00
-0.19457618755609721014205702821419E+01 -0.23175811491345157202573535744562E+00
-0.19433712767045847582612695010367E+01 -0.23147337262758661403349776388012E+00
-0.19409123961706983773130404039261E+01 -0.23118049736663815749758465311843E+00
-0.19383853203530992493884543759816E+01 -0.23087949942089984872119868959437E+00
-0.19357901380416425462152797449102E+01 -0.23057038936605913624777360204064E+00
-0.19331269404191326497656698708057E+01 -0.23025317806282571174556482057350E+00
-0.19303958210581192901596786994189E+01 -0.22992787665654989880438443726023E+00
-0.19275968759176098192414829574417E+01 -0.22959449657683100988422685820151E+00
-0.19247302033396975673122703092860E+01 -0.22925304953711588124432070937036E+00
-0.19217959040461064857967177119670E+01 -0.22890354753428709593114541840988E+00
-0.19187940811346522522038631319287E+01 -0.22854600284824165778037373829310E+00
-0.19157248400756197096394920578430E+01 -0.22818042804145947906450254171977E+00
-0.19125882887080571373876745053390E+01 -0.22780683595856189153568072935298E+00
-0.19093845372359871849740822739725E+01 -0.22742523972586042672982776467492E+00
-0.19061136982245347885463051482449E+01 -0.22703565275089557812961480836274E+00
-0.19027758865959719821649720717534E+01 -0.22663808872196575012027676938132E+00
-0.18993712196256800438463220244245E+01 -0.22623256160764623355629007869851E+00
-0.18958998169380289312803361246949E+01 -0.22581908565629846487573953106769E+00
-0.18923618005021740582270375765548E+01 -0.22539767539556940736514420362903E+00
-0.18887572946277708801776863678114E+01 -0.22496834563188099603097604325512E+00
-0.18850864259606070689498708747072E+01 -0.22453111144991007297022168985861E+00
-0.18813493234781527317890505839946E+01 -0.22408598821205821239353271443410E+00
-0.18775461184850285887946475601508E+01 -0.22363299155791201014194188231318E+00
-0.18736769446083925550642021176170E+01 -0.22317213740369362401833395991609E+00
-0.18697419377932444365905205068501E+01 -0.22270344194170143092808583884187E+00
-0.18657412362976495394429387710879E+01 -0.22222692163974115071519643605391E+00
-0.18616749806878806852726801630749E+01 -0.22174259324054728081008092410834E+00
-0.18575433138334793321428366409322E+01 -0.22125047376119475576006032354512E+00
-0.18533463809022356861725535166620E+01 -0.22075058049250097148822650326194E+00
-0.18490843293550880865304338444120E+01 -0.22024293099841841746469547998605E+00
-0.18447573089409417620831814446609E+01 -0.21972754311541745109700769800112E+00
-0.18403654716914072891481060001086E+01 -0.21920443495185961918701761065868E+00
-0.18359089719154587064932154275150E+01 -0.21867362488736129463233053938179E+00
-0.18313879661940119173494504885007E+01 -0.21813513157214807756575399323508E+00
-0.18268026133744227161209616621867E+01 -0.21758897392639938921807266920590E+00
-0.18221530745649058438649022169421E+01 -0.21703517113958365269933463950087E+00
-0.18174395131288739812762101823922E+01 -0.21647374266978413155639210843321E+00
-0.18126620946791980519311941259061E+01 -0.21590470824301523866588798464990E+00
-0.18078209870723880898370068511504E+01 -0.21532808785252939655495898177244E+00
-0.18029163604026952884369067447676E+01 -0.21474390175811457846481684208422E+00
-0.17979483869961359293073244660501E+01 -0.21415217048538244705843633220229E+00
-0.17929172414044360835350294202183E+01 -0.21355291482504714079702644355563E+00
-0.17878231003988988628047185856713E+01 -0.21294615583219484996888172039455E+00
-0.17826661429641931735728618750403E+01 -0.21233191482554406328421801891037E+00
-0.17774465502920648305129719038723E+01 -0.21171021338669613148374028586086E+00
-0.17721645057749705916483111261684E+01 -0.21108107335937763843805917569706E+00
-0.17668201949996337831979728708667E+01 -0.21044451684867215826387937844884E+00
-0.17614138057405241973169791756249E+01 -0.20980056622024420587321241722766E+00
-0.17559455279532599027368973016321E+01 -0.20914924409955292188317311493797E+00
-0.17504155537679330919696938778365E+01 -0.20849057337105742364986431451862E+00
-0.17448240774823595886116861119461E+01 -0.20782457717741259947111704767773E+00
-0.17391712955552515897439106518899E+01 -0.20715127891865583073168194578733E+00
-0.17334574065993151287546719049414E+01 -0.20647070225138507212307855413856E+00
-0.17276826113742714658565501114706E+01 -0.20578287108792756833756387370614E+00
-0.17218471127798031912311945328844E+01 -0.20508780959549948387402554598897E+00
-0.17159511158484251641801763366826E+01 -0.20438554219535692914071595008954E+00
-0.17099948277382802988373593409956E+01 -0.20367609356193789543305925042483E+00
-0.17039784577258610187972078554457E+01 -0.20295948862199526205883919333442E+00
-0.16979022171986558355221657861972E+01 -0.20223575255372085197781367009659E+00
-0.16917663196477222164691473886725E+01 -0.20150491078586095160167998814406E+00
-0.16855709806601852542785756256723E+01 -0.20076698899682275576393158039876E+00
-0.16793164179116626006562425166623E+01 -0.20002201311377206977111462825313E+00
-0.16730028511586163758202593817241E+01 -0.19927000931172246850540634152370E+00
-0.16666305022306317010388135391868E+01 -0.19851100401261543705744520788134E+00
-0.16601995950226222561883676075502E+01 -0.19774502388439210539745855545800E+00
-0.16537103554869637718626485420078E+01 -0.19697209584005623983482125088741E+00
-0.16471630116255546892083086341933E+01 -0.19619224703672855090751302335766E+00
-0.16405577934818050517697246922199E+01 -0.19540550487469254600245252397857E+00
-0.16338949331325536660019347368052E+01 -0.19461189699643187856940227337732E+00
-0.16271746646799138854799037367859E+01 -0.19381145128565886048144622163825E+00
-0.16203972242430479889064999534682E+01 -0.19300419586633498052446819691257E+00
-0.16135628499498708387312432731536E+01 -0.19219015910168246018083813370993E+00
-0.16066717819286830120449498611499E+01 -0.19136936959318800919549862537067E+00
-0.15997242622997337486915638034326E+01 -0.19054185617959772482073729036430E+00
-0.15927205351667132116529995392213E+01 -0.18970764793590352238632545382423E+00
-0.15856608466081763108236121059033E+01 -0.18886677417232211231101407529492E+00
-0.15785454446688956862585770626766E+01 -0.18801926443326464235964840757240E+00
-0.15713745793511469727195799045418E+01 -0.18716514849629884244885434802073E+00
-0.15641485026059242794823390840929E+01 -0.18630445637110280612194489134604E+00
-0.15568674683240873645045868846244E+01 -0.18543721829841039835444335254731E+00
-0.15495317323274414286756018446654E+01 -0.18456346474894887808887748640397E+00
-0.15421415523597478271135568302538E+01 -0.18368322642236810323340701060227E+00
-0.15346971880776684806785517259495E+01 -0.18279653424616186588599277107284E+00
-0.15271989010416421481026353506775E+01 -0.18190341937458135815859611847809E+00
-0.15196469547066937625306893615684E+01 -0.18100391318754051371041904150159E+00
-0.15120416144131787820190108317774E+01 -0.18009804728951318597497692215192E+00
-0.15043831473774584187876667542310E+01 -0.17918585350842306263839915968900E+00
-0.14966718226825122183529497672523E+01 -0.17826736389452489238509756841890E+00
-0.14889079112684823896097684445427E+01 -0.17734261071927878538316421864015E+00
-0.14810916859231543030060918292301E+01 -0.17641162647421608510112528706579E+00
-0.14732234212723717946286826156850E+01 -0.17547444386979769098586492906841E+00
-0.14653033937703875115359135052421E+01 -0.17453109583426493264858054567839E+00
-0.14573318816901496196951278169751E+01 -0.17358161551248238760864268203446E+00
-0.14493091651135240198544283017452E+01 -0.17262603626477331339668727558980E+00
-0.14412355259214532777110439685165E+01 -0.17166439166574763745328169004882E+00
-0.14331112477840525537213773352494E+01 -0.17069671550312215334657615425954E+00
-0.14249366161506421139277648139859E+01 -0.16972304177653333630040555335812E+00
-0.14167119182397178881805969412182E+01 -0.16874340469634260670327694520853E+00
-0.14084374430288594288160060995437E+01 -0.16775783868243459459597815239517E+00
-0.14001134812445763811925322936603E+01 -0.16676637836300749954309920514502E+00
-0.13917403253520933602599390267957E+01 -0.16576905857335631510466158109387E+00
-0.13833182695450736116194488940906E+01 -0.16476591435464917713591714226103E+00
-0.13748476097352820887735551940226E+01 -0.16375698095269579006609067690030E+00
-0.13663286435421882240451552117388E+01 -0.16274229381670914597142428849911E+00
-0.13577616702825084412197439796001E+01 -0.16172188859805996037694969668006E+00
-0.13491469909596894233764815936398E+01 -0.16069580114902409332156362102150E+00
-0.13404849082533315523231189303682E+01 -0.15966406752152267737408678004813E+00
-0.13317757265085540110991219919614E+01 -0.15862672396585530678517882109996E+00
-0.13230197517253011313184852622062E+01 -0.15758380692942660133680048816661E+00
-0.13142172915475903198012775650772E+01 -0.15653535305546537745278960889067E+00
-0.13053686552527028260276129345704E+01 -0.15548139918173701323412805282962E+00
-0.12964741537403164225032755974337E+01 -0.15442198233924955787256861059842E+00
-0.12875340995215816015411001138751E+01 -0.15335713975095184604175342269728E+00
-0.12785488067081412675290012374163E+01 -0.15228690883042639923011152644805E+00
-0.12695185910010927705704823448080E+01 -0.15121132718057417715091232271098E+00
-0.12604437696798969785889776761425E+01 -0.15013043259229378232350519874809E+00
-0.12513246615912281868929889895841E+01 -0.14904426304315346359349641919546E+00
-0.12421615871377723012599058727419E+01 -0.14795285669605659740318169537199E+00
-0.12329548682669684637218302232092E+01 -0.14685625189790080613228845412856E+00
-0.12237048284596964262013163380339E+01 -0.14575448717823071329148285182937E+00
-0.12144117927189112114845291124659E+01 -0.14464760124788405073400900860545E+00
-0.12050760875582226956144064596984E+01 -0.14353563299763144095643545600320E+00
-0.11956980409904237117124957919301E+01 -0.14241862149681002342509363683629E+00
-0.11862779825159644832017617472935E+01 -0.14129660599195033622758225108881E+00
-0.11768162431113744624370783024562E+01 -0.14016962590539785046617597412402E+00
-0.11673131552176337836291424917960E+01 -0.13903772083392738519085571444240E+00
-0.11577690527284912493183765822358E+01 -0.13790093054735175464991835054829E+00
-0.11481842709787333375148147329292E+01 -0.13675929498712492936520782088867E+00
-0.11385591467324008608703516171853E+01 -0.13561285426493791951309668053582E+00
-0.11288940181709562357189969128270E+01 -0.13446164866130980272104083997067E+00
-0.11191892248814009666647566348263E+01 -0.13330571862417214399236041411377E+00
-0.11094451078443435044257833357334E+01 -0.13214510476744800859477516723711E+00
-0.10996620094220180272959556371424E+01 -0.13097984786962481515869389860216E+00
-0.10898402733462549412700811831838E+01 -0.12980998887232139027408291804001E+00
-0.10799802447064031839040958513056E+01 -0.12863556887884946764682005281553E+00
-0.10700822699372048084457765757290E+01 -0.12745662915276956587458761557031E+00
-0.10601466968066219255566447766140E+01 -0.12627321111644083194846961947834E+00
-0.10501738744036175749776196533674E+01 -0.12508535634956586646519398691789E+00
-0.10401641531258894639573552738000E+01 -0.12389310658772958243295907707130E+00
-0.10301178846675578446222920180742E+01 -0.12269650372093266404232512074543E+00
-0.10200354220068082850563327477730E+01 -0.12149558979211988974513509091833E+00
-0.10099171193934887544748561121570E+01 -0.12029040699570258494246934824337E+00
-0.99976333233666209080988166752306E+00 -0.11908099767607613919803215657148E+00
-0.98957441759211475650969971020473E+00 -0.11786740432613225332231386030386E+00
-0.97935073314982095592318162330854E+00 -0.11664966958576576844380939783304E+00
-0.96909263822136416507463314924178E+00 -0.11542783624037622519847554633280E+00
-0.95880049322731506616061160631669E+00 -0.11420194721936472918285720672428E+00
-0.94847465978456740657592434003236E+00 -0.11297204559462565955810395051162E+00
-0.93811550069363175657209474906165E+00 -0.11173817457903284559221212807105E+00
-0.92772337992588735949268011601818E+00 -0.11050037752492116195693857935976E+00
-0.91729866261079355351716054010744E+00 -0.10925869792256389060535334045626E+00
-0.90684171502305937967872586759910E+00 -0.10801317939864360256938315047893E+00
-0.89635290456977381432228384598360E+00 -0.10676386571472025268410901599656E+00
-0.88583259977749647027294667790588E+00 -0.10551080076569239322701597443408E+00
-0.87528117027930715487872687717881E+00 -0.10425402857825591183324997108458E+00
-0.86469898680181944855957761524788E+00 -0.10299359330935621905332274702758E+00
-0.85408642115215263368242301130295E+00 -0.10172953924463695789962141475973E+00
-0.84344384620486817899494211165213E+00 -0.10046191079688410514368421191281E+00
-0.83277163588886756373919845111092E+00 -0.99190752504465135730424209740419E-01
-0.82207016517425282308076567883095E+00 -0.97916109029763969302497778756608E-01
-0.81133981005915156318488304839352E+00 -0.96638025157611889007899322800210E-01
-0.80058094755650422131646626514795E+00 -0.95356545793713721950272663613912E-01
-0.78979395568081740475040036373134E+00 -0.94071715963070004904748413387986E-01
-0.77897921343488092446115224798820E+00 -0.92783580808394978261809241441191E-01
-0.76813710079645004361550977238887E+00 -0.91492185588530105873818278400831E-01
-0.75726799870489434185714846754289E+00 -0.90197575676853916988681281562545E-01
-0.74637228904781150266239852679022E+00 -0.88899796559687843688551835997114E-01
-0.73545035464760928654179823534364E+00 -0.87598893834697557454303088043439E-01
-0.72450257924805294269388369158028E+00 -0.86294913209290929229485218361373E-01
-0.71352934750078167152038319496607E+00 -0.84987900499011962308411958938739E-01
-0.70253104495179231634489455379078E+00 -0.83677901625931035562154484389108E-01
-0.69150805802789204676616470574095E+00 -0.82364962617030937901141407208171E-01
-0.68046077402311974064255362714231E+00 -0.81049129602589660965343945584027E-01
-0.66938958108513707994209727672452E+00 -0.79730448814559705058697945949221E-01
-0.65829486820158954572664329124807E+00 -0.78408966584943344657801005073608E-01
-0.64717702518643809001105740548883E+00 -0.77084729344164471226688224513216E-01
-0.63603644266626116117611331791511E+00 -0.75757783619437273625748612234993E-01
-0.62487351206652909055019175270811E+00 -0.74428176033131406959231209597883E-01
-0.61368862559784936105433763075942E+00 -0.73095953301133298196987062179633E-01
-0.60248217624218501245709970055661E+00 -0.71761162231205225696184115267154E-01
-0.59125455773904554958956230278835E+00 -0.70423849721340006886693059900762E-01
-0.58000616457165138161974172387324E+00 -0.69084062758113286401041654874751E-01
-0.56873739195307184004406530720346E+00 -0.67741848415032551806567843808751E-01
-0.55744863581233802328914750769408E+00 -0.66397253850882734086942732191146E-01
-0.54614029278052979308130890843929E+00 -0.65050326308069357938952491382960E-01
-0.53481276017683854991307814709603E+00 -0.63701113110958293154245694682154E-01
-0.52346643599460583222533181219284E+00 -0.62349661664212946902718423784350E-01
-0.51210171888733773139202764015235E+00 -0.60996019451128252501765262394127E-01
-0.50071900815469650631371295030810E+00 -0.59640234031962301042142431585901E-01
-0.48931870372846921362094396720477E+00 -0.58282353042265411463733482161624E-01
-0.47790120615851456640041018209677E+00 -0.56922424191205369179015057564410E-01
-0.46646691659868711667714926326937E+00 -0.55560495259891745585444011385633E-01
-0.45501623679274112148881341613997E+00 -0.54196614099696551759803431509038E-01
-0.44354956906021313621440784977644E+00 -0.52830828630572684665773857886524E-01
-0.43206731628228439051747097839816E+00 -0.51463186839370163782832687940825E-01
-0.42056988188762362886830351057716E+00 -0.50093736778149728156590776558106E-01
-0.40905766983821020629004640842952E+00 -0.48722526562494365393451932489933E-01
-0.39753108461513893953908176903277E+00 -0.47349604369818477193857566291125E-01
-0.38599053120440635664457905603079E+00 -0.45975018437674788425752921984603E-01
-0.37443641508267899347811017992941E+00 -0.44598817062059582769637183537293E-01
-0.36286914220304517678168223192318E+00 -0.43221048595715112935851413769625E-01
-0.35128911898074876907743520451813E+00 -0.41841761446430678102377633517232E-01
-0.33969675227890790498554731148657E+00 -0.40461004075341647006783929106229E-01
-0.32809244939421715754634110768541E+00 -0.39078824995226081024406501786017E-01
-0.31647661804263438436816019856095E+00 -0.37695272768800377338196493258040E-01
-0.30484966634505353584102231296740E+00 -0.36310396007012405381562394331136E-01
-0.29321200281296216555660177623734E+00 -0.34924243367333405904862228227092E-01
-0.28156403633408602791374405616506E+00 -0.33536863552047987342131271369727E-01
-0.26990617615801977542974110399000E+00 -0.32148305306542709232810656428624E-01
-0.25823883188184533974666446925823E+00 -0.30758617417593061214610202286922E-01
-0.24656241343573771415075714365790E+00 -0.29367848711648911887387558602465E-01
-0.23487733106855905882237119385782E+00 -0.27976048053118766003870155118928E-01
-0.22318399533344170149902583095614E+00 -0.26583264342652552936101051648704E-01
-0.21148281707336024678720668024067E+00 -0.25189546515422947847650860023035E-01
-0.19977420740669326103656030516754E+00 -0.23794943539405871710260734853457E-01
-0.18805857771277558384681014674020E+00 -0.22399504413659462790830212779823E-01
-0.17633633961744106313728172160949E+00 -0.21003278166602284360461496123973E-01
-0.16460790497855684816422782637541E+00 -0.19606313854290014918311417663268E-01
-0.15287368587154902482978619565520E+00 -0.18208660558691811830368151887011E-01
-0.14113409457492114530363263355750E+00 -0.16810367385965016700279456608878E-01
-0.12938954355576481146314042146983E+00 -0.15411483464729700952254922248382E-01
-0.11764044545526423897434414704675E+00 -0.14012057944341910692463027865284E-01
-0.10588721307419406077030513618781E+00 -0.12612139993166338356190781082205E-01
-0.94130259358411850224899920491552E-01 -0.11211778796848492199028486296711E-01
-0.82369997384345171328096817325740E-01 -0.98110235565858290364145836498693E-02
-0.70606840344474019176358247388102E-01 -0.84099234873988809777426834071042E-02
-0.58841201532809262691188187423920E-01 -0.70085278164012912656440336680794E-02
-0.47073494330367085121275147442697E-01 -0.56068857810699483511620117786846E-02
-0.35304132190640612322179521288460E-01 -0.42050466275143920981783366881666E-02
-0.23533528625068579633556004539359E-01 -0.28030596087458986170993006529967E-02
-0.11762097188502014908864491677385E-01 -0.14009739829467451555703411207328E-02
0.97485353305641595372707936713248E-05 0.11609882613608352190010572933073E-05
0.11781594948359522841312849982889E-01 0.14032960415484549094389638577288E-02
0.23553028452710708738212492646744E-01 0.28053819136079770243329549762643E-02
0.35323635465242227598326878036786E-01 0.42073693428879582453709494791284E-02
0.47093002432081116235630040224063E-01 0.56092090713226953290503399325066E-02
0.58860715843158775085868202760434E-01 0.70108518460640719987549183962116E-02
0.70626362246745108117137825796416E-01 0.84122484212124463266740427354404E-02
0.82389528263980895218415869883171E-01 0.98133495595479321318212829453042E-02
0.94149800603407523546316938234502E-01 0.11214106034260709004889730810997E-01
0.10590676607549403486743831917190E+00 0.12614468630681579251281804406926E-01
0.11766001160716052787704989277477E+00 0.14014388148011689243433830510659E-01
0.12940912425629771575090747149224E+00 0.15413815401051956305453108127301E-01
0.14115369122628216847758240969056E+00 0.16812701221932116533222769486697E-01
0.15289329988048634149686689777613E+00 0.18210996461838678396942310256804E-01
0.16462753775678350137474219260239E+00 0.19608651992743027534647140854846E-01
0.17635599258204627431890449971067E+00 0.21005618709127906276201646068917E-01
0.18807825228663927289933905378586E+00 0.22401847529713967862510412201052E-01
0.19979390501890420112627948468959E+00 0.23797289399184830813370604965046E-01
0.21150253915963797378891355769900E+00 0.25191895289911724362298908394826E-01
0.22320374333656256549158744906072E+00 0.26585616203676845774829648957643E-01
0.23489710643878659556785805446806E+00 0.27978403173396034524118371227564E-01
0.24658221763125769345842364429891E+00 0.29370207264840054225259476589826E-01
0.25825866636920571601499065280518E+00 0.30760979578354864982683594661164E-01
0.26992604241257585447824879308587E+00 0.32150671250580893028550686749054E-01
0.28158393584045114794466181295480E+00 0.33539233456170836143470721014702E-01
0.29323193706546418253306890575141E+00 0.34926617409506117771281800122940E-01
0.30486963684819740893163637320184E+00 0.36312774366412275756768352970035E-01
0.31649662631157121719915261027531E+00 0.37697655625872499711174609871363E-01
0.32811249695521994060826470999320E+00 0.39081212531740229711273215880307E-01
0.33971684066985439234172858404767E+00 0.40463396474449494506569086728535E-01
0.35130924975161169238059672597013E+00 0.41844158892724498513532984091170E-01
0.36288931691639028032329899921405E+00 0.43223451275286836362886287471818E-01
0.37445663531417113472913845933631E+00 0.44601225162561148418344387264776E-01
0.38601079854332406537088105360571E+00 0.45977432148379573944351200677229E-01
0.39755140066489786753954423769514E+00 0.47352023881683336211685014154592E-01
0.40907803621689572519079397961309E+00 0.48724952068223356873519501612591E-01
0.42059030022853309349300889313574E+00 0.50096168472258527265715098822695E-01
0.43208778823447939334487375560287E+00 0.51465624918251850196158544107834E-01
0.44357009628908218268210813292404E+00 0.52833273292564827582883870659588E-01
0.45503682098057317864685066515031E+00 0.54199065545149423249375737219784E-01
0.46648755944525643833662917892000E+00 0.55562953691238016483700465375295E-01
0.47792190938167725960497933945801E+00 0.56924889813031237115489999165973E-01
0.48933946906477206119234212882380E+00 0.58284826061382810007822612668986E-01
0.50073983735999838423775957330170E+00 0.59642714657483440504730590655591E-01
0.51212261373744434927240734001569E+00 0.60998507894540602888790830530236E-01
0.52348739828591805320388699976171E+00 0.62352158139456870638979976755973E-01
0.53483379172701500114571330031697E+00 0.63703617834505859684806343846116E-01
0.54616139542916425452770536923669E+00 0.65052839499004895868843940790126E-01
0.55746981142165212129917800228117E+00 0.66399775730985506661905385674094E-01
0.56875864240862370789105529380362E+00 0.67744379208860964944600066748625E-01
0.58002749178306080027566089989291E+00 0.69086602693091457968845896898672E-01
0.59127596364073628612805732286447E+00 0.70426399027845990018038215009631E-01
0.60250366279414492707030750296710E+00 0.71763721142661593749874579003313E-01
0.61371019478640897058460837959892E+00 0.73098522054100011444153456515072E-01
0.62489516590515934774902024152986E+00 0.74430754867400485447778440674135E-01
0.63605818319639102198105802835646E+00 0.75760372778130582241242169240636E-01
0.64719885447829278972321502765180E+00 0.77087329073833218353310974276308E-01
0.65831678835505021034894018249444E+00 0.78411577135670601531932594599977E-01
0.66941159423062254234433513478724E+00 0.79733070440065452310947474748252E-01
0.68048288232249138834683894393159E+00 0.81051762560338482701717925172161E-01
0.69153026367538254403994815296977E+00 0.82367607168342616146333896566108E-01
0.70255335017495909138129176998457E+00 0.83680558036094172090169640789116E-01
0.71355175456148611097749627304639E+00 0.84990569037400613605737268701351E-01
0.72452509044346627268318529868738E+00 0.86297594149484235713041217860011E-01
0.73547297231124607399436158878319E+00 0.87601587454603045987964570541455E-01
0.74639501555059190990764577631643E+00 0.88902503141667746121067917398371E-01
0.75729083645623612068081554307774E+00 0.90200295507855427371014120153676E-01
0.76816005224539149361484306195022E+00 0.91494918960218861942337186362636E-01
0.77900228107123587487100037697716E+00 0.92786328017292826808420294799331E-01
0.78981714203636352286497382195151E+00 0.94074477310696463621183544913891E-01
0.80060425520620588326116872689069E+00 0.95359321586731536736460878947657E-01
0.81136324162241857990248963693664E+00 0.96640815707977046680254323494975E-01
0.82209372331623643243616883389449E+00 0.97918914654879996687077828328519E-01
0.83279532332179509631216294019749E+00 0.99193573527342028228906736570611E-01
0.84346766568941787764860992683237E+00 0.10046474754630212661584752237057E+00
0.85411037549887020260637141135321E+00 0.10173239205531528374111849550229E+00
0.86472307887257792198317948390531E+00 0.10299646252212683083856514404761E+00
0.87530540298881179870085821002730E+00 0.10425691454024270513733116371447E+00
0.88585697609483639457046073891106E+00 0.10551370383049637137774485216601E+00
0.89637742752002232994916593744038E+00 0.10676678624260934213196553617646E+00
0.90686638768892465894821083211801E+00 0.10801611775675027684614371333691E+00
0.91732348813432205475259273051197E+00 0.10926165448508694673894348357889E+00
0.92774836151022160561088491781864E+00 0.11050335267333604276064691918481E+00
0.93814064160482509472104045855654E+00 0.11174116870230698141661727441237E+00
0.94849996335345765976407510690112E+00 0.11297505908944214111178547694050E+00
0.95882596285145969404054486093239E+00 0.11420498049035256214026223621375E+00
0.96911827736703930992014020070946E+00 0.11543088970034835433136125262768E+00
0.97937654535408697015492892510594E+00 0.11665274365596516985118722794143E+00
0.98960040646495095046834778715257E+00 0.11787049943648620843696760282841E+00
0.99978950156317355240232977303471E+00 0.11908411426545891943179296347615E+00
0.10099434727361881629438977966512E+01 0.12029354551220730227482024112590E+00
0.10200619633079758711345946488827E+01 0.12149875069333951595805833751126E+00
0.10301446178516827225246685163007E+01 0.12269968747425084848372204671652E+00
0.10401910822021957793218344645759E+01 0.12389631367062137023688496335316E+00
0.10502010034686789837538440290491E+01 0.12508858724990920281577214250027E+00
0.10601740300470681974962757358833E+01 0.12627646633283885184026816745230E+00
0.10701098116325244545099419820654E+01 0.12745990919488431434930544097830E+00
0.10800079992318461933777609250467E+01 0.12863887426774774701532295630562E+00
0.10898682451758400005228200433535E+01 0.12981332014083273462532820813813E+00
0.10996902031316486709868776857566E+01 0.13098320556271273132955037036135E+00
0.11094735281150379990584709392024E+01 0.13214848944259459392646254679183E+00
0.11192178765026408824245552865910E+01 0.13330913085177688992348599740069E+00
0.11289229060441589512310348936870E+01 0.13446508902510309213614154515369E+00
0.11385882758745214592937103725979E+01 0.13561632336241017462310028766067E+00
0.11482136465260017498250844671349E+01 0.13676279342997140258808665776690E+00
0.11577986799402905833881044754792E+01 0.13790445896193476941040612866171E+00
0.11673430394805263788430263029760E+01 0.13904127986175544183424604907036E+00
0.11768463899432822162089275966215E+01 0.14017321620362376728723668973028E+00
0.11863083975705106235148705857835E+01 0.14130022823388830136570279805680E+00
0.11957287300614434342432963530899E+01 0.14242227637247253279834293382517E+00
0.12051070565844503838604845134185E+01 0.14353932121428792119525788692756E+00
0.12144430477888526396011819207879E+01 0.14465132353064078632664934378813E+00
0.12237363758166944822498230840410E+01 0.14575824427063429457000714005845E+00
0.12329867143144716110993890682219E+01 0.14686004456256558863294159506956E+00
0.12421937384448154168370052351613E+01 0.14795668571531735853521766828619E+00
0.12513571248981359147237460981573E+01 0.14904812921974473182464041988333E+00
0.12604765519042203619151958244683E+01 0.15013433675005684392124148964114E+00
0.12695516992437904796004122996501E+01 0.15121527016519317566739979864107E+00
0.12785822482600173695452309516148E+01 0.15229089151019504769229586969656E+00
0.12875678818699924889395729691509E+01 0.15336116301757238281345291107692E+00
0.12965082845761603396479197028424E+01 0.15442604710866474523491071502757E+00
0.13054031424777059137365525161699E+01 0.15548550639499845106819728613053E+00
0.13142521432819043541051952255212E+01 0.15653950367963775564749983577621E+00
0.13230549763154284759599248632713E+01 0.15758800195853199611767482520078E+00
0.13318113325356166989223083660705E+01 0.15863096442185775552027639895218E+00
0.13405209045417020730864606786903E+01 0.15966835445535607274093453229365E+00
0.13491833865860019702643482662046E+01 0.16070013564166550183415884449943E+00
0.13577984745850705121005481329010E+01 0.16172627176165039712050710564189E+00
0.13663658661308135893110421313336E+01 0.16274672679572464578402367707318E+00
0.13748852605015674611677015925533E+01 0.16376146492517137650965776651766E+00
0.13833563586731427351346825492094E+01 0.16477045053345835451853517844672E+00
0.13917788633298336310707597667556E+01 0.16577364820754942125432772002326E+00
0.14001524788753947771041078756407E+01 0.16677102273921159502113158472724E+00
0.14084769114439860531574447204932E+01 0.16776253912631896736286429578713E+00
0.14167518689110873906630245474341E+01 0.16874816257415280386522845257841E+00
0.14249770609043850555245602714349E+01 0.16972785849669783991830598435103E+00
0.14331521988146308437300992163420E+01 0.17070159251793605337605396644734E+00
0.14412769958064761351453946109043E+01 0.17166933047313696518265874479833E+00
0.14493511668292831240397127651401E+01 0.17263103841014532989467489496739E+00
0.14573744286279148036810506420884E+01 0.17358668259066625714113284365992E+00
0.14653464997535069957953719572195E+01 0.17453622949154835087620522956984E+00
0.14732671005742239671569398620460E+01 0.17547964580606487759929468359541E+00
0.14811359532860012082942947203566E+01 0.17641689844519306492401579826324E+00
0.14889527819232784637474609768261E+01 0.17734795453889264006446020672582E+00
0.14967173123697255612384357187468E+01 0.17827278143738349837609885104543E+00
0.15044292723689658409152873113531E+01 0.17919134671242250227319016905976E+00
0.15120883915353000375448951039301E+01 0.18010361815858144727315445837017E+00
0.15196944013644352837764158390539E+01 0.18100956379452431010395863108695E+00
0.15272470352442251851156821714313E+01 0.18190915186428693030998968464168E+00
0.15347460284654223993471376207836E+01 0.18280235083855752096371614318066E+00
0.15421911182324547873539713969440E+01 0.18368912941596012628801091302983E+00
0.15495820436742252339946793954449E+01 0.18456945652434119197486719918134E+00
0.15569185458549460422395038019487E+01 0.18544330132205993984703899610533E+00
0.15642003677850133932511135760393E+01 0.18631063319928344191244138477876E+00
0.15714272544319287448528496723005E+01 0.18717142177928758099700966505224E+00
0.15785989527312778074635470280672E+01 0.18802563691976467789966367221593E+00
0.15857152115977737939855690186875E+01 0.18887324871413879441758650370290E+00
0.15927757819363770360845269604938E+01 0.18971422749289039575846618327217E+00
0.15997804166535013848567684863321E+01 0.19054854382489065448622113299910E+00
0.16067288706683180570612117845685E+01 0.19137616851874820637770360221406E+00
0.16136209009241726335083196430935E+01 0.19219707262416892172497727944671E+00
0.16204562664001265320124447344296E+01 0.19301122743333025873960897886072E+00
0.16272347281226414272735608527485E+01 0.19381860448227339497268560977004E+00
0.16339560491774219491294216543130E+01 0.19461917555231346510067821883175E+00
0.16406199947214361169812265043597E+01 0.19541291267147145226275171601822E+00
0.16472263319951343746631783827560E+01 0.19619978811592937794808174717284E+00
0.16537748303348898441143602589276E+01 0.19697977441151206051563123735826E+00
0.16602652611856845204960825909978E+01 0.19775284433519819210240644168193E+00
0.16666973981140691212025132493664E+01 0.19851897091666388104465846184852E+00
0.16730710168214268117259982537250E+01 0.19927812743986234879793123989377E+00
0.16793858951575743857866185548673E+01 0.20003028744464405103543180337467E+00
0.16856418131347369761437266201859E+01 0.20077542472842098163310755855695E+00
0.16918385529419379225669280533254E+01 0.20151351334788065047972101923206E+00
0.16979758989598482138869280145299E+01 0.20224452762075475280030742888751E+00
0.17040536377761451040813283569956E+01 0.20296844212764833668585974896001E+00
0.17100715582014357087036602168512E+01 0.20368523171393652256708315754075E+00
0.17160294512858064183294574113269E+01 0.20439487149173552517035323669316E+00
0.17219271103360659042420579035071E+01 0.20509733684195632632352380981675E+00
0.17277643309337582165165438524175E+01 0.20579260341645012750396210651550E+00
0.17335409109540293520273596212791E+01 0.20648064714025556113164691590223E+00
0.17392566505854421967975803642122E+01 0.20716144421395856931104836520417E+00
0.17449113523508442924923062861188E+01 0.20783497111617776814783793829281E+00
0.17505048211294062402564249917925E+01 0.20850120460618952126351891663426E+00
0.17560368641799625520750793166806E+01 0.20916012172670790379995231270837E+00
0.17615072911658021449925547973083E+01 0.20981169980683702117076150759792E+00
0.17669159141810754990429226992270E+01 0.21045591646521667604050628436045E+00
0.17722625477790043163565338303741E+01 0.21109274961338171607305420164361E+00
0.17775470090021047676960529654043E+01 0.21172217745936233747403691345826E+00
0.17827691174146633806041623351139E+01 0.21234417851155144451992575789439E+00
0.17879286951377325283696194864405E+01 0.21295873158287325816624293176800E+00
0.17930255668869539075053296363237E+01 0.21356581579528800130989446189508E+00
0.17980595600135539188987354055099E+01 0.21416541058467457809146259122777E+00
0.18030305045489074284233776991447E+01 0.21475749570613842577991113245652E+00
0.18079382332531194788358031126174E+01 0.21534205123979781855964013143899E+00
0.18127825816681386837461719911955E+01 0.21591905759710983306577310537555E+00
0.18175633881759926002946522206606E+01 0.21648849552780649278457223321019E+00
0.18222804940628197390005076875800E+01 0.21705034612752132267223674350889E+00
0.18269337435894775848432228624485E+01 0.21760459084619909359876769509393E+00
0.18315229840696236225024117009442E+01 0.21815121149739580971102271139738E+00
0.18360480659563068567603266630002E+01 0.21869019026859224112258769271092E+00
0.18405088429382741610657133648137E+01 0.21922150973266451947203931690106E+00
0.18449051720473894783443804850574E+01 0.21974515286067868195717427554235E+00
0.18492369137787987283596464747493E+01 0.22026110303620305747473424342055E+00
0.18535039322257472402344136806533E+01 0.22076934407136607851529853868554E+00
0.18577060952312892162612042949025E+01 0.22126986022492605437319694568640E+00
0.18618432745595235357601820716071E+01 0.22176263622266697802360023040886E+00
0.18659153460894680140863277222480E+01 0.22224765728049068562256240241638E+00
0.18699221900352601782749715140114E+01 0.22272490913064484079892708775362E+00
0.18738636911970725386908427055034E+01 0.22319437805160964775400910206040E+00
0.18777397392479828967439616473209E+01 0.22365605090226734918790708696993E+00
0.18815502290630849327901035575945E+01 0.22410991516110312306231491428560E+00
0.18852950610984085923877459982738E+01 0.22455595897133929715085669392157E+00
0.18889741418288104880919584846240E+01 0.22499417119309413577373483611574E+00
0.18925873842559698436082692652785E+01 0.22542454146389127587114729042987E+00
0.18961347085000985516300298242838E+01 0.22584706026914166480485575860011E+00
0.18996160424920837175589814459606E+01 0.22626171902458902221276939917858E+00
0.19030313227867199777077390025419E+01 0.22666851017318004314012765282465E+00
0.19063804955227098208193134603672E+01 0.22706742729941853785637514561371E+00
0.19096635175615588008381430944541E+01 0.22745846526503061828118905435023E+00
0.19128803578458360523258581479466E+01 0.22784162037076279191261707073075E+00
0.19160309990281582424720297301266E+01 0.22821689055043149399200365994955E+00
0.19191154394365861833428204370944E+01 0.22858427560505053317126139830528E+00
0.19221336954611668314039025946855E+01 0.22894377748713183283538970229254E+00
0.19250858044719201330668039954957E+01 0.22929540064830107721433747782987E+00
0.19279718284132727043726149125134E+01 0.22963915246750690143892551597546E+00
0.19307918582676135021102560697039E+01 0.22997504378277764057119525956819E+00
0.19335460196469898536606572865869E+01 0.23030308955740088413443335243697E+00
0.19362344798656235575072085848369E+01 0.23062330972252202059482635307642E+00
0.19388574569801979404056946206903E+01 0.23093573025428060533595269797028E+00
0.19414152314807886487694323966020E+01 0.23124038456659971500712628474956E+00
0.19439081616064068177996389291144E+01 0.23153731533649903910452208167629E+00
0.19463367037017430942399694891135E+01 0.23182657692841696504406120804519E+00
0.19487014397183862310891248144867E+01 0.23210823867525185303552779435708E+00
0.19510031150658500803842513845260E+01 0.23238238937738584399687019088289E+00
0.19532426918180519737848113062623E+01 0.23264914367830914146878858029877E+00
0.19554214253983772547227793869309E+01 0.23290865110103435990418517564207E+00
0.19579579717506438033890048417840E+01 0.23321077779896205049355906979604E+00
0.19604133565859909809360227342020E+01 0.23350323758062540451374370821878E+00
0.19627935817143265033051703500049E+01 0.23378674724542508778273424259657E+00
0.19651080653081593134130854823127E+01 0.23406242494844880705954881445187E+00
0.19673727274701108791473999919649E+01 0.23433218216520570241430836829799E+00
0.19695011441808131329224214494009E+01 0.23458569020188142561103831981038E+00
0.19714068266340520927289904021430E+01 0.23481276634046028452340296397396E+00
0.19731145514467769077501996877077E+01 0.23501607755893197030619205235973E+00
0.19746495110574906833969795409269E+01 0.23519957397104014989621996342602E+00
