0.13947539417516109367398992360726E+00 -0.10266842331029810899220985031050E+00
0.14969942242819035550126371140169E+00 -0.10149464301133498347583681398181E+00
0.15932997531583319149130785860427E+00 -0.10039104193364455778466034448495E+00
0.16832719347924379178818536197401E+00 -0.99363892138721230584301413988041E-01
0.17666008529910449732217157252779E+00 -0.98415396180425132312962020984839E-01
0.18429613463028108967482602455441E+00 -0.97548342432862087423018189080427E-01
0.19124243613962532219161389295218E+00 -0.96761267696369700250225057859479E-01
0.19764393367298865611585648733863E+00 -0.96037277095791630816327939951426E-01
0.20362291298809451240986973211452E+00 -0.95362220710223190863825385770768E-01
0.20926076155120705640433694002533E+00 -0.94726682778948495211462040594310E-01
0.21461507493888955643814712222955E+00 -0.94124000384278577775768172946392E-01
0.20926076155120705640433694002533E+00 -0.94726682778948495211462040594310E-01
0.20362291298809451240986973211452E+00 -0.95362220710223190863825385770768E-01
0.19764393367298865611585648733863E+00 -0.96037277095791630816327939951426E-01
0.19124243613962532219161389295218E+00 -0.96761267696369700250225057859479E-01
0.18429613463028108967482602455441E+00 -0.97548342432862087423018189080427E-01
0.17666008529910449732217157252779E+00 -0.98415396180425132312962020984839E-01
0.16832719347924379178818536197401E+00 -0.99363892138721230584301413988041E-01
0.15932997531583319149130785860427E+00 -0.10039104193364455778466034448495E+00
0.14969942242819035550126371140169E+00 -0.10149464301133498347583681398181E+00
0.13947539417516109367398992360726E+00 -0.10266842331029810899220985031050E+00
0.13088060127331142514127870486564E+00 -0.90589654861569409486216500553256E-01
0.12295192241614824170200707087067E+00 -0.77326024231898076088558571557022E-01
0.11524241059440500178900443517032E+00 -0.63139277242129413879928643609406E-01
0.10781255268865507597722844069599E+00 -0.47977273958747142731367811590816E-01
0.10063109963732881239783199801954E+00 -0.31853566459962692508383075885089E-01
0.93966897923853373274513070864368E-01 -0.15564725444301622389968278169767E-01
0.87950202155620369070644120512528E-01 0.25450682569520262511571466884018E-03
0.82414920508268939446621747206796E-01 0.15750175312856268620246022367375E-01
0.77253867994869042636258458566066E-01 0.31009147813497293890732675193198E-01
0.72395820926293190683435831112237E-01 0.46088236087500429209044010364566E-01
0.68537916196736343483770522111529E-01 0.58543920872381725870374936606532E-01
0.64829754710990860078034280641303E-01 0.70917374130085665158950382425733E-01
0.61252381880275212747335418582194E-01 0.83220865146991434369576928351003E-01
0.57790507066024817921856987412058E-01 0.95464048826363274369841210228565E-01
0.54431480627634433476123350640992E-01 0.10765459359808663431033202082742E+00
0.51164696972237699065729531499791E-01 0.11979866090518980987901582869154E+00
0.47981166235445133459396642957724E-01 0.13190125055760370742559830067039E+00
0.44873195806530807346074373049866E-01 0.14396645339080558302407340275743E+00
0.41834148390649086920200317348308E-01 0.15599763935142482177454355748145E+00
0.38858255065098068048896264196503E-01 0.16799759977598296669107657145060E+00
0.35940468717932886540555166174895E-01 0.17996865658400240504427923313701E+00
0.33076347671839968863100833211653E-01 0.19191274717441623956935283574985E+00
0.30261962220868397232209449459693E-01 0.20383149120932702075241909862285E+00
0.27493818798221627208772464033667E-01 0.21572624371011847991472814300020E+00
0.24768797877587553818652764028247E-01 0.22759813768119910808269246967897E+00
0.22084102690913317299816315053611E-01 0.23944811863056830564002125353799E+00
0.19437216551239249606795640265427E-01 0.25127697275541750408675429516476E+00
0.16825867084581656042721514913905E-01 0.26308535012800365501503394786878E+00
0.14247996056217089186242561787244E-01 0.27487378390100287361604118327000E+00
0.11701733762318851550224982453047E-01 0.28664270631809744828489996292907E+00
0.91853771741607061002447939229052E-02 0.29839246214116622364892955562463E+00
0.66973711875309212430788763625555E-02 0.31012331997385060417648868471888E+00
0.42362924577464595747229865596617E-02 0.32183548186099831383664756717235E+00
0.18008354001749154621082538005075E-02 0.33352909146641062119849214448328E+00
-0.61019998567488056250177637625762E-03 0.34520424107157556254860461861586E+00
-0.29979187485739155375046410930822E-02 0.35686097759139608745645377986798E+00
-0.53633403052858877951479915928117E-02 0.36849930776620054094888000432360E+00
-0.77074066387893099273540402990175E-02 0.38011920266022435175671611897160E+00
-0.10030989534277914484724470127235E-01 0.39172060157354953718438167379407E+00
-0.12334896986258184629484104026668E-01 0.40330341545587450818960377508079E+00
-0.14619878888861805447042845982841E-01 0.41486752989546396714593593637940E+00
-0.16886632104080801009230282687889E-01 0.42641280774444303215025187296083E+00
-0.19135804988264317495710927685310E-01 0.43793909143166046230848364919520E+00
-0.21368001445295327670784987306916E-01 0.44944620500619909379155807516626E+00
-0.23583784564941647802071236881242E-01 0.46093395594790839907717084755818E+00
-0.25783679896565605342305487795672E-01 0.47240213677578282645676147699289E+00
-0.27968178401398998828583583519145E-01 0.48385052648040675725965423839142E+00
-0.30137739120704619602825286821535E-01 0.49527889180284362017197554676757E+00
-0.32292791592162810282883139468244E-01 0.50668698837913106334772274850209E+00
-0.34433738042588019757683870922225E-01 0.51807456176684222216048380929860E+00
-0.36560955381471116869272292618390E-01 0.52944134836789449568771700295108E+00
-0.38674797016757917529875014892091E-01 0.54078707625986071405966371962586E+00
-0.40775594511625673197188992946605E-01 0.55211146594639932102786243876910E+00
-0.42863659098739464016819310587757E-01 0.56341423103602975248197339153955E+00
-0.44939283066505871481394982281347E-01 0.57469507885728715944192616704005E+00
-0.47002741030137835919897191286642E-01 0.58595371101727249233310605108002E+00
-0.49054291098867138218599654919442E-01 0.59718982390973959688191394609433E+00
-0.51094175949358973292225619912096E-01 0.60840310917810568968088443440720E+00
-0.53122623814258430983903013661339E-01 0.61959325413812189631506574837944E+00
-0.55139849393822782827421322141756E-01 0.63075994216437732669384430959173E+00
-0.57146054697733392148954259011208E-01 0.64190285304432112040093160807807E+00
-0.59141429823427227964635370831465E-01 0.65302166330306196273298512318982E+00
-0.61126153676625300192717228982550E-01 0.66411604650183426781561016098754E+00
-0.63100394639150160573149763234998E-01 0.67518567351269772388536228343207E+00
-0.65064311188607718617942503583700E-01 0.68623021277175093915071897126762E+00
-0.67018052474050982618970017510808E-01 0.69724933051289545851394025269535E+00
-0.68961758851336406341213427399816E-01 0.70824269098396391503769913526220E+00
-0.70895562381525602654878616802007E-01 0.71920995664683869051495167722423E+00
-0.72819587295360400183884672972849E-01 0.73015078836301238566146272102550E+00
-0.74733950426555611695122323532952E-01 0.74106484556589697763361437807457E+00
-0.76638761616396954472606125099236E-01 0.75195178642105165081731046696554E+00
-0.78534124091902826413528059261672E-01 0.76281126797538489065987011668107E+00
-0.80420134819604230071306346320164E-01 0.77364294629627974819666317230894E+00
-0.82296884836811437623168668538227E-01 0.78444647660149872277681556571210E+00
-0.84164459562073550443931384590291E-01 0.79522151338064361366306349923672E+00
-0.86022939086384757302071579425484E-01 0.80596771050886911165987424809068E+00
-0.87872398446559872280887995768620E-01 0.81668472135348511629905411567088E+00
-0.89712907882079946852866752120706E-01 0.82737219887402251241242552894048E+00
-0.91544533076596186762630379886415E-01 0.83802979571628332330069044505773E+00
-0.93367335385188700382144821933991E-01 0.84865716430085332063115292762508E+00
-0.95181372048377199161526117402672E-01 0.85925395690650322794778392479691E+00
-0.96986696393809250153281709645201E-01 0.86981982574887810783708028383340E+00
-0.98783358026469379146447766741562E-01 0.88035442305482909714820363220668E+00
-0.10057140300819125177319375529841E+00 0.89085740113271688072655051750672E+00
-0.10235087402719065339338181050927E+00 0.90132841243898710768033606380421E+00
-0.10412181055828176176503191619271E+00 0.91176710964128933424402277396863E+00
-0.10588424901438994493510199466758E+00 0.92217314567839267906602739386109E+00
-0.10763822288992592401348668108503E+00 0.93254617381712661009154645131507E+00
-0.10938376289654439755580913815259E+00 0.94288584770655781730643107254179E+00
-0.11112089709177214801552536434876E+00 0.95319182142959804020082711657863E+00
-0.11284965100095352774254442588429E+00 0.96346374955221941681690345518888E+00
-0.11457004773293083704195934263923E+00 0.97370128717044208114633257664864E+00
-0.11628210808984360171508193106836E+00 0.98390408995524454222474439780629E+00
-0.11798585067140788336922101571052E+00 0.99407181419553523733294414035749E+00
-0.11968129197400762651340558790056E+00 0.10042041168393149946761513072601E+01
-0.12136844648490800049108823495320E+00 0.10143006555331466457551634821398E+01
-0.12304732677188031505899583538496E+00 0.10243610886600424402617270074308E+01
-0.12471794356850720156486244953244E+00 0.10343850753758698445660246088971E+01
-0.12638030585541825957989076625188E+00 0.10443722756443691074393601284498E+01
-0.12803442093769044571070644638297E+00 0.10543223502708693513522793860449E+01
-0.12968029451863186808314481942652E+00 0.10642349609347826846591056547812E+01
-0.13131793077015233392935567144091E+00 0.10741097702209516381546668198688E+01
-0.13294733239991163756719803136491E+00 0.10839464416499178493704371429334E+01
-0.13456850071542388653922199004095E+00 0.10937446397071763962823132930106E+01
-0.13618143568528490495727856319327E+00 0.11035040298714757155176887846330E+01
-0.13778613599767848979187802837654E+00 0.11132242786422170514475842544285E+01
-0.13938259911630857943272395549126E+00 0.11229050535660062170328935977089E+01
-0.14097082133389492948020880543182E+00 0.11325460232624051211172332104115E+01
-0.14255079782335939800075424078947E+00 0.11421468574489260777828967249964E+01
-0.14412252268682672649720768580375E+00 0.11517072269653134881197074759780E+01
-0.14568598900255047498480260523377E+00 0.11612268037971481329815619699051E+01
-0.14724118886987227628464631415741E+00 0.11707052610988128448120115111397E+01
-0.14878811345231581731430562594419E+00 0.11801422732158517567524002639631E+01
-0.15032675301890730670229230793363E+00 0.11895375157067549682917631836242E+01
-0.15185709698381414693855511029691E+00 0.11988906653641984416989848277757E+01
-0.15337913394438322799974436668632E+00 0.12082014002357656784588247267630E+01
-0.15489285171765922143015717120703E+00 0.12174693996441774462351870300654E+01
-0.15639823737545724154838374356955E+00 0.12266943442070545948831304987337E+01
-0.15789527727805817898153368218768E+00 0.12358759158562335364813098877130E+01
-0.15938395710659559500661122022143E+00 0.12450137978566593543323049539484E+01
-0.16086426189419444890432521688702E+00 0.12541076748248725957975294821904E+01
-0.16233617605592161522179282236365E+00 0.12631572327471110251151765242743E+01
-0.16379968341760383720681687326758E+00 0.12721621589970425847989402710475E+01
-0.16525476724356587976305351575642E+00 0.12811221423531450285090517331260E+01
-0.16670141026333841561899539527101E+00 0.12900368730157495320966199501313E+01
-0.16813959469738318254886027456094E+00 0.12989060426237606115000919067049E+01
-0.16956930228188003312369411839170E+00 0.13077293442710672973644612019591E+01
-0.17099051429261704645630070122797E+00 0.13165064725226576963434383951330E+01
-0.17240321156802637136357051409456E+00 0.13252371234304477139082089098069E+01
-0.17380737453140025464438537413584E+00 0.13339209945488385385634764571259E+01
-0.17520298321232654567427305909290E+00 0.13425577849500083378644991721344E+01
-0.17659001726737529580911806836791E+00 0.13511471952389533691781024989927E+01
-0.17796845600007031600313573269121E+00 0.13596889275682838968106175658072E+01
-0.17933827838017606207763767179636E+00 0.13681826856527856037791872570470E+01
-0.18069946306232830197736072539467E+00 0.13766281747837546314289085626351E+01
-0.18205198840403783091040881583705E+00 0.13850251018431133757700841779324E+01
-0.18339583248309202436794522045467E+00 0.13933731753173150644218232900439E+01
-0.18473097311437999827577598114193E+00 0.14016721053110438237489052683420E+01
-0.18605738786616521907181815564907E+00 0.14099216035607163386324829310525E+01
-0.18737505407582815126021822830057E+00 0.14181213834477924195769929061738E+01
-0.18868394886510054331293442874466E+00 0.14262711600118988077456355648267E+01
-0.18998404915481115270208880263435E+00 0.14343706499637729624695228928225E+01
-0.19127533167916389550918457400324E+00 0.14424195716980313468585644578964E+01
-0.19255777299956587066491666958557E+00 0.14504176453057671972258446044059E+01
-0.19383134951802289325128267803505E+00 0.14583645925869828083495729408298E+01
-0.19509603749012098256975560581910E+00 0.14662601370628600478410385706104E+01
-0.19635181303760714116970789734673E+00 0.14741040039878734442488709404759E+01
-0.19759865216058849103114854224952E+00 0.14818959203617508055485134888748E+01
-0.19883653074936036371341946456808E+00 0.14896356149412823687981593796746E+01
-0.20006542459588093537787134193549E+00 0.14973228182519857562777712588303E+01
-0.20128530940490352674575153993503E+00 0.15049572625996263249400660346528E+01
-0.20249616080477978949063452714913E+00 0.15125386820815984679069934846819E+01
-0.20369795435794666538072616999034E+00 0.15200668125981700433395807304376E+01
-0.20489066557110785588556619334226E+00 0.15275413918635922559208490123093E+01
-0.20607426990512158099748743620506E+00 0.15349621594170787425507096377945E+01
-0.20724874278460481184941462613636E+00 0.15423288566336547881293715395970E+01
-0.20841405960726453196133956270568E+00 0.15496412267348805949711316700823E+01
-0.20957019575296504967794288325028E+00 0.15568990147994502473754090145208E+01
-0.21071712659254182054968839292734E+00 0.15641019677736674196157551981066E+01
-0.21185482749636964949621858576999E+00 0.15712498344818022826026938089164E+01
-0.21298327384269381588715169353567E+00 0.15783423656363283202241161533985E+01
-0.21410244102573355229040359579929E+00 0.15853793138480440043253423012535E+01
-0.21521230446356365658324164481773E+00 0.15923604336360788347600531235076E+01
-0.21631283960578371302710207078864E+00 0.15992854814377858250367823085679E+01
-0.21740402194098042464537649958033E+00 0.16061542156185228102714100075468E+01
-0.21848582700399111545797409479532E+00 0.16129663964813228586792956912261E+01
-0.21955823038297488495570306527858E+00 0.16197217862764558181705098057088E+01
-0.22062120772629643963095368799139E+00 0.16264201492108824294297680801305E+01
-0.22167473474923048058415281646027E+00 0.16330612514576010188359847593700E+01
-0.22271878724049124488328031639335E+00 0.16396448611648901324808904200689E+01
-0.22375334106859295741081532647299E+00 0.16461707484654454472709421734396E+01
-0.22477837218804707199190135809533E+00 0.16526386854854143697246634560566E+01
-0.22579385664540078649145392268260E+00 0.16590484463533281391032766780884E+01
-0.22679977058512202366376476151662E+00 0.16653998072089321217112300972433E+01
-0.22779609025533570012223870793555E+00 0.16716925462119161259171793533247E+01
-0.22878279201341576768539985427174E+00 0.16779264435505446547189843887390E+01
-0.22975985233143713937432466694610E+00 0.16841012814501882610190653025059E+01
-0.23072724780149213365215618971947E+00 0.16902168441817569178223929352410E+01
-0.23168495514087520570887033002238E+00 0.16962729180700355493847579040074E+01
-0.23263295119713969303871035771246E+00 0.17022692915019229627344980356492E+01
-0.23357121295303057381498663832980E+00 0.17082057549345743883072073728198E+01
-0.23449971753129684602323618180807E+00 0.17140821009034484015629354290244E+01
-0.23541844219938677883932104603979E+00 0.17198981240302587176640545722744E+01
-0.23632736437402896856642021398468E+00 0.17256536210308311778822506589012E+01
-0.23722646162570367659491076412945E+00 0.17313483907228670801322404839225E+01
-0.23811571168300585371426377905069E+00 0.17369822340336123935031103837361E+01
-0.23899509243690397591344561465918E+00 0.17425549540074338735103511851018E+01
-0.23986458194489710598601675939605E+00 0.17480663558133024499907074317404E+01
-0.24072415843507292201676100959169E+00 0.17535162467521839300447165818348E+01
-0.24157380031006940536453607898067E+00 0.17589044362643379897839296424525E+01
-0.24241348615094255754559395293575E+00 0.17642307359365249676659501319285E+01
-0.24324319472094291680264995135930E+00 0.17694949595091214077269096268758E+01
-0.24406290496920301118873947143682E+00 0.17746969228831446685643117859595E+01
-0.24487259603433762226992638705029E+00 0.17798364441271861405327865750040E+01
-0.24567224724796014642365992698275E+00 0.17849133434842544376767757062740E+01
-0.24646183813811559999531109720017E+00 0.17899274433785278757792739432174E+01
-0.24724134843263397214451332776932E+00 0.17948785684220165548976454906290E+01
-0.24801075806240426801978913117242E+00 0.17997665454211355338496988090165E+01
-0.24877004716457248396105952318500E+00 0.18045912033831866408059962214872E+01
-0.24951919608566442909844019125943E+00 0.18093523735227524679189194390029E+01
-0.25025818538463532066470743647033E+00 0.18140498892679996769544291765100E+01
-0.25098699583584838607704894637864E+00 0.18186835862668936656509389878459E+01
-0.25170560843198321112554811931590E+00 0.18232533023933241388968555566892E+01
-0.25241400438687615986383304541659E+00 0.18277588777531415250332736769351E+01
-0.25311216513829389034119740812711E+00 0.18322001546901048931121294477770E+01
-0.25380007235064165084795678669259E+00 0.18365769777917407578113573931689E+01
-0.25447770791760773932288681248727E+00 0.18408891938951135664856755085599E+01
-0.25514505396474542512074171255095E+00 0.18451366520925077254293868302054E+01
-0.25580209285199371406821845500040E+00 0.18493192037370209625810299954714E+01
-0.25644880717613801120168602208492E+00 0.18534367024480696797718825687182E+01
-0.25708517977321226584215547356125E+00 0.18574890041168056114142891132782E+01
-0.25771119372084348303657880352592E+00 0.18614759669114448884462998243571E+01
-0.25832683234053966359895081811814E+00 0.18653974512825083792979185298565E+01
-0.25893207919992264005382978417164E+00 0.18692533199679743900842670228547E+01
-0.25952691811490652019264988839566E+00 0.18730434379983429850964003638104E+01
-0.26011133315182289987458246536425E+00 0.18767676727016126772131017463966E+01
-0.26068530862949374776365208410519E+00 0.18804258937081689050646841449704E+01
-0.26124882912125294644725913343862E+00 0.18840179729555846617870918309557E+01
-0.26180187945691761790422490837840E+00 0.18875437846933332565065546195985E+01
-0.26234444472470955299986520592414E+00 0.18910032054874132495407355217856E+01
-0.26287651027312827812268003804042E+00 0.18943961142248854133951793220560E+01
-0.26339806171277609822870559002998E+00 0.18977223921183219661604957609668E+01
-0.26390908491813601136645005761805E+00 0.19009819227101680109357752375700E+01
-0.26440956602930349636583761049267E+00 0.19041745918770150242111864214680E+01
-0.26489949145367251586242634107014E+00 0.19073002878337866456741877855702E+01
-0.26537884786757673426849494587810E+00 0.19103589011378366917539461944212E+01
-0.26584762221788660068540830587884E+00 0.19133503246929592155921722236401E+01
-0.26630580172356281532047348974156E+00 0.19162744537533109575880893620133E+01
-0.26675337387716690793431089444902E+00 0.19191311859272458232754812536088E+01
-0.26719032644632960099774174966033E+00 0.19219204211810616205449533404122E+01
-0.26761664747517744825540870929532E+00 0.19246420618426589675580734348255E+01
-0.26803232528571830782949847330043E+00 0.19272960126051123697584708201816E+01
-0.26843734847918622243482494896275E+00 0.19298821805301534352643200989539E+01
-0.26883170593734641634888396656589E+00 0.19324004750515661371075086853111E+01
-0.26921538682376053307536363404218E+00 0.19348508079784944773930878442009E+01
-0.26958838058501290979221191792682E+00 0.19372330934986619171840219003981E+01
-0.26995067695189829568589807374418E+00 0.19395472481815031465726306242950E+01
-0.27030226594057136004171327706744E+00 0.19417931909812078371579888074871E+01
-0.27064313785365854965309702211494E+00 0.19439708432396764346991773643924E+01
-0.27097328328133261504980932195610E+00 0.19460801286893880778809820141716E+01
-0.27129269310235025206797763023261E+00 0.19481209734561804386033247802495E+01
-0.27160135848505327986629047332898E+00 0.19500933060619416307839982380642E+01
-0.27189927088833355283029389090183E+00 0.19519970574272141082724510858842E+01
-0.27218642206256224817418026451600E+00 0.19538321608737104233277525838350E+01
-0.27246280405048354806960315304751E+00 0.19555985521267411095958772233058E+01
-0.27272840918807323598713320795096E+00 0.19572961693175543070977056930106E+01
-0.27298323010536251785665469760554E+00 0.19589249529855873862029460798998E+01
-0.27322725972722717704255637220628E+00 0.19604848460806304825450887991998E+01
-0.27346049127414260618831804650075E+00 0.19619757939649017793407260637787E+01
-0.27368291826290470962254940247130E+00 0.19633977444150347750982242746139E+01
-0.27389453450731724923492294752667E+00 0.19647506476239772552718094434149E+01
-0.27409533411884524766153587483400E+00 0.19660344562028022001617244419384E+01
-0.27428531150723629590598614995886E+00 0.19672491251824302584394862293256E+01
-0.27446446138110539940736741534794E+00 0.19683946120152645479915613840271E+01
-0.27463277874849674216200330861525E+00 0.19694708765767356842052834827174E+01
-0.27479025891738437541867469827607E+00 0.19704778811667629653623368643953E+01
-0.27493689749622224679817333555037E+00 0.19714155905111144996606154676496E+01
-0.27507269039422614857391293633722E+00 0.19722839717627159298271246143459E+01
-0.27519763382229737526465583737950E+00 0.19730829945027654283250361055818E+01
-0.27531172429199078183059279750154E+00 0.19738126307420612055521376231526E+01
-0.27538175359904863444393937893747E+00 0.19742604941237759729201125912923E+01
-0.27544695707792774352564245881001E+00 0.19746775006784667328378102286569E+01
-0.27550733391926832046467360704282E+00 0.19750636439138113653424324125328E+01
-0.27556288337344041536703736745034E+00 0.19754189178179917558266916202108E+01
-0.27561360475066523851717744230972E+00 0.19757433168597771900065901931091E+01
-0.27566191287473964654841461486776E+00 0.19760522847647204928633575475396E+01
-0.27571022299950906684649120073603E+00 0.19763612687058746478813985780102E+01
-0.27575853512513786131379453892912E+00 0.19766702686837598780947956901670E+01
-0.27580684925187382736546959013227E+00 0.19769792846988833569007765158743E+01
-0.27585516537970438033433815104379E+00 0.19772883167517929664110280511811E+01
-0.27580684925187382736546959013227E+00 0.19769792846988833569007765158743E+01
-0.27575853512513786131379453892912E+00 0.19766702686837598780947956901670E+01
-0.27571022299950906684649120073603E+00 0.19763612687058746478813985780102E+01
-0.27566191287473964654841461486776E+00 0.19760522847647204928633575475396E+01
-0.27561360475066523851717744230972E+00 0.19757433168597771900065901931091E+01
-0.27556288337344041536703736745034E+00 0.19754189178179917558266916202108E+01
-0.27550733391926832046467360704282E+00 0.19750636439138113653424324125328E+01
-0.27544695707792774352564245881001E+00 0.19746775006784667328378102286569E+01
-0.27538175359904863444393937893747E+00 0.19742604941237759729201125912923E+01
-0.27531172429199078183059279750154E+00 0.19738126307420612055521376231526E+01
-0.27519763382229737526465583737950E+00 0.19730829945027654283250361055818E+01
-0.27507269039422614857391293633722E+00 0.19722839717627159298271246143459E+01
-0.27493689749622224679817333555037E+00 0.19714155905111144996606154676496E+01
-0.27479025891738437541867469827607E+00 0.19704778811667629653623368643953E+01
-0.27463277874849674216200330861525E+00 0.19694708765767356842052834827174E+01
-0.27446446138110539940736741534794E+00 0.19683946120152645479915613840271E+01
-0.27428531150723629590598614995886E+00 0.19672491251824302584394862293256E+01
-0.27409533411884524766153587483400E+00 0.19660344562028022001617244419384E+01
-0.27389453450731724923492294752667E+00 0.19647506476239772552718094434149E+01
-0.27368291826290470962254940247130E+00 0.19633977444150347750982242746139E+01
-0.27346049127414260618831804650075E+00 0.19619757939649017793407260637787E+01
-0.27322725972722717704255637220628E+00 0.19604848460806304825450887991998E+01
-0.27298323010536251785665469760554E+00 0.19589249529855873862029460798998E+01
-0.27272840918807323598713320795096E+00 0.19572961693175543070977056930106E+01
-0.27246280405048354806960315304751E+00 0.19555985521267411095958772233058E+01
-0.27218642206256224817418026451600E+00 0.19538321608737104233277525838350E+01
-0.27189927088833355283029389090183E+00 0.19519970574272141082724510858842E+01
-0.27160135848505327986629047332898E+00 0.19500933060619416307839982380642E+01
-0.27129269310235025206797763023261E+00 0.19481209734561804386033247802495E+01
-0.27097328328133261504980932195610E+00 0.19460801286893880778809820141716E+01
-0.27064313785365854965309702211494E+00 0.19439708432396764346991773643924E+01
-0.27030226594057136004171327706744E+00 0.19417931909812078371579888074871E+01
-0.26995067695189829568589807374418E+00 0.19395472481815031465726306242950E+01
-0.26958838058501290979221191792682E+00 0.19372330934986619171840219003981E+01
-0.26921538682376053307536363404218E+00 0.19348508079784944773930878442009E+01
-0.26883170593734641634888396656589E+00 0.19324004750515661371075086853111E+01
-0.26843734847918622243482494896275E+00 0.19298821805301534352643200989539E+01
-0.26803232528571830782949847330043E+00 0.19272960126051123697584708201816E+01
-0.26761664747517744825540870929532E+00 0.19246420618426589675580734348255E+01
-0.26719032644632960099774174966033E+00 0.19219204211810616205449533404122E+01
-0.26675337387716690793431089444902E+00 0.19191311859272458232754812536088E+01
-0.26630580172356281532047348974156E+00 0.19162744537533109575880893620133E+01
-0.26584762221788660068540830587884E+00 0.19133503246929592155921722236401E+01
-0.26537884786757673426849494587810E+00 0.19103589011378366917539461944212E+01
-0.26489949145367251586242634107014E+00 0.19073002878337866456741877855702E+01
-0.26440956602930349636583761049267E+00 0.19041745918770150242111864214680E+01
-0.26390908491813601136645005761805E+00 0.19009819227101680109357752375700E+01
-0.26339806171277609822870559002998E+00 0.18977223921183219661604957609668E+01
-0.26287651027312827812268003804042E+00 0.18943961142248854133951793220560E+01
-0.26234444472470955299986520592414E+00 0.18910032054874132495407355217856E+01
-0.26180187945691761790422490837840E+00 0.18875437846933332565065546195985E+01
-0.26124882912125294644725913343862E+00 0.18840179729555846617870918309557E+01
-0.26068530862949374776365208410519E+00 0.18804258937081689050646841449704E+01
-0.26011133315182289987458246536425E+00 0.18767676727016126772131017463966E+01
-0.25952691811490652019264988839566E+00 0.18730434379983429850964003638104E+01
-0.25893207919992264005382978417164E+00 0.18692533199679743900842670228547E+01
-0.25832683234053966359895081811814E+00 0.18653974512825083792979185298565E+01
-0.25771119372084348303657880352592E+00 0.18614759669114448884462998243571E+01
-0.25708517977321226584215547356125E+00 0.18574890041168056114142891132782E+01
-0.25644880717613801120168602208492E+00 0.18534367024480696797718825687182E+01
-0.25580209285199371406821845500040E+00 0.18493192037370209625810299954714E+01
-0.25514505396474542512074171255095E+00 0.18451366520925077254293868302054E+01
-0.25447770791760773932288681248727E+00 0.18408891938951135664856755085599E+01
-0.25380007235064165084795678669259E+00 0.18365769777917407578113573931689E+01
-0.25311216513829389034119740812711E+00 0.18322001546901048931121294477770E+01
-0.25241400438687615986383304541659E+00 0.18277588777531415250332736769351E+01
-0.25170560843198321112554811931590E+00 0.18232533023933241388968555566892E+01
-0.25098699583584838607704894637864E+00 0.18186835862668936656509389878459E+01
-0.25025818538463532066470743647033E+00 0.18140498892679996769544291765100E+01
-0.24951919608566442909844019125943E+00 0.18093523735227524679189194390029E+01
-0.24877004716457248396105952318500E+00 0.18045912033831866408059962214872E+01
-0.24801075806240426801978913117242E+00 0.17997665454211355338496988090165E+01
-0.24724134843263397214451332776932E+00 0.17948785684220165548976454906290E+01
-0.24646183813811559999531109720017E+00 0.17899274433785278757792739432174E+01
-0.24567224724796014642365992698275E+00 0.17849133434842544376767757062740E+01
-0.24487259603433762226992638705029E+00 0.17798364441271861405327865750040E+01
-0.24406290496920301118873947143682E+00 0.17746969228831446685643117859595E+01
-0.24324319472094291680264995135930E+00 0.17694949595091214077269096268758E+01
-0.24241348615094255754559395293575E+00 0.17642307359365249676659501319285E+01
-0.24157380031006940536453607898067E+00 0.17589044362643379897839296424525E+01
-0.24072415843507292201676100959169E+00 0.17535162467521839300447165818348E+01
-0.23986458194489710598601675939605E+00 0.17480663558133024499907074317404E+01
-0.23899509243690397591344561465918E+00 0.17425549540074338735103511851018E+01
-0.23811571168300585371426377905069E+00 0.17369822340336123935031103837361E+01
-0.23722646162570367659491076412945E+00 0.17313483907228670801322404839225E+01
-0.23632736437402896856642021398468E+00 0.17256536210308311778822506589012E+01
-0.23541844219938677883932104603979E+00 0.17198981240302587176640545722744E+01
-0.23449971753129684602323618180807E+00 0.17140821009034484015629354290244E+01
-0.23357121295303057381498663832980E+00 0.17082057549345743883072073728198E+01
-0.23263295119713969303871035771246E+00 0.17022692915019229627344980356492E+01
-0.23168495514087520570887033002238E+00 0.16962729180700355493847579040074E+01
-0.23072724780149213365215618971947E+00 0.16902168441817569178223929352410E+01
-0.22975985233143713937432466694610E+00 0.16841012814501882610190653025059E+01
-0.22878279201341576768539985427174E+00 0.16779264435505446547189843887390E+01
-0.22779609025533570012223870793555E+00 0.16716925462119161259171793533247E+01
-0.22679977058512202366376476151662E+00 0.16653998072089321217112300972433E+01
-0.22579385664540078649145392268260E+00 0.16590484463533281391032766780884E+01
-0.22477837218804707199190135809533E+00 0.16526386854854143697246634560566E+01
-0.22375334106859295741081532647299E+00 0.16461707484654454472709421734396E+01
-0.22271878724049124488328031639335E+00 0.16396448611648901324808904200689E+01
-0.22167473474923048058415281646027E+00 0.16330612514576010188359847593700E+01
-0.22062120772629643963095368799139E+00 0.16264201492108824294297680801305E+01
-0.21955823038297488495570306527858E+00 0.16197217862764558181705098057088E+01
-0.21848582700399111545797409479532E+00 0.16129663964813228586792956912261E+01
-0.21740402194098042464537649958033E+00 0.16061542156185228102714100075468E+01
-0.21631283960578371302710207078864E+00 0.15992854814377858250367823085679E+01
-0.21521230446356365658324164481773E+00 0.15923604336360788347600531235076E+01
-0.21410244102573355229040359579929E+00 0.15853793138480440043253423012535E+01
-0.21298327384269381588715169353567E+00 0.15783423656363283202241161533985E+01
-0.21185482749636964949621858576999E+00 0.15712498344818022826026938089164E+01
-0.21071712659254182054968839292734E+00 0.15641019677736674196157551981066E+01
-0.20957019575296504967794288325028E+00 0.15568990147994502473754090145208E+01
-0.20841405960726453196133956270568E+00 0.15496412267348805949711316700823E+01
-0.20724874278460481184941462613636E+00 0.15423288566336547881293715395970E+01
-0.20607426990512158099748743620506E+00 0.15349621594170787425507096377945E+01
-0.20489066557110785588556619334226E+00 0.15275413918635922559208490123093E+01
-0.20369795435794666538072616999034E+00 0.15200668125981700433395807304376E+01
-0.20249616080477978949063452714913E+00 0.15125386820815984679069934846819E+01
-0.20128530940490352674575153993503E+00 0.15049572625996263249400660346528E+01
-0.20006542459588093537787134193549E+00 0.14973228182519857562777712588303E+01
-0.19883653074936036371341946456808E+00 0.14896356149412823687981593796746E+01
-0.19759865216058849103114854224952E+00 0.14818959203617508055485134888748E+01
-0.19635181303760714116970789734673E+00 0.14741040039878734442488709404759E+01
-0.19509603749012098256975560581910E+00 0.14662601370628600478410385706104E+01
-0.19383134951802289325128267803505E+00 0.14583645925869828083495729408298E+01
-0.19255777299956587066491666958557E+00 0.14504176453057671972258446044059E+01
-0.19127533167916389550918457400324E+00 0.14424195716980313468585644578964E+01
-0.18998404915481115270208880263435E+00 0.14343706499637729624695228928225E+01
-0.18868394886510054331293442874466E+00 0.14262711600118988077456355648267E+01
-0.18737505407582815126021822830057E+00 0.14181213834477924195769929061738E+01
-0.18605738786616521907181815564907E+00 0.14099216035607163386324829310525E+01
-0.18473097311437999827577598114193E+00 0.14016721053110438237489052683420E+01
-0.18339583248309202436794522045467E+00 0.13933731753173150644218232900439E+01
-0.18205198840403783091040881583705E+00 0.13850251018431133757700841779324E+01
-0.18069946306232830197736072539467E+00 0.13766281747837546314289085626351E+01
-0.17933827838017606207763767179636E+00 0.13681826856527856037791872570470E+01
-0.17796845600007031600313573269121E+00 0.13596889275682838968106175658072E+01
-0.17659001726737529580911806836791E+00 0.13511471952389533691781024989927E+01
-0.17520298321232654567427305909290E+00 0.13425577849500083378644991721344E+01
-0.17380737453140025464438537413584E+00 0.13339209945488385385634764571259E+01
-0.17240321156802637136357051409456E+00 0.13252371234304477139082089098069E+01
-0.17099051429261704645630070122797E+00 0.13165064725226576963434383951330E+01
-0.16956930228188003312369411839170E+00 0.13077293442710672973644612019591E+01
-0.16813959469738318254886027456094E+00 0.12989060426237606115000919067049E+01
-0.16670141026333841561899539527101E+00 0.12900368730157495320966199501313E+01
-0.16525476724356587976305351575642E+00 0.12811221423531450285090517331260E+01
-0.16379968341760383720681687326758E+00 0.12721621589970425847989402710475E+01
-0.16233617605592161522179282236365E+00 0.12631572327471110251151765242743E+01
-0.16086426189419444890432521688702E+00 0.12541076748248725957975294821904E+01
-0.15938395710659559500661122022143E+00 0.12450137978566593543323049539484E+01
-0.15789527727805817898153368218768E+00 0.12358759158562335364813098877130E+01
-0.15639823737545724154838374356955E+00 0.12266943442070545948831304987337E+01
-0.15489285171765922143015717120703E+00 0.12174693996441774462351870300654E+01
-0.15337913394438322799974436668632E+00 0.12082014002357656784588247267630E+01
-0.15185709698381414693855511029691E+00 0.11988906653641984416989848277757E+01
-0.15032675301890730670229230793363E+00 0.11895375157067549682917631836242E+01
-0.14878811345231581731430562594419E+00 0.11801422732158517567524002639631E+01
-0.14724118886987227628464631415741E+00 0.11707052610988128448120115111397E+01
-0.14568598900255047498480260523377E+00 0.11612268037971481329815619699051E+01
-0.14412252268682672649720768580375E+00 0.11517072269653134881197074759780E+01
-0.14255079782335939800075424078947E+00 0.11421468574489260777828967249964E+01
-0.14097082133389492948020880543182E+00 0.11325460232624051211172332104115E+01
-0.13938259911630857943272395549126E+00 0.11229050535660062170328935977089E+01
-0.13778613599767848979187802837654E+00 0.11132242786422170514475842544285E+01
-0.13618143568528490495727856319327E+00 0.11035040298714757155176887846330E+01
-0.13456850071542388653922199004095E+00 0.10937446397071763962823132930106E+01
-0.13294733239991163756719803136491E+00 0.10839464416499178493704371429334E+01
-0.13131793077015233392935567144091E+00 0.10741097702209516381546668198688E+01
-0.12968029451863186808314481942652E+00 0.10642349609347826846591056547812E+01
-0.12803442093769044571070644638297E+00 0.10543223502708693513522793860449E+01
-0.12638030585541825957989076625188E+00 0.10443722756443691074393601284498E+01
-0.12471794356850720156486244953244E+00 0.10343850753758698445660246088971E+01
-0.12304732677188031505899583538496E+00 0.10243610886600424402617270074308E+01
-0.12136844648490800049108823495320E+00 0.10143006555331466457551634821398E+01
-0.11968129197400762651340558790056E+00 0.10042041168393149946761513072601E+01
-0.11798585067140788336922101571052E+00 0.99407181419553523733294414035749E+00
-0.11628210808984360171508193106836E+00 0.98390408995524454222474439780629E+00
-0.11457004773293083704195934263923E+00 0.97370128717044208114633257664864E+00
-0.11284965100095352774254442588429E+00 0.96346374955221941681690345518888E+00
-0.11112089709177214801552536434876E+00 0.95319182142959804020082711657863E+00
-0.10938376289654439755580913815259E+00 0.94288584770655781730643107254179E+00
-0.10763822288992592401348668108503E+00 0.93254617381712661009154645131507E+00
-0.10588424901438994493510199466758E+00 0.92217314567839267906602739386109E+00
-0.10412181055828176176503191619271E+00 0.91176710964128933424402277396863E+00
-0.10235087402719065339338181050927E+00 0.90132841243898710768033606380421E+00
-0.10057140300819125177319375529841E+00 0.89085740113271688072655051750672E+00
-0.98783358026469379146447766741562E-01 0.88035442305482909714820363220668E+00
-0.96986696393809250153281709645201E-01 0.86981982574887810783708028383340E+00
-0.95181372048377199161526117402672E-01 0.85925395690650322794778392479691E+00
-0.93367335385188700382144821933991E-01 0.84865716430085332063115292762508E+00
-0.91544533076596186762630379886415E-01 0.83802979571628332330069044505773E+00
-0.89712907882079946852866752120706E-01 0.82737219887402251241242552894048E+00
-0.87872398446559872280887995768620E-01 0.81668472135348511629905411567088E+00
-0.86022939086384757302071579425484E-01 0.80596771050886911165987424809068E+00
-0.84164459562073550443931384590291E-01 0.79522151338064361366306349923672E+00
-0.82296884836811437623168668538227E-01 0.78444647660149872277681556571210E+00
-0.80420134819604230071306346320164E-01 0.77364294629627974819666317230894E+00
-0.78534124091902826413528059261672E-01 0.76281126797538489065987011668107E+00
-0.76638761616396954472606125099236E-01 0.75195178642105165081731046696554E+00
-0.74733950426555611695122323532952E-01 0.74106484556589697763361437807457E+00
-0.72819587295360400183884672972849E-01 0.73015078836301238566146272102550E+00
-0.70895562381525602654878616802007E-01 0.71920995664683869051495167722423E+00
-0.68961758851336406341213427399816E-01 0.70824269098396391503769913526220E+00
-0.67018052474050982618970017510808E-01 0.69724933051289545851394025269535E+00
-0.65064311188607718617942503583700E-01 0.68623021277175093915071897126762E+00
-0.63100394639150160573149763234998E-01 0.67518567351269772388536228343207E+00
-0.61126153676625300192717228982550E-01 0.66411604650183426781561016098754E+00
-0.59141429823427227964635370831465E-01 0.65302166330306196273298512318982E+00
-0.57146054697733392148954259011208E-01 0.64190285304432112040093160807807E+00
-0.55139849393822782827421322141756E-01 0.63075994216437732669384430959173E+00
-0.53122623814258430983903013661339E-01 0.61959325413812189631506574837944E+00
-0.51094175949358973292225619912096E-01 0.60840310917810568968088443440720E+00
-0.49054291098867138218599654919442E-01 0.59718982390973959688191394609433E+00
-0.47002741030137835919897191286642E-01 0.58595371101727249233310605108002E+00
-0.44939283066505871481394982281347E-01 0.57469507885728715944192616704005E+00
-0.42863659098739464016819310587757E-01 0.56341423103602975248197339153955E+00
-0.40775594511625673197188992946605E-01 0.55211146594639932102786243876910E+00
-0.38674797016757917529875014892091E-01 0.54078707625986071405966371962586E+00
-0.36560955381471116869272292618390E-01 0.52944134836789449568771700295108E+00
-0.34433738042588019757683870922225E-01 0.51807456176684222216048380929860E+00
-0.32292791592162810282883139468244E-01 0.50668698837913106334772274850209E+00
-0.30137739120704619602825286821535E-01 0.49527889180284362017197554676757E+00
-0.27968178401398998828583583519145E-01 0.48385052648040675725965423839142E+00
-0.25783679896565605342305487795672E-01 0.47240213677578282645676147699289E+00
-0.23583784564941647802071236881242E-01 0.46093395594790839907717084755818E+00
-0.21368001445295327670784987306916E-01 0.44944620500619909379155807516626E+00
-0.19135804988264317495710927685310E-01 0.43793909143166046230848364919520E+00
-0.16886632104080801009230282687889E-01 0.42641280774444303215025187296083E+00
-0.14619878888861805447042845982841E-01 0.41486752989546396714593593637940E+00
-0.12334896986258184629484104026668E-01 0.40330341545587450818960377508079E+00
-0.10030989534277914484724470127235E-01 0.39172060157354953718438167379407E+00
-0.77074066387893099273540402990175E-02 0.38011920266022435175671611897160E+00
-0.53633403052858877951479915928117E-02 0.36849930776620054094888000432360E+00
-0.29979187485739155375046410930822E-02 0.35686097759139608745645377986798E+00
-0.61019998567488056250177637625762E-03 0.34520424107157556254860461861586E+00
0.18008354001749154621082538005075E-02 0.33352909146641062119849214448328E+00
0.42362924577464595747229865596617E-02 0.32183548186099831383664756717235E+00
0.66973711875309212430788763625555E-02 0.31012331997385060417648868471888E+00
0.91853771741607061002447939229052E-02 0.29839246214116622364892955562463E+00
0.11701733762318851550224982453047E-01 0.28664270631809744828489996292907E+00
0.14247996056217089186242561787244E-01 0.27487378390100287361604118327000E+00
0.16825867084581656042721514913905E-01 0.26308535012800365501503394786878E+00
0.19437216551239249606795640265427E-01 0.25127697275541750408675429516476E+00
0.22084102690913317299816315053611E-01 0.23944811863056830564002125353799E+00
0.24768797877587553818652764028247E-01 0.22759813768119910808269246967897E+00
0.27493818798221627208772464033667E-01 0.21572624371011847991472814300020E+00
0.30261962220868397232209449459693E-01 0.20383149120932702075241909862285E+00
0.33076347671839968863100833211653E-01 0.19191274717441623956935283574985E+00
0.35940468717932886540555166174895E-01 0.17996865658400240504427923313701E+00
0.38858255065098068048896264196503E-01 0.16799759977598296669107657145060E+00
0.41834148390649086920200317348308E-01 0.15599763935142482177454355748145E+00
0.44873195806530807346074373049866E-01 0.14396645339080558302407340275743E+00
0.47981166235445133459396642957724E-01 0.13190125055760370742559830067039E+00
0.51164696972237699065729531499791E-01 0.11979866090518980987901582869154E+00
0.54431480627634433476123350640992E-01 0.10765459359808663431033202082742E+00
0.57790507066024817921856987412058E-01 0.95464048826363274369841210228565E-01
0.61252381880275212747335418582194E-01 0.83220865146991434369576928351003E-01
0.64829754710990860078034280641303E-01 0.70917374130085665158950382425733E-01
0.68537916196736343483770522111529E-01 0.58543920872381725870374936606532E-01
0.72395820926293190683435831112237E-01 0.46088236087500429209044010364566E-01
0.77253867994869042636258458566066E-01 0.31009147813497293890732675193198E-01
0.82414920508268939446621747206796E-01 0.15750175312856268620246022367375E-01
0.87950202155620369070644120512528E-01 0.25450682569520262511571466884018E-03
0.93966897923853373274513070864368E-01 -0.15564725444301622389968278169767E-01
0.10063109963732881239783199801954E+00 -0.31853566459962692508383075885089E-01
0.10781255268865507597722844069599E+00 -0.47977273958747142731367811590816E-01
0.11524241059440500178900443517032E+00 -0.63139277242129413879928643609406E-01
0.12295192241614824170200707087067E+00 -0.77326024231898076088558571557022E-01
0.13088060127331142514127870486564E+00 -0.90589654861569409486216500553256E-01
0.13947539417516109367398992360726E+00 -0.10266842331029810899220985031050E+00
0.13396986645648870028343565156139E+00 -0.11642289763629779793743494110374E+00
0.12914626879242564272438168816938E+00 -0.13107895751560281983180038985923E+00
0.12485583212872970210893505325456E+00 -0.14660821576870815171172630045144E+00
0.12108511244561421290468006694553E+00 -0.16301411758271023151089904691010E+00
0.11777985191698866193672635436482E+00 -0.18028151541475643383193193190416E+00
0.11502514131119941289609672033291E+00 -0.19757598113563211573999929389620E+00
0.11279913987858273142480032629585E+00 -0.21425272436627081095817431601690E+00
0.11097058380054756945760380966875E+00 -0.23049163369970915704421223750451E+00
0.10945490695341941183651971587631E+00 -0.24640192178837625811424035484762E+00
0.10819315098660066549158933322807E+00 -0.26205508116720309122526536198034E+00
0.10730574210144596184899831507464E+00 -0.27493916225737476499626266408236E+00
0.10654451764859405926549150316284E+00 -0.28770017531310964867879854276732E+00
0.10589560126000405818720704317884E+00 -0.30035456580022877999480751547351E+00
0.10534575871305549775047146950758E+00 -0.31291523593384351085349121045578E+00
0.10488452246398272631405852320508E+00 -0.32539258180567074729593258077538E+00
0.10450285052036751300376503506639E+00 -0.33779505131058644494962538454989E+00
0.10419308449578957638807322983721E+00 -0.35012959271154898667782389065132E+00
0.10394860289181625052353678148491E+00 -0.36240197023892898935340503999229E+00
0.10376365963365575997421301884448E+00 -0.37461700388325986973240800204297E+00
0.10363322398092017053971657198852E+00 -0.38677875063158450463789230214459E+00
0.10355286567845413965284090438817E+00 -0.39889064454797951630150265329158E+00
0.10351865951805900690581424957360E+00 -0.41095560616939417297944208932285E+00
0.10352710956107863793605403419938E+00 -0.42297612902335043878670264589753E+00
0.10357508696736257551397490128552E+00 -0.43495434876233573000019895713214E+00
0.10365977900148077994090539302630E+00 -0.44689209894729408503793232356847E+00
0.10377864670630542896402336590701E+00 -0.45879095645585268322648005965131E+00
0.10392938955815986079251081170651E+00 -0.47065227874499370325211451802364E+00
0.10410991573058646052025023465439E+00 -0.48247723465780394539136011978626E+00
0.10431831692284493602054606561621E+00 -0.49426683006858641473658311181830E+00
0.10455284692480685255380104913009E+00 -0.50602192936777860940150651760176E+00
0.10481190326430153617527106439335E+00 -0.51774327356864936397252407527940E+00
0.10509401141337496628712305926719E+00 -0.52943149565163701030237556179342E+00
0.10539781113212827773107258307977E+00 -0.54108713363522561486422339895713E+00
0.10572204460830453102598114093073E+00 -0.55271064176435700010326553001766E+00
0.10606554611355803305785789153474E+00 -0.56430240013125681530272919597996E+00
0.10642723294713119771237264399005E+00 -0.57586272298390271810190613670151E+00
0.10680609747747360487449890177546E+00 -0.58739186593028107831034863150529E+00
0.10720120012438220455351264986137E+00 -0.59889003220916115073933576360822E+00
0.10761166315018276645311686081755E+00 -0.61035737816818196916550957586738E+00
0.10803666514960853057785141440461E+00 -0.62179401806596066381965782239372E+00
0.10847543614533937556046609440347E+00 -0.63320002829543228283251162538268E+00
0.10892725321041829425707541888858E+00 -0.64457545110976555714401276487236E+00
0.10939143655055372780675624160609E+00 -0.65592029791921591594794560298109E+00
0.10986734598911971589371908366574E+00 -0.66723455221660826387800588914838E+00
0.11035437780585348043559251654479E+00 -0.67851817218032923381667670434521E+00
0.11085196188711454847652387134595E+00 -0.68977109299639647539004445687528E+00
0.11135955915134996107143831359289E+00 -0.70099322893508327011383335256705E+00
0.11187665921829777540304874730591E+00 -0.71218447521248289425013513350341E+00
0.11240277829460479388960954257326E+00 -0.72334470966311713753475723900057E+00
0.11293745725206419373639010109682E+00 -0.73447379424609287534671659900334E+00
0.11348025987769354884037555560055E+00 -0.74557157640425682010245867434199E+00
0.11403077127745783036522547075745E+00 -0.75663789029321543120809376658556E+00
0.11458859641766068076754094062006E+00 -0.76767255789488210649335077917484E+00
0.11515335878994465844008332755069E+00 -0.77867539002833316136931593760111E+00
0.11572469918749620837589662780803E+00 -0.78964618726914377640765297625302E+00
0.11630227458148382220516057550058E+00 -0.80058474078698910779868038896988E+00
0.11688575708801023827067016975873E+00 -0.81149083311010498042691690598793E+00
0.11747483301694216656067784751080E+00 -0.82236423882417360687000229298619E+00
0.11806920199493540055762082787875E+00 -0.83320472521230423283457922061636E+00
0.11866857615580089639152831491013E+00 -0.84401205284200975421743875601786E+00
0.11927267939209072514859518357663E+00 -0.85478597610440212822755356875440E+00
0.11988124666242303347911920261501E+00 -0.86552624371024505716079956838261E+00
0.12049402334963215862324400347265E+00 -0.87623259914698760639686198624884E+00
0.12111076466532900738077095174456E+00 -0.88690478110045107080220681468681E+00
0.12173123509690054467952956346021E+00 -0.89754252384445136641858128871908E+00
0.12235520789336762703489449671713E+00 -0.90814555760128512804120536452248E+00
0.12298246458687075537911110574067E+00 -0.91871360887570731701870328957795E+00
0.12361279454686296323456674253189E+00 -0.92924640076475470956905979980599E+00
0.12424599456436397503804401050100E+00 -0.93974365324553050329127796194115E+00
0.12488186846387779501185534634002E+00 -0.95020508344285705724967110400608E+00
0.12552022674079887194967511899014E+00 -0.96063040587850758752786745071243E+00
0.12616088622232352313723045370183E+00 -0.97101933270357161934605673208233E+00
0.12680366975006900239039138070955E+00 -0.98137157391534833266744845439436E+00
0.12744840588275417863447913350214E+00 -0.99168683756003775211089377862811E+00
0.12809492861744538106705642864755E+00 -0.10019648299223767853556851441369E+01
0.12874307712799611168737786682597E+00 -0.10122052557032606550022936089524E+01
0.12939269551942836536736347789351E+00 -0.10224078181862976234780971255767E+01
0.13004363259710817379427959621277E+00 -0.10325722193941568156240083790957E+01
0.13069574164966207631869424014647E+00 -0.10426981602354924980835503035649E+01
0.13134888024467000390381327244393E+00 -0.10527853406431613571444616499343E+01
0.13200291003624627144148635102253E+00 -0.10628334597043836088060983657883E+01
0.13265769658369260747531407402072E+00 -0.10728422157834450718060565556367E+01
0.13331310918047209494604270598661E+00 -0.10828113066374849583517010475750E+01
0.13396902069281060901641761545670E+00 -0.10927404295258702605144577216761E+01
0.13462530740728733192929860658235E+00 -0.11026292813136132999045502902474E+01
0.13528184888682427213842493889026E+00 -0.11124775585692533060271249702396E+01
0.13593852783452899827258387871982E+00 -0.11222849576575878112160690527277E+01
0.13659522996488735790076116474016E+00 -0.11320511748276097322388953008911E+01
0.13725184388183719199000932442045E+00 -0.11417759062959749169090634001437E+01
0.13790826096329240384415031839436E+00 -0.11514588483263030112153980043265E+01
0.13856437525171453614083544507009E+00 -0.11610996973045876027103991803274E+01
0.13922008335036023179996041531170E+00 -0.11706981498109724657855334905162E+01
0.13987528432485793613707499463232E+00 -0.11802539026881299918309322623541E+01
0.14052987960979245503111216216665E+00 -0.11897666531064597984866013769779E+01
0.14118377291999852017101930237110E+00 -0.11992360986263110683579435946742E+01
0.14183687016628386246128573051288E+00 -0.12086619372574137756288196827652E+01
0.14248907937532295256177211348183E+00 -0.12180438675156942350384449292644E+01
0.14314031061347895238657044650496E+00 -0.12273815884776346560516146871491E+01
0.14379047591432839515411793344205E+00 -0.12366747998323243441326783266806E+01
0.14443948920967769487742999312904E+00 -0.12459232019313460468224176050804E+01
0.14508726626387382443137342686692E+00 -0.12551264958366189356077767444793E+01
0.14573372461122652447462842671231E+00 -0.12642843833663251605241581996306E+01
0.14637878349636765873982426992542E+00 -0.12733965671390263692500348026745E+01
0.14702236381738895163913294775546E+00 -0.12824627506160756910394714808958E+01
0.14766438807160440838878395866762E+00 -0.12914826381424227741406915719654E+01
0.14830478030379812619456537757719E+00 -0.13004559349858996192048371525681E+01
0.14894346605682308583974466143033E+00 -0.13093823473750739129155719482943E+01
0.14958037232442718716736493240196E+00 -0.13182615825357469690533828822171E+01
0.15021542750618961594332652872334E+00 -0.13270933487261685977553837237352E+01
0.15084856136445673128555970971095E+00 -0.13358773552710405670970199985656E+01
0.15147970498317572085102432825554E+00 -0.13446133125943690359115880499211E+01
0.15210879072852692636488392193130E+00 -0.13533009322512288885824126623078E+01
0.15273575221126511527794733242860E+00 -0.13619399269584945012068056897404E+01
0.15336052425068319440347779141658E+00 -0.13705300106245900156819432861234E+01
0.15398304284011640836489167305215E+00 -0.13790708983783087896861877167536E+01
0.15460324511391184081354788665587E+00 -0.13875623065967474811997098713352E+01
0.15522106931579058253731064756715E+00 -0.13960039529323989601726214533442E+01
0.15583645476853453412475870519084E+00 -0.14043955563394443644647880095971E+01
0.15644934184493397127245147803536E+00 -0.14127368370992824451349761306996E+01
0.15705967193993529132880455091590E+00 -0.14210275168453327384767629813283E+01
0.15766738744393157190955917987159E+00 -0.14292673185871456028995412597263E+01
0.15827243171714187610456232472769E+00 -0.14374559667338514970778786432969E+01
0.15887474906502831367266169466668E+00 -0.14455931871169793012739866901327E+01
0.15947428471470253010627161341086E+00 -0.14536787070126714446930549506278E+01
0.16007098479227551630914784523688E+00 -0.14617122551633231093334273688502E+01
0.16066479630110767787497251818951E+00 -0.14696935617986698216785140802383E+01
0.16125566710091852636884508909027E+00 -0.14776223586563472452123255758922E+01
0.16184354588771587897142930777630E+00 -0.14854983790019458677086568317357E+01
0.16242838217450881338992208481061E+00 -0.14933213576485801170120538369291E+01
0.16301012627276943519637232099298E+00 -0.15010910309759941883089747902119E+01
0.16358872927460904300326964702101E+00 -0.15088071369492201614383920044988E+01
0.16416414303563902268909039425786E+00 -0.15164694151368086291043968687161E+01
0.16473632015848473595047805117709E+00 -0.15240776067286477325256961275383E+01
0.16530521397692540695474286075821E+00 -0.15316314545533851603576145227367E+01
0.16587077854063241696670007937592E+00 -0.15391307030954701739740728859383E+01
0.16643296860048015380672526193420E+00 -0.15465750985118279049895187125551E+01
0.16699173959440597291587675793040E+00 -0.15539643886481798473948745501890E+01
0.16754704763379453376928579763762E+00 -0.15612983230550248194717408031322E+01
0.16809884949036620358591344019231E+00 -0.15685766530032881236730834171180E+01
0.16864710258354689877801724630528E+00 -0.15757991314996561703875875437619E+01
0.16919176496830072660271464960486E+00 -0.15829655133016014445067614217425E+01
0.16973279532340539598094325475657E+00 -0.15900755549321119733859519630293E+01
0.17027015294015267560296943557468E+00 -0.15971290146941336886378322642956E+01
0.17080379771145653799728530528053E+00 -0.16041256526847340194594479166181E+01
0.17133369012135251902981110087486E+00 -0.16110652308089969634587876530592E+01
0.17185979123487260330062499984301E+00 -0.16179475127936563581084823626788E+01
0.17238206268828024335781103093921E+00 -0.16247722642004762706853558327015E+01
0.17290046667965177663721805672675E+00 -0.16315392524393855151242852692698E+01
0.17341496595979019561847918285367E+00 -0.16382482467813731326239828495417E+01
0.17392552382345827723374883210675E+00 -0.16448990183711521684487656025406E+01
0.17443210410091862765832664932077E+00 -0.16514913402395970535750370885392E+01
0.17493467114976856325891177831657E+00 -0.16580249873159621026557998541434E+01
0.17543318984705909854703809924321E+00 -0.16644997364398854758718381887578E+01
0.17592762558168597469235955597834E+00 -0.16709153663731848699822863892306E+01
0.17641794424704357173374407305471E+00 -0.16772716578114498647744097247864E+01
0.17690411223393078311052244993220E+00 -0.16835683933954363336146404862599E+01
0.17738609642369993411972451483480E+00 -0.16898053577222667198554335670135E+01
0.17786386418163944647218515646272E+00 -0.16959823373564414951197882863598E+01
0.17833738335058125942358682896442E+00 -0.17020991208406656427366386166015E+01
0.17880662224472517330666548116303E+00 -0.17081554987064947194072587297113E+01
0.17927154964367160504376579336832E+00 -0.17141512634848033808955798487402E+01
0.17973213478665535569264847901598E+00 -0.17200862097160811508646381776948E+01
0.18018834736697325257302833608578E+00 -0.17259601339605585251266721304887E+01
0.18064015752659795483454474543302E+00 -0.17317728348081662771756744450321E+01
0.18108753585097195328765240208977E+00 -0.17375241128883320648489470265785E+01
0.18153045336397480622881781333234E+00 -0.17432137708796167831598394967945E+01
0.18196888152305745341104843628069E+00 -0.17488416135191932112611925700016E+01
0.18240279221453811179717684170353E+00 -0.17544074476121713621927056532982E+01
0.18283215774905295945616328747119E+00 -0.17599110820407704491478155323324E+01
0.18325695085715798235356829827872E+00 -0.17653523277733430345976414869792E+01
0.18367714468507416520600876611621E+00 -0.17707309978732513020946488254899E+01
0.18409271279057369848047929589332E+00 -0.17760469075075990890133019354067E+01
0.18450362913900044083030771633993E+00 -0.17812998739558215502466836065834E+01
0.18490986809942052821959708130992E+00 -0.17864897166181341190642297168660E+01
0.18531140444089895852151650389419E+00 -0.17916162570238438815792300607501E+01
0.18570821332889759140455337322710E+00 -0.17966793188395235566787787516823E+01
0.18610027032179036403392851817899E+00 -0.18016787278770515194439132461697E+01
0.18648755136749200432441084166731E+00 -0.18066143121015187736394937814345E+01
0.18687003280019612570769893724548E+00 -0.18114859016390045260272829747121E+01
0.18724769133721929435853833925193E+00 -0.18162933287842224410558874495770E+01
0.18762050407594737652201341191466E+00 -0.18210364280080382454155397573141E+01
0.18798844849088101726057047228355E+00 -0.18257150359648612494582521554670E+01
0.18835150243077645032491386236184E+00 -0.18303289914999101139298523698626E+01
0.18870964411587926560963846336086E+00 -0.18348781356563546300270769017931E+01
0.18906285213524732365397917080755E+00 -0.18393623116823350499919791761311E+01
0.18941110544416080692094613393167E+00 -0.18437813650378595926686206035547E+01
0.18975438336161546978850739634560E+00 -0.18481351434015817031148549370918E+01
0.19009266556789751055125463064112E+00 -0.18524234966774580261247008082517E+01
0.19042593210223692304307213892979E+00 -0.18566462770012879276222947944006E+01
0.19075416336053670585781044977628E+00 -0.18608033387471362125294593338895E+01
0.19107734009317591569889650060766E+00 -0.18648945385336390369352024993744E+01
0.19139544340288407135780596547113E+00 -0.18689197352301949087552947429128E+01
0.19170845474268460282016300178254E+00 -0.18728787899630409564184516767166E+01
0.19201635591390528165335608024932E+00 -0.18767715661212155850725138072637E+01
0.19231912906425373285866733198339E+00 -0.18805979293624084041084748134936E+01
0.19261675668595569548117501657590E+00 -0.18843577476186979261805951836991E+01
0.19290922161395438077127950391921E+00 -0.18880508911021779486613928113110E+01
0.19319650702416908175102024084396E+00 -0.18916772323104734622371945791449E+01
0.19347859643181107416860096599770E+00 -0.18952366460321463200201823474493E+01
0.19375547368975530247732840090766E+00 -0.18987290093519917356260862450036E+01
0.19402712298696612327280428873394E+00 -0.19021542016562259917131951498344E+01
0.19429352884697543552524168321577E+00 -0.19055121046375661218501128953510E+01
0.19455467612641183148082431127116E+00 -0.19088026023002017797648067687726E+01
0.19481055001357916582671079277205E+00 -0.19120255809646602307582518550818E+01
0.19506113602708338381656669026200E+00 -0.19151809292725648363498591232282E+01
0.19530642001450560959845326654162E+00 -0.19182685381912873273776226990944E+01
0.19554638815112114221542807085322E+00 -0.19212883010184945971657590256447E+01
0.19578102693866217969910810978563E+00 -0.19242401133865903408903598022037E+01
0.19601032320412364585385780271486E+00 -0.19271238732670519514073094112581E+01
0.19623426409861073350406871883902E+00 -0.19299394809746631164774767028168E+01
0.19645283709622694994861912848438E+00 -0.19326868391716425044958646488887E+01
0.19666602999300187670496628126138E+00 -0.19353658528716688438395765597896E+01
0.19687383090585722760363497219536E+00 -0.19379764294438029122666102845655E+01
0.19707622827161052466908424797537E+00 -0.19405184786163064887484634564190E+01
0.19727321084601532969695895573107E+00 -0.19429919124803589454046353809465E+01
0.19746476770283685032940210108457E+00 -0.19453966454936714840096220549626E+01
0.19765088823296258898856202728581E+00 -0.19477325944839994493622959775168E+01
0.19783156214354660238450844577296E+00 -0.19499996786525530614360056261592E+01
0.19800677945718687255340939963697E+00 -0.19521978195773065852060091345399E+01
0.19817653051113502623957892652720E+00 -0.19543269412162065429430497957531E+01
0.19834080595653742441236199328648E+00 -0.19563869699102788677221985936239E+01
0.19849959675770715475644827829109E+00 -0.19583778343866354766478077736190E+01
0.19865289419142602664073212494893E+00 -0.19602994657613803415979649768388E+01
0.19880068984627609179926127179880E+00 -0.19621517975424153239273237180807E+01
0.19894297562199989177168033072682E+00 -0.19639347656321459769600012712542E+01
0.19907974372888894709372102173985E+00 -0.19656483083300874232238490898985E+01
0.19921098668719987361070327801486E+00 -0.19672923663353706027936227913483E+01
0.19933669732659757915721509460868E+00 -0.19688668827491489903357445481441E+01
0.19945686878562497667755964365385E+00 -0.19703718030769059119493550136356E+01
0.19957149451119880810112473015858E+00 -0.19718070752306627008575304375792E+01
0.19968056825813102093296194746799E+00 -0.19731726495310877350511671180796E+01
0.19978408408867530842513127704494E+00 -0.19744684787095065967773836975318E+01
0.19988203637209832900324718044298E+00 -0.19756945179098133480674389339349E+01
0.19997441978427529699151197105937E+00 -0.19768507246902831981607527189950E+01
0.20006122930730944017411887480591E+00 -0.19779370590252865113373908599072E+01
0.20014246022917510360292867706071E+00 -0.19789534833069043994041892302754E+01
0.20021810814338401426019216863556E+00 -0.19798999623464459003359669241217E+01
0.20028816894867440591750299148333E+00 -0.19807764633758668905993182822471E+01
0.20035263884872208673530598101323E+00 -0.19815829560490908524864585946072E+01
0.20041151435186085488283644333829E+00 -0.19823194124432325312365325446131E+01
0.20044765510267112348404513493899E+00 -0.19827714616370307158611570666203E+01
0.20048130716269957847961789609684E+00 -0.19831923652567651612711590207886E+01
0.20051246972292178917530193028606E+00 -0.19835821168253075012775494911349E+01
0.20054114203415978639090825927114E+00 -0.19839407103448664873287349187679E+01
0.20056732340730405866233789818437E+00 -0.19842681402970756401264520704156E+01
0.20059226009502695762496684779712E+00 -0.19845799947454976389454294468983E+01
0.20061719877934278836113852466867E+00 -0.19848918651932314543769285240180E+01
0.20064213946013140609166618710937E+00 -0.19852037516408486254912864831492E+01
0.20066708213727122362324751578110E+00 -0.19855156540889207891075824707578E+01
0.20069202681064226462446976804026E+00 -0.19858275725380194415348325417499E+01
0.20066708213727122362324751578110E+00 -0.19855156540889207891075824707578E+01
0.20064213946013140609166618710937E+00 -0.19852037516408486254912864831492E+01
0.20061719877934278836113852466867E+00 -0.19848918651932314543769285240180E+01
0.20059226009502695762496684779712E+00 -0.19845799947454976389454294468983E+01
0.20056732340730405866233789818437E+00 -0.19842681402970756401264520704156E+01
0.20054114203415978639090825927114E+00 -0.19839407103448664873287349187679E+01
0.20051246972292178917530193028606E+00 -0.19835821168253075012775494911349E+01
0.20048130716269957847961789609684E+00 -0.19831923652567651612711590207886E+01
0.20044765510267112348404513493899E+00 -0.19827714616370307158611570666203E+01
0.20041151435186085488283644333829E+00 -0.19823194124432325312365325446131E+01
0.20035263884872208673530598101323E+00 -0.19815829560490908524864585946072E+01
0.20028816894867440591750299148333E+00 -0.19807764633758668905993182822471E+01
0.20021810814338401426019216863556E+00 -0.19798999623464459003359669241217E+01
0.20014246022917510360292867706071E+00 -0.19789534833069043994041892302754E+01
0.20006122930730944017411887480591E+00 -0.19779370590252865113373908599072E+01
0.19997441978427529699151197105937E+00 -0.19768507246902831981607527189950E+01
0.19988203637209832900324718044298E+00 -0.19756945179098133480674389339349E+01
0.19978408408867530842513127704494E+00 -0.19744684787095065967773836975318E+01
0.19968056825813102093296194746799E+00 -0.19731726495310877350511671180796E+01
0.19957149451119880810112473015858E+00 -0.19718070752306627008575304375792E+01
0.19945686878562497667755964365385E+00 -0.19703718030769059119493550136356E+01
0.19933669732659757915721509460868E+00 -0.19688668827491489903357445481441E+01
0.19921098668719987361070327801486E+00 -0.19672923663353706027936227913483E+01
0.19907974372888894709372102173985E+00 -0.19656483083300874232238490898985E+01
0.19894297562199989177168033072682E+00 -0.19639347656321459769600012712542E+01
0.19880068984627609179926127179880E+00 -0.19621517975424153239273237180807E+01
0.19865289419142602664073212494893E+00 -0.19602994657613803415979649768388E+01
0.19849959675770715475644827829109E+00 -0.19583778343866354766478077736190E+01
0.19834080595653742441236199328648E+00 -0.19563869699102788677221985936239E+01
0.19817653051113502623957892652720E+00 -0.19543269412162065429430497957531E+01
0.19800677945718687255340939963697E+00 -0.19521978195773065852060091345399E+01
0.19783156214354660238450844577296E+00 -0.19499996786525530614360056261592E+01
0.19765088823296258898856202728581E+00 -0.19477325944839994493622959775168E+01
0.19746476770283685032940210108457E+00 -0.19453966454936714840096220549626E+01
0.19727321084601532969695895573107E+00 -0.19429919124803589454046353809465E+01
0.19707622827161052466908424797537E+00 -0.19405184786163064887484634564190E+01
0.19687383090585722760363497219536E+00 -0.19379764294438029122666102845655E+01
0.19666602999300187670496628126138E+00 -0.19353658528716688438395765597896E+01
0.19645283709622694994861912848438E+00 -0.19326868391716425044958646488887E+01
0.19623426409861073350406871883902E+00 -0.19299394809746631164774767028168E+01
0.19601032320412364585385780271486E+00 -0.19271238732670519514073094112581E+01
0.19578102693866217969910810978563E+00 -0.19242401133865903408903598022037E+01
0.19554638815112114221542807085322E+00 -0.19212883010184945971657590256447E+01
0.19530642001450560959845326654162E+00 -0.19182685381912873273776226990944E+01
0.19506113602708338381656669026200E+00 -0.19151809292725648363498591232282E+01
0.19481055001357916582671079277205E+00 -0.19120255809646602307582518550818E+01
0.19455467612641183148082431127116E+00 -0.19088026023002017797648067687726E+01
0.19429352884697543552524168321577E+00 -0.19055121046375661218501128953510E+01
0.19402712298696612327280428873394E+00 -0.19021542016562259917131951498344E+01
0.19375547368975530247732840090766E+00 -0.18987290093519917356260862450036E+01
0.19347859643181107416860096599770E+00 -0.18952366460321463200201823474493E+01
0.19319650702416908175102024084396E+00 -0.18916772323104734622371945791449E+01
0.19290922161395438077127950391921E+00 -0.18880508911021779486613928113110E+01
0.19261675668595569548117501657590E+00 -0.18843577476186979261805951836991E+01
0.19231912906425373285866733198339E+00 -0.18805979293624084041084748134936E+01
0.19201635591390528165335608024932E+00 -0.18767715661212155850725138072637E+01
0.19170845474268460282016300178254E+00 -0.18728787899630409564184516767166E+01
0.19139544340288407135780596547113E+00 -0.18689197352301949087552947429128E+01
0.19107734009317591569889650060766E+00 -0.18648945385336390369352024993744E+01
0.19075416336053670585781044977628E+00 -0.18608033387471362125294593338895E+01
0.19042593210223692304307213892979E+00 -0.18566462770012879276222947944006E+01
0.19009266556789751055125463064112E+00 -0.18524234966774580261247008082517E+01
0.18975438336161546978850739634560E+00 -0.18481351434015817031148549370918E+01
0.18941110544416080692094613393167E+00 -0.18437813650378595926686206035547E+01
0.18906285213524732365397917080755E+00 -0.18393623116823350499919791761311E+01
0.18870964411587926560963846336086E+00 -0.18348781356563546300270769017931E+01
0.18835150243077645032491386236184E+00 -0.18303289914999101139298523698626E+01
0.18798844849088101726057047228355E+00 -0.18257150359648612494582521554670E+01
0.18762050407594737652201341191466E+00 -0.18210364280080382454155397573141E+01
0.18724769133721929435853833925193E+00 -0.18162933287842224410558874495770E+01
0.18687003280019612570769893724548E+00 -0.18114859016390045260272829747121E+01
0.18648755136749200432441084166731E+00 -0.18066143121015187736394937814345E+01
0.18610027032179036403392851817899E+00 -0.18016787278770515194439132461697E+01
0.18570821332889759140455337322710E+00 -0.17966793188395235566787787516823E+01
0.18531140444089895852151650389419E+00 -0.17916162570238438815792300607501E+01
0.18490986809942052821959708130992E+00 -0.17864897166181341190642297168660E+01
0.18450362913900044083030771633993E+00 -0.17812998739558215502466836065834E+01
0.18409271279057369848047929589332E+00 -0.17760469075075990890133019354067E+01
0.18367714468507416520600876611621E+00 -0.17707309978732513020946488254899E+01
0.18325695085715798235356829827872E+00 -0.17653523277733430345976414869792E+01
0.18283215774905295945616328747119E+00 -0.17599110820407704491478155323324E+01
0.18240279221453811179717684170353E+00 -0.17544074476121713621927056532982E+01
0.18196888152305745341104843628069E+00 -0.17488416135191932112611925700016E+01
0.18153045336397480622881781333234E+00 -0.17432137708796167831598394967945E+01
0.18108753585097195328765240208977E+00 -0.17375241128883320648489470265785E+01
0.18064015752659795483454474543302E+00 -0.17317728348081662771756744450321E+01
0.18018834736697325257302833608578E+00 -0.17259601339605585251266721304887E+01
0.17973213478665535569264847901598E+00 -0.17200862097160811508646381776948E+01
0.17927154964367160504376579336832E+00 -0.17141512634848033808955798487402E+01
0.17880662224472517330666548116303E+00 -0.17081554987064947194072587297113E+01
0.17833738335058125942358682896442E+00 -0.17020991208406656427366386166015E+01
0.17786386418163944647218515646272E+00 -0.16959823373564414951197882863598E+01
0.17738609642369993411972451483480E+00 -0.16898053577222667198554335670135E+01
0.17690411223393078311052244993220E+00 -0.16835683933954363336146404862599E+01
0.17641794424704357173374407305471E+00 -0.16772716578114498647744097247864E+01
0.17592762558168597469235955597834E+00 -0.16709153663731848699822863892306E+01
0.17543318984705909854703809924321E+00 -0.16644997364398854758718381887578E+01
0.17493467114976856325891177831657E+00 -0.16580249873159621026557998541434E+01
0.17443210410091862765832664932077E+00 -0.16514913402395970535750370885392E+01
0.17392552382345827723374883210675E+00 -0.16448990183711521684487656025406E+01
0.17341496595979019561847918285367E+00 -0.16382482467813731326239828495417E+01
0.17290046667965177663721805672675E+00 -0.16315392524393855151242852692698E+01
0.17238206268828024335781103093921E+00 -0.16247722642004762706853558327015E+01
0.17185979123487260330062499984301E+00 -0.16179475127936563581084823626788E+01
0.17133369012135251902981110087486E+00 -0.16110652308089969634587876530592E+01
0.17080379771145653799728530528053E+00 -0.16041256526847340194594479166181E+01
0.17027015294015267560296943557468E+00 -0.15971290146941336886378322642956E+01
0.16973279532340539598094325475657E+00 -0.15900755549321119733859519630293E+01
0.16919176496830072660271464960486E+00 -0.15829655133016014445067614217425E+01
0.16864710258354689877801724630528E+00 -0.15757991314996561703875875437619E+01
0.16809884949036620358591344019231E+00 -0.15685766530032881236730834171180E+01
0.16754704763379453376928579763762E+00 -0.15612983230550248194717408031322E+01
0.16699173959440597291587675793040E+00 -0.15539643886481798473948745501890E+01
0.16643296860048015380672526193420E+00 -0.15465750985118279049895187125551E+01
0.16587077854063241696670007937592E+00 -0.15391307030954701739740728859383E+01
0.16530521397692540695474286075821E+00 -0.15316314545533851603576145227367E+01
0.16473632015848473595047805117709E+00 -0.15240776067286477325256961275383E+01
0.16416414303563902268909039425786E+00 -0.15164694151368086291043968687161E+01
0.16358872927460904300326964702101E+00 -0.15088071369492201614383920044988E+01
0.16301012627276943519637232099298E+00 -0.15010910309759941883089747902119E+01
0.16242838217450881338992208481061E+00 -0.14933213576485801170120538369291E+01
0.16184354588771587897142930777630E+00 -0.14854983790019458677086568317357E+01
0.16125566710091852636884508909027E+00 -0.14776223586563472452123255758922E+01
0.16066479630110767787497251818951E+00 -0.14696935617986698216785140802383E+01
0.16007098479227551630914784523688E+00 -0.14617122551633231093334273688502E+01
0.15947428471470253010627161341086E+00 -0.14536787070126714446930549506278E+01
0.15887474906502831367266169466668E+00 -0.14455931871169793012739866901327E+01
0.15827243171714187610456232472769E+00 -0.14374559667338514970778786432969E+01
0.15766738744393157190955917987159E+00 -0.14292673185871456028995412597263E+01
0.15705967193993529132880455091590E+00 -0.14210275168453327384767629813283E+01
0.15644934184493397127245147803536E+00 -0.14127368370992824451349761306996E+01
0.15583645476853453412475870519084E+00 -0.14043955563394443644647880095971E+01
0.15522106931579058253731064756715E+00 -0.13960039529323989601726214533442E+01
0.15460324511391184081354788665587E+00 -0.13875623065967474811997098713352E+01
0.15398304284011640836489167305215E+00 -0.13790708983783087896861877167536E+01
0.15336052425068319440347779141658E+00 -0.13705300106245900156819432861234E+01
0.15273575221126511527794733242860E+00 -0.13619399269584945012068056897404E+01
0.15210879072852692636488392193130E+00 -0.13533009322512288885824126623078E+01
0.15147970498317572085102432825554E+00 -0.13446133125943690359115880499211E+01
0.15084856136445673128555970971095E+00 -0.13358773552710405670970199985656E+01
0.15021542750618961594332652872334E+00 -0.13270933487261685977553837237352E+01
0.14958037232442718716736493240196E+00 -0.13182615825357469690533828822171E+01
0.14894346605682308583974466143033E+00 -0.13093823473750739129155719482943E+01
0.14830478030379812619456537757719E+00 -0.13004559349858996192048371525681E+01
0.14766438807160440838878395866762E+00 -0.12914826381424227741406915719654E+01
0.14702236381738895163913294775546E+00 -0.12824627506160756910394714808958E+01
0.14637878349636765873982426992542E+00 -0.12733965671390263692500348026745E+01
0.14573372461122652447462842671231E+00 -0.12642843833663251605241581996306E+01
0.14508726626387382443137342686692E+00 -0.12551264958366189356077767444793E+01
0.14443948920967769487742999312904E+00 -0.12459232019313460468224176050804E+01
0.14379047591432839515411793344205E+00 -0.12366747998323243441326783266806E+01
0.14314031061347895238657044650496E+00 -0.12273815884776346560516146871491E+01
0.14248907937532295256177211348183E+00 -0.12180438675156942350384449292644E+01
0.14183687016628386246128573051288E+00 -0.12086619372574137756288196827652E+01
0.14118377291999852017101930237110E+00 -0.11992360986263110683579435946742E+01
0.14052987960979245503111216216665E+00 -0.11897666531064597984866013769779E+01
0.13987528432485793613707499463232E+00 -0.11802539026881299918309322623541E+01
0.13922008335036023179996041531170E+00 -0.11706981498109724657855334905162E+01
0.13856437525171453614083544507009E+00 -0.11610996973045876027103991803274E+01
0.13790826096329240384415031839436E+00 -0.11514588483263030112153980043265E+01
0.13725184388183719199000932442045E+00 -0.11417759062959749169090634001437E+01
0.13659522996488735790076116474016E+00 -0.11320511748276097322388953008911E+01
0.13593852783452899827258387871982E+00 -0.11222849576575878112160690527277E+01
0.13528184888682427213842493889026E+00 -0.11124775585692533060271249702396E+01
0.13462530740728733192929860658235E+00 -0.11026292813136132999045502902474E+01
0.13396902069281060901641761545670E+00 -0.10927404295258702605144577216761E+01
0.13331310918047209494604270598661E+00 -0.10828113066374849583517010475750E+01
0.13265769658369260747531407402072E+00 -0.10728422157834450718060565556367E+01
0.13200291003624627144148635102253E+00 -0.10628334597043836088060983657883E+01
0.13134888024467000390381327244393E+00 -0.10527853406431613571444616499343E+01
0.13069574164966207631869424014647E+00 -0.10426981602354924980835503035649E+01
0.13004363259710817379427959621277E+00 -0.10325722193941568156240083790957E+01
0.12939269551942836536736347789351E+00 -0.10224078181862976234780971255767E+01
0.12874307712799611168737786682597E+00 -0.10122052557032606550022936089524E+01
0.12809492861744538106705642864755E+00 -0.10019648299223767853556851441369E+01
0.12744840588275417863447913350214E+00 -0.99168683756003775211089377862811E+00
0.12680366975006900239039138070955E+00 -0.98137157391534833266744845439436E+00
0.12616088622232352313723045370183E+00 -0.97101933270357161934605673208233E+00
0.12552022674079887194967511899014E+00 -0.96063040587850758752786745071243E+00
0.12488186846387779501185534634002E+00 -0.95020508344285705724967110400608E+00
0.12424599456436397503804401050100E+00 -0.93974365324553050329127796194115E+00
0.12361279454686296323456674253189E+00 -0.92924640076475470956905979980599E+00
0.12298246458687075537911110574067E+00 -0.91871360887570731701870328957795E+00
0.12235520789336762703489449671713E+00 -0.90814555760128512804120536452248E+00
0.12173123509690054467952956346021E+00 -0.89754252384445136641858128871908E+00
0.12111076466532900738077095174456E+00 -0.88690478110045107080220681468681E+00
0.12049402334963215862324400347265E+00 -0.87623259914698760639686198624884E+00
0.11988124666242303347911920261501E+00 -0.86552624371024505716079956838261E+00
0.11927267939209072514859518357663E+00 -0.85478597610440212822755356875440E+00
0.11866857615580089639152831491013E+00 -0.84401205284200975421743875601786E+00
0.11806920199493540055762082787875E+00 -0.83320472521230423283457922061636E+00
0.11747483301694216656067784751080E+00 -0.82236423882417360687000229298619E+00
0.11688575708801023827067016975873E+00 -0.81149083311010498042691690598793E+00
0.11630227458148382220516057550058E+00 -0.80058474078698910779868038896988E+00
0.11572469918749620837589662780803E+00 -0.78964618726914377640765297625302E+00
0.11515335878994465844008332755069E+00 -0.77867539002833316136931593760111E+00
0.11458859641766068076754094062006E+00 -0.76767255789488210649335077917484E+00
0.11403077127745783036522547075745E+00 -0.75663789029321543120809376658556E+00
0.11348025987769354884037555560055E+00 -0.74557157640425682010245867434199E+00
0.11293745725206419373639010109682E+00 -0.73447379424609287534671659900334E+00
0.11240277829460479388960954257326E+00 -0.72334470966311713753475723900057E+00
0.11187665921829777540304874730591E+00 -0.71218447521248289425013513350341E+00
0.11135955915134996107143831359289E+00 -0.70099322893508327011383335256705E+00
0.11085196188711454847652387134595E+00 -0.68977109299639647539004445687528E+00
0.11035437780585348043559251654479E+00 -0.67851817218032923381667670434521E+00
0.10986734598911971589371908366574E+00 -0.66723455221660826387800588914838E+00
0.10939143655055372780675624160609E+00 -0.65592029791921591594794560298109E+00
0.10892725321041829425707541888858E+00 -0.64457545110976555714401276487236E+00
0.10847543614533937556046609440347E+00 -0.63320002829543228283251162538268E+00
0.10803666514960853057785141440461E+00 -0.62179401806596066381965782239372E+00
0.10761166315018276645311686081755E+00 -0.61035737816818196916550957586738E+00
0.10720120012438220455351264986137E+00 -0.59889003220916115073933576360822E+00
0.10680609747747360487449890177546E+00 -0.58739186593028107831034863150529E+00
0.10642723294713119771237264399005E+00 -0.57586272298390271810190613670151E+00
0.10606554611355803305785789153474E+00 -0.56430240013125681530272919597996E+00
0.10572204460830453102598114093073E+00 -0.55271064176435700010326553001766E+00
0.10539781113212827773107258307977E+00 -0.54108713363522561486422339895713E+00
0.10509401141337496628712305926719E+00 -0.52943149565163701030237556179342E+00
0.10481190326430153617527106439335E+00 -0.51774327356864936397252407527940E+00
0.10455284692480685255380104913009E+00 -0.50602192936777860940150651760176E+00
0.10431831692284493602054606561621E+00 -0.49426683006858641473658311181830E+00
0.10410991573058646052025023465439E+00 -0.48247723465780394539136011978626E+00
0.10392938955815986079251081170651E+00 -0.47065227874499370325211451802364E+00
0.10377864670630542896402336590701E+00 -0.45879095645585268322648005965131E+00
0.10365977900148077994090539302630E+00 -0.44689209894729408503793232356847E+00
0.10357508696736257551397490128552E+00 -0.43495434876233573000019895713214E+00
0.10352710956107863793605403419938E+00 -0.42297612902335043878670264589753E+00
0.10351865951805900690581424957360E+00 -0.41095560616939417297944208932285E+00
0.10355286567845413965284090438817E+00 -0.39889064454797951630150265329158E+00
0.10363322398092017053971657198852E+00 -0.38677875063158450463789230214459E+00
0.10376365963365575997421301884448E+00 -0.37461700388325986973240800204297E+00
0.10394860289181625052353678148491E+00 -0.36240197023892898935340503999229E+00
0.10419308449578957638807322983721E+00 -0.35012959271154898667782389065132E+00
0.10450285052036751300376503506639E+00 -0.33779505131058644494962538454989E+00
0.10488452246398272631405852320508E+00 -0.32539258180567074729593258077538E+00
0.10534575871305549775047146950758E+00 -0.31291523593384351085349121045578E+00
0.10589560126000405818720704317884E+00 -0.30035456580022877999480751547351E+00
0.10654451764859405926549150316284E+00 -0.28770017531310964867879854276732E+00
0.10730574210144596184899831507464E+00 -0.27493916225737476499626266408236E+00
0.10819315098660066549158933322807E+00 -0.26205508116720309122526536198034E+00
0.10945490695341941183651971587631E+00 -0.24640192178837625811424035484762E+00
0.11097058380054756945760380966875E+00 -0.23049163369970915704421223750451E+00
0.11279913987858273142480032629585E+00 -0.21425272436627081095817431601690E+00
0.11502514131119941289609672033291E+00 -0.19757598113563211573999929389620E+00
0.11777985191698866193672635436482E+00 -0.18028151541475643383193193190416E+00
0.12108511244561421290468006694553E+00 -0.16301411758271023151089904691010E+00
0.12485583212872970210893505325456E+00 -0.14660821576870815171172630045144E+00
0.12914626879242564272438168816938E+00 -0.13107895751560281983180038985923E+00
0.13396986645648870028343565156139E+00 -0.11642289763629779793743494110374E+00
