0.25577212733269255528335597968343E+00 -0.41290945565318403922839506876943E+00
0.26540875320953993504669368665483E+00 -0.41015443102148490415526931400681E+00
0.27448834559514604635553611175092E+00 -0.40756968321047647025594656193965E+00
0.28297359406504608852220867867814E+00 -0.40516580963837330711750747446377E+00
0.29083464447484614873894552579256E+00 -0.40294829046156333523114253396875E+00
0.29804024103397113308026071096017E+00 -0.40092344318699252190832944380513E+00
0.30459656005136570470851823925173E+00 -0.39908739611862366468317516017022E+00
0.31063999406936313331276956038295E+00 -0.39740027906082533379678161620253E+00
0.31628569313778813615138674133017E+00 -0.39582875913276857996860468580591E+00
0.32161029160275089888285011337868E+00 -0.39435064014877104839890548244054E+00
0.32666801881529772311206706975806E+00 -0.39295020657977750019614252783895E+00
0.32161029160275089888285011337868E+00 -0.39435064014877104839890548244054E+00
0.31628569313778813615138674133017E+00 -0.39582875913276857996860468580591E+00
0.31063999406936313331276956038295E+00 -0.39740027906082533379678161620253E+00
0.30459656005136570470851823925173E+00 -0.39908739611862366468317516017022E+00
0.29804024103397113308026071096017E+00 -0.40092344318699252190832944380513E+00
0.29083464447484614873894552579256E+00 -0.40294829046156333523114253396875E+00
0.28297359406504608852220867867814E+00 -0.40516580963837330711750747446377E+00
0.27448834559514604635553611175092E+00 -0.40756968321047647025594656193965E+00
0.26540875320953993504669368665483E+00 -0.41015443102148490415526931400681E+00
0.25577212733269255528335597968343E+00 -0.41290945565318403922839506876943E+00
0.24557949096562584936491927253233E+00 -0.40267425129332503846821701286884E+00
0.23581729926045973756855804367488E+00 -0.39118656501965487460291366630690E+00
0.22609772297598936914625760637852E+00 -0.37876471458347067228742433244663E+00
0.21646932744335187300871806797939E+00 -0.36534473913100422892819616016370E+00
0.20690307765287805639998639953830E+00 -0.35094040934897386386395127440217E+00
0.19778894390571716472304474069200E+00 -0.33627422695568798425343873540214E+00
0.18935961543800037610843168795690E+00 -0.32193833120639261743155241422282E+00
0.18143325804723058970872404245821E+00 -0.30781909263901763065529060721099E+00
0.17389377441540631217061620650687E+00 -0.29385029307867320786816755776511E+00
0.16666427141632662454240508770576E+00 -0.27998878636016099527555071152796E+00
0.16083304351935645107809411657690E+00 -0.26849999598506469261159946873004E+00
0.15515249865131345377778412352269E+00 -0.25705447582197147110338681454718E+00
0.14960265169991399871834248261246E+00 -0.24564349438036982855642320373252E+00
0.14416743427034718419800285262279E+00 -0.23426024018561884829833806176965E+00
0.13883361316625631003324372480176E+00 -0.22289938552461995771474881546876E+00
0.13359014364873583691932956812482E+00 -0.21155672198774547422662534434111E+00
0.12842770548772926561341423912826E+00 -0.20022889761359273589026477601066E+00
0.12333835878338644840758521264591E+00 -0.18891322539766703745985801838921E+00
0.11831528319700556933591683255615E+00 -0.17760754152231929526345690653297E+00
0.11335257700092012045207808527363E+00 -0.16631009874718393289772885537485E+00
0.10844509995444293723012087986333E+00 -0.15501948508928288471816683479280E+00
0.10358834886217414715584484019681E+00 -0.14373456098923410031854752864072E+00
0.98778357882396137400259554930059E-01 -0.13245441019211192245733117235468E+00
0.94011617836269272008755460040505E-01 -0.12117830094132838799924648875094E+00
0.89285010284130407749531854627849E-01 -0.10990565502350267595368207188791E+00
0.84595753206723882508336014898392E-01 -0.98636022857471897094876317595433E-01
0.79941355899061540031610152362957E-01 -0.87369063284472645798545293837481E-01
0.75319581245803846780517315553304E-01 -0.76104527049597346457325871270241E-01
0.70728413961560209307740909229784E-01 -0.64842243206902388630037944748970E-01
0.66166033689368287258236636371937E-01 -0.53582107858882910370880250888049E-01
0.61630792084826746365221192765654E-01 -0.42324074773774243469390975522461E-01
0.57121193192205192482493617767878E-01 -0.31068147523945824670426063944731E-01
0.52635876556729449494523426543504E-01 -0.19814372864432639841992073660899E-01
0.48173602624465042748484016971617E-01 -0.85628351286820612726548578997757E-02
0.43733240065291900910465502752433E-01 0.26863485365883170149568802942228E-02
0.39313754720896063802260902381299E-01 0.13933032240640200116109209869498E-01
0.34914199932566751698180547623545E-01 0.25177044837948106847191979828644E-01
0.30533708045944610152582737051823E-01 0.36418192931705347717127513561521E-01
0.26171482924017036492871509763852E-01 0.47656263468742298716235945343148E-01
0.21826793327358461356574869223462E-01 0.58891025989294517972197762850415E-01
0.17498967043208866611221732834572E-01 0.70122234584034480417150128045943E-01
0.13187385663514248636352577809864E-01 0.81349629601880984756829693432773E-01
0.88914799273260333398610970450926E-02 0.92572939144862691729108524653396E-01
0.46107255556070726477924010194916E-02 0.10379188038040442525281276995980E+00
0.34463951701258342172798628324204E-03 0.11500616069656552504514277234979E+00
-0.39072233279891892997017643298066E-02 0.12621547872176113764569975507596E+00
-0.81452732499148713326780068121768E-02 0.13741952522720169286412745020010E+00
-0.12369888379026460161243570306754E-01 0.14861798392753923107952992052263E+00
-0.16581417173843343388322206614968E-01 0.15981053219292380769569554393430E+00
-0.20780180658735746231768528439571E-01 0.17099684168375801056333771264239E+00
-0.24966474456132589797004548648918E-01 0.18217657891783029445016209124762E+00
-0.29140570635635182561869105573370E-01 0.19334940577815374993972019239368E+00
-0.33302719399546217184920903598578E-01 0.20451497996869017288223916650250E+00
-0.37453150621936098392320282269931E-01 0.21567295542416839075739161735159E+00
-0.41592075256309045482491077002406E-01 0.22682298267938038248163147769857E+00
-0.45719686625150315359482536771171E-01 0.23796470920263160945564117576953E+00
-0.49836161603091969200745303190046E-01 0.24909777969742213306749842204173E+00
-0.53941661704096351957856187117165E-01 0.26022183637591444054111134648043E+00
-0.58036334081883304114794465171324E-01 0.27133651920730212201053825684021E+00
-0.62120312451811209656353625037482E-01 0.28244146614380816802212057887222E+00
-0.66193717941526085403761245876079E-01 0.29353631332671185336164913382176E+00
-0.70256659876909984180372341457140E-01 0.30462069527451468509578902336629E+00
-0.74309236509170941493046062474038E-01 0.31569424505510848520731991465473E+00
-0.78351535688310423681380625599073E-01 0.32675659444359145491492063599812E+00
-0.82383635487667199331231779075059E-01 0.33780737406718799574245874461877E+00
-0.86405604783763908214468513125957E-01 0.34884621353856558708325188936167E+00
-0.90417503795260213155605268106314E-01 0.35987274157869491684788179092725E+00
-0.94419384584447835486587878489072E-01 0.37088658613027606445071626256583E+00
-0.98411291524385367361960901158388E-01 0.38188737446263853355879929201558E+00
-0.10239326173448065139358745181917E+00 0.39287473326892840678386311300291E+00
-0.10636532548706084878616290005288E+00 0.40384828875630825040960830175649E+00
-0.11032750658723664127473728811453E+00 0.41480766672981901306102690907219E+00
-0.11427982272815602229356553776704E+00 0.42575249267048632783072013181842E+00
-0.11822228582355166885380277002013E+00 0.43668239180819342968814921911643E+00
-0.12215490231931944010644219700919E+00 0.44759698918979131129900407692821E+00
-0.12607767348570921242295461608619E+00 0.45849590974286733326877658181144E+00
-0.12999059569157410236282993158054E+00 0.46937877833555442450320201107640E+00
-0.13389366066200000871175428571540E+00 0.48024521983272317542308781962187E+00
-0.13778685572052071041898364559997E+00 0.49109485914886722621049829593913E+00
-0.14167016401703238157423966326946E+00 0.50192732129796401879671128320003E+00
-0.14554356474241647894530402479410E+00 0.51274223144056123175357315357708E+00
-0.14940703333080950720009995983240E+00 0.52353921492832339869022176411775E+00
-0.15326054165037325887898573516385E+00 0.53431789734624323087726073577232E+00
-0.15710405818335561821227149252800E+00 0.54507790455270985152157232045200E+00
-0.16093754819616854312687395287953E+00 0.55581886271760503118932023018753E+00
-0.16476097390015142654792262988923E+00 0.56654039835858387867289616234609E+00
-0.16857429460363886678199196202082E+00 0.57724213837568367695842778883623E+00
-0.17237746685590288206550772017109E+00 0.58792371008438966301937195023497E+00
-0.17617044458349605856439520466115E+00 0.59858474124727710892009965136930E+00
-0.17995317921948475391273831360300E+00 0.60922486010433817056114264112054E+00
-0.18372561982602285951796189915054E+00 0.61984369540209194990709610856932E+00
-0.18748771321068565932044623826217E+00 0.63044087642156879391885142207159E+00
-0.19123940403695086127569617424518E+00 0.64101603300525120304406108324707E+00
-0.19498063492918788752526468984573E+00 0.65156879558304808950387280980033E+00
-0.19871134657249013535049084086775E+00 0.66209879519737121606565730302442E+00
-0.20243147780766056623694180062488E+00 0.67260566352737794012196959274784E+00
-0.20614096572164076108642152071576E+00 0.68308903291243918445624016077310E+00
-0.20983974573365273768787635900372E+00 0.69354853637488616313816612733928E+00
-0.21352775167730414177433243107870E+00 0.70398380764208538772117943015098E+00
-0.21720491587889143323827270234625E+00 0.71439448116788799252476285578558E+00
-0.22087116923211892332537809825572E+00 0.72478019215349479099085844779564E+00
-0.22452644126943783439070651159904E+00 0.73514057656777595012749348231336E+00
-0.22817066023019561315329896725102E+00 0.74547527116708105032710513533521E+00
-0.23180375312577329202768461341413E+00 0.75578391351457204497638618727419E+00
-0.23542564580187806776000241380133E+00 0.76606614199910997231637392674811E+00
-0.23903626299814602534718039846989E+00 0.77632159585372254655495679075451E+00
-0.24263552840520128357070900554387E+00 0.78654991517367978379942465232079E+00
-0.24622336471930944727377826421519E+00 0.79675074093420043148069348950604E+00
-0.24979969369475068373874433912663E+00 0.80692371500781134021966292459696E+00
-0.25336443619403661562180627746096E+00 0.81706848018138178078500345910317E+00
-0.25691751223608045878738158624253E+00 0.82718468017284902198831282719161E+00
-0.26045884104242809771625709265121E+00 0.83727195964765555843642827985839E+00
-0.26398834108165066262848564355571E+00 0.84732996423491200403429075824792E+00
-0.26750593011198965714508893406479E+00 0.85735834054330182354265700615693E+00
-0.27101152522234554890236801742524E+00 0.86735673617674189611320165777365E+00
-0.27450504287169113277288150914316E+00 0.87732479974981080296741777570329E+00
-0.27798639892698766117757907095558E+00 0.88726218090295877333657361681838E+00
-0.28145550869967965812959979693932E+00 0.89716853031750859257408772946411E+00
-0.28491228698083379995936835230495E+00 0.90704349973045850913495067739035E+00
-0.28835664807499158265988611259855E+00 0.91688674194909755347337119556769E+00
-0.29178850583279441865484067633069E+00 0.92669791086544044993151484642043E+00
-0.29520777368244044454609469371001E+00 0.93647666147049242581122731388228E+00
-0.29861436466002906629651662367983E+00 0.94622264986835016396840700352034E+00
-0.30200819143884325003261294217592E+00 0.95593553329014683923806599340460E+00
-0.30538916635762057612943380681570E+00 0.96561497010784736713114099391017E+00
-0.30875720144785827501259769758698E+00 0.97526061984790094970443023355581E+00
-0.31211220846019685141519383019256E+00 0.98487214320475549174382581444935E+00
-0.31545409888992370737492836654247E+00 0.99444920205424049139776553986439E+00
-0.31878278400163604792801641398296E+00 0.10039914594668224115742509642723E+01
-0.32209817485310065054557994126706E+00 0.10134985797207380241118855956362E+01
-0.32540018231834565776326518117366E+00 0.10229702283150090768572721889204E+01
-0.32868871711001787175524020699016E+00 0.10324060719823433778038041655935E+01
-0.33196368980103757069894579683561E+00 0.10418057787019255216644678129828E+01
-0.33522501084558066710424557499014E+00 0.10511690177121003539209540337912E+01
-0.33847259059941702059967349187035E+00 0.10604954595229532355297279173910E+01
-0.34170633933963230732381272568240E+00 0.10697847759287898513144425248929E+01
-0.34492616728375866960488354971759E+00 0.10790366400205176455865588427825E+01
-0.34813198460833905687706936211324E+00 0.10882507261979328824201389239355E+01
-0.35132370146694847795308479945831E+00 0.10974267101819141890987345869336E+01
-0.35450122800769432957649094087609E+00 0.11065642690265266915411048706015E+01
-0.35766447439021679881938051608634E+00 0.11156630811310365422259252325332E+01
-0.36081335080220929016804251257728E+00 0.11247228262518398335058575398581E+01
-0.36394776747547808826888213354879E+00 0.11337431855143072096772592257101E+01
-0.36706763470155959396284861855647E+00 0.11427238414245442885520527976117E+01
-0.37017286284691160806997886027983E+00 0.11516644778810723130364147317670E+01
-0.37326336236769672380559057066960E+00 0.11605647801864277013846477054899E+01
-0.37633904382417075211401087763622E+00 0.11694244350586832835112578202824E+01
-0.37939981789469532519572221877567E+00 0.11782431306428930224225236332113E+01
-0.38244559538938376590313650993325E+00 0.11870205565224588161738504959960E+01
-0.38547628726339876017150237106251E+00 0.11957564037304243039581005276201E+01
-0.38849180462991135149463540168508E+00 0.12044503647606926560777993608062E+01
-0.39149205877273510172397014853715E+00 0.12131021335791719565556014612918E+01
-0.39447696115864702799424947230553E+00 0.12217114056348485385786464834026E+01
-0.39744642344940645084132160276625E+00 0.12302778778707873527421542338805E+01
-0.40040035751348307083938091609748E+00 0.12388012487350629176210520605084E+01
-0.40333867543750337452588477133282E+00 0.12472812181916187252918230860480E+01
-0.40626128953742622816379050233242E+00 0.12557174877310573613446038533718E+01
-0.40916811236945710979210052195719E+00 0.12641097603813613981024045668044E+01
-0.41205905674070905744792933404236E+00 0.12724577407185455051492670990384E+01
-0.41493403571962003477330368185802E+00 0.12807611348772403590541362324932E+01
-0.41779296264613362891783425751999E+00 0.12890196505612080678323098537667E+01
-0.42063575114165260544688691769889E+00 0.12972329970537910769282539258579E+01
-0.42346231511877114566462149963080E+00 0.13054008852282928451536646322355E+01
-0.42627256879079434568227831527476E+00 0.13135230275582918992646700356494E+01
-0.42906642668105072776005207078428E+00 0.13215991381278893324933435503048E+01
-0.43184380363200524790330504586210E+00 0.13296289326418896958153274674626E+01
-0.43460461481417900406109308846123E+00 0.13376121284359153342048669571963E+01
-0.43734877573488100346866448020996E+00 0.13455484444864550000057272584762E+01
-0.44007620224675838572767725062059E+00 0.13534376014208459396574228613314E+01
-0.44278681055617112183317637138253E+00 0.13612793215271905796068511722274E+01
-0.44548051723139522157475342386350E+00 0.13690733287642069400364261786354E+01
-0.44815723921066059407517027271150E+00 0.13768193487710136560069538498966E+01
-0.45081689381002859166455700831063E+00 0.13845171088768488852980922310255E+01
-0.45345939873111291494090685016530E+00 0.13921663381107239056871369098863E+01
-0.45608467206864947861713515901889E+00 0.13997667672110108635786408359011E+01
-0.45869263231791880389444953801370E+00 0.14073181286349649688254126130788E+01
-0.46128319838202568564369787613738E+00 0.14148201565681803937391428659164E+01
-0.46385628957903974967404108064814E+00 0.14222725869339816056527715388348E+01
-0.46641182564900082327265968174907E+00 0.14296751574027476810126915290571E+01
-0.46894972676079277440225612081582E+00 0.14370276074011715359213413459305E+01
-0.47146991351888947791048822030111E+00 0.14443296781214529370231065082587E+01
-0.47397230696997641504251719051344E+00 0.14515811125304256398198469611170E+01
-0.47645682860945073040254211044288E+00 0.14587816553786184046420475382868E+01
-0.47892340038780295019269248408741E+00 0.14659310532092494012745175224320E+01
-0.48137194471688430506237090821990E+00 0.14730290543671552584244496479821E+01
-0.48380238447606113438692855489435E+00 0.14800754090076524835448587778849E+01
-0.48621464301826038797120299224045E+00 0.14870698691053332267118392917502E+01
-0.48860864417590761359218644079605E+00 0.14940121884627942574277451052726E+01
-0.49098431226676189072688713437904E+00 0.15009021227192979774311412006003E+01
-0.49334157209964800473315356729686E+00 0.15077394293593685932029104710253E+01
-0.49568034898009008109433512502481E+00 0.15145238677213186015136826010016E+01
-0.49800056871584778945446759850452E+00 0.15212551990057101823159275071282E+01
-0.50030215762235807149576433985962E+00 0.15279331862837477147163679955257E+01
-0.50258504252808383974053042471156E+00 0.15345575945056030552633244307869E+01
-0.50484915077977245430301912002110E+00 0.15411281905086734737022577386164E+01
-0.50709441024762539482538039299259E+00 0.15476447430257706386756368038374E+01
-0.50932074933038111078920367474791E+00 0.15541070226932423354101228354212E+01
-0.51152809696031321394886291728211E+00 0.15605148020590255056383740327020E+01
-0.51371638260814521291622728321066E+00 0.15668678555906303337133315019546E+01
-0.51588553628788417170807223303684E+00 0.15731659596830563549071875236342E+01
-0.51803548856157429604081271404336E+00 0.15794088926666389969337964929498E+01
-0.52016617054397238190837872227678E+00 0.15855964348148275193589720761962E+01
-0.52227751390714653968381301850302E+00 0.15917283683518931126390666668826E+01
-0.52436945088499978111086792994645E+00 0.15978044774605679381632313776807E+01
-0.52644191427771965425794289048970E+00 0.16038245482896143631520384771213E+01
-0.52849483745615545672132661126145E+00 0.16097883689613240239038309347988E+01
-0.53052815436612425808381426404103E+00 0.16156957295789471112158199456606E+01
-0.53254179953264711537549451670416E+00 0.16215464222340512993409450998398E+01
-0.53453570806411651729196726375919E+00 0.16273402410138099177419863867226E+01
-0.53650981565639649679446042090636E+00 0.16330769820082197183576871856804E+01
-0.53846405859685610580201982094181E+00 0.16387564433172475448865173276333E+01
-0.54039837376833803700801305193245E+00 0.16443784250579060235975306791285E+01
-0.54231269865306251581945168667292E+00 0.16499427293712577839627656238560E+01
-0.54420697133646860492328441889683E+00 0.16554491604293482974782162038602E+01
-0.54608113051099274378437063524237E+00 0.16608975244420669607143294013452E+01
-0.54793511547978636193545517766109E+00 0.16662876296639361713941865958482E+01
-0.54976886616037327612487152772187E+00 0.16716192864008283202750102797499E+01
-0.55158232308824701731494669605043E+00 0.16768923070166107773677380305267E+01
-0.55337542742041042812965885118427E+00 0.16821065059397175628954783089375E+01
-0.55514812093885668899417043339389E+00 0.16872616996696493253282972190353E+01
-0.55690034605399381688122247739747E+00 0.16923577067833994900263264882313E+01
-0.55863204580801295946558120445079E+00 0.16973943479418077456502261631227E+01
-0.56034316387820083400551564812231E+00 0.17023714458958404052911504844426E+01
-0.56203364458019793434157613411290E+00 0.17072888254927966235734427719936E+01
-0.56370343287120215609461184977380E+00 0.17121463136824415649990706689872E+01
-0.56535247435311930152105027583027E+00 0.17169437395230652397257394088980E+01
-0.56698071527566101418742647663797E+00 0.17216809341874673411975461782612E+01
-0.56858810253939001264220602288420E+00 0.17263577309688682186513246368388E+01
-0.57017458369871436453079101185795E+00 0.17309739652867445248539870240045E+01
-0.57174010696483046604121793222555E+00 0.17355294746925912400454309517403E+01
-0.57328462120861568089187581081624E+00 0.17400240988756079909001524778754E+01
-0.57480807596347128717442273497395E+00 0.17444576796683107730430440819612E+01
-0.57631042142811590115551291936801E+00 0.17488300610520685489386265149412E+01
-0.57779160846933013961047400141707E+00 0.17531410891625641452569657696784E+01
-0.57925158862465301312138613521390E+00 0.17573906122951798714911969389894E+01
-0.58069031410503032345144894448523E+00 0.17615784809103072447737908673902E+01
-0.58210773779741576680262995487362E+00 0.17657045476385808836457586444637E+01
-0.58350381326732499350139311261487E+00 0.17697686672860362901198113081911E+01
-0.58487849476134315708088817962233E+00 0.17737706968391913466903963910415E+01
-0.58623173720958630305209047474203E+00 0.17777104954700515144019307776361E+01
-0.58756349622811698183810639102260E+00 0.17815879245410382960411896872080E+01
-0.58887372812131461453826542883486E+00 0.17854028476098410088890608962204E+01
-0.59016238988420073985214125803529E+00 0.17891551304341917203883685660128E+01
-0.59142943920471967357205445187635E+00 0.17928446409765629844637863983400E+01
-0.59267483446597497067279813282904E+00 0.17964712494087883991588063475762E+01
-0.59389853474842176378140717605787E+00 0.18000348281166059054373050093347E+01
-0.59510049983201558865154642629367E+00 0.18035352517041233175719358572413E+01
-0.59628069019831781951752737759945E+00 0.18069723969982063700838428497716E+01
-0.59743906703255817129611756976870E+00 0.18103461430527887756975971052780E+01
-0.59857559222565436418089333992736E+00 0.18136563711531044834583059092211E+01
-0.59969022837618932457879799461597E+00 0.18169029648198416546976768612747E+01
-0.60078293879234633876309947193496E+00 0.18200858098132183658206911063064E+01
-0.60185368749380214592760489216070E+00 0.18232047941369801135779018280779E+01
-0.60290243921357835485386601149178E+00 0.18262598080423185315339008393546E+01
-0.60392915939985159085406673048655E+00 0.18292507440317115708826239226347E+01
-0.60493381421772212546144556245234E+00 0.18321774968626849735420651884276E+01
-0.60591637055094197735095180399184E+00 0.18350399635514943919246968019901E+01
-0.60687679600360175972931831597705E+00 0.18378380433767292197169489230211E+01
-0.60781505890177739158854075643789E+00 0.18405716378828362651105499584441E+01
-0.60873112829513627256497108085845E+00 0.18432406508835650621513359625637E+01
-0.60962497395850322716296657263325E+00 0.18458449884653331136588012337478E+01
-0.61049656639338671254487187187204E+00 0.18483845589905118359790071209111E+01
-0.61134587682946505712996751300006E+00 0.18508592731006329338989118344015E+01
-0.61217287722603318556711134915274E+00 0.18532690437195148145978020358956E+01
-0.61297754027340984028866686551531E+00 0.18556137860563093734908111032776E+01
-0.61375983939430551878755034937994E+00 0.18578934176084685888459231551454E+01
-0.61451974874515140124015625798236E+00 0.18601078581646311531915366986630E+01
-0.61525724321738910667572430643608E+00 0.18622570298074289418605903699741E+01
-0.61597229843872181840084214988162E+00 0.18643408569162131692883210274619E+01
-0.61666489077432652645561415783117E+00 0.18663592661697002405748865124830E+01
-0.61733499732802783321738300901273E+00 0.18683121865485369843608608717006E+01
-0.61798259594343328895017718010499E+00 0.18701995493377856187163507031061E+01
-0.61860766520503033787357709041709E+00 0.18720212881293278172061057571613E+01
-0.61921018443924514626427990982262E+00 0.18737773388241882334996007056294E+01
-0.61979013371546331572018000140089E+00 0.18754676396347771018179482542771E+01
-0.62034749384701258801095650827741E+00 0.18770921310870521007185978538866E+01
-0.62088224639210768495567106763580E+00 0.18786507560225991786747810879852E+01
-0.62139437365475729912682939442291E+00 0.18801434596006323638837024417979E+01
-0.62188385868563353982793715609947E+00 0.18815701892999125066045046862152E+01
-0.62235068528290354152400484457399E+00 0.18829308949205848891736903982544E+01
-0.62279483799302379906391657753432E+00 0.18842255285859355373128208652627E+01
-0.62321630211149672284492018050072E+00 0.18854540447440663654979258502846E+01
-0.62361506368359052847372020532541E+00 0.18866164001694887691009279448391E+01
-0.62399110950501981985980941118189E+00 0.18877125539646364389066604660999E+01
-0.62434442712259475930025384453966E+00 0.18887424675612948128066825284997E+01
-0.62467500483481617355196138131580E+00 0.18897061047219547531973241510779E+01
-0.62498283169248207134977087917806E+00 0.18906034315410680633000497987580E+01
-0.62526789749911747871469797717624E+00 0.18914344164462693356866879597966E+01
-0.62553019281176630710017105376259E+00 0.18921990301993792207500541560057E+01
-0.62576970894060717448321460559125E+00 0.18928972458977168187188053822871E+01
-0.62591672730855286420442193995306E+00 0.18933258229937388936614738920942E+01
-0.62605361588775615489143392225696E+00 0.18937248721746104920080122913338E+01
-0.62618037266250468056172520267736E+00 0.18940943872000931276413982120368E+01
-0.62629699576617961706312338127627E+00 0.18944343622918138654648593964938E+01
-0.62640348348134752182718070278745E+00 0.18947447921333374843695655913720E+01
-0.62650490545681978296554216189355E+00 0.18950404553996320625449458772108E+01
-0.62660633241190637736714623693969E+00 0.18953361340792704016722469014691E+01
-0.62670776434681125951252779434815E+00 0.18956318281727355483199644955798E+01
-0.62680920126178783630969176435908E+00 0.18959275376804936005933728077112E+01
-0.62691064315693522024860713852600E+00 0.18962232626030635879985124739665E+01
-0.62680920126178783630969176435908E+00 0.18959275376804936005933728077112E+01
-0.62670776434681125951252779434815E+00 0.18956318281727355483199644955798E+01
-0.62660633241190637736714623693969E+00 0.18953361340792704016722469014691E+01
-0.62650490545681978296554216189355E+00 0.18950404553996320625449458772108E+01
-0.62640348348134752182718070278745E+00 0.18947447921333374843695655913720E+01
-0.62629699576617961706312338127627E+00 0.18944343622918138654648593964938E+01
-0.62618037266250468056172520267736E+00 0.18940943872000931276413982120368E+01
-0.62605361588775615489143392225696E+00 0.18937248721746104920080122913338E+01
-0.62591672730855286420442193995306E+00 0.18933258229937388936614738920942E+01
-0.62576970894060717448321460559125E+00 0.18928972458977168187188053822871E+01
-0.62553019281176630710017105376259E+00 0.18921990301993792207500541560057E+01
-0.62526789749911747871469797717624E+00 0.18914344164462693356866879597966E+01
-0.62498283169248207134977087917806E+00 0.18906034315410680633000497987580E+01
-0.62467500483481617355196138131580E+00 0.18897061047219547531973241510779E+01
-0.62434442712259475930025384453966E+00 0.18887424675612948128066825284997E+01
-0.62399110950501981985980941118189E+00 0.18877125539646364389066604660999E+01
-0.62361506368359052847372020532541E+00 0.18866164001694887691009279448391E+01
-0.62321630211149672284492018050072E+00 0.18854540447440663654979258502846E+01
-0.62279483799302379906391657753432E+00 0.18842255285859355373128208652627E+01
-0.62235068528290354152400484457399E+00 0.18829308949205848891736903982544E+01
-0.62188385868563353982793715609947E+00 0.18815701892999125066045046862152E+01
-0.62139437365475729912682939442291E+00 0.18801434596006323638837024417979E+01
-0.62088224639210768495567106763580E+00 0.18786507560225991786747810879852E+01
-0.62034749384701258801095650827741E+00 0.18770921310870521007185978538866E+01
-0.61979013371546331572018000140089E+00 0.18754676396347771018179482542771E+01
-0.61921018443924514626427990982262E+00 0.18737773388241882334996007056294E+01
-0.61860766520503033787357709041709E+00 0.18720212881293278172061057571613E+01
-0.61798259594343328895017718010499E+00 0.18701995493377856187163507031061E+01
-0.61733499732802783321738300901273E+00 0.18683121865485369843608608717006E+01
-0.61666489077432652645561415783117E+00 0.18663592661697002405748865124830E+01
-0.61597229843872181840084214988162E+00 0.18643408569162131692883210274619E+01
-0.61525724321738910667572430643608E+00 0.18622570298074289418605903699741E+01
-0.61451974874515140124015625798236E+00 0.18601078581646311531915366986630E+01
-0.61375983939430551878755034937994E+00 0.18578934176084685888459231551454E+01
-0.61297754027340984028866686551531E+00 0.18556137860563093734908111032776E+01
-0.61217287722603318556711134915274E+00 0.18532690437195148145978020358956E+01
-0.61134587682946505712996751300006E+00 0.18508592731006329338989118344015E+01
-0.61049656639338671254487187187204E+00 0.18483845589905118359790071209111E+01
-0.60962497395850322716296657263325E+00 0.18458449884653331136588012337478E+01
-0.60873112829513627256497108085845E+00 0.18432406508835650621513359625637E+01
-0.60781505890177739158854075643789E+00 0.18405716378828362651105499584441E+01
-0.60687679600360175972931831597705E+00 0.18378380433767292197169489230211E+01
-0.60591637055094197735095180399184E+00 0.18350399635514943919246968019901E+01
-0.60493381421772212546144556245234E+00 0.18321774968626849735420651884276E+01
-0.60392915939985159085406673048655E+00 0.18292507440317115708826239226347E+01
-0.60290243921357835485386601149178E+00 0.18262598080423185315339008393546E+01
-0.60185368749380214592760489216070E+00 0.18232047941369801135779018280779E+01
-0.60078293879234633876309947193496E+00 0.18200858098132183658206911063064E+01
-0.59969022837618932457879799461597E+00 0.18169029648198416546976768612747E+01
-0.59857559222565436418089333992736E+00 0.18136563711531044834583059092211E+01
-0.59743906703255817129611756976870E+00 0.18103461430527887756975971052780E+01
-0.59628069019831781951752737759945E+00 0.18069723969982063700838428497716E+01
-0.59510049983201558865154642629367E+00 0.18035352517041233175719358572413E+01
-0.59389853474842176378140717605787E+00 0.18000348281166059054373050093347E+01
-0.59267483446597497067279813282904E+00 0.17964712494087883991588063475762E+01
-0.59142943920471967357205445187635E+00 0.17928446409765629844637863983400E+01
-0.59016238988420073985214125803529E+00 0.17891551304341917203883685660128E+01
-0.58887372812131461453826542883486E+00 0.17854028476098410088890608962204E+01
-0.58756349622811698183810639102260E+00 0.17815879245410382960411896872080E+01
-0.58623173720958630305209047474203E+00 0.17777104954700515144019307776361E+01
-0.58487849476134315708088817962233E+00 0.17737706968391913466903963910415E+01
-0.58350381326732499350139311261487E+00 0.17697686672860362901198113081911E+01
-0.58210773779741576680262995487362E+00 0.17657045476385808836457586444637E+01
-0.58069031410503032345144894448523E+00 0.17615784809103072447737908673902E+01
-0.57925158862465301312138613521390E+00 0.17573906122951798714911969389894E+01
-0.57779160846933013961047400141707E+00 0.17531410891625641452569657696784E+01
-0.57631042142811590115551291936801E+00 0.17488300610520685489386265149412E+01
-0.57480807596347128717442273497395E+00 0.17444576796683107730430440819612E+01
-0.57328462120861568089187581081624E+00 0.17400240988756079909001524778754E+01
-0.57174010696483046604121793222555E+00 0.17355294746925912400454309517403E+01
-0.57017458369871436453079101185795E+00 0.17309739652867445248539870240045E+01
-0.56858810253939001264220602288420E+00 0.17263577309688682186513246368388E+01
-0.56698071527566101418742647663797E+00 0.17216809341874673411975461782612E+01
-0.56535247435311930152105027583027E+00 0.17169437395230652397257394088980E+01
-0.56370343287120215609461184977380E+00 0.17121463136824415649990706689872E+01
-0.56203364458019793434157613411290E+00 0.17072888254927966235734427719936E+01
-0.56034316387820083400551564812231E+00 0.17023714458958404052911504844426E+01
-0.55863204580801295946558120445079E+00 0.16973943479418077456502261631227E+01
-0.55690034605399381688122247739747E+00 0.16923577067833994900263264882313E+01
-0.55514812093885668899417043339389E+00 0.16872616996696493253282972190353E+01
-0.55337542742041042812965885118427E+00 0.16821065059397175628954783089375E+01
-0.55158232308824701731494669605043E+00 0.16768923070166107773677380305267E+01
-0.54976886616037327612487152772187E+00 0.16716192864008283202750102797499E+01
-0.54793511547978636193545517766109E+00 0.16662876296639361713941865958482E+01
-0.54608113051099274378437063524237E+00 0.16608975244420669607143294013452E+01
-0.54420697133646860492328441889683E+00 0.16554491604293482974782162038602E+01
-0.54231269865306251581945168667292E+00 0.16499427293712577839627656238560E+01
-0.54039837376833803700801305193245E+00 0.16443784250579060235975306791285E+01
-0.53846405859685610580201982094181E+00 0.16387564433172475448865173276333E+01
-0.53650981565639649679446042090636E+00 0.16330769820082197183576871856804E+01
-0.53453570806411651729196726375919E+00 0.16273402410138099177419863867226E+01
-0.53254179953264711537549451670416E+00 0.16215464222340512993409450998398E+01
-0.53052815436612425808381426404103E+00 0.16156957295789471112158199456606E+01
-0.52849483745615545672132661126145E+00 0.16097883689613240239038309347988E+01
-0.52644191427771965425794289048970E+00 0.16038245482896143631520384771213E+01
-0.52436945088499978111086792994645E+00 0.15978044774605679381632313776807E+01
-0.52227751390714653968381301850302E+00 0.15917283683518931126390666668826E+01
-0.52016617054397238190837872227678E+00 0.15855964348148275193589720761962E+01
-0.51803548856157429604081271404336E+00 0.15794088926666389969337964929498E+01
-0.51588553628788417170807223303684E+00 0.15731659596830563549071875236342E+01
-0.51371638260814521291622728321066E+00 0.15668678555906303337133315019546E+01
-0.51152809696031321394886291728211E+00 0.15605148020590255056383740327020E+01
-0.50932074933038111078920367474791E+00 0.15541070226932423354101228354212E+01
-0.50709441024762539482538039299259E+00 0.15476447430257706386756368038374E+01
-0.50484915077977245430301912002110E+00 0.15411281905086734737022577386164E+01
-0.50258504252808383974053042471156E+00 0.15345575945056030552633244307869E+01
-0.50030215762235807149576433985962E+00 0.15279331862837477147163679955257E+01
-0.49800056871584778945446759850452E+00 0.15212551990057101823159275071282E+01
-0.49568034898009008109433512502481E+00 0.15145238677213186015136826010016E+01
-0.49334157209964800473315356729686E+00 0.15077394293593685932029104710253E+01
-0.49098431226676189072688713437904E+00 0.15009021227192979774311412006003E+01
-0.48860864417590761359218644079605E+00 0.14940121884627942574277451052726E+01
-0.48621464301826038797120299224045E+00 0.14870698691053332267118392917502E+01
-0.48380238447606113438692855489435E+00 0.14800754090076524835448587778849E+01
-0.48137194471688430506237090821990E+00 0.14730290543671552584244496479821E+01
-0.47892340038780295019269248408741E+00 0.14659310532092494012745175224320E+01
-0.47645682860945073040254211044288E+00 0.14587816553786184046420475382868E+01
-0.47397230696997641504251719051344E+00 0.14515811125304256398198469611170E+01
-0.47146991351888947791048822030111E+00 0.14443296781214529370231065082587E+01
-0.46894972676079277440225612081582E+00 0.14370276074011715359213413459305E+01
-0.46641182564900082327265968174907E+00 0.14296751574027476810126915290571E+01
-0.46385628957903974967404108064814E+00 0.14222725869339816056527715388348E+01
-0.46128319838202568564369787613738E+00 0.14148201565681803937391428659164E+01
-0.45869263231791880389444953801370E+00 0.14073181286349649688254126130788E+01
-0.45608467206864947861713515901889E+00 0.13997667672110108635786408359011E+01
-0.45345939873111291494090685016530E+00 0.13921663381107239056871369098863E+01
-0.45081689381002859166455700831063E+00 0.13845171088768488852980922310255E+01
-0.44815723921066059407517027271150E+00 0.13768193487710136560069538498966E+01
-0.44548051723139522157475342386350E+00 0.13690733287642069400364261786354E+01
-0.44278681055617112183317637138253E+00 0.13612793215271905796068511722274E+01
-0.44007620224675838572767725062059E+00 0.13534376014208459396574228613314E+01
-0.43734877573488100346866448020996E+00 0.13455484444864550000057272584762E+01
-0.43460461481417900406109308846123E+00 0.13376121284359153342048669571963E+01
-0.43184380363200524790330504586210E+00 0.13296289326418896958153274674626E+01
-0.42906642668105072776005207078428E+00 0.13215991381278893324933435503048E+01
-0.42627256879079434568227831527476E+00 0.13135230275582918992646700356494E+01
-0.42346231511877114566462149963080E+00 0.13054008852282928451536646322355E+01
-0.42063575114165260544688691769889E+00 0.12972329970537910769282539258579E+01
-0.41779296264613362891783425751999E+00 0.12890196505612080678323098537667E+01
-0.41493403571962003477330368185802E+00 0.12807611348772403590541362324932E+01
-0.41205905674070905744792933404236E+00 0.12724577407185455051492670990384E+01
-0.40916811236945710979210052195719E+00 0.12641097603813613981024045668044E+01
-0.40626128953742622816379050233242E+00 0.12557174877310573613446038533718E+01
-0.40333867543750337452588477133282E+00 0.12472812181916187252918230860480E+01
-0.40040035751348307083938091609748E+00 0.12388012487350629176210520605084E+01
-0.39744642344940645084132160276625E+00 0.12302778778707873527421542338805E+01
-0.39447696115864702799424947230553E+00 0.12217114056348485385786464834026E+01
-0.39149205877273510172397014853715E+00 0.12131021335791719565556014612918E+01
-0.38849180462991135149463540168508E+00 0.12044503647606926560777993608062E+01
-0.38547628726339876017150237106251E+00 0.11957564037304243039581005276201E+01
-0.38244559538938376590313650993325E+00 0.11870205565224588161738504959960E+01
-0.37939981789469532519572221877567E+00 0.11782431306428930224225236332113E+01
-0.37633904382417075211401087763622E+00 0.11694244350586832835112578202824E+01
-0.37326336236769672380559057066960E+00 0.11605647801864277013846477054899E+01
-0.37017286284691160806997886027983E+00 0.11516644778810723130364147317670E+01
-0.36706763470155959396284861855647E+00 0.11427238414245442885520527976117E+01
-0.36394776747547808826888213354879E+00 0.11337431855143072096772592257101E+01
-0.36081335080220929016804251257728E+00 0.11247228262518398335058575398581E+01
-0.35766447439021679881938051608634E+00 0.11156630811310365422259252325332E+01
-0.35450122800769432957649094087609E+00 0.11065642690265266915411048706015E+01
-0.35132370146694847795308479945831E+00 0.10974267101819141890987345869336E+01
-0.34813198460833905687706936211324E+00 0.10882507261979328824201389239355E+01
-0.34492616728375866960488354971759E+00 0.10790366400205176455865588427825E+01
-0.34170633933963230732381272568240E+00 0.10697847759287898513144425248929E+01
-0.33847259059941702059967349187035E+00 0.10604954595229532355297279173910E+01
-0.33522501084558066710424557499014E+00 0.10511690177121003539209540337912E+01
-0.33196368980103757069894579683561E+00 0.10418057787019255216644678129828E+01
-0.32868871711001787175524020699016E+00 0.10324060719823433778038041655935E+01
-0.32540018231834565776326518117366E+00 0.10229702283150090768572721889204E+01
-0.32209817485310065054557994126706E+00 0.10134985797207380241118855956362E+01
-0.31878278400163604792801641398296E+00 0.10039914594668224115742509642723E+01
-0.31545409888992370737492836654247E+00 0.99444920205424049139776553986439E+00
-0.31211220846019685141519383019256E+00 0.98487214320475549174382581444935E+00
-0.30875720144785827501259769758698E+00 0.97526061984790094970443023355581E+00
-0.30538916635762057612943380681570E+00 0.96561497010784736713114099391017E+00
-0.30200819143884325003261294217592E+00 0.95593553329014683923806599340460E+00
-0.29861436466002906629651662367983E+00 0.94622264986835016396840700352034E+00
-0.29520777368244044454609469371001E+00 0.93647666147049242581122731388228E+00
-0.29178850583279441865484067633069E+00 0.92669791086544044993151484642043E+00
-0.28835664807499158265988611259855E+00 0.91688674194909755347337119556769E+00
-0.28491228698083379995936835230495E+00 0.90704349973045850913495067739035E+00
-0.28145550869967965812959979693932E+00 0.89716853031750859257408772946411E+00
-0.27798639892698766117757907095558E+00 0.88726218090295877333657361681838E+00
-0.27450504287169113277288150914316E+00 0.87732479974981080296741777570329E+00
-0.27101152522234554890236801742524E+00 0.86735673617674189611320165777365E+00
-0.26750593011198965714508893406479E+00 0.85735834054330182354265700615693E+00
-0.26398834108165066262848564355571E+00 0.84732996423491200403429075824792E+00
-0.26045884104242809771625709265121E+00 0.83727195964765555843642827985839E+00
-0.25691751223608045878738158624253E+00 0.82718468017284902198831282719161E+00
-0.25336443619403661562180627746096E+00 0.81706848018138178078500345910317E+00
-0.24979969369475068373874433912663E+00 0.80692371500781134021966292459696E+00
-0.24622336471930944727377826421519E+00 0.79675074093420043148069348950604E+00
-0.24263552840520128357070900554387E+00 0.78654991517367978379942465232079E+00
-0.23903626299814602534718039846989E+00 0.77632159585372254655495679075451E+00
-0.23542564580187806776000241380133E+00 0.76606614199910997231637392674811E+00
-0.23180375312577329202768461341413E+00 0.75578391351457204497638618727419E+00
-0.22817066023019561315329896725102E+00 0.74547527116708105032710513533521E+00
-0.22452644126943783439070651159904E+00 0.73514057656777595012749348231336E+00
-0.22087116923211892332537809825572E+00 0.72478019215349479099085844779564E+00
-0.21720491587889143323827270234625E+00 0.71439448116788799252476285578558E+00
-0.21352775167730414177433243107870E+00 0.70398380764208538772117943015098E+00
-0.20983974573365273768787635900372E+00 0.69354853637488616313816612733928E+00
-0.20614096572164076108642152071576E+00 0.68308903291243918445624016077310E+00
-0.20243147780766056623694180062488E+00 0.67260566352737794012196959274784E+00
-0.19871134657249013535049084086775E+00 0.66209879519737121606565730302442E+00
-0.19498063492918788752526468984573E+00 0.65156879558304808950387280980033E+00
-0.19123940403695086127569617424518E+00 0.64101603300525120304406108324707E+00
-0.18748771321068565932044623826217E+00 0.63044087642156879391885142207159E+00
-0.18372561982602285951796189915054E+00 0.61984369540209194990709610856932E+00
-0.17995317921948475391273831360300E+00 0.60922486010433817056114264112054E+00
-0.17617044458349605856439520466115E+00 0.59858474124727710892009965136930E+00
-0.17237746685590288206550772017109E+00 0.58792371008438966301937195023497E+00
-0.16857429460363886678199196202082E+00 0.57724213837568367695842778883623E+00
-0.16476097390015142654792262988923E+00 0.56654039835858387867289616234609E+00
-0.16093754819616854312687395287953E+00 0.55581886271760503118932023018753E+00
-0.15710405818335561821227149252800E+00 0.54507790455270985152157232045200E+00
-0.15326054165037325887898573516385E+00 0.53431789734624323087726073577232E+00
-0.14940703333080950720009995983240E+00 0.52353921492832339869022176411775E+00
-0.14554356474241647894530402479410E+00 0.51274223144056123175357315357708E+00
-0.14167016401703238157423966326946E+00 0.50192732129796401879671128320003E+00
-0.13778685572052071041898364559997E+00 0.49109485914886722621049829593913E+00
-0.13389366066200000871175428571540E+00 0.48024521983272317542308781962187E+00
-0.12999059569157410236282993158054E+00 0.46937877833555442450320201107640E+00
-0.12607767348570921242295461608619E+00 0.45849590974286733326877658181144E+00
-0.12215490231931944010644219700919E+00 0.44759698918979131129900407692821E+00
-0.11822228582355166885380277002013E+00 0.43668239180819342968814921911643E+00
-0.11427982272815602229356553776704E+00 0.42575249267048632783072013181842E+00
-0.11032750658723664127473728811453E+00 0.41480766672981901306102690907219E+00
-0.10636532548706084878616290005288E+00 0.40384828875630825040960830175649E+00
-0.10239326173448065139358745181917E+00 0.39287473326892840678386311300291E+00
-0.98411291524385367361960901158388E-01 0.38188737446263853355879929201558E+00
-0.94419384584447835486587878489072E-01 0.37088658613027606445071626256583E+00
-0.90417503795260213155605268106314E-01 0.35987274157869491684788179092725E+00
-0.86405604783763908214468513125957E-01 0.34884621353856558708325188936167E+00
-0.82383635487667199331231779075059E-01 0.33780737406718799574245874461877E+00
-0.78351535688310423681380625599073E-01 0.32675659444359145491492063599812E+00
-0.74309236509170941493046062474038E-01 0.31569424505510848520731991465473E+00
-0.70256659876909984180372341457140E-01 0.30462069527451468509578902336629E+00
-0.66193717941526085403761245876079E-01 0.29353631332671185336164913382176E+00
-0.62120312451811209656353625037482E-01 0.28244146614380816802212057887222E+00
-0.58036334081883304114794465171324E-01 0.27133651920730212201053825684021E+00
-0.53941661704096351957856187117165E-01 0.26022183637591444054111134648043E+00
-0.49836161603091969200745303190046E-01 0.24909777969742213306749842204173E+00
-0.45719686625150315359482536771171E-01 0.23796470920263160945564117576953E+00
-0.41592075256309045482491077002406E-01 0.22682298267938038248163147769857E+00
-0.37453150621936098392320282269931E-01 0.21567295542416839075739161735159E+00
-0.33302719399546217184920903598578E-01 0.20451497996869017288223916650250E+00
-0.29140570635635182561869105573370E-01 0.19334940577815374993972019239368E+00
-0.24966474456132589797004548648918E-01 0.18217657891783029445016209124762E+00
-0.20780180658735746231768528439571E-01 0.17099684168375801056333771264239E+00
-0.16581417173843343388322206614968E-01 0.15981053219292380769569554393430E+00
-0.12369888379026460161243570306754E-01 0.14861798392753923107952992052263E+00
-0.81452732499148713326780068121768E-02 0.13741952522720169286412745020010E+00
-0.39072233279891892997017643298066E-02 0.12621547872176113764569975507596E+00
0.34463951701258342172798628324204E-03 0.11500616069656552504514277234979E+00
0.46107255556070726477924010194916E-02 0.10379188038040442525281276995980E+00
0.88914799273260333398610970450926E-02 0.92572939144862691729108524653396E-01
0.13187385663514248636352577809864E-01 0.81349629601880984756829693432773E-01
0.17498967043208866611221732834572E-01 0.70122234584034480417150128045943E-01
0.21826793327358461356574869223462E-01 0.58891025989294517972197762850415E-01
0.26171482924017036492871509763852E-01 0.47656263468742298716235945343148E-01
0.30533708045944610152582737051823E-01 0.36418192931705347717127513561521E-01
0.34914199932566751698180547623545E-01 0.25177044837948106847191979828644E-01
0.39313754720896063802260902381299E-01 0.13933032240640200116109209869498E-01
0.43733240065291900910465502752433E-01 0.26863485365883170149568802942228E-02
0.48173602624465042748484016971617E-01 -0.85628351286820612726548578997757E-02
0.52635876556729449494523426543504E-01 -0.19814372864432639841992073660899E-01
0.57121193192205192482493617767878E-01 -0.31068147523945824670426063944731E-01
0.61630792084826746365221192765654E-01 -0.42324074773774243469390975522461E-01
0.66166033689368287258236636371937E-01 -0.53582107858882910370880250888049E-01
0.70728413961560209307740909229784E-01 -0.64842243206902388630037944748970E-01
0.75319581245803846780517315553304E-01 -0.76104527049597346457325871270241E-01
0.79941355899061540031610152362957E-01 -0.87369063284472645798545293837481E-01
0.84595753206723882508336014898392E-01 -0.98636022857471897094876317595433E-01
0.89285010284130407749531854627849E-01 -0.10990565502350267595368207188791E+00
0.94011617836269272008755460040505E-01 -0.12117830094132838799924648875094E+00
0.98778357882396137400259554930059E-01 -0.13245441019211192245733117235468E+00
0.10358834886217414715584484019681E+00 -0.14373456098923410031854752864072E+00
0.10844509995444293723012087986333E+00 -0.15501948508928288471816683479280E+00
0.11335257700092012045207808527363E+00 -0.16631009874718393289772885537485E+00
0.11831528319700556933591683255615E+00 -0.17760754152231929526345690653297E+00
0.12333835878338644840758521264591E+00 -0.18891322539766703745985801838921E+00
0.12842770548772926561341423912826E+00 -0.20022889761359273589026477601066E+00
0.13359014364873583691932956812482E+00 -0.21155672198774547422662534434111E+00
0.13883361316625631003324372480176E+00 -0.22289938552461995771474881546876E+00
0.14416743427034718419800285262279E+00 -0.23426024018561884829833806176965E+00
0.14960265169991399871834248261246E+00 -0.24564349438036982855642320373252E+00
0.15515249865131345377778412352269E+00 -0.25705447582197147110338681454718E+00
0.16083304351935645107809411657690E+00 -0.26849999598506469261159946873004E+00
0.16666427141632662454240508770576E+00 -0.27998878636016099527555071152796E+00
0.17389377441540631217061620650687E+00 -0.29385029307867320786816755776511E+00
0.18143325804723058970872404245821E+00 -0.30781909263901763065529060721099E+00
0.18935961543800037610843168795690E+00 -0.32193833120639261743155241422282E+00
0.19778894390571716472304474069200E+00 -0.33627422695568798425343873540214E+00
0.20690307765287805639998639953830E+00 -0.35094040934897386386395127440217E+00
0.21646932744335187300871806797939E+00 -0.36534473913100422892819616016370E+00
0.22609772297598936914625760637852E+00 -0.37876471458347067228742433244663E+00
0.23581729926045973756855804367488E+00 -0.39118656501965487460291366630690E+00
0.24557949096562584936491927253233E+00 -0.40267425129332503846821701286884E+00
0.25577212733269255528335597968343E+00 -0.41290945565318403922839506876943E+00
0.25268586401520531219639460183381E+00 -0.42699393906423487452243691442876E+00
0.25040779169198139230195734044388E+00 -0.44181785213744422538570536005909E+00
0.24879211818767528805058481306251E+00 -0.45737384615716045546019368777578E+00
0.24782401888058693894947827232852E+00 -0.47366301678241477307872274126800E+00
0.24744795479313556594767926814048E+00 -0.49067536001476531678089187685317E+00
0.24760863542656189034450875832574E+00 -0.50759837746766450565367554387665E+00
0.24817882411583229037948817983502E+00 -0.52382225961738061574803209313448E+00
0.24906038196231483344216566882893E+00 -0.53954148873613574994178747194564E+00
0.25018895674194346334081487233175E+00 -0.55487499451485987753585764010296E+00
0.25151890395410094527811103347513E+00 -0.56990125940531198015697614941453E+00
0.25275778268140953444438674851682E+00 -0.58222822126042747205002917556601E+00
0.25409681603457065524284575739023E+00 -0.59440350126047964151952854553259E+00
0.25552511804269832360406701719826E+00 -0.60644523658122852660313684872170E+00
0.25703192658204932945251011814503E+00 -0.61836804480549644786020699526741E+00
0.25860873335540117164936802403216E+00 -0.63018368040760767861919096299689E+00
0.26024810701439723848320876060238E+00 -0.64190178841129323406575381295429E+00
0.26194371379933501430180432462975E+00 -0.65353034363982481689439731906960E+00
0.26369003626395625866778440633018E+00 -0.66507601080982530967260306611859E+00
0.26548225418090120761003446817420E+00 -0.67654440183452016426821058035224E+00
0.26731611903632800435448772202091E+00 -0.68794027643510642875275951588364E+00
0.26918786512676302301537767070555E+00 -0.69926769581339810991155846569052E+00
0.27109413470808520037787117205522E+00 -0.71053014360884228608740673967105E+00
0.27303191843639538309966332287930E+00 -0.72173062163103003036696282734030E+00
0.27499850621275016123545290789328E+00 -0.73287172663421429139470136739646E+00
0.27699144669943117062424401605854E+00 -0.74395571241302158630992519508618E+00
0.27900851356682513551093913087835E+00 -0.75498454049151098036548303423806E+00
0.28104767719402235299906563316846E+00 -0.76595992182703686581357119409789E+00
0.28310708076666510706328441006554E+00 -0.77688335137927379706079391454848E+00
0.28518501996892575070657942208724E+00 -0.78775613696083595784752185633503E+00
0.28727992562855441587169331176314E+00 -0.79857942346890027526487388084467E+00
0.28939034880727476157723014016160E+00 -0.80935421335758713815834758068634E+00
0.29151494792840062683409977042645E+00 -0.82008138402968583506940640955470E+00
0.29365247761206417891953856917829E+00 -0.83076170268741730011010250200639E+00
0.29580177894969347596611721685805E+00 -0.84139583907470437958865374465418E+00
0.29796177099791877297343476381509E+00 -0.85198437645988429307468544523191E+00
0.30013144331071713588967898996252E+00 -0.86252782114223633681023071701168E+00
0.30230984935959809542205516057048E+00 -0.87302661071385711975337279740258E+00
0.30449610071665743313901452521055E+00 -0.88348112126714656883144795816648E+00
0.30668936189564560670477808566620E+00 -0.89389167370509965204313396529667E+00
0.30888884576280477578873538287798E+00 -0.90425853928494792648101029134581E+00
0.31109380944286704026107815859984E+00 -0.91458194450407686704654976153787E+00
0.31330355065686521311052638274291E+00 -0.92486207541953671150348315942996E+00
0.31551740443775477515075118452400E+00 -0.93509908147802365499703964875816E+00
0.31773474017762999842499621346215E+00 -0.94529307892132539215600427013680E+00
0.31995495896683936432443261243402E+00 -0.95544415382239562440861279434429E+00
0.32217749119078685650337336585771E+00 -0.96555236479904893339645015929997E+00
0.32440179435483015128132856061824E+00 -0.97561774544545565797594121234606E+00
0.32662735111161031429834204374313E+00 -0.98564030651590415156931496508701E+00
0.32885366746847667447550458692767E+00 -0.99562003789049425488917885045375E+00
0.33108027115551697464245465158686E+00 -0.10055569103483784272541168808345E+01
0.33330671013713741562977333261668E+00 -0.10154508771707248989981506987817E+01
0.33553255125222668374953385747782E+00 -0.10253018755926683724662564718770E+01
0.33775737896974089273933927992736E+00 -0.10351098281210198281967641296228E+01
0.33998079424810094693202146505428E+00 -0.10448746437323801917705763696049E+01
0.34220241348814297827257929097920E+00 -0.10545962189644803274511927425676E+01
0.34442186757053179675192116960444E+00 -0.10642744389119947048465434199175E+01
0.34663880096956945498823331189855E+00 -0.10739091781367250445255686826111E+01
0.34885287093621887856197423930463E+00 -0.10835003015008767582389772937557E+01
0.35106374674394325175241660165027E+00 -0.10930476649311346014680419456598E+01
0.35327110899164508466454088376014E+00 -0.11025511161203618212387181081782E+01
0.35547464895858904992335009230320E+00 -0.11120104951729754214858230350699E+01
0.35767406800672291178367711456589E+00 -0.11214256351993795030609691193976E+01
0.35986907702627786360251010077473E+00 -0.11307963628642494920920068553813E+01
0.36205939592094274087453395026117E+00 -0.11401224988929421832170592319440E+01
0.36424475312927429414978813929549E+00 -0.11494038585398562479354692229937E+01
0.36642488517932864968147577931791E+00 -0.11586402520221642618378006867969E+01
0.36859953627379186266875643696005E+00 -0.11678314849219859817928588251083E+01
0.37076845790314253803337966454320E+00 -0.11769773585597618584699293278874E+01
0.37293140848461176125150534988946E+00 -0.11860776703413071747563754842506E+01
0.37508815302491030149843448938333E+00 -0.11951322140807836973109098238907E+01
0.37723846280487873250562293325774E+00 -0.12041407803016058533913476897650E+01
0.37938211508438031902657186170966E+00 -0.12131031565171067157520724205841E+01
0.38151889282590587074107106784516E+00 -0.12220191274926140338245882653202E+01
0.38364858443549412081853956934736E+00 -0.12308884754904317213075492609660E+01
0.38577098351968998922474308989566E+00 -0.12397109804990859703422872704426E+01
0.38788588865737361800889453601681E+00 -0.12484864204480685183477746118923E+01
0.38999310318539033918555301716066E+00 -0.12572145714091992900076703030232E+01
0.39209243499700058260376469428255E+00 -0.12658952077856333241283734633655E+01
0.39418369635225012020878203414943E+00 -0.12745281024894396541379451776687E+01
0.39626670369943219845784551309327E+00 -0.12831130271086095621901475242752E+01
0.39834127750688274856566987724019E+00 -0.12916497520642669566256203876590E+01
0.40040724210440517924127637187683E+00 -0.13001380467587964921991808536775E+01
0.40246442553368162947726342938288E+00 -0.13085776797155405929949598298764E+01
0.40451265940707366181723183220223E+00 -0.13169684187106636077496890133919E+01
0.40655177877426189203491027134088E+00 -0.13253100308977328289838758563640E+01
0.40858162199621724734682858890811E+00 -0.13336022829255200882420969712777E+01
0.41060203062603190371646485133923E+00 -0.13418449410494887838941700693458E+01
0.41261284929617616077620618639482E+00 -0.13500377712373940964419070030881E+01
0.41461392561177542545734821703421E+00 -0.13581805392693887268336166915567E+01
0.41660511004953499555546090242324E+00 -0.13662730108329989453919126298399E+01
0.41858625586196350716607776051454E+00 -0.13743149516133047204966871801475E+01
0.42055721898657296917718137840614E+00 -0.13823061273786355976037565578210E+01
0.42251785795975532472910412095286E+00 -0.13902463040620668403587062022515E+01
0.42446803383505525910978839114593E+00 -0.13981352478389821010352367886065E+01
0.42640761010558067921524420883424E+00 -0.14059727252009481414651552364603E+01
0.42833645263030686116615910896109E+00 -0.14137585030261290759184315011468E+01
0.43025442956405009151136075861881E+00 -0.14214923486464513250151730655429E+01
0.43216141129089804988412753682458E+00 -0.14291740299117155200822565211580E+01
0.43405727036090116826099619291394E+00 -0.14368033152508367554134444178771E+01
0.43594188142984164051467282920071E+00 -0.14443799737303848481761275282516E+01
0.43781512120190535765769750630210E+00 -0.14519037751105784950936384627072E+01
0.43967686837509959602745968630943E+00 -0.14593744898988841673070860133861E+01
0.44152700358926194679583703644376E+00 -0.14667918894013533665142126617149E+01
0.44336540937652237437704170869334E+00 -0.14741557457718270716009982223326E+01
0.44519197011408393848720279017780E+00 -0.14814658320591265899115993161535E+01
0.44700657197919921573877662911226E+00 -0.14887219222523407358303338835752E+01
0.44880910290622564011189673632483E+00 -0.14959237913243141355754017611459E+01
0.45059945254564982437529031146661E+00 -0.15030712152734332921857246930468E+01
0.45237751222497898081816990298747E+00 -0.15101639711638004491493965818891E+01
0.45414317491140217414970468238058E+00 -0.15172018371638812120018898034033E+01
0.45589633517613049086314834040404E+00 -0.15241845925837046521900041530592E+01
0.45763688916033108289354760383994E+00 -0.15311120179106907006666973325869E+01
0.45936473454257390328470306722976E+00 -0.15379838948441741388035206697704E+01
0.46107977050771576549051599803384E+00 -0.15448000063286912142210332249653E+01
0.46278189771714970777561767090900E+00 -0.15515601365860906662803820143181E+01
0.46447101828035286282741693314508E+00 -0.15582640711465252652350537781767E+01
0.46614703572766836910334949613340E+00 -0.15649115968783800475763815337291E+01
0.46780985498426196197605794390592E+00 -0.15715025020171869248882140507343E+01
0.46945938234519600637142983915064E+00 -0.15780365761935738339838539293071E+01
0.47109552545156774310612314898938E+00 -0.15845136104602939710867629133506E+01
0.47271819326766078047283074555077E+00 -0.15909333973183768540893205771775E+01
0.47432729605906196570608142610562E+00 -0.15972957307424417819393445268107E+01
0.47592274537169847009553091336195E+00 -0.16036004062052110569562260540867E+01
0.47750445401175192356815256101039E+00 -0.16098472207012581981893120328458E+01
0.47907233602640904415996782151069E+00 -0.16160359727700256951962097321201E+01
0.48062630668541043248794455999609E+00 -0.16221664625181421692031371868350E+01
0.48216628246336076162762450555182E+00 -0.16282384916410704352482072690998E+01
0.48369218102276597353703109919563E+00 -0.16342518634441139602925062531078E+01
0.48520392119776441006959707664494E+00 -0.16402063828628073610988682279267E+01
0.48670142297852140227009539694073E+00 -0.16461018564827183272976260454033E+01
0.48818460749625653743086780331960E+00 -0.16519380925586821340901153238521E+01
0.48965339700887717193316630748889E+00 -0.16577149010334932844496241364998E+01
0.49110771488719005548639067556373E+00 -0.16634320935560745443561028144498E+01
0.49254748560166634190500373867483E+00 -0.16690894834991434503545940112725E+01
0.49397263470973643816183216606671E+00 -0.16746868859763960519879122403899E+01
0.49538308884359054050821248940376E+00 -0.16802241178592249777331253816392E+01
0.49677877569846444871793028548956E+00 -0.16857009977929897698865617672109E+01
0.49815962402138892687128896751001E+00 -0.16911173462128556603491372121167E+01
0.49952556360038310238153775238923E+00 -0.16964729853592150815863940647911E+01
0.50087652525407387499758391999105E+00 -0.17017677392927082693111831237155E+01
0.50221244082172187403438405811913E+00 -0.17070014339088550658716603975400E+01
0.50353324315363876692838450402187E+00 -0.17121738969523123185461021400686E+01
0.50483886610197826816533724336800E+00 -0.17172849580307686839526796869845E+01
0.50612924451188576017050957597743E+00 -0.17223344486284889770292133244942E+01
0.50740431421299227095388222205844E+00 -0.17273222021195190288201625687749E+01
0.50866401201123777530396785872633E+00 -0.17322480537805622058126144210802E+01
0.50990827568101125597963653046026E+00 -0.17371118408035372536390323333147E+01
0.51113704395759405926678284385252E+00 -0.17419134023078275265038669849332E+01
0.51235025652989465349217231324708E+00 -0.17466525793522306036531351398673E+01
0.51354785403346295919037128044057E+00 -0.17513292149466170597702623746516E+01
0.51472977804377291562161226366938E+00 -0.17559431540633068341430539706590E+01
0.51589597106976301615636587791479E+00 -0.17604942436481708490585543765860E+01
0.51704637654762412968738633047011E+00 -0.17649823326314658986503649738324E+01
0.51818093883482515467087096673600E+00 -0.17694072719384094526060107182838E+01
0.51929960320436712628348321533020E+00 -0.17737689144995015045557429174475E+01
0.52040231583925670712809292349947E+00 -0.17780671152606002436643073295900E+01
0.52148902382719065619513884994902E+00 -0.17823017311927570872129790486920E+01
0.52255967515544316229661307996577E+00 -0.17864726213018176783366334201276E+01
0.52361421870594802980383155649554E+00 -0.17905796466377940648133832838334E+01
0.52465260425056848442771857642766E+00 -0.17946226703040137888285333990684E+01
0.52567478244654710870136354474924E+00 -0.17986015574660506421056973420285E+01
0.52668070483212943822870504894080E+00 -0.18025161753604422181922030469205E+01
0.52767032382235442998348464055183E+00 -0.18063663933031991171557496672918E+01
0.52864359270500537662704952283545E+00 -0.18101520826981097830049396087380E+01
0.52960046563671566041363188954927E+00 -0.18138731170448456971085255538549E+01
0.53054089763922314533139759756531E+00 -0.18175293719468708048736309992422E+01
0.53146484459576782658086818438281E+00 -0.18211207251191588354810719040232E+01
0.53237226324762784948409855249832E+00 -0.18246470563957229601570295648102E+01
0.53326311119078766687944477410300E+00 -0.18281082477369601051051113359372E+01
0.53413734687273529447518394708185E+00 -0.18315041832368147579356684098594E+01
0.53499492958938185042401109356346E+00 -0.18348347491297642485770005572639E+01
0.53583581948210082959252551993601E+00 -0.18380998337976292411302819444778E+01
0.53665997753488162682689552958704E+00 -0.18412993277762123702898284668347E+01
0.53746736557159355984774189694482E+00 -0.18444331237617675319984662345329E+01
0.53825794625335663914574520115843E+00 -0.18475011166173028713680064635052E+01
0.53903168307601486396522500665427E+00 -0.18505032033787197015244781470469E+01
0.53978854036770896599558352414137E+00 -0.18534392832607900572478288873074E+01
0.54052848328654467619753753137366E+00 -0.18563092576629751848906463530212E+01
0.54125147781835338066418902700639E+00 -0.18591130301750870893302366135933E+01
0.54195749077454201285168360509912E+00 -0.18618505065827954630144355531549E+01
0.54264648979002894055760652256980E+00 -0.18645215948729817823052221370002E+01
0.54331844332126328652541127018889E+00 -0.18671262052389429128848504848136E+01
0.54397332064432428428272702899559E+00 -0.18696642500854456893881694761533E+01
0.54461109185309862585396515949502E+00 -0.18721356440336344859502773766629E+01
0.54523172785753274809936600295212E+00 -0.18745403039257934127997768236497E+01
0.54583520038195790155848414523868E+00 -0.18768781488299648266818958299922E+01
0.54642148196348534772836400943162E+00 -0.18791491000444255945445251680451E+01
0.54699054595046968232549404142904E+00 -0.18813530811020226672272492796626E+01
0.54754236650103803284121324551948E+00 -0.18834900177743693347082253361892E+01
0.54807691858168301207297511433965E+00 -0.18855598380759036264345671854174E+01
0.54859417796591745180079302214315E+00 -0.18875624722678098915289625488219E+01
0.54909412123298918665300294343716E+00 -0.18894978528618050737585748510425E+01
0.54957672576665384659608334280820E+00 -0.18913659146237906527538999390414E+01
0.55004196975400410006900622029543E+00 -0.18931665945773713677088528693250E+01
0.55048983218435369787829664958298E+00 -0.18948998320072419096910468235323E+01
0.55092029284817465482896223043690E+00 -0.18965655684624424398842347729499E+01
0.55133333233608619311033035235361E+00 -0.18981637477594839358053616265437E+01
0.55172893203789399601735877327722E+00 -0.18996943159853443025278803178882E+01
0.55210707414167833991756564998765E+00 -0.19011572215003360812915461556099E+01
0.55246774163293001992082754298405E+00 -0.19025524149408464943247883521710E+01
0.55281091829373265935998781427453E+00 -0.19038798492219507172117827511302E+01
0.55313658870199037829812874543077E+00 -0.19051394795398990442616753146863E+01
0.55344473823069969713157805990136E+00 -0.19063312633744785562946597387747E+01
0.55373535304726467498356581836757E+00 -0.19074551604912500379294729873101E+01
0.55400842011285436265077897019005E+00 -0.19085111329436607407593267765377E+01
0.55426392718180146690996898492524E+00 -0.19094991450750334571347544477842E+01
0.55450186280104164605926790323405E+00 -0.19104191635204325563998229981767E+01
0.55472221630959219363579322796686E+00 -0.19112711572084074560799672822361E+01
0.55492497783806843425691460274286E+00 -0.19120550973626143001397419262998E+01
0.55511013830821299711191035633525E+00 -0.19127709575033224673796566328035E+01
0.55522379613103568580864520885687E+00 -0.19132103633311302227328387818482E+01
0.55532962530108129244821029575672E+00 -0.19136194939831630200442635853912E+01
0.55542762371434923368333063463143E+00 -0.19139983433163706345609136513476E+01
0.55551778942250242433296577717831E+00 -0.19143469056422670736868893236178E+01
0.55560012063330771397170759971476E+00 -0.19146651757269379452322431733683E+01
0.55567853663383509135490443412991E+00 -0.19149683056476498014195984673845E+01
0.55575695782788773004775772779952E+00 -0.19152714507440545798130564904803E+01
0.55583538421526774607645682880042E+00 -0.19155746110168493906249389120900E+01
0.55591381579577447570197582295742E+00 -0.19158777864667319917043041462382E+01
0.55599225256921043989803731630315E+00 -0.19161809770943992574608225581296E+01
0.55591381579577447570197582295742E+00 -0.19158777864667319917043041462382E+01
0.55583538421526774607645682880042E+00 -0.19155746110168493906249389120900E+01
0.55575695782788773004775772779952E+00 -0.19152714507440545798130564904803E+01
0.55567853663383509135490443412991E+00 -0.19149683056476498014195984673845E+01
0.55560012063330771397170759971476E+00 -0.19146651757269379452322431733683E+01
0.55551778942250242433296577717831E+00 -0.19143469056422670736868893236178E+01
0.55542762371434923368333063463143E+00 -0.19139983433163706345609136513476E+01
0.55532962530108129244821029575672E+00 -0.19136194939831630200442635853912E+01
0.55522379613103568580864520885687E+00 -0.19132103633311302227328387818482E+01
0.55511013830821299711191035633525E+00 -0.19127709575033224673796566328035E+01
0.55492497783806843425691460274286E+00 -0.19120550973626143001397419262998E+01
0.55472221630959219363579322796686E+00 -0.19112711572084074560799672822361E+01
0.55450186280104164605926790323405E+00 -0.19104191635204325563998229981767E+01
0.55426392718180146690996898492524E+00 -0.19094991450750334571347544477842E+01
0.55400842011285436265077897019005E+00 -0.19085111329436607407593267765377E+01
0.55373535304726467498356581836757E+00 -0.19074551604912500379294729873101E+01
0.55344473823069969713157805990136E+00 -0.19063312633744785562946597387747E+01
0.55313658870199037829812874543077E+00 -0.19051394795398990442616753146863E+01
0.55281091829373265935998781427453E+00 -0.19038798492219507172117827511302E+01
0.55246774163293001992082754298405E+00 -0.19025524149408464943247883521710E+01
0.55210707414167833991756564998765E+00 -0.19011572215003360812915461556099E+01
0.55172893203789399601735877327722E+00 -0.18996943159853443025278803178882E+01
0.55133333233608619311033035235361E+00 -0.18981637477594839358053616265437E+01
0.55092029284817465482896223043690E+00 -0.18965655684624424398842347729499E+01
0.55048983218435369787829664958298E+00 -0.18948998320072419096910468235323E+01
0.55004196975400410006900622029543E+00 -0.18931665945773713677088528693250E+01
0.54957672576665384659608334280820E+00 -0.18913659146237906527538999390414E+01
0.54909412123298918665300294343716E+00 -0.18894978528618050737585748510425E+01
0.54859417796591745180079302214315E+00 -0.18875624722678098915289625488219E+01
0.54807691858168301207297511433965E+00 -0.18855598380759036264345671854174E+01
0.54754236650103803284121324551948E+00 -0.18834900177743693347082253361892E+01
0.54699054595046968232549404142904E+00 -0.18813530811020226672272492796626E+01
0.54642148196348534772836400943162E+00 -0.18791491000444255945445251680451E+01
0.54583520038195790155848414523868E+00 -0.18768781488299648266818958299922E+01
0.54523172785753274809936600295212E+00 -0.18745403039257934127997768236497E+01
0.54461109185309862585396515949502E+00 -0.18721356440336344859502773766629E+01
0.54397332064432428428272702899559E+00 -0.18696642500854456893881694761533E+01
0.54331844332126328652541127018889E+00 -0.18671262052389429128848504848136E+01
0.54264648979002894055760652256980E+00 -0.18645215948729817823052221370002E+01
0.54195749077454201285168360509912E+00 -0.18618505065827954630144355531549E+01
0.54125147781835338066418902700639E+00 -0.18591130301750870893302366135933E+01
0.54052848328654467619753753137366E+00 -0.18563092576629751848906463530212E+01
0.53978854036770896599558352414137E+00 -0.18534392832607900572478288873074E+01
0.53903168307601486396522500665427E+00 -0.18505032033787197015244781470469E+01
0.53825794625335663914574520115843E+00 -0.18475011166173028713680064635052E+01
0.53746736557159355984774189694482E+00 -0.18444331237617675319984662345329E+01
0.53665997753488162682689552958704E+00 -0.18412993277762123702898284668347E+01
0.53583581948210082959252551993601E+00 -0.18380998337976292411302819444778E+01
0.53499492958938185042401109356346E+00 -0.18348347491297642485770005572639E+01
0.53413734687273529447518394708185E+00 -0.18315041832368147579356684098594E+01
0.53326311119078766687944477410300E+00 -0.18281082477369601051051113359372E+01
0.53237226324762784948409855249832E+00 -0.18246470563957229601570295648102E+01
0.53146484459576782658086818438281E+00 -0.18211207251191588354810719040232E+01
0.53054089763922314533139759756531E+00 -0.18175293719468708048736309992422E+01
0.52960046563671566041363188954927E+00 -0.18138731170448456971085255538549E+01
0.52864359270500537662704952283545E+00 -0.18101520826981097830049396087380E+01
0.52767032382235442998348464055183E+00 -0.18063663933031991171557496672918E+01
0.52668070483212943822870504894080E+00 -0.18025161753604422181922030469205E+01
0.52567478244654710870136354474924E+00 -0.17986015574660506421056973420285E+01
0.52465260425056848442771857642766E+00 -0.17946226703040137888285333990684E+01
0.52361421870594802980383155649554E+00 -0.17905796466377940648133832838334E+01
0.52255967515544316229661307996577E+00 -0.17864726213018176783366334201276E+01
0.52148902382719065619513884994902E+00 -0.17823017311927570872129790486920E+01
0.52040231583925670712809292349947E+00 -0.17780671152606002436643073295900E+01
0.51929960320436712628348321533020E+00 -0.17737689144995015045557429174475E+01
0.51818093883482515467087096673600E+00 -0.17694072719384094526060107182838E+01
0.51704637654762412968738633047011E+00 -0.17649823326314658986503649738324E+01
0.51589597106976301615636587791479E+00 -0.17604942436481708490585543765860E+01
0.51472977804377291562161226366938E+00 -0.17559431540633068341430539706590E+01
0.51354785403346295919037128044057E+00 -0.17513292149466170597702623746516E+01
0.51235025652989465349217231324708E+00 -0.17466525793522306036531351398673E+01
0.51113704395759405926678284385252E+00 -0.17419134023078275265038669849332E+01
0.50990827568101125597963653046026E+00 -0.17371118408035372536390323333147E+01
0.50866401201123777530396785872633E+00 -0.17322480537805622058126144210802E+01
0.50740431421299227095388222205844E+00 -0.17273222021195190288201625687749E+01
0.50612924451188576017050957597743E+00 -0.17223344486284889770292133244942E+01
0.50483886610197826816533724336800E+00 -0.17172849580307686839526796869845E+01
0.50353324315363876692838450402187E+00 -0.17121738969523123185461021400686E+01
0.50221244082172187403438405811913E+00 -0.17070014339088550658716603975400E+01
0.50087652525407387499758391999105E+00 -0.17017677392927082693111831237155E+01
0.49952556360038310238153775238923E+00 -0.16964729853592150815863940647911E+01
0.49815962402138892687128896751001E+00 -0.16911173462128556603491372121167E+01
0.49677877569846444871793028548956E+00 -0.16857009977929897698865617672109E+01
0.49538308884359054050821248940376E+00 -0.16802241178592249777331253816392E+01
0.49397263470973643816183216606671E+00 -0.16746868859763960519879122403899E+01
0.49254748560166634190500373867483E+00 -0.16690894834991434503545940112725E+01
0.49110771488719005548639067556373E+00 -0.16634320935560745443561028144498E+01
0.48965339700887717193316630748889E+00 -0.16577149010334932844496241364998E+01
0.48818460749625653743086780331960E+00 -0.16519380925586821340901153238521E+01
0.48670142297852140227009539694073E+00 -0.16461018564827183272976260454033E+01
0.48520392119776441006959707664494E+00 -0.16402063828628073610988682279267E+01
0.48369218102276597353703109919563E+00 -0.16342518634441139602925062531078E+01
0.48216628246336076162762450555182E+00 -0.16282384916410704352482072690998E+01
0.48062630668541043248794455999609E+00 -0.16221664625181421692031371868350E+01
0.47907233602640904415996782151069E+00 -0.16160359727700256951962097321201E+01
0.47750445401175192356815256101039E+00 -0.16098472207012581981893120328458E+01
0.47592274537169847009553091336195E+00 -0.16036004062052110569562260540867E+01
0.47432729605906196570608142610562E+00 -0.15972957307424417819393445268107E+01
0.47271819326766078047283074555077E+00 -0.15909333973183768540893205771775E+01
0.47109552545156774310612314898938E+00 -0.15845136104602939710867629133506E+01
0.46945938234519600637142983915064E+00 -0.15780365761935738339838539293071E+01
0.46780985498426196197605794390592E+00 -0.15715025020171869248882140507343E+01
0.46614703572766836910334949613340E+00 -0.15649115968783800475763815337291E+01
0.46447101828035286282741693314508E+00 -0.15582640711465252652350537781767E+01
0.46278189771714970777561767090900E+00 -0.15515601365860906662803820143181E+01
0.46107977050771576549051599803384E+00 -0.15448000063286912142210332249653E+01
0.45936473454257390328470306722976E+00 -0.15379838948441741388035206697704E+01
0.45763688916033108289354760383994E+00 -0.15311120179106907006666973325869E+01
0.45589633517613049086314834040404E+00 -0.15241845925837046521900041530592E+01
0.45414317491140217414970468238058E+00 -0.15172018371638812120018898034033E+01
0.45237751222497898081816990298747E+00 -0.15101639711638004491493965818891E+01
0.45059945254564982437529031146661E+00 -0.15030712152734332921857246930468E+01
0.44880910290622564011189673632483E+00 -0.14959237913243141355754017611459E+01
0.44700657197919921573877662911226E+00 -0.14887219222523407358303338835752E+01
0.44519197011408393848720279017780E+00 -0.14814658320591265899115993161535E+01
0.44336540937652237437704170869334E+00 -0.14741557457718270716009982223326E+01
0.44152700358926194679583703644376E+00 -0.14667918894013533665142126617149E+01
0.43967686837509959602745968630943E+00 -0.14593744898988841673070860133861E+01
0.43781512120190535765769750630210E+00 -0.14519037751105784950936384627072E+01
0.43594188142984164051467282920071E+00 -0.14443799737303848481761275282516E+01
0.43405727036090116826099619291394E+00 -0.14368033152508367554134444178771E+01
0.43216141129089804988412753682458E+00 -0.14291740299117155200822565211580E+01
0.43025442956405009151136075861881E+00 -0.14214923486464513250151730655429E+01
0.42833645263030686116615910896109E+00 -0.14137585030261290759184315011468E+01
0.42640761010558067921524420883424E+00 -0.14059727252009481414651552364603E+01
0.42446803383505525910978839114593E+00 -0.13981352478389821010352367886065E+01
0.42251785795975532472910412095286E+00 -0.13902463040620668403587062022515E+01
0.42055721898657296917718137840614E+00 -0.13823061273786355976037565578210E+01
0.41858625586196350716607776051454E+00 -0.13743149516133047204966871801475E+01
0.41660511004953499555546090242324E+00 -0.13662730108329989453919126298399E+01
0.41461392561177542545734821703421E+00 -0.13581805392693887268336166915567E+01
0.41261284929617616077620618639482E+00 -0.13500377712373940964419070030881E+01
0.41060203062603190371646485133923E+00 -0.13418449410494887838941700693458E+01
0.40858162199621724734682858890811E+00 -0.13336022829255200882420969712777E+01
0.40655177877426189203491027134088E+00 -0.13253100308977328289838758563640E+01
0.40451265940707366181723183220223E+00 -0.13169684187106636077496890133919E+01
0.40246442553368162947726342938288E+00 -0.13085776797155405929949598298764E+01
0.40040724210440517924127637187683E+00 -0.13001380467587964921991808536775E+01
0.39834127750688274856566987724019E+00 -0.12916497520642669566256203876590E+01
0.39626670369943219845784551309327E+00 -0.12831130271086095621901475242752E+01
0.39418369635225012020878203414943E+00 -0.12745281024894396541379451776687E+01
0.39209243499700058260376469428255E+00 -0.12658952077856333241283734633655E+01
0.38999310318539033918555301716066E+00 -0.12572145714091992900076703030232E+01
0.38788588865737361800889453601681E+00 -0.12484864204480685183477746118923E+01
0.38577098351968998922474308989566E+00 -0.12397109804990859703422872704426E+01
0.38364858443549412081853956934736E+00 -0.12308884754904317213075492609660E+01
0.38151889282590587074107106784516E+00 -0.12220191274926140338245882653202E+01
0.37938211508438031902657186170966E+00 -0.12131031565171067157520724205841E+01
0.37723846280487873250562293325774E+00 -0.12041407803016058533913476897650E+01
0.37508815302491030149843448938333E+00 -0.11951322140807836973109098238907E+01
0.37293140848461176125150534988946E+00 -0.11860776703413071747563754842506E+01
0.37076845790314253803337966454320E+00 -0.11769773585597618584699293278874E+01
0.36859953627379186266875643696005E+00 -0.11678314849219859817928588251083E+01
0.36642488517932864968147577931791E+00 -0.11586402520221642618378006867969E+01
0.36424475312927429414978813929549E+00 -0.11494038585398562479354692229937E+01
0.36205939592094274087453395026117E+00 -0.11401224988929421832170592319440E+01
0.35986907702627786360251010077473E+00 -0.11307963628642494920920068553813E+01
0.35767406800672291178367711456589E+00 -0.11214256351993795030609691193976E+01
0.35547464895858904992335009230320E+00 -0.11120104951729754214858230350699E+01
0.35327110899164508466454088376014E+00 -0.11025511161203618212387181081782E+01
0.35106374674394325175241660165027E+00 -0.10930476649311346014680419456598E+01
0.34885287093621887856197423930463E+00 -0.10835003015008767582389772937557E+01
0.34663880096956945498823331189855E+00 -0.10739091781367250445255686826111E+01
0.34442186757053179675192116960444E+00 -0.10642744389119947048465434199175E+01
0.34220241348814297827257929097920E+00 -0.10545962189644803274511927425676E+01
0.33998079424810094693202146505428E+00 -0.10448746437323801917705763696049E+01
0.33775737896974089273933927992736E+00 -0.10351098281210198281967641296228E+01
0.33553255125222668374953385747782E+00 -0.10253018755926683724662564718770E+01
0.33330671013713741562977333261668E+00 -0.10154508771707248989981506987817E+01
0.33108027115551697464245465158686E+00 -0.10055569103483784272541168808345E+01
0.32885366746847667447550458692767E+00 -0.99562003789049425488917885045375E+00
0.32662735111161031429834204374313E+00 -0.98564030651590415156931496508701E+00
0.32440179435483015128132856061824E+00 -0.97561774544545565797594121234606E+00
0.32217749119078685650337336585771E+00 -0.96555236479904893339645015929997E+00
0.31995495896683936432443261243402E+00 -0.95544415382239562440861279434429E+00
0.31773474017762999842499621346215E+00 -0.94529307892132539215600427013680E+00
0.31551740443775477515075118452400E+00 -0.93509908147802365499703964875816E+00
0.31330355065686521311052638274291E+00 -0.92486207541953671150348315942996E+00
0.31109380944286704026107815859984E+00 -0.91458194450407686704654976153787E+00
0.30888884576280477578873538287798E+00 -0.90425853928494792648101029134581E+00
0.30668936189564560670477808566620E+00 -0.89389167370509965204313396529667E+00
0.30449610071665743313901452521055E+00 -0.88348112126714656883144795816648E+00
0.30230984935959809542205516057048E+00 -0.87302661071385711975337279740258E+00
0.30013144331071713588967898996252E+00 -0.86252782114223633681023071701168E+00
0.29796177099791877297343476381509E+00 -0.85198437645988429307468544523191E+00
0.29580177894969347596611721685805E+00 -0.84139583907470437958865374465418E+00
0.29365247761206417891953856917829E+00 -0.83076170268741730011010250200639E+00
0.29151494792840062683409977042645E+00 -0.82008138402968583506940640955470E+00
0.28939034880727476157723014016160E+00 -0.80935421335758713815834758068634E+00
0.28727992562855441587169331176314E+00 -0.79857942346890027526487388084467E+00
0.28518501996892575070657942208724E+00 -0.78775613696083595784752185633503E+00
0.28310708076666510706328441006554E+00 -0.77688335137927379706079391454848E+00
0.28104767719402235299906563316846E+00 -0.76595992182703686581357119409789E+00
0.27900851356682513551093913087835E+00 -0.75498454049151098036548303423806E+00
0.27699144669943117062424401605854E+00 -0.74395571241302158630992519508618E+00
0.27499850621275016123545290789328E+00 -0.73287172663421429139470136739646E+00
0.27303191843639538309966332287930E+00 -0.72173062163103003036696282734030E+00
0.27109413470808520037787117205522E+00 -0.71053014360884228608740673967105E+00
0.26918786512676302301537767070555E+00 -0.69926769581339810991155846569052E+00
0.26731611903632800435448772202091E+00 -0.68794027643510642875275951588364E+00
0.26548225418090120761003446817420E+00 -0.67654440183452016426821058035224E+00
0.26369003626395625866778440633018E+00 -0.66507601080982530967260306611859E+00
0.26194371379933501430180432462975E+00 -0.65353034363982481689439731906960E+00
0.26024810701439723848320876060238E+00 -0.64190178841129323406575381295429E+00
0.25860873335540117164936802403216E+00 -0.63018368040760767861919096299689E+00
0.25703192658204932945251011814503E+00 -0.61836804480549644786020699526741E+00
0.25552511804269832360406701719826E+00 -0.60644523658122852660313684872170E+00
0.25409681603457065524284575739023E+00 -0.59440350126047964151952854553259E+00
0.25275778268140953444438674851682E+00 -0.58222822126042747205002917556601E+00
0.25151890395410094527811103347513E+00 -0.56990125940531198015697614941453E+00
0.25018895674194346334081487233175E+00 -0.55487499451485987753585764010296E+00
0.24906038196231483344216566882893E+00 -0.53954148873613574994178747194564E+00
0.24817882411583229037948817983502E+00 -0.52382225961738061574803209313448E+00
0.24760863542656189034450875832574E+00 -0.50759837746766450565367554387665E+00
0.24744795479313556594767926814048E+00 -0.49067536001476531678089187685317E+00
0.24782401888058693894947827232852E+00 -0.47366301678241477307872274126800E+00
0.24879211818767528805058481306251E+00 -0.45737384615716045546019368777578E+00
0.25040779169198139230195734044388E+00 -0.44181785213744422538570536005909E+00
0.25268586401520531219639460183381E+00 -0.42699393906423487452243691442876E+00
