0.66274227604204595113142511209900E+00 -0.77936452104240329099442411073241E+00
0.67032093057157831954099688786430E+00 -0.77472685241328885770471967027733E+00
0.67747141241369529974430385142278E+00 -0.77037939489431395046739938976630E+00
0.68416369359518874860179661074728E+00 -0.76633700787146970915312736918508E+00
0.69037210638000610365254175984104E+00 -0.76260911581630702385939074493754E+00
0.69606993090546704345480289093271E+00 -0.75920626877400830975829077423279E+00
0.70126018408112157745965182085633E+00 -0.75612174152022432793574799469667E+00
0.70604933150125910996360925245733E+00 -0.75328832313480851880450138711821E+00
0.71052754048619438296740204497757E+00 -0.75064985048704088701298849812395E+00
0.71475480232672697369595880415246E+00 -0.74816891629416815565920229855185E+00
0.71877355852244938785416785998115E+00 -0.74581903035555886967994750649042E+00
0.71475480232672697369595880415246E+00 -0.74816891629416815565920229855185E+00
0.71052754048619438296740204497757E+00 -0.75064985048704088701298849812395E+00
0.70604933150125910996360925245733E+00 -0.75328832313480851880450138711821E+00
0.70126018408112157745965182085633E+00 -0.75612174152022432793574799469667E+00
0.69606993090546704345480289093271E+00 -0.75920626877400830975829077423279E+00
0.69037210638000610365254175984104E+00 -0.76260911581630702385939074493754E+00
0.68416369359518874860179661074728E+00 -0.76633700787146970915312736918508E+00
0.67747141241369529974430385142278E+00 -0.77037939489431395046739938976630E+00
0.67032093057157831954099688786430E+00 -0.77472685241328885770471967027733E+00
0.66274227604204595113142511209900E+00 -0.77936452104240329099442411073241E+00
0.65159209616506010741382754598083E+00 -0.77304751003218245814887983088063E+00
0.64047408181047647059075916814134E+00 -0.76555695667264253336360603382571E+00
0.62913071725955409200540322383183E+00 -0.75724914592017905691420440721695E+00
0.61758410645066688622853101453853E+00 -0.74805178091538181655080823405765E+00
0.60580866470102735918358444679434E+00 -0.73797727842134365798511603338972E+00
0.59431659433020908352731861050865E+00 -0.72754773721298231828449860146510E+00
0.58345907288435137283393724928199E+00 -0.71721530232324863372894869899285E+00
0.57305559203879902537855038217092E+00 -0.70692592262895039411115122274854E+00
0.56299253784081812183870621424036E+00 -0.69665049336800059526398473906225E+00
0.55319500243678464340597919048337E+00 -0.68637025297773093656482064201950E+00
0.54519200090922021180460355269986E+00 -0.67779338517602321406818159037462E+00
0.53731170767513044820546726563072E+00 -0.66920173400834399587735851548250E+00
0.52953529245642693189428692593589E+00 -0.66059255265782388819878932064887E+00
0.52184768979276915110582830661190E+00 -0.65196380129332564858073283310316E+00
0.51423657550921337807268765906730E+00 -0.64331403748579505741635496355065E+00
0.50669173355388923979193340224775E+00 -0.63464225862736470668383589072562E+00
0.49920460193031598675461827689213E+00 -0.62594778736995880492516843016144E+00
0.49176793689841299808476869596547E+00 -0.61723018954267460067190543251773E+00
0.48437555948079735770373074140044E+00 -0.60848921474778570300346357988559E+00
0.47702216084612522490655306068047E+00 -0.59972475280928952436834248202638E+00
0.46970315069700112009560695302690E+00 -0.59093680144024067404783714104298E+00
0.46241453762547621907229743569180E+00 -0.58212544196129375064709239334227E+00
0.45515283359989930078013112716502E+00 -0.57329082087568511719417478845464E+00
0.44791497691896891650094873235487E+00 -0.56443313575774264310160647081864E+00
0.44069826947361136493551014938730E+00 -0.55555262435500132328953548320576E+00
0.43350032521867767233965355633935E+00 -0.54664955610953287497915988142451E+00
0.42631902751716350074826092814115E+00 -0.53772422551779001683265181452808E+00
0.41915249357281151910673153212555E+00 -0.52877694689977004611494552425372E+00
0.41199904457451588603628336770895E+00 -0.51980805025701944246624816027556E+00
0.40485718047987581315613298996159E+00 -0.51081787797793490965881737041035E+00
0.39772555859442161408075194493226E+00 -0.50180678220673057271617004392538E+00
0.39060297527762136802295415541580E+00 -0.49277512273534826197272538702151E+00
0.38348835024104969032419744609929E+00 -0.48372326530967963525179061478064E+00
0.37638071300828255499013293656499E+00 -0.47465158026566382286312403713483E+00
0.36927919118758295044119265643240E+00 -0.46556044142921553954821275228104E+00
0.36218300027270174909988524865443E+00 -0.45645022522802487286445900473181E+00
0.35509143473813867786912850270804E+00 -0.44732130997412296477611538209011E+00
0.34800386023600134107342135648391E+00 -0.43817407528453644265474540701690E+00
0.34091970673442215910092511122470E+00 -0.42900890161392615421992757743746E+00
0.33383846246405887085916744424579E+00 -0.41982616987826963765679276016582E+00
0.32675966856083123835899048698107E+00 -0.41062626115272117856647363930974E+00
0.31968291431074636683521095694060E+00 -0.40140955643001158713456493448052E+00
0.31260783291722393468548220976941E+00 -0.39217643642832637667371770741941E+00
0.30553409772337045942167571656724E+00 -0.38292728143965976135034840470711E+00
0.29846141883164035594462560194939E+00 -0.37366247121129580064875800187281E+00
0.29138954007166121573455094486503E+00 -0.36438238485440603950406640006143E+00
0.28431823627397810114043525555816E+00 -0.35508740077483067439433903900935E+00
0.27724731081334122042907124918518E+00 -0.34577789662198955591966982474065E+00
0.27017659339011450178627185733062E+00 -0.33645424925258493484464880135539E+00
0.26310593802257901109838890171738E+00 -0.32711683470634142323844698995793E+00
0.25603522122647167382617970679699E+00 -0.31776602819150923280159933564509E+00
0.24896434036113896120148076055789E+00 -0.30840220407824862908675883873156E+00
0.24189321212429142380210848324050E+00 -0.29902573589833873580744522698331E+00
0.23482177117957357712945333198494E+00 -0.28963699634992366365463646974450E+00
0.22774996890308780304836337782074E+00 -0.28023635730622398273695647792059E+00
0.22067777223666989870074611716078E+00 -0.27082418982733429391371285528802E+00
0.21360516263714727931731767129114E+00 -0.26140086417437097414977490125134E+00
0.20653213511205846863636928854436E+00 -0.25196674982536604862011158660484E+00
0.19945869733339533939621144189044E+00 -0.24252221549240908710609167874552E+00
0.19238486882187326250494100991113E+00 -0.23306762913962152463803336943920E+00
0.18531068019506173841653838100758E+00 -0.22360335800162820057380553310435E+00
0.17823617247342926633350016203658E+00 -0.21412976860224692407211628627585E+00
0.17116139643899488327845789653969E+00 -0.20464722677316842701006089814208E+00
0.16408641204183208563965628054369E+00 -0.19515609767244679808803092961838E+00
0.15701128785016856551126910919102E+00 -0.18565674580264770531058578838700E+00
0.14993610054025686793440274743311E+00 -0.17614953502854077734888240755618E+00
0.14286093442257793590677317404293E+00 -0.16663482859423999697006321441334E+00
0.13578588100127843430198096939761E+00 -0.15711298913972009276618460692060E+00
0.12871103856404974088187147270826E+00 -0.14758437871665580868869495439349E+00
0.12163651179992190483264444812835E+00 -0.13804935880354106600911950780864E+00
0.11456241144268982653233364149490E+00 -0.12850829032006105312471397985394E+00
0.10748885393790131223130189550111E+00 -0.11896153364069770862257523490884E+00
0.10041596113152908414815190639278E+00 -0.10940944860755878804862788708009E+00
0.93343859978622266436135627433198E-01 -0.99852394542426707851152184313827E-01
0.86272682270383699901506654220504E-01 -0.90290730258028330988111483900440E-01
0.79202564378261731726360493523935E-01 -0.80724814068533404691639108503066E-01
0.72133647013766295476744619580509E-01 -0.71155003799290260729256168821132E-01
0.65066075002832404669210187396950E-01 -0.61581656795813026452311751215356E-01
0.57999997073659237445197067085638E-01 -0.52005129932034596126065379804677E-01
0.50935565657033566784919017363966E-01 -0.42425779617842599830329229623173E-01
0.43872936698244766878947071562617E-01 -0.32843961805917239751863965132685E-01
0.36812269479757098290105005283758E-01 -0.23260031997889427292614107784126E-01
0.29753726453885221109922141955447E-01 -0.13674345249840460780618854539260E-01
0.22697473084773443809199446946194E-01 -0.40872561771627393035793191863058E-02
0.15643677699037256961692001333799E-01 0.55008810411976097680011532819009E-02
0.85925113444781440893144043764273E-02 0.15089712659094688778301506144083E-01
0.15441476563249173682108711479393E-02 0.24678885360113343782529594899276E-01
-0.55012372694988828338519102958654E-02 0.34268046255055765847654884509436E-01
-0.12543464996544683169058659978649E-01 0.43856842879963093326574524879833E-01
-0.19582354861876218361552871967500E-01 0.53444923194653010604118291245042E-01
-0.26617724084367728962744127864706E-01 0.63031935581754167472948746595426E-01
-0.33649387867633266987593672638842E-01 0.72617528846215659404154141927419E-01
-0.40677159497923082436258941852645E-01 0.82201352215278368913729982122920E-01
-0.47700850437305057459387286716350E-01 0.91783055338883227929219894831433E-01
-0.54720270412422773097466536464858E-01 0.10136228829050595373476412688304E+00
-0.61735227499099920311952126546511E-01 0.11093870156839566113304192627177E+00
-0.68745528203046004204130748735857E-01 0.12051194609720401254032401827595E+00
-0.75750977536896055586223284335316E-01 0.13008167322998874306780857356778E+00
-0.82751379093803068904697516554969E-01 0.13964753475057486407992581888063E+00
-0.89746535117786840986808792114018E-01 0.14920918287626098997756668620406E+00
-0.96736246571028128754512805636013E-01 0.15876627026085425365354536055520E+00
-0.10372031319828561443356434557517E+00 0.16831844999802168257955110337882E+00
-0.11069853358859982859315488772114E+00 0.17786537562494455231351854558640E+00
-0.11767070523443830792549370160422E+00 0.18740670112626238748480038569892E+00
-0.12463662458842603057111954659182E+00 0.19694208093829574672026880117096E+00
-0.13159608711779537273228767344537E+00 0.20647116995353359662361326566001E+00
-0.13854888735668152004795809375600E+00 0.21599362352537786502126554341436E+00
-0.14549481895638206792018518258955E+00 0.22550909747313013450495195129103E+00
-0.15243367473368834442417482951327E+00 0.23501724808721295092105694080788E+00
-0.15936524671739650286161262894630E+00 0.24451773213461471632142512899331E+00
-0.16628932619309069858393434564163E+00 0.25401020686454835521864271153354E+00
-0.17320570374629196765763664552977E+00 0.26349433001431565200417811657668E+00
-0.18011416930405841791053591162852E+00 0.27296975981536677515717375897276E+00
-0.18701451217511504023931018923670E+00 0.28243615499954737768005960611798E+00
-0.19390652108859085317421305906132E+00 0.29189317480552602436943129814465E+00
-0.20078998423143223492821109419543E+00 0.30134047898539150601746495005581E+00
-0.20766468928456031196806613717312E+00 0.31077772781141579522873390382487E+00
-0.21453042345783596447631724832725E+00 0.32020458208297292705164154372903E+00
-0.22138697352388838648181686238825E+00 0.32962070313360732362225299572810E+00
-0.22823412585086752967217415337701E+00 0.33902575283824635857114054515822E+00
-0.23507166643416842249499314131775E+00 0.34841939362054851110270093967346E+00
-0.24189938092717966915898842376294E+00 0.35780128846038267895841316307386E+00
-0.24871705467110239334364733918139E+00 0.36717110090143233200973406364854E+00
-0.25552447272388236649248150648290E+00 0.37652849505891801356996887451503E+00
-0.26232141988829860298451083782242E+00 0.38587313562743373280875393609939E+00
-0.26910768073924676944355330373830E+00 0.39520468788889147783973894142482E+00
-0.27588303965025468357550219918213E+00 0.40452281772056901537306223428863E+00
-0.28264728081926491626915036057249E+00 0.41382719160325595123251481987974E+00
-0.28940018829371834672218295058658E+00 0.42311747662949276840761536899592E+00
-0.29614154599496947669170558972463E+00 0.43239334051190047982118358089592E+00
-0.30287113774206302618683749366866E+00 0.44165445159159337345197739081677E+00
-0.30958874727490070453992263104258E+00 0.45090047884667341865453149613974E+00
-0.31629415827682444988545642053822E+00 0.46013109190080106757791453835838E+00
-0.32298715439664130196123213851136E+00 0.46934596103183827462047931221118E+00
-0.32966751927011384341273018813755E+00 0.47854475718056132420738834819262E+00
-0.33633503654093956298714491896439E+00 0.48772715195943839237541186775528E+00
-0.34298948988123975146669789067540E+00 0.49689281766146906377247257595046E+00
-0.34963066301157891698975577488118E+00 0.50604142726908299217344293383000E+00
-0.35625833972053402886750628357923E+00 0.51517265446309283685426642294335E+00
-0.36287230388383243615403212890153E+00 0.52428617363170090495262590938979E+00
-0.36947233948307495158548970060966E+00 0.53338165987955353129668634656645E+00
-0.37605823062406161627992803297551E+00 0.54245878903684255152547452141076E+00
-0.38262976155473591482928896921706E+00 0.55151723766845079288788191226613E+00
-0.38918671668276189062439873203741E+00 0.56055668308313695216330665389167E+00
-0.39572888059274877432574760769562E+00 0.56957680334276037691996288087855E+00
-0.40225603806313770880591831027224E+00 0.57857727727154003644300606176398E+00
-0.40876797408276035141079786416640E+00 0.58755778446534785731668250205106E+00
-0.41526447386708717684824032302434E+00 0.59651800530103243599698120613632E+00
-0.42174532287417024787079679294848E+00 0.60545762094577099566168709931448E+00
-0.42821030682029834283359608008307E+00 0.61437631336644898748566453547498E+00
-0.43465921169537023503169291044937E+00 0.62327376533906227319320930844108E+00
-0.44109182377799841022324908478266E+00 0.63214966045814258272338803044750E+00
-0.44750792965035305590766963640021E+00 0.64100368314620309556648902758630E+00
-0.45390731621275408756309277901121E+00 0.64983551866320171720557666481397E+00
-0.46028977069802181865209251737003E+00 0.65864485311602130417925375021368E+00
-0.46665508068559311144910611751244E+00 0.66743137346796353698934626367697E+00
-0.47300303411541155922941715847266E+00 0.67619476754825664751748508931932E+00
-0.47933341930159994815303645849003E+00 0.68493472406157305053439223489128E+00
-0.48564602494592094563745288890455E+00 0.69365093259755732208531257780317E+00
-0.49194064015103463003772375943760E+00 0.70234308364036093851455358224857E+00
-0.49821705443355734575034524603711E+00 0.71101086857818379933807271392128E+00
-0.50447505773693074639173971532022E+00 0.71965397971282034854587713952198E+00
-0.51071444044410496619984706407035E+00 0.72827211026920831719713033555393E+00
-0.51693499339004280218591922168337E+00 0.73686495440497970616156599197946E+00
-0.52313650787404987186959714513130E+00 0.74543220722001152668017818270623E+00
-0.52931877567193672692852053882536E+00 0.75397356476597613103993601979565E+00
-0.53548158904801728821224072170598E+00 0.76248872405588833045057082398116E+00
-0.54162474076694878235563215479899E+00 0.77097738307364918753245232881720E+00
-0.54774802410541724353392282199574E+00 0.77943924078358505559347351150614E+00
-0.55385123286367434848705623033308E+00 0.78787399713997980983704099569593E+00
-0.55993416137692798880171814777306E+00 0.79628135309660009817411158287606E+00
-0.56599660452659197495349320373188E+00 0.80466101061621199153967031557212E+00
-0.57203835775139840363292729363833E+00 0.81301267268008773094565630614035E+00
-0.57805921705837584198895717428302E+00 0.82133604329750164211366610057354E+00
-0.58405897903369769698585094677807E+00 0.82963082751521444840176698952011E+00
-0.59003744085340365793904261242351E+00 0.83789673142694422193860689499127E+00
-0.59599440029399727637449356603539E+00 0.84613346218282348561910987990953E+00
-0.60192965574292356438969728602802E+00 0.85434072799884153369301235845400E+00
-0.60784300620892875292904161193531E+00 0.86251823816627029574796527170963E+00
-0.61373425133230537906396122585056E+00 0.87066570306107367300511372055712E+00
-0.61960319139502560667890041486722E+00 0.87878283415329876525286130699483E+00
-0.62544962733076526416008809669169E+00 0.88686934401644845320973102764738E+00
-0.63127336073482109628250071210298E+00 0.89492494633683390867545887186291E+00
-0.63707419387392293879901521066547E+00 0.90294935592290688464276473400933E+00
-0.64285192969594509346670285396221E+00 0.91094228871457065140181638447078E+00
-0.64860637183951658900880054252719E+00 0.91890346179246805993499185926583E+00
-0.65433732464353419960799425372238E+00 0.92683259338724713995476631748131E+00
-0.66004459315657971447322782423200E+00 0.93472940288880236790672564422199E+00
-0.66572798314624305703974191875876E+00 0.94259361085549140701437598953400E+00
-0.67138730110835383783928960583190E+00 0.95042493902332635861688655447156E+00
-0.67702235427612239305623166679959E+00 0.95822311031513861517375762284137E+00
-0.68263295062919236023653060074788E+00 0.96598784884971700384529901202538E+00
-0.68821889890260685304209515419008E+00 0.97371887995091790186076311797696E+00
-0.69378000859568839798980424170619E+00 0.98141593015674709779303052252967E+00
-0.69931608998083625552365624200949E+00 0.98907872722841265851060774942533E+00
-0.70482695411224056924505443311801E+00 0.99670700015934754603855038104837E+00
-0.71031241283451569435218021967153E+00 0.10043004791842022207397450945252E+01
-0.71577227879125446318452221447790E+00 0.10118588957878058276285838519597E+01
-0.72120636543350318294473839810144E+00 0.10193819827140954664503508879675E+01
-0.72661448702816037903660313398239E+00 0.10268694739750133395259032622006E+01
-0.73199645866629886497404677739465E+00 0.10343211048593705380507773754895E+01
-0.73735209627141349530482060181031E+00 0.10417366119416772137735986597639E+01
-0.74268121660759477685262610177963E+00 0.10491157330909384941901760631219E+01
-0.74798363728762989018288966606133E+00 0.10564582074794154443433304848782E+01
-0.75325917678103201930606478290275E+00 0.10637637755913506041622660612745E+01
-0.75850765442199870454285285778219E+00 0.10710321792316572539204957873269E+01
-0.76372889041730029229168895802559E+00 0.10782631615345723510934782462788E+01
-0.76892270585409956559888381970268E+00 0.10854564669722721339600007063311E+01
-0.77408892270770286074135469196373E+00 0.10926118413634498601603426061191E+01
-0.77922736384924407687939899901247E+00 0.10997290318818554545046637173064E+01
-0.78433785305330168036985459857178E+00 0.11068077870647962372317068722107E+01
-0.78942021500545024028302511567641E+00 0.11138478568215984582439965888771E+01
-0.79447427530974621415608855634631E+00 0.11208489924420286133205350577268E+01
-0.79949986049614985725908052726751E+00 0.11278109466046749765515179918159E+01
-0.80449679802788246356462634898580E+00 0.11347334733852877353993502202325E+01
-0.80946491630872100893310246731282E+00 0.11416163282650780003955706524441E+01
-0.81440404469022969554739730841652E+00 0.11484592681389750772667085060896E+01
-0.81931401347892944932003973008554E+00 0.11552620513238411550883631366129E+01
-0.82419465394340603201571005975393E+00 0.11620244375666435284025744012765E+01
-0.82904579832135664021982150939064E+00 0.11687461880525832484942529864398E+01
-0.83386727982657649510857960788021E+00 0.11754270654131802896890685256688E+01
-0.83865893265588477094031978536399E+00 0.11820668337343144916937529440494E+01
-0.84342059199599129010790198741805E+00 0.11886652585642218005707504980792E+01
-0.84815209403030386252097422086570E+00 0.11952221069214457380366258394174E+01
-0.85285327594567662634307971355848E+00 0.12017371473027428562320803393189E+01
-0.85752397593910032130109613568318E+00 0.12082101496909430596854551440086E+01
-0.86216403322433425094998409064498E+00 0.12146408855627628187939384349939E+01
-0.86677328803848072946947343792552E+00 0.12210291278965722222011836576406E+01
-0.87135158164850209656075628265351E+00 0.12273746511801145283756661735245E+01
-0.87589875635768078515624400881559E+00 0.12336772314181784489298282568680E+01
-0.88041465551202268054061586986819E+00 0.12399366461402221321832060056818E+01
-0.88489912350660411549319493956028E+00 0.12461526744079490847899666333350E+01
-0.88935200579186275009854919194802E+00 0.12523250968228353424940279980546E+01
-0.89377314887983248502883081535049E+00 0.12584536955336073577932790081631E+01
-0.89816240035032308158192171044263E+00 0.12645382542436704607636119015193E+01
-0.90251960885704411838157837940947E+00 0.12705785582184875913669823911288E+01
-0.90684462413367413279276497182880E+00 0.12765743942929075405931372974073E+01
-0.91113729699987466474128447608149E+00 0.12825255508784429218374577394901E+01
-0.91539747936724978494925438944368E+00 0.12884318179704967036136384710083E+01
-0.91962502424525109986968244745822E+00 0.12942929871555380901633710956699E+01
-0.92381978574702835421579174286636E+00 0.13001088516182260738813560806521E+01
-0.92798161909522629501141343882850E+00 0.13058792061484813169454418188088E+01
-0.93211038062772712921229555128925E+00 0.13116038471485059044897795243416E+01
-0.93620592780333959359510941495617E+00 0.13172825726397497144250407184139E+01
-0.94026811920743430363802978578601E+00 0.13229151822698246145679264892674E+01
-0.94429681455752548436434726828462E+00 0.13285014773193646997431681633302E+01
-0.94829187470879961732608002215332E+00 0.13340412607088330625495310118233E+01
-0.95225316165959068338845574162601E+00 0.13395343370052747058792384388303E+01
-0.95618053855680243674088262141128E+00 0.13449805124290148632406568230129E+01
-0.96007386970127769199894451991508E+00 0.13503795948603029867362498624266E+01
-0.96393302055311466591039657033164E+00 0.13557313938459016682718059625182E+01
-0.96775785773693076069371294072729E+00 0.13610357206056202226243478718501E+01
-0.97154824904707338481250362334056E+00 0.13662923880387932128090601811063E+01
-0.97530406345277839902432815889125E+00 0.13715012107307023175386444192521E+01
-0.97902517110327615965450116264728E+00 0.13766620049589429679636067048683E+01
-0.98271144333284486995327221264082E+00 0.13817745886997340897381220735382E+01
-0.98636275266581166760570486874177E+00 0.13868387816341711787578602444235E+01
-0.98997897282150160755812157723421E+00 0.13918544051544224952676249724138E+01
-0.99355997871913425673177526461959E+00 0.13968212823698680075744824001189E+01
-0.99710564648266811485561381598831E+00 0.14017392381131808784114895228915E+01
-0.10006158534455929654485178379774E+01 0.14066080989463508801718838271627E+01
-0.10040904781556702204213084603766E+01 0.14114276931666501268689131183336E+01
-0.10075294003796210962341493386694E+01 0.14161978508125402353496231947941E+01
-0.10109325011077629117495836311075E+01 0.14209184036695208615731155910068E+01
-0.10142996625585934483544007285639E+01 0.14255891852759196482338645334962E+01
-0.10176307681833232140421264337696E+01 0.14302100309286228637646631154759E+01
-0.10209257026703561680972057560765E+01 0.14347807776887466224141099977090E+01
-0.10241843519497181363827369252624E+01 0.14393012643872488820942074979682E+01
-0.10274066031974337212776628838638E+01 0.14437713316304811962799856903177E+01
-0.10305923448398513154809591893021E+01 0.14481908218056805616685393444508E+01
-0.10337414665579161368637569171116E+01 0.14525595790864010373949295553387E+01
-0.10368538592913916536373939107721E+01 0.14568774494378847257175881518139E+01
-0.10399294152430290974389853572022E+01 0.14611442806223718279158187747675E+01
-0.10429680278826853574743026657961E+01 0.14653599222043500619496184633076E+01
-0.10459695919513889415754529872183E+01 0.14695242255557424645039871335649E+01
-0.10489340034653540864814087791298E+01 0.14736370438610341498965488017191E+01
-0.10518611597199434189331912097844E+01 0.14776982321223368007446349172331E+01
-0.10547509592935784957736898420471E+01 0.14817076471643920432582634447920E+01
-0.10576033020515988428439804599923E+01 0.14856651476395120907367193613939E+01
-0.10604180891500689068513477484852E+01 0.14895705940324584289510107137902E+01
-0.10631952230395335584313213447518E+01 0.14934238486652578790652221982820E+01
-0.10659346074687215620614694638258E+01 0.14972247757019559152239653461616E+01
-0.10686361474881972944354877789018E+01 0.15009732411533073314661837169262E+01
-0.10712997494539606288332917149559E+01 0.15046691128814033485118459676579E+01
-0.10739253210309950978122376519513E+01 0.15083122606042358956563571950898E+01
-0.10765127711967639928071719253128E+01 0.15119025559001980223844699629080E+01
-0.10790620102446549089768082346632E+01 0.15154398722125208997152031418487E+01
-0.10815729497873719778840078996932E+01 0.15189240848536471178114586656054E+01
-0.10840455027602766943390036476618E+01 0.15223550710095390665158778456591E+01
-0.10864795834246764035560413799732E+01 0.15257327097439245474803949426669E+01
-0.10888751073710611092542123279793E+01 0.15290568820024764737487944996665E+01
-0.10912319915222882470301929823086E+01 0.15323274706169292052239972426339E+01
-0.10935501541367154710134708402588E+01 0.15355443603091294457963051522637E+01
-0.10958295148112813891390769496134E+01 0.15387074376950224689011271643718E+01
-0.10980699944845344481360844312121E+01 0.15418165912885734343618525439258E+01
-0.11002715154396095429619478443815E+01 0.15448717115056230716021216936062E+01
-0.11024340013071527153351851366375E+01 0.15478726906676784567967494886186E+01
-0.11045573770681937846489699393179E+01 0.15508194230056380020497375578036E+01
-0.11066415690569665928058945120255E+01 0.15537118046634506519200869620124E+01
-0.11086865049636775044086365315025E+01 0.15565497337017095823017401414630E+01
-0.11106921138372214602715095818574E+01 0.15593331101011795525929786036576E+01
-0.11126583260878458596425784602046E+01 0.15620618357662584593453074089471E+01
-0.11145850734897623330205298020450E+01 0.15647358145283723501315953708461E+01
-0.11164722891837061885781367297405E+01 0.15673549521493041833682673036531E+01
-0.11183199076794436103339395919311E+01 0.15699191563244561133969084221303E+01
-0.11201278648582265545099637000777E+01 0.15724283366860449057487380579719E+01
-0.11218960979751952749874987768227E+01 0.15748824048062307556102059347869E+01
-0.11236245456617286832395638674986E+01 0.15772812742001790937504721082529E+01
-0.11253131479277419787961400417788E+01 0.15796248603290552601797012427228E+01
-0.11269618461639322487848047861597E+01 0.15819130806029522499647418857895E+01
-0.11285705831439714627966435621540E+01 0.15841458543837509393717714898415E+01
-0.11301393030266470037841377122929E+01 0.15863231029879130056093278008073E+01
-0.11316679513579497239300907272024E+01 0.15884447496892063744252548320329E+01
-0.11331564750731095627765950207902E+01 0.15905107197213629841130197956185E+01
-0.11346048224985786117742542187632E+01 0.15925209402806688953752082837544E+01
-0.11360129433539615076511459748933E+01 0.15944753405284864542373476613157E+01
-0.11373807887538934929524866889977E+01 0.15963738515937086269194649890803E+01
-0.11387083112098656119276349325103E+01 0.15982164065751453816387317125864E+01
-0.11399954646319974244693079042937E+01 0.16000029405438416193946318752185E+01
-0.11412422043307570849398831457783E+01 0.16017333905453273810678567797266E+01
-0.11424484870186286395610202602629E+01 0.16034076956017992679312826803790E+01
-0.11436142708117267454209486939013E+01 0.16050257967142337590352618234293E+01
-0.11447395152313586367402650251278E+01 0.16065876368644320730080645971531E+01
-0.11458241812055332970818565767623E+01 0.16080931610169962088589852787131E+01
-0.11468682310704179458143758439938E+01 0.16095423161212366859668975319757E+01
-0.11478716285717416873235541548304E+01 0.16109350511130113220571001534041E+01
-0.11488343388661464884275119153691E+01 0.16122713169164952722467769063665E+01
-0.11497563285224851158677603738797E+01 0.16135510664458824085732732695289E+01
-0.11506375655230664595100084664173E+01 0.16147742546070174539732583188325E+01
-0.11514780192648478730947921208658E+01 0.16159408382989594671668476969638E+01
-0.11522776605605747203154351709239E+01 0.16170507764154759853988508975073E+01
-0.11530364616398668741487471805765E+01 0.16181040298464682595258882158003E+01
-0.11537543961502527209702453082712E+01 0.16191005614793271759598817621841E+01
-0.11544314391581492725367916215729E+01 0.16200403362002204167094619239661E+01
-0.11550675671497918757804248852731E+01 0.16209233208953087197985378577356E+01
-0.11556627580321038565273825462244E+01 0.16217494844518978515756407406497E+01
-0.11562169911335335625371127428314E+01 0.16225187977595066002661772546111E+01
-0.11567302472047798887455341188413E+01 0.16232312337109075422521301340059E+01
-0.11572025084196321940281964473327E+01 0.16238867672029777249761276390039E+01
-0.11576337583752793265171232223101E+01 0.16244853751378242574029993134094E+01
-0.11578984668576807677232308877566E+01 0.16248528112862083626943495022954E+01
-0.11581449373412050771317608613356E+01 0.16251949320172010223775581462253E+01
-0.11583731660211513804993972174635E+01 0.16255117319731201087823314846065E+01
-0.11585831493743777538785464877401E+01 0.16258032061928307177731508076376E+01
-0.11587748841593810670894097073062E+01 0.16260693501118060296609997875586E+01
-0.11589574983490230811338124695178E+01 0.16263228340746334321807758837027E+01
-0.11591401219365367565605890872320E+01 0.16265763312708552540739485177803E+01
-0.11593227549222281382101277307849E+01 0.16268298417008827190714463844053E+01
-0.11595053973064240509977029816986E+01 0.16270833653651120957350634197515E+01
-0.11596880490893865291036235817261E+01 0.16273369022639863389542803606636E+01
-0.11595053973064240509977029816986E+01 0.16270833653651120957350634197515E+01
-0.11593227549222281382101277307849E+01 0.16268298417008827190714463844053E+01
-0.11591401219365367565605890872320E+01 0.16265763312708552540739485177803E+01
-0.11589574983490230811338124695178E+01 0.16263228340746334321807758837027E+01
-0.11587748841593810670894097073062E+01 0.16260693501118060296609997875586E+01
-0.11585831493743777538785464877401E+01 0.16258032061928307177731508076376E+01
-0.11583731660211513804993972174635E+01 0.16255117319731201087823314846065E+01
-0.11581449373412050771317608613356E+01 0.16251949320172010223775581462253E+01
-0.11578984668576807677232308877566E+01 0.16248528112862083626943495022954E+01
-0.11576337583752793265171232223101E+01 0.16244853751378242574029993134094E+01
-0.11572025084196321940281964473327E+01 0.16238867672029777249761276390039E+01
-0.11567302472047798887455341188413E+01 0.16232312337109075422521301340059E+01
-0.11562169911335335625371127428314E+01 0.16225187977595066002661772546111E+01
-0.11556627580321038565273825462244E+01 0.16217494844518978515756407406497E+01
-0.11550675671497918757804248852731E+01 0.16209233208953087197985378577356E+01
-0.11544314391581492725367916215729E+01 0.16200403362002204167094619239661E+01
-0.11537543961502527209702453082712E+01 0.16191005614793271759598817621841E+01
-0.11530364616398668741487471805765E+01 0.16181040298464682595258882158003E+01
-0.11522776605605747203154351709239E+01 0.16170507764154759853988508975073E+01
-0.11514780192648478730947921208658E+01 0.16159408382989594671668476969638E+01
-0.11506375655230664595100084664173E+01 0.16147742546070174539732583188325E+01
-0.11497563285224851158677603738797E+01 0.16135510664458824085732732695289E+01
-0.11488343388661464884275119153691E+01 0.16122713169164952722467769063665E+01
-0.11478716285717416873235541548304E+01 0.16109350511130113220571001534041E+01
-0.11468682310704179458143758439938E+01 0.16095423161212366859668975319757E+01
-0.11458241812055332970818565767623E+01 0.16080931610169962088589852787131E+01
-0.11447395152313586367402650251278E+01 0.16065876368644320730080645971531E+01
-0.11436142708117267454209486939013E+01 0.16050257967142337590352618234293E+01
-0.11424484870186286395610202602629E+01 0.16034076956017992679312826803790E+01
-0.11412422043307570849398831457783E+01 0.16017333905453273810678567797266E+01
-0.11399954646319974244693079042937E+01 0.16000029405438416193946318752185E+01
-0.11387083112098656119276349325103E+01 0.15982164065751453816387317125864E+01
-0.11373807887538934929524866889977E+01 0.15963738515937086269194649890803E+01
-0.11360129433539615076511459748933E+01 0.15944753405284864542373476613157E+01
-0.11346048224985786117742542187632E+01 0.15925209402806688953752082837544E+01
-0.11331564750731095627765950207902E+01 0.15905107197213629841130197956185E+01
-0.11316679513579497239300907272024E+01 0.15884447496892063744252548320329E+01
-0.11301393030266470037841377122929E+01 0.15863231029879130056093278008073E+01
-0.11285705831439714627966435621540E+01 0.15841458543837509393717714898415E+01
-0.11269618461639322487848047861597E+01 0.15819130806029522499647418857895E+01
-0.11253131479277419787961400417788E+01 0.15796248603290552601797012427228E+01
-0.11236245456617286832395638674986E+01 0.15772812742001790937504721082529E+01
-0.11218960979751952749874987768227E+01 0.15748824048062307556102059347869E+01
-0.11201278648582265545099637000777E+01 0.15724283366860449057487380579719E+01
-0.11183199076794436103339395919311E+01 0.15699191563244561133969084221303E+01
-0.11164722891837061885781367297405E+01 0.15673549521493041833682673036531E+01
-0.11145850734897623330205298020450E+01 0.15647358145283723501315953708461E+01
-0.11126583260878458596425784602046E+01 0.15620618357662584593453074089471E+01
-0.11106921138372214602715095818574E+01 0.15593331101011795525929786036576E+01
-0.11086865049636775044086365315025E+01 0.15565497337017095823017401414630E+01
-0.11066415690569665928058945120255E+01 0.15537118046634506519200869620124E+01
-0.11045573770681937846489699393179E+01 0.15508194230056380020497375578036E+01
-0.11024340013071527153351851366375E+01 0.15478726906676784567967494886186E+01
-0.11002715154396095429619478443815E+01 0.15448717115056230716021216936062E+01
-0.10980699944845344481360844312121E+01 0.15418165912885734343618525439258E+01
-0.10958295148112813891390769496134E+01 0.15387074376950224689011271643718E+01
-0.10935501541367154710134708402588E+01 0.15355443603091294457963051522637E+01
-0.10912319915222882470301929823086E+01 0.15323274706169292052239972426339E+01
-0.10888751073710611092542123279793E+01 0.15290568820024764737487944996665E+01
-0.10864795834246764035560413799732E+01 0.15257327097439245474803949426669E+01
-0.10840455027602766943390036476618E+01 0.15223550710095390665158778456591E+01
-0.10815729497873719778840078996932E+01 0.15189240848536471178114586656054E+01
-0.10790620102446549089768082346632E+01 0.15154398722125208997152031418487E+01
-0.10765127711967639928071719253128E+01 0.15119025559001980223844699629080E+01
-0.10739253210309950978122376519513E+01 0.15083122606042358956563571950898E+01
-0.10712997494539606288332917149559E+01 0.15046691128814033485118459676579E+01
-0.10686361474881972944354877789018E+01 0.15009732411533073314661837169262E+01
-0.10659346074687215620614694638258E+01 0.14972247757019559152239653461616E+01
-0.10631952230395335584313213447518E+01 0.14934238486652578790652221982820E+01
-0.10604180891500689068513477484852E+01 0.14895705940324584289510107137902E+01
-0.10576033020515988428439804599923E+01 0.14856651476395120907367193613939E+01
-0.10547509592935784957736898420471E+01 0.14817076471643920432582634447920E+01
-0.10518611597199434189331912097844E+01 0.14776982321223368007446349172331E+01
-0.10489340034653540864814087791298E+01 0.14736370438610341498965488017191E+01
-0.10459695919513889415754529872183E+01 0.14695242255557424645039871335649E+01
-0.10429680278826853574743026657961E+01 0.14653599222043500619496184633076E+01
-0.10399294152430290974389853572022E+01 0.14611442806223718279158187747675E+01
-0.10368538592913916536373939107721E+01 0.14568774494378847257175881518139E+01
-0.10337414665579161368637569171116E+01 0.14525595790864010373949295553387E+01
-0.10305923448398513154809591893021E+01 0.14481908218056805616685393444508E+01
-0.10274066031974337212776628838638E+01 0.14437713316304811962799856903177E+01
-0.10241843519497181363827369252624E+01 0.14393012643872488820942074979682E+01
-0.10209257026703561680972057560765E+01 0.14347807776887466224141099977090E+01
-0.10176307681833232140421264337696E+01 0.14302100309286228637646631154759E+01
-0.10142996625585934483544007285639E+01 0.14255891852759196482338645334962E+01
-0.10109325011077629117495836311075E+01 0.14209184036695208615731155910068E+01
-0.10075294003796210962341493386694E+01 0.14161978508125402353496231947941E+01
-0.10040904781556702204213084603766E+01 0.14114276931666501268689131183336E+01
-0.10006158534455929654485178379774E+01 0.14066080989463508801718838271627E+01
-0.99710564648266811485561381598831E+00 0.14017392381131808784114895228915E+01
-0.99355997871913425673177526461959E+00 0.13968212823698680075744824001189E+01
-0.98997897282150160755812157723421E+00 0.13918544051544224952676249724138E+01
-0.98636275266581166760570486874177E+00 0.13868387816341711787578602444235E+01
-0.98271144333284486995327221264082E+00 0.13817745886997340897381220735382E+01
-0.97902517110327615965450116264728E+00 0.13766620049589429679636067048683E+01
-0.97530406345277839902432815889125E+00 0.13715012107307023175386444192521E+01
-0.97154824904707338481250362334056E+00 0.13662923880387932128090601811063E+01
-0.96775785773693076069371294072729E+00 0.13610357206056202226243478718501E+01
-0.96393302055311466591039657033164E+00 0.13557313938459016682718059625182E+01
-0.96007386970127769199894451991508E+00 0.13503795948603029867362498624266E+01
-0.95618053855680243674088262141128E+00 0.13449805124290148632406568230129E+01
-0.95225316165959068338845574162601E+00 0.13395343370052747058792384388303E+01
-0.94829187470879961732608002215332E+00 0.13340412607088330625495310118233E+01
-0.94429681455752548436434726828462E+00 0.13285014773193646997431681633302E+01
-0.94026811920743430363802978578601E+00 0.13229151822698246145679264892674E+01
-0.93620592780333959359510941495617E+00 0.13172825726397497144250407184139E+01
-0.93211038062772712921229555128925E+00 0.13116038471485059044897795243416E+01
-0.92798161909522629501141343882850E+00 0.13058792061484813169454418188088E+01
-0.92381978574702835421579174286636E+00 0.13001088516182260738813560806521E+01
-0.91962502424525109986968244745822E+00 0.12942929871555380901633710956699E+01
-0.91539747936724978494925438944368E+00 0.12884318179704967036136384710083E+01
-0.91113729699987466474128447608149E+00 0.12825255508784429218374577394901E+01
-0.90684462413367413279276497182880E+00 0.12765743942929075405931372974073E+01
-0.90251960885704411838157837940947E+00 0.12705785582184875913669823911288E+01
-0.89816240035032308158192171044263E+00 0.12645382542436704607636119015193E+01
-0.89377314887983248502883081535049E+00 0.12584536955336073577932790081631E+01
-0.88935200579186275009854919194802E+00 0.12523250968228353424940279980546E+01
-0.88489912350660411549319493956028E+00 0.12461526744079490847899666333350E+01
-0.88041465551202268054061586986819E+00 0.12399366461402221321832060056818E+01
-0.87589875635768078515624400881559E+00 0.12336772314181784489298282568680E+01
-0.87135158164850209656075628265351E+00 0.12273746511801145283756661735245E+01
-0.86677328803848072946947343792552E+00 0.12210291278965722222011836576406E+01
-0.86216403322433425094998409064498E+00 0.12146408855627628187939384349939E+01
-0.85752397593910032130109613568318E+00 0.12082101496909430596854551440086E+01
-0.85285327594567662634307971355848E+00 0.12017371473027428562320803393189E+01
-0.84815209403030386252097422086570E+00 0.11952221069214457380366258394174E+01
-0.84342059199599129010790198741805E+00 0.11886652585642218005707504980792E+01
-0.83865893265588477094031978536399E+00 0.11820668337343144916937529440494E+01
-0.83386727982657649510857960788021E+00 0.11754270654131802896890685256688E+01
-0.82904579832135664021982150939064E+00 0.11687461880525832484942529864398E+01
-0.82419465394340603201571005975393E+00 0.11620244375666435284025744012765E+01
-0.81931401347892944932003973008554E+00 0.11552620513238411550883631366129E+01
-0.81440404469022969554739730841652E+00 0.11484592681389750772667085060896E+01
-0.80946491630872100893310246731282E+00 0.11416163282650780003955706524441E+01
-0.80449679802788246356462634898580E+00 0.11347334733852877353993502202325E+01
-0.79949986049614985725908052726751E+00 0.11278109466046749765515179918159E+01
-0.79447427530974621415608855634631E+00 0.11208489924420286133205350577268E+01
-0.78942021500545024028302511567641E+00 0.11138478568215984582439965888771E+01
-0.78433785305330168036985459857178E+00 0.11068077870647962372317068722107E+01
-0.77922736384924407687939899901247E+00 0.10997290318818554545046637173064E+01
-0.77408892270770286074135469196373E+00 0.10926118413634498601603426061191E+01
-0.76892270585409956559888381970268E+00 0.10854564669722721339600007063311E+01
-0.76372889041730029229168895802559E+00 0.10782631615345723510934782462788E+01
-0.75850765442199870454285285778219E+00 0.10710321792316572539204957873269E+01
-0.75325917678103201930606478290275E+00 0.10637637755913506041622660612745E+01
-0.74798363728762989018288966606133E+00 0.10564582074794154443433304848782E+01
-0.74268121660759477685262610177963E+00 0.10491157330909384941901760631219E+01
-0.73735209627141349530482060181031E+00 0.10417366119416772137735986597639E+01
-0.73199645866629886497404677739465E+00 0.10343211048593705380507773754895E+01
-0.72661448702816037903660313398239E+00 0.10268694739750133395259032622006E+01
-0.72120636543350318294473839810144E+00 0.10193819827140954664503508879675E+01
-0.71577227879125446318452221447790E+00 0.10118588957878058276285838519597E+01
-0.71031241283451569435218021967153E+00 0.10043004791842022207397450945252E+01
-0.70482695411224056924505443311801E+00 0.99670700015934754603855038104837E+00
-0.69931608998083625552365624200949E+00 0.98907872722841265851060774942533E+00
-0.69378000859568839798980424170619E+00 0.98141593015674709779303052252967E+00
-0.68821889890260685304209515419008E+00 0.97371887995091790186076311797696E+00
-0.68263295062919236023653060074788E+00 0.96598784884971700384529901202538E+00
-0.67702235427612239305623166679959E+00 0.95822311031513861517375762284137E+00
-0.67138730110835383783928960583190E+00 0.95042493902332635861688655447156E+00
-0.66572798314624305703974191875876E+00 0.94259361085549140701437598953400E+00
-0.66004459315657971447322782423200E+00 0.93472940288880236790672564422199E+00
-0.65433732464353419960799425372238E+00 0.92683259338724713995476631748131E+00
-0.64860637183951658900880054252719E+00 0.91890346179246805993499185926583E+00
-0.64285192969594509346670285396221E+00 0.91094228871457065140181638447078E+00
-0.63707419387392293879901521066547E+00 0.90294935592290688464276473400933E+00
-0.63127336073482109628250071210298E+00 0.89492494633683390867545887186291E+00
-0.62544962733076526416008809669169E+00 0.88686934401644845320973102764738E+00
-0.61960319139502560667890041486722E+00 0.87878283415329876525286130699483E+00
-0.61373425133230537906396122585056E+00 0.87066570306107367300511372055712E+00
-0.60784300620892875292904161193531E+00 0.86251823816627029574796527170963E+00
-0.60192965574292356438969728602802E+00 0.85434072799884153369301235845400E+00
-0.59599440029399727637449356603539E+00 0.84613346218282348561910987990953E+00
-0.59003744085340365793904261242351E+00 0.83789673142694422193860689499127E+00
-0.58405897903369769698585094677807E+00 0.82963082751521444840176698952011E+00
-0.57805921705837584198895717428302E+00 0.82133604329750164211366610057354E+00
-0.57203835775139840363292729363833E+00 0.81301267268008773094565630614035E+00
-0.56599660452659197495349320373188E+00 0.80466101061621199153967031557212E+00
-0.55993416137692798880171814777306E+00 0.79628135309660009817411158287606E+00
-0.55385123286367434848705623033308E+00 0.78787399713997980983704099569593E+00
-0.54774802410541724353392282199574E+00 0.77943924078358505559347351150614E+00
-0.54162474076694878235563215479899E+00 0.77097738307364918753245232881720E+00
-0.53548158904801728821224072170598E+00 0.76248872405588833045057082398116E+00
-0.52931877567193672692852053882536E+00 0.75397356476597613103993601979565E+00
-0.52313650787404987186959714513130E+00 0.74543220722001152668017818270623E+00
-0.51693499339004280218591922168337E+00 0.73686495440497970616156599197946E+00
-0.51071444044410496619984706407035E+00 0.72827211026920831719713033555393E+00
-0.50447505773693074639173971532022E+00 0.71965397971282034854587713952198E+00
-0.49821705443355734575034524603711E+00 0.71101086857818379933807271392128E+00
-0.49194064015103463003772375943760E+00 0.70234308364036093851455358224857E+00
-0.48564602494592094563745288890455E+00 0.69365093259755732208531257780317E+00
-0.47933341930159994815303645849003E+00 0.68493472406157305053439223489128E+00
-0.47300303411541155922941715847266E+00 0.67619476754825664751748508931932E+00
-0.46665508068559311144910611751244E+00 0.66743137346796353698934626367697E+00
-0.46028977069802181865209251737003E+00 0.65864485311602130417925375021368E+00
-0.45390731621275408756309277901121E+00 0.64983551866320171720557666481397E+00
-0.44750792965035305590766963640021E+00 0.64100368314620309556648902758630E+00
-0.44109182377799841022324908478266E+00 0.63214966045814258272338803044750E+00
-0.43465921169537023503169291044937E+00 0.62327376533906227319320930844108E+00
-0.42821030682029834283359608008307E+00 0.61437631336644898748566453547498E+00
-0.42174532287417024787079679294848E+00 0.60545762094577099566168709931448E+00
-0.41526447386708717684824032302434E+00 0.59651800530103243599698120613632E+00
-0.40876797408276035141079786416640E+00 0.58755778446534785731668250205106E+00
-0.40225603806313770880591831027224E+00 0.57857727727154003644300606176398E+00
-0.39572888059274877432574760769562E+00 0.56957680334276037691996288087855E+00
-0.38918671668276189062439873203741E+00 0.56055668308313695216330665389167E+00
-0.38262976155473591482928896921706E+00 0.55151723766845079288788191226613E+00
-0.37605823062406161627992803297551E+00 0.54245878903684255152547452141076E+00
-0.36947233948307495158548970060966E+00 0.53338165987955353129668634656645E+00
-0.36287230388383243615403212890153E+00 0.52428617363170090495262590938979E+00
-0.35625833972053402886750628357923E+00 0.51517265446309283685426642294335E+00
-0.34963066301157891698975577488118E+00 0.50604142726908299217344293383000E+00
-0.34298948988123975146669789067540E+00 0.49689281766146906377247257595046E+00
-0.33633503654093956298714491896439E+00 0.48772715195943839237541186775528E+00
-0.32966751927011384341273018813755E+00 0.47854475718056132420738834819262E+00
-0.32298715439664130196123213851136E+00 0.46934596103183827462047931221118E+00
-0.31629415827682444988545642053822E+00 0.46013109190080106757791453835838E+00
-0.30958874727490070453992263104258E+00 0.45090047884667341865453149613974E+00
-0.30287113774206302618683749366866E+00 0.44165445159159337345197739081677E+00
-0.29614154599496947669170558972463E+00 0.43239334051190047982118358089592E+00
-0.28940018829371834672218295058658E+00 0.42311747662949276840761536899592E+00
-0.28264728081926491626915036057249E+00 0.41382719160325595123251481987974E+00
-0.27588303965025468357550219918213E+00 0.40452281772056901537306223428863E+00
-0.26910768073924676944355330373830E+00 0.39520468788889147783973894142482E+00
-0.26232141988829860298451083782242E+00 0.38587313562743373280875393609939E+00
-0.25552447272388236649248150648290E+00 0.37652849505891801356996887451503E+00
-0.24871705467110239334364733918139E+00 0.36717110090143233200973406364854E+00
-0.24189938092717966915898842376294E+00 0.35780128846038267895841316307386E+00
-0.23507166643416842249499314131775E+00 0.34841939362054851110270093967346E+00
-0.22823412585086752967217415337701E+00 0.33902575283824635857114054515822E+00
-0.22138697352388838648181686238825E+00 0.32962070313360732362225299572810E+00
-0.21453042345783596447631724832725E+00 0.32020458208297292705164154372903E+00
-0.20766468928456031196806613717312E+00 0.31077772781141579522873390382487E+00
-0.20078998423143223492821109419543E+00 0.30134047898539150601746495005581E+00
-0.19390652108859085317421305906132E+00 0.29189317480552602436943129814465E+00
-0.18701451217511504023931018923670E+00 0.28243615499954737768005960611798E+00
-0.18011416930405841791053591162852E+00 0.27296975981536677515717375897276E+00
-0.17320570374629196765763664552977E+00 0.26349433001431565200417811657668E+00
-0.16628932619309069858393434564163E+00 0.25401020686454835521864271153354E+00
-0.15936524671739650286161262894630E+00 0.24451773213461471632142512899331E+00
-0.15243367473368834442417482951327E+00 0.23501724808721295092105694080788E+00
-0.14549481895638206792018518258955E+00 0.22550909747313013450495195129103E+00
-0.13854888735668152004795809375600E+00 0.21599362352537786502126554341436E+00
-0.13159608711779537273228767344537E+00 0.20647116995353359662361326566001E+00
-0.12463662458842603057111954659182E+00 0.19694208093829574672026880117096E+00
-0.11767070523443830792549370160422E+00 0.18740670112626238748480038569892E+00
-0.11069853358859982859315488772114E+00 0.17786537562494455231351854558640E+00
-0.10372031319828561443356434557517E+00 0.16831844999802168257955110337882E+00
-0.96736246571028128754512805636013E-01 0.15876627026085425365354536055520E+00
-0.89746535117786840986808792114018E-01 0.14920918287626098997756668620406E+00
-0.82751379093803068904697516554969E-01 0.13964753475057486407992581888063E+00
-0.75750977536896055586223284335316E-01 0.13008167322998874306780857356778E+00
-0.68745528203046004204130748735857E-01 0.12051194609720401254032401827595E+00
-0.61735227499099920311952126546511E-01 0.11093870156839566113304192627177E+00
-0.54720270412422773097466536464858E-01 0.10136228829050595373476412688304E+00
-0.47700850437305057459387286716350E-01 0.91783055338883227929219894831433E-01
-0.40677159497923082436258941852645E-01 0.82201352215278368913729982122920E-01
-0.33649387867633266987593672638842E-01 0.72617528846215659404154141927419E-01
-0.26617724084367728962744127864706E-01 0.63031935581754167472948746595426E-01
-0.19582354861876218361552871967500E-01 0.53444923194653010604118291245042E-01
-0.12543464996544683169058659978649E-01 0.43856842879963093326574524879833E-01
-0.55012372694988828338519102958654E-02 0.34268046255055765847654884509436E-01
0.15441476563249173682108711479393E-02 0.24678885360113343782529594899276E-01
0.85925113444781440893144043764273E-02 0.15089712659094688778301506144083E-01
0.15643677699037256961692001333799E-01 0.55008810411976097680011532819009E-02
0.22697473084773443809199446946194E-01 -0.40872561771627393035793191863058E-02
0.29753726453885221109922141955447E-01 -0.13674345249840460780618854539260E-01
0.36812269479757098290105005283758E-01 -0.23260031997889427292614107784126E-01
0.43872936698244766878947071562617E-01 -0.32843961805917239751863965132685E-01
0.50935565657033566784919017363966E-01 -0.42425779617842599830329229623173E-01
0.57999997073659237445197067085638E-01 -0.52005129932034596126065379804677E-01
0.65066075002832404669210187396950E-01 -0.61581656795813026452311751215356E-01
0.72133647013766295476744619580509E-01 -0.71155003799290260729256168821132E-01
0.79202564378261731726360493523935E-01 -0.80724814068533404691639108503066E-01
0.86272682270383699901506654220504E-01 -0.90290730258028330988111483900440E-01
0.93343859978622266436135627433198E-01 -0.99852394542426707851152184313827E-01
0.10041596113152908414815190639278E+00 -0.10940944860755878804862788708009E+00
0.10748885393790131223130189550111E+00 -0.11896153364069770862257523490884E+00
0.11456241144268982653233364149490E+00 -0.12850829032006105312471397985394E+00
0.12163651179992190483264444812835E+00 -0.13804935880354106600911950780864E+00
0.12871103856404974088187147270826E+00 -0.14758437871665580868869495439349E+00
0.13578588100127843430198096939761E+00 -0.15711298913972009276618460692060E+00
0.14286093442257793590677317404293E+00 -0.16663482859423999697006321441334E+00
0.14993610054025686793440274743311E+00 -0.17614953502854077734888240755618E+00
0.15701128785016856551126910919102E+00 -0.18565674580264770531058578838700E+00
0.16408641204183208563965628054369E+00 -0.19515609767244679808803092961838E+00
0.17116139643899488327845789653969E+00 -0.20464722677316842701006089814208E+00
0.17823617247342926633350016203658E+00 -0.21412976860224692407211628627585E+00
0.18531068019506173841653838100758E+00 -0.22360335800162820057380553310435E+00
0.19238486882187326250494100991113E+00 -0.23306762913962152463803336943920E+00
0.19945869733339533939621144189044E+00 -0.24252221549240908710609167874552E+00
0.20653213511205846863636928854436E+00 -0.25196674982536604862011158660484E+00
0.21360516263714727931731767129114E+00 -0.26140086417437097414977490125134E+00
0.22067777223666989870074611716078E+00 -0.27082418982733429391371285528802E+00
0.22774996890308780304836337782074E+00 -0.28023635730622398273695647792059E+00
0.23482177117957357712945333198494E+00 -0.28963699634992366365463646974450E+00
0.24189321212429142380210848324050E+00 -0.29902573589833873580744522698331E+00
0.24896434036113896120148076055789E+00 -0.30840220407824862908675883873156E+00
0.25603522122647167382617970679699E+00 -0.31776602819150923280159933564509E+00
0.26310593802257901109838890171738E+00 -0.32711683470634142323844698995793E+00
0.27017659339011450178627185733062E+00 -0.33645424925258493484464880135539E+00
0.27724731081334122042907124918518E+00 -0.34577789662198955591966982474065E+00
0.28431823627397810114043525555816E+00 -0.35508740077483067439433903900935E+00
0.29138954007166121573455094486503E+00 -0.36438238485440603950406640006143E+00
0.29846141883164035594462560194939E+00 -0.37366247121129580064875800187281E+00
0.30553409772337045942167571656724E+00 -0.38292728143965976135034840470711E+00
0.31260783291722393468548220976941E+00 -0.39217643642832637667371770741941E+00
0.31968291431074636683521095694060E+00 -0.40140955643001158713456493448052E+00
0.32675966856083123835899048698107E+00 -0.41062626115272117856647363930974E+00
0.33383846246405887085916744424579E+00 -0.41982616987826963765679276016582E+00
0.34091970673442215910092511122470E+00 -0.42900890161392615421992757743746E+00
0.34800386023600134107342135648391E+00 -0.43817407528453644265474540701690E+00
0.35509143473813867786912850270804E+00 -0.44732130997412296477611538209011E+00
0.36218300027270174909988524865443E+00 -0.45645022522802487286445900473181E+00
0.36927919118758295044119265643240E+00 -0.46556044142921553954821275228104E+00
0.37638071300828255499013293656499E+00 -0.47465158026566382286312403713483E+00
0.38348835024104969032419744609929E+00 -0.48372326530967963525179061478064E+00
0.39060297527762136802295415541580E+00 -0.49277512273534826197272538702151E+00
0.39772555859442161408075194493226E+00 -0.50180678220673057271617004392538E+00
0.40485718047987581315613298996159E+00 -0.51081787797793490965881737041035E+00
0.41199904457451588603628336770895E+00 -0.51980805025701944246624816027556E+00
0.41915249357281151910673153212555E+00 -0.52877694689977004611494552425372E+00
0.42631902751716350074826092814115E+00 -0.53772422551779001683265181452808E+00
0.43350032521867767233965355633935E+00 -0.54664955610953287497915988142451E+00
0.44069826947361136493551014938730E+00 -0.55555262435500132328953548320576E+00
0.44791497691896891650094873235487E+00 -0.56443313575774264310160647081864E+00
0.45515283359989930078013112716502E+00 -0.57329082087568511719417478845464E+00
0.46241453762547621907229743569180E+00 -0.58212544196129375064709239334227E+00
0.46970315069700112009560695302690E+00 -0.59093680144024067404783714104298E+00
0.47702216084612522490655306068047E+00 -0.59972475280928952436834248202638E+00
0.48437555948079735770373074140044E+00 -0.60848921474778570300346357988559E+00
0.49176793689841299808476869596547E+00 -0.61723018954267460067190543251773E+00
0.49920460193031598675461827689213E+00 -0.62594778736995880492516843016144E+00
0.50669173355388923979193340224775E+00 -0.63464225862736470668383589072562E+00
0.51423657550921337807268765906730E+00 -0.64331403748579505741635496355065E+00
0.52184768979276915110582830661190E+00 -0.65196380129332564858073283310316E+00
0.52953529245642693189428692593589E+00 -0.66059255265782388819878932064887E+00
0.53731170767513044820546726563072E+00 -0.66920173400834399587735851548250E+00
0.54519200090922021180460355269986E+00 -0.67779338517602321406818159037462E+00
0.55319500243678464340597919048337E+00 -0.68637025297773093656482064201950E+00
0.56299253784081812183870621424036E+00 -0.69665049336800059526398473906225E+00
0.57305559203879902537855038217092E+00 -0.70692592262895039411115122274854E+00
0.58345907288435137283393724928199E+00 -0.71721530232324863372894869899285E+00
0.59431659433020908352731861050865E+00 -0.72754773721298231828449860146510E+00
0.60580866470102735918358444679434E+00 -0.73797727842134365798511603338972E+00
0.61758410645066688622853101453853E+00 -0.74805178091538181655080823405765E+00
0.62913071725955409200540322383183E+00 -0.75724914592017905691420440721695E+00
0.64047408181047647059075916814134E+00 -0.76555695667264253336360603382571E+00
0.65159209616506010741382754598083E+00 -0.77304751003218245814887983088063E+00
0.66274227604204595113142511209900E+00 -0.77936452104240329099442411073241E+00
0.66346500250215784848602252136373E+00 -0.79210713342264226125259997558697E+00
0.66505803518534029150437190029769E+00 -0.80525551208220788452319111049440E+00
0.66739759382545856478824886824684E+00 -0.81883085167880762960771829589971E+00
0.67046446614984081401928686391049E+00 -0.83283182500845110837946823111266E+00
0.67420533992225767305611274022637E+00 -0.84725693258165141433742768994931E+00
0.67837489230413687404328802617038E+00 -0.86143194448447967882078764470137E+00
0.68271725536634306151433837388080E+00 -0.87487808456672383325872495258850E+00
0.68719403318136005776425172949709E+00 -0.88778628006038586341886452811963E+00
0.69177794600908108184175590410918E+00 -0.90027448380152652992537167946507E+00
0.69644821295741071212891910244612E+00 -0.91242140165281552786963781777239E+00
0.70039533918170128737341818056695E+00 -0.92232311585036647955847836006232E+00
0.70438281527536411037367537889644E+00 -0.93205069871449663443569637474397E+00
0.70840542039839079139890277542215E+00 -0.94162251973120598891689129297962E+00
0.71245732789783265404885862255479E+00 -0.95105385045307925533953243807973E+00
0.71653393626962292150024788962264E+00 -0.96035696314668222542798229749461E+00
0.72063108803829094226989601534834E+00 -0.96954204623233029590170743150887E+00
0.72474517330439591225396076595172E+00 -0.97861758325989045917391022389442E+00
0.72887297901888492395525155428509E+00 -0.98759072878492855396966961618451E+00
0.73301164520359444725161342176788E+00 -0.99646755950300978040742767864383E+00
0.73715860502077091341185369116776E+00 -0.10052532772106473710347178847831E+01
0.74131154427283720330146783851927E+00 -0.10139523628807348266575991740475E+01
0.74546836557143898053118391700339E+00 -0.10225686990709879842356994244535E+01
0.74962715958942661935730397638747E+00 -0.10311056669605287586476668391729E+01
0.75378618082059601623786484105655E+00 -0.10395662245299692440964937583597E+01
0.75794382732139230107815919076304E+00 -0.10479529700025921646875186408764E+01
0.76209862355600353741423956486707E+00 -0.10562681938246013806085164878810E+01
0.76624920581369517267373012085859E+00 -0.10645139215792706624951384378757E+01
0.77039430972896860096893292911869E+00 -0.10726919496826481966333018012586E+01
0.77453275954775313565557732460089E+00 -0.10808038752750748893519294075979E+01
0.77866345884802809358400493171142E+00 -0.10888511214105587913997664602833E+01
0.78278538248096420048651832592867E+00 -0.10968349584077199276385314754028E+01
0.78689756954158244249982802876305E+00 -0.11047565220459778798854904787584E+01
0.79099911721259588098058202254207E+00 -0.11126168291521051184533898375511E+01
0.79508917535245460949846819371217E+00 -0.11204167910151208333623372058935E+01
0.79916694172063377237538533516891E+00 -0.11281572249838042207233591098383E+01
0.80323165775095620366458141876763E+00 -0.11358388645352740048812478277443E+01
0.80728260479816906129247240564073E+00 -0.11434623680509027294610470708395E+01
0.81131910079478593450680289131645E+00 -0.11510283264942035432339933232247E+01
0.81534049726489174788453772943905E+00 -0.11585372701518942811867436075900E+01
0.81934617664961359326326091048270E+00 -0.11659896745723344337858183771053E+01
0.82333554990560346877045489774541E+00 -0.11733859658135820678692534428318E+01
0.82730805434342180999376818694222E+00 -0.11807265250953895238794487013868E+01
0.83126315167735238128472783675820E+00 -0.11880116929347320024401313854517E+01
0.83520032626208604775922955901337E+00 -0.11952417728323161809733886759046E+01
0.83911908349501065316473271913917E+00 -0.12024170345674429511558407319616E+01
0.84301894836564101317502598722990E+00 -0.12095377171502153138492512341677E+01
0.84689946413610525504863615612024E+00 -0.12166040314730684290486976836840E+01
0.85076019113863647462936836074854E+00 -0.12236161626977152854581997220244E+01
0.85460070567776097387233317900711E+00 -0.12305742724086396733833159783507E+01
0.85842059902637270141712231678936E+00 -0.12374785005600741287593275310658E+01
0.86221947650617311626064277900170E+00 -0.12443289672398394669037747770277E+01
0.86599695664407484346254135343915E+00 -0.12511257742703901827330301949909E+01
0.86975267039713262522966615221453E+00 -0.12578690066648207450392102074189E+01
0.87348626043940921726910200050771E+00 -0.12645587339533656935460540171937E+01
0.87719738050491703698328684318160E+00 -0.12711950113940209058222643013975E+01
0.88088569478141624626915044514247E+00 -0.12777778810792671398638819530953E+01
0.88455087735041450135831243353498E+00 -0.12843073729494554071067587352487E+01
0.88819261166920374385278614286822E+00 -0.12907835057221831531386800590296E+01
0.89181059009120543813580790529756E+00 -0.12972062877459182379754384862527E+01
0.89540451342127777873499785175889E+00 -0.13035757177851969788155300650735E+01
0.89897409050297602847837174401971E+00 -0.13098917857439076551574401470247E+01
0.90251903783505749611536683275489E+00 -0.13161544733324594186920024497314E+01
0.90603907921478769058608680590778E+00 -0.13223637546840121990793496656179E+01
0.90953394540584008880941480226036E+00 -0.13285195969243933049426905549657E+01
0.91300337382879372197692439313830E+00 -0.13346219606998451079214294273590E+01
0.91644710827241740708451483148901E+00 -0.13406708006663198205525586721608E+01
0.91986489862410022131229534351087E+00 -0.13466660659436613824677139959674E+01
0.92325650061793574309423039304736E+00 -0.13526077005376803868765262064031E+01
0.92662167559910248798495026522074E+00 -0.13584956437328316668668946383065E+01
0.92996019030330380998383300706588E+00 -0.13643298304579405468518120353083E+01
0.93327181665013899541583028255965E+00 -0.13701101916271890900309579168217E+01
0.93655633154937518539835065833065E+00 -0.13758366544583651309685158411182E+01
0.93981351671917710776398611041324E+00 -0.13815091427701890847311835779575E+01
0.94304315851543232085943630904821E+00 -0.13871275772603667701943736941326E+01
0.94624504777138079485364706453261E+00 -0.13926918757658667090878773069099E+01
0.94941897964682274676693522541861E+00 -0.13982019535067853730108540357988E+01
0.95256475348623852695238939024643E+00 -0.14036577233150432869120041168367E+01
0.95568217268520705962577931448098E+00 -0.14090590958490462947209412451471E+01
0.95877104456455818133386155070971E+00 -0.14144059797953474292031267733251E+01
0.96183118025173953102753839194533E+00 -0.14196982820582572235905100972006E+01
0.96486239456891738474916498326912E+00 -0.14249359079382698951544540354557E+01
0.96786450592736901560528295622705E+00 -0.14301187613001002326698883602841E+01
0.97083733622775718044916116340893E+00 -0.14352467447310608998861895401267E+01
0.97378071076590823895458722342067E+00 -0.14403197596904503342239770493090E+01
0.97669445814374300735204516717558E+00 -0.14453377066505671513701825958006E+01
0.97957841018503616248321259382034E+00 -0.14503004852299180901414504296502E+01
0.98243240185570245131492524222258E+00 -0.14552079943191416266787241726481E+01
0.98525627118833104225027339497929E+00 -0.14600601322001294783135115519039E+01
0.98804985921070709980365712784734E+00 -0.14648567966587896995138907800153E+01
0.99081300987808064182958773696834E+00 -0.14695978850918625063037005593759E+01
0.99354557000895703915301924545196E+00 -0.14742832946081681626088257760731E+01
0.99624738922420084372364586186319E+00 -0.14789129221246383722669839520104E+01
0.99891831988925775369860162167101E+00 -0.14834866644574564211064409406935E+01
0.10015582170593131414112405752935E+01 -0.14880044184086073232657214221888E+01
0.10041669384272182233454470358823E+01 -0.14924660808481181522786480605342E+01
0.10067443442740248517144048947268E+01 -0.14968715487922476953659490161921E+01
0.10092902974219820425215721576219E+01 -0.15012207194778669666536256722711E+01
0.10118046631898552042005548271129E+01 -0.15055134904332547083564513170507E+01
0.10142873093504392322466791157751E+01 -0.15097497595455162109289024195706E+01
0.10167381060901452368346439320718E+01 -0.15139294251248204394628330918549E+01
0.10191569259705452882298242415833E+01 -0.15180523859656354682447707775122E+01
0.10215436438917722283649517055397E+01 -0.15221185414051318829433112979397E+01
0.10238981370576716755035050900633E+01 -0.15261277913789108617495521937393E+01
0.10262202849426152402765001387660E+01 -0.15300800364742042401148431372298E+01
0.10285099692598858387396531948072E+01 -0.15339751779806837363524907685256E+01
0.10307670739315530111145998155383E+01 -0.15378131179390075766015535445523E+01
0.10329914850597612109235165760487E+01 -0.15415937591872246670016098171498E+01
0.10351830908993574533053798818615E+01 -0.15453170054051484830002572379827E+01
0.10373417818317904104605896669807E+01 -0.15489827611568058487926648563388E+01
0.10394674503402163453600968740775E+01 -0.15525909319310590555342093890072E+01
0.10415599909857507880775463828561E+01 -0.15561414241804939964791920668391E+01
0.10436193003848092524230954408589E+01 -0.15596341453586603742397422777517E+01
0.10456452771874824606094121504537E+01 -0.15630690039557457748022385539804E+01
0.10476378220568958988427797054983E+01 -0.15664459095327595261560736793288E+01
0.10495968376495050482185952255765E+01 -0.15697647727542983953752195536566E+01
0.10515222285962813526964376449925E+01 -0.15730255054199610039376748989072E+01
0.10534139014847461642680486574003E+01 -0.15762280204944747896979877550150E+01
0.10552717648418121646444241953216E+01 -0.15793722321365947608138305094515E+01
0.10570957291173940919724711987714E+01 -0.15824580557268300905995514603357E+01
0.10588857066687528128064972194968E+01 -0.15854854078940515577125722760663E+01
0.10606416117455385018071612476436E+01 -0.15884542065410293636982957869399E+01
0.10623633604755007522679188298408E+01 -0.15913643708689481047702358396964E+01
0.10640508708508350259082016637147E+01 -0.15942158214009432493725733080747E+01
0.10657040627151365874152690388087E+01 -0.15970084800047003915398110848085E+01
0.10673228577509346063557773919213E+01 -0.15997422699141570431935986017902E+01
0.10689071794677803895101010908714E+01 -0.16024171157503432728987436914068E+01
0.10704569531908653989879355764299E+01 -0.16050329435413968914883460668635E+01
0.10719721060501457413534332446194E+01 -0.16075896807417857843347897473051E+01
0.10734525669699508454839279551180E+01 -0.16100872562507682292891242657056E+01
0.10748982666590561397000985439105E+01 -0.16125256004301215611568046100816E+01
0.10763091376011989965912101323527E+01 -0.16149046451211658274987533278347E+01
0.10776851140460201372198610608808E+01 -0.16172243236611095512663254976469E+01
0.10790261320004120380623511740732E+01 -0.16194845708987421668188518028400E+01
0.10803321292202576820885222976477E+01 -0.16216853232094962809447255123535E+01
0.10816030452025439384148175817546E+01 -0.16238265185099024672091738778869E+01
0.10828388211778338887538685203853E+01 -0.16259080962714570461055849426516E+01
0.10840394001030842839543555354389E+01 -0.16279299975339229562492378103317E+01
0.10852047266547941591811349115433E+01 -0.16298921649180825415770731288377E+01
0.10863347472224715803784522889424E+01 -0.16317945426379593756917885164573E+01
0.10874294099024068383158217146728E+01 -0.16336370765125267890779854798024E+01
0.10884886644917397719603818393585E+01 -0.16354197139769179813355417042814E+01
0.10895124624828108390222124321574E+01 -0.16371424040931531944718229752997E+01
0.10905007570577851152228186117215E+01 -0.16388050975603980423632855443342E+01
0.10914535030835395243036514533472E+01 -0.16404077467247661113789852583217E+01
0.10923706571068040642965966598481E+01 -0.16419503055886785565248235085470E+01
0.10932521773495479740493210960479E+01 -0.16434327298197925174342485136788E+01
0.10940980237046027041518943357179E+01 -0.16448549767595096324859415221969E+01
0.10949081577315137510063215422584E+01 -0.16462170054310750585312983616175E+01
0.10956825426526138589005702276642E+01 -0.16475187765472770482553290895266E+01
0.10964211433493106991177204512665E+01 -0.16487602525177564422523187786831E+01
0.10971239263585823147345966162699E+01 -0.16499413974559347296975126453248E+01
0.10977908598696741844378994383262E+01 -0.16510621771855690682621295596371E+01
0.10984219137209920908303925013109E+01 -0.16521225592469419820284764506854E+01
0.10990170593971852341949887042022E+01 -0.16531225129026928307310640267664E+01
0.10995762700264145416496623438366E+01 -0.16540620091432980394298178126186E+01
0.11000995203778013393099726299305E+01 -0.16549410206922062777595279819848E+01
0.11005867868590517079670803074173E+01 -0.16557595220106345404679601001442E+01
0.11010380475142519040519321835320E+01 -0.16565174893020309812671575732780E+01
0.11014532820218272589200830963654E+01 -0.16572149005162117036720511907726E+01
0.11018324716925808064248997185937E+01 -0.16578517353532239011625289109253E+01
0.11020652314069530616463850269260E+01 -0.16582426291369212170156941930637E+01
0.11022819589261238220601099324026E+01 -0.16586065867462382526770174255871E+01
0.11024826499207303223435592611294E+01 -0.16589436034664526148104259634801E+01
0.11026673003816177210056982533037E+01 -0.16592536749313601585810872281292E+01
0.11028359066212729644800612616487E+01 -0.16595367971226549203775115962698E+01
0.11029964949430201464766593397380E+01 -0.16598064492539725806819422438423E+01
0.11031570939474789506163317701354E+01 -0.16600761130447426025420259304590E+01
0.11033177036338182910348640855152E+01 -0.16603457884966970131894670188593E+01
0.11034783240011981670113045863633E+01 -0.16606154756115725234482707787155E+01
0.11036389550487894766629135335275E+01 -0.16608851743910987088653663207591E+01
0.11034783240011981670113045863633E+01 -0.16606154756115725234482707787155E+01
0.11033177036338182910348640855152E+01 -0.16603457884966970131894670188593E+01
0.11031570939474789506163317701354E+01 -0.16600761130447426025420259304590E+01
0.11029964949430201464766593397380E+01 -0.16598064492539725806819422438423E+01
0.11028359066212729644800612616487E+01 -0.16595367971226549203775115962698E+01
0.11026673003816177210056982533037E+01 -0.16592536749313601585810872281292E+01
0.11024826499207303223435592611294E+01 -0.16589436034664526148104259634801E+01
0.11022819589261238220601099324026E+01 -0.16586065867462382526770174255871E+01
0.11020652314069530616463850269260E+01 -0.16582426291369212170156941930637E+01
0.11018324716925808064248997185937E+01 -0.16578517353532239011625289109253E+01
0.11014532820218272589200830963654E+01 -0.16572149005162117036720511907726E+01
0.11010380475142519040519321835320E+01 -0.16565174893020309812671575732780E+01
0.11005867868590517079670803074173E+01 -0.16557595220106345404679601001442E+01
0.11000995203778013393099726299305E+01 -0.16549410206922062777595279819848E+01
0.10995762700264145416496623438366E+01 -0.16540620091432980394298178126186E+01
0.10990170593971852341949887042022E+01 -0.16531225129026928307310640267664E+01
0.10984219137209920908303925013109E+01 -0.16521225592469419820284764506854E+01
0.10977908598696741844378994383262E+01 -0.16510621771855690682621295596371E+01
0.10971239263585823147345966162699E+01 -0.16499413974559347296975126453248E+01
0.10964211433493106991177204512665E+01 -0.16487602525177564422523187786831E+01
0.10956825426526138589005702276642E+01 -0.16475187765472770482553290895266E+01
0.10949081577315137510063215422584E+01 -0.16462170054310750585312983616175E+01
0.10940980237046027041518943357179E+01 -0.16448549767595096324859415221969E+01
0.10932521773495479740493210960479E+01 -0.16434327298197925174342485136788E+01
0.10923706571068040642965966598481E+01 -0.16419503055886785565248235085470E+01
0.10914535030835395243036514533472E+01 -0.16404077467247661113789852583217E+01
0.10905007570577851152228186117215E+01 -0.16388050975603980423632855443342E+01
0.10895124624828108390222124321574E+01 -0.16371424040931531944718229752997E+01
0.10884886644917397719603818393585E+01 -0.16354197139769179813355417042814E+01
0.10874294099024068383158217146728E+01 -0.16336370765125267890779854798024E+01
0.10863347472224715803784522889424E+01 -0.16317945426379593756917885164573E+01
0.10852047266547941591811349115433E+01 -0.16298921649180825415770731288377E+01
0.10840394001030842839543555354389E+01 -0.16279299975339229562492378103317E+01
0.10828388211778338887538685203853E+01 -0.16259080962714570461055849426516E+01
0.10816030452025439384148175817546E+01 -0.16238265185099024672091738778869E+01
0.10803321292202576820885222976477E+01 -0.16216853232094962809447255123535E+01
0.10790261320004120380623511740732E+01 -0.16194845708987421668188518028400E+01
0.10776851140460201372198610608808E+01 -0.16172243236611095512663254976469E+01
0.10763091376011989965912101323527E+01 -0.16149046451211658274987533278347E+01
0.10748982666590561397000985439105E+01 -0.16125256004301215611568046100816E+01
0.10734525669699508454839279551180E+01 -0.16100872562507682292891242657056E+01
0.10719721060501457413534332446194E+01 -0.16075896807417857843347897473051E+01
0.10704569531908653989879355764299E+01 -0.16050329435413968914883460668635E+01
0.10689071794677803895101010908714E+01 -0.16024171157503432728987436914068E+01
0.10673228577509346063557773919213E+01 -0.15997422699141570431935986017902E+01
0.10657040627151365874152690388087E+01 -0.15970084800047003915398110848085E+01
0.10640508708508350259082016637147E+01 -0.15942158214009432493725733080747E+01
0.10623633604755007522679188298408E+01 -0.15913643708689481047702358396964E+01
0.10606416117455385018071612476436E+01 -0.15884542065410293636982957869399E+01
0.10588857066687528128064972194968E+01 -0.15854854078940515577125722760663E+01
0.10570957291173940919724711987714E+01 -0.15824580557268300905995514603357E+01
0.10552717648418121646444241953216E+01 -0.15793722321365947608138305094515E+01
0.10534139014847461642680486574003E+01 -0.15762280204944747896979877550150E+01
0.10515222285962813526964376449925E+01 -0.15730255054199610039376748989072E+01
0.10495968376495050482185952255765E+01 -0.15697647727542983953752195536566E+01
0.10476378220568958988427797054983E+01 -0.15664459095327595261560736793288E+01
0.10456452771874824606094121504537E+01 -0.15630690039557457748022385539804E+01
0.10436193003848092524230954408589E+01 -0.15596341453586603742397422777517E+01
0.10415599909857507880775463828561E+01 -0.15561414241804939964791920668391E+01
0.10394674503402163453600968740775E+01 -0.15525909319310590555342093890072E+01
0.10373417818317904104605896669807E+01 -0.15489827611568058487926648563388E+01
0.10351830908993574533053798818615E+01 -0.15453170054051484830002572379827E+01
0.10329914850597612109235165760487E+01 -0.15415937591872246670016098171498E+01
0.10307670739315530111145998155383E+01 -0.15378131179390075766015535445523E+01
0.10285099692598858387396531948072E+01 -0.15339751779806837363524907685256E+01
0.10262202849426152402765001387660E+01 -0.15300800364742042401148431372298E+01
0.10238981370576716755035050900633E+01 -0.15261277913789108617495521937393E+01
0.10215436438917722283649517055397E+01 -0.15221185414051318829433112979397E+01
0.10191569259705452882298242415833E+01 -0.15180523859656354682447707775122E+01
0.10167381060901452368346439320718E+01 -0.15139294251248204394628330918549E+01
0.10142873093504392322466791157751E+01 -0.15097497595455162109289024195706E+01
0.10118046631898552042005548271129E+01 -0.15055134904332547083564513170507E+01
0.10092902974219820425215721576219E+01 -0.15012207194778669666536256722711E+01
0.10067443442740248517144048947268E+01 -0.14968715487922476953659490161921E+01
0.10041669384272182233454470358823E+01 -0.14924660808481181522786480605342E+01
0.10015582170593131414112405752935E+01 -0.14880044184086073232657214221888E+01
0.99891831988925775369860162167101E+00 -0.14834866644574564211064409406935E+01
0.99624738922420084372364586186319E+00 -0.14789129221246383722669839520104E+01
0.99354557000895703915301924545196E+00 -0.14742832946081681626088257760731E+01
0.99081300987808064182958773696834E+00 -0.14695978850918625063037005593759E+01
0.98804985921070709980365712784734E+00 -0.14648567966587896995138907800153E+01
0.98525627118833104225027339497929E+00 -0.14600601322001294783135115519039E+01
0.98243240185570245131492524222258E+00 -0.14552079943191416266787241726481E+01
0.97957841018503616248321259382034E+00 -0.14503004852299180901414504296502E+01
0.97669445814374300735204516717558E+00 -0.14453377066505671513701825958006E+01
0.97378071076590823895458722342067E+00 -0.14403197596904503342239770493090E+01
0.97083733622775718044916116340893E+00 -0.14352467447310608998861895401267E+01
0.96786450592736901560528295622705E+00 -0.14301187613001002326698883602841E+01
0.96486239456891738474916498326912E+00 -0.14249359079382698951544540354557E+01
0.96183118025173953102753839194533E+00 -0.14196982820582572235905100972006E+01
0.95877104456455818133386155070971E+00 -0.14144059797953474292031267733251E+01
0.95568217268520705962577931448098E+00 -0.14090590958490462947209412451471E+01
0.95256475348623852695238939024643E+00 -0.14036577233150432869120041168367E+01
0.94941897964682274676693522541861E+00 -0.13982019535067853730108540357988E+01
0.94624504777138079485364706453261E+00 -0.13926918757658667090878773069099E+01
0.94304315851543232085943630904821E+00 -0.13871275772603667701943736941326E+01
0.93981351671917710776398611041324E+00 -0.13815091427701890847311835779575E+01
0.93655633154937518539835065833065E+00 -0.13758366544583651309685158411182E+01
0.93327181665013899541583028255965E+00 -0.13701101916271890900309579168217E+01
0.92996019030330380998383300706588E+00 -0.13643298304579405468518120353083E+01
0.92662167559910248798495026522074E+00 -0.13584956437328316668668946383065E+01
0.92325650061793574309423039304736E+00 -0.13526077005376803868765262064031E+01
0.91986489862410022131229534351087E+00 -0.13466660659436613824677139959674E+01
0.91644710827241740708451483148901E+00 -0.13406708006663198205525586721608E+01
0.91300337382879372197692439313830E+00 -0.13346219606998451079214294273590E+01
0.90953394540584008880941480226036E+00 -0.13285195969243933049426905549657E+01
0.90603907921478769058608680590778E+00 -0.13223637546840121990793496656179E+01
0.90251903783505749611536683275489E+00 -0.13161544733324594186920024497314E+01
0.89897409050297602847837174401971E+00 -0.13098917857439076551574401470247E+01
0.89540451342127777873499785175889E+00 -0.13035757177851969788155300650735E+01
0.89181059009120543813580790529756E+00 -0.12972062877459182379754384862527E+01
0.88819261166920374385278614286822E+00 -0.12907835057221831531386800590296E+01
0.88455087735041450135831243353498E+00 -0.12843073729494554071067587352487E+01
0.88088569478141624626915044514247E+00 -0.12777778810792671398638819530953E+01
0.87719738050491703698328684318160E+00 -0.12711950113940209058222643013975E+01
0.87348626043940921726910200050771E+00 -0.12645587339533656935460540171937E+01
0.86975267039713262522966615221453E+00 -0.12578690066648207450392102074189E+01
0.86599695664407484346254135343915E+00 -0.12511257742703901827330301949909E+01
0.86221947650617311626064277900170E+00 -0.12443289672398394669037747770277E+01
0.85842059902637270141712231678936E+00 -0.12374785005600741287593275310658E+01
0.85460070567776097387233317900711E+00 -0.12305742724086396733833159783507E+01
0.85076019113863647462936836074854E+00 -0.12236161626977152854581997220244E+01
0.84689946413610525504863615612024E+00 -0.12166040314730684290486976836840E+01
0.84301894836564101317502598722990E+00 -0.12095377171502153138492512341677E+01
0.83911908349501065316473271913917E+00 -0.12024170345674429511558407319616E+01
0.83520032626208604775922955901337E+00 -0.11952417728323161809733886759046E+01
0.83126315167735238128472783675820E+00 -0.11880116929347320024401313854517E+01
0.82730805434342180999376818694222E+00 -0.11807265250953895238794487013868E+01
0.82333554990560346877045489774541E+00 -0.11733859658135820678692534428318E+01
0.81934617664961359326326091048270E+00 -0.11659896745723344337858183771053E+01
0.81534049726489174788453772943905E+00 -0.11585372701518942811867436075900E+01
0.81131910079478593450680289131645E+00 -0.11510283264942035432339933232247E+01
0.80728260479816906129247240564073E+00 -0.11434623680509027294610470708395E+01
0.80323165775095620366458141876763E+00 -0.11358388645352740048812478277443E+01
0.79916694172063377237538533516891E+00 -0.11281572249838042207233591098383E+01
0.79508917535245460949846819371217E+00 -0.11204167910151208333623372058935E+01
0.79099911721259588098058202254207E+00 -0.11126168291521051184533898375511E+01
0.78689756954158244249982802876305E+00 -0.11047565220459778798854904787584E+01
0.78278538248096420048651832592867E+00 -0.10968349584077199276385314754028E+01
0.77866345884802809358400493171142E+00 -0.10888511214105587913997664602833E+01
0.77453275954775313565557732460089E+00 -0.10808038752750748893519294075979E+01
0.77039430972896860096893292911869E+00 -0.10726919496826481966333018012586E+01
0.76624920581369517267373012085859E+00 -0.10645139215792706624951384378757E+01
0.76209862355600353741423956486707E+00 -0.10562681938246013806085164878810E+01
0.75794382732139230107815919076304E+00 -0.10479529700025921646875186408764E+01
0.75378618082059601623786484105655E+00 -0.10395662245299692440964937583597E+01
0.74962715958942661935730397638747E+00 -0.10311056669605287586476668391729E+01
0.74546836557143898053118391700339E+00 -0.10225686990709879842356994244535E+01
0.74131154427283720330146783851927E+00 -0.10139523628807348266575991740475E+01
0.73715860502077091341185369116776E+00 -0.10052532772106473710347178847831E+01
0.73301164520359444725161342176788E+00 -0.99646755950300978040742767864383E+00
0.72887297901888492395525155428509E+00 -0.98759072878492855396966961618451E+00
0.72474517330439591225396076595172E+00 -0.97861758325989045917391022389442E+00
0.72063108803829094226989601534834E+00 -0.96954204623233029590170743150887E+00
0.71653393626962292150024788962264E+00 -0.96035696314668222542798229749461E+00
0.71245732789783265404885862255479E+00 -0.95105385045307925533953243807973E+00
0.70840542039839079139890277542215E+00 -0.94162251973120598891689129297962E+00
0.70438281527536411037367537889644E+00 -0.93205069871449663443569637474397E+00
0.70039533918170128737341818056695E+00 -0.92232311585036647955847836006232E+00
0.69644821295741071212891910244612E+00 -0.91242140165281552786963781777239E+00
0.69177794600908108184175590410918E+00 -0.90027448380152652992537167946507E+00
0.68719403318136005776425172949709E+00 -0.88778628006038586341886452811963E+00
0.68271725536634306151433837388080E+00 -0.87487808456672383325872495258850E+00
0.67837489230413687404328802617038E+00 -0.86143194448447967882078764470137E+00
0.67420533992225767305611274022637E+00 -0.84725693258165141433742768994931E+00
0.67046446614984081401928686391049E+00 -0.83283182500845110837946823111266E+00
0.66739759382545856478824886824684E+00 -0.81883085167880762960771829589971E+00
0.66505803518534029150437190029769E+00 -0.80525551208220788452319111049440E+00
0.66346500250215784848602252136373E+00 -0.79210713342264226125259997558697E+00
