0.39134075497986249198153239768854E+00 -0.58830799851244004533956401961260E+00
0.40029247685434792448984356395362E+00 -0.58465589670658060553595633418100E+00
0.40872996000262736263982971995020E+00 -0.58123104043438814969278854523090E+00
0.41661844351091528851205437722407E+00 -0.57804626368473570052985073392739E+00
0.42392945167305520236003459781289E+00 -0.57510891866387755169879776357905E+00
0.43063322923306368060911341616367E+00 -0.57242733376802407896054707557228E+00
0.43673489655140759576804638823763E+00 -0.56999627499250261052471327725809E+00
0.44236088375132167446160206263828E+00 -0.56776284126206519076055103987862E+00
0.44761802511234962818251000530305E+00 -0.56568281901662774968227480500119E+00
0.45257741530371915036350226943099E+00 -0.56372676276029256086633363748968E+00
0.45728936013779454317392896863904E+00 -0.56187382204790360987853202655670E+00
0.45257741530371915036350226943099E+00 -0.56372676276029256086633363748968E+00
0.44761802511234962818251000530305E+00 -0.56568281901662774968227480500119E+00
0.44236088375132167446160206263828E+00 -0.56776284126206519076055103987862E+00
0.43673489655140759576804638823763E+00 -0.56999627499250261052471327725809E+00
0.43063322923306368060911341616367E+00 -0.57242733376802407896054707557228E+00
0.42392945167305520236003459781289E+00 -0.57510891866387755169879776357905E+00
0.41661844351091528851205437722407E+00 -0.57804626368473570052985073392739E+00
0.40872996000262736263982971995020E+00 -0.58123104043438814969278854523090E+00
0.40029247685434792448984356395362E+00 -0.58465589670658060553595633418100E+00
0.39134075497986249198153239768854E+00 -0.58830799851244004533956401961260E+00
0.38048618712635694481633683653206E+00 -0.57956477508018876578366249345191E+00
0.36989788497609127278883861590679E+00 -0.56957195526093916758711410426751E+00
0.35923708701113605234161761098903E+00 -0.55867237608994536643456841058781E+00
0.34854241705086982639373297635731E+00 -0.54679685504630460524660323588296E+00
0.33778630606216731826296683735964E+00 -0.53395887004462332093781465859072E+00
0.32742175197274495447682311415125E+00 -0.52080985403742691674622216163899E+00
0.31773865962360228377085332904905E+00 -0.50789466747896340112575873534896E+00
0.30855145811303678910972144175503E+00 -0.49512350258635268795215698035713E+00
0.29974238306213699062063366011580E+00 -0.48244509875089663552379632418943E+00
0.29123358594101292112558122711256E+00 -0.46982616305811840910881229982555E+00
0.28432880968136132361505375665442E+00 -0.45934171809790836523398487030779E+00
0.27756771760806416293855582411018E+00 -0.44887542270619943583013167939532E+00
0.27093035641816234874025383412912E+00 -0.43842101117663955765247609056579E+00
0.26440071573373467191558335071373E+00 -0.42797364393076372851767706223425E+00
0.25796564640117006652694176842030E+00 -0.41752960545554876805413736101551E+00
0.25161420435943195888439368706322E+00 -0.40708602320008040045861643087694E+00
0.24533718001458043785116471782492E+00 -0.39664066448320187552179891605584E+00
0.23912674956822766966077664648960E+00 -0.38619178917254456632473924940958E+00
0.23297621125096157518725827266188E+00 -0.37573804123643123900847777174382E+00
0.22687978238141193334202501876002E+00 -0.36527836769969022579354316399520E+00
0.22083244093126517063005354536841E+00 -0.35481195722675693216896109175546E+00
0.21482980023482067722511840749805E+00 -0.34433819298413305244008670947052E+00
0.20886800876464786683568203595230E+00 -0.33385661604376339724828147871001E+00
0.20294366912493343686827227996385E+00 -0.32336689667201060678739043530258E+00
0.19705377196093034669303158720183E+00 -0.31286881158996424485402034139320E+00
0.19119564157542853318968890188306E+00 -0.30236222580602882523309360884054E+00
0.18536689082729188934905316242417E+00 -0.29184707798532678993566263941866E+00
0.17956538345809686847684778424089E+00 -0.28132336858063720295449680158241E+00
0.17378920241420697096748368283444E+00 -0.27079115013818455856655934334308E+00
0.16803662304622745471992414743380E+00 -0.26025051932991606051626980495570E+00
0.16230609030535334429831415676441E+00 -0.24970161036648688523846351500569E+00
0.15659619923734181916236822533202E+00 -0.23914458952202165573575580168580E+00
0.15090567821441250220807123004125E+00 -0.22857965055983273416451394379317E+00
0.14523337445380946729147934814495E+00 -0.21800701089262872710025682548518E+00
0.13957824145670016853308013720783E+00 -0.20742690834484258925985208499567E+00
0.13393932806814198806618493063839E+00 -0.19683959841116773387372517735041E+00
0.12831576891215424256460188449902E+00 -0.18624535192602671813274925309779E+00
0.12270677599861256812215192865786E+00 -0.17564445307493453860303989956802E+00
0.11711163133305902088534038107949E+00 -0.16503719769156205445169818436108E+00
0.11152968038838199400307211845790E+00 -0.15442389179452358856694457298769E+00
0.10596032632002750205046149101143E+00 -0.14380485032610087113476288431324E+00
0.10040302482500873510721291137521E+00 -0.13318039606169681067801623194009E+00
0.94857279560303083558748016082535E-01 -0.12255085866414301214282573537157E+00
0.89322638048908098169102473233935E-01 -0.11191657386131574294595470857893E+00
0.83798688012364995327207146114855E-01 -0.10127788272904823838506115440572E+00
0.78285054077361683032844406724158E-01 -0.90635131064233987292070852120001E-01
0.72781394811406074399561198806788E-01 -0.79988668835396813497544638007864E-01
0.67287400048769493662479527020553E-01 -0.69338849699986025504809652468426E-01
0.61802788473147794010357228112468E-01 -0.58686030579289670913463934619933E-01
0.56327305427936891827334202136892E-01 -0.48030571283227990141369228066458E-01
0.50860720928806339322920253247845E-01 -0.37372834178428299575540013250845E-01
0.45402827856484113868565070933565E-01 -0.26713183893942229573034389035771E-01
0.39953440310435038693465756839513E-01 -0.16051987059771545883853301219684E-01
0.34512392106491831557912944996614E-01 -0.53896120740478500210579429231035E-02
0.29079535403545940907627566019046E-01 0.52735711047128046526913435207127E-02
0.23654739446174564400291694919293E-01 0.15937191143368407132425605026349E-01
0.18237889411613025198002506931520E-01 0.26600875500599171220042448959798E-01
0.12828885350811984930686643489003E-01 0.37264250576363417143581013282595E-01
0.74276412144794554062481189375675E-02 0.47926941846376452762426056260364E-01
0.20340839560169508069694500375825E-02 0.58588573983369799663248246196788E-01
-0.33518472958542429777390380291204E-02 0.69248770966661074417434500163361E-01
-0.87302020012064144752959103965327E-02 0.79907156181373752503725161424007E-01
-0.14101018915504758559276901046097E-01 0.90563352508480805549150095326200E-01
-0.19464326743841196564251869541751E-01 0.10121698240669982642832373083069E+00
-0.24820144747419356647711348547140E-01 0.11186766798714409127505816065594E+00
-0.30168483306441377224283324901834E-01 0.12251503108152552573178211153127E+00
-0.35509344443129402720823439506747E-01 0.13315869330461085993785637901308E+00
-0.40842722308251471957862384760380E-01 0.14379827611155073578739467190390E+00
-0.46168603634190104896211569655198E-01 0.15443340085062746560010539749476E+00
-0.51486968157302651669034966051895E-01 0.16506368881190955126635684927135E+00
-0.56797789012062346633860673078950E-01 0.17568876127223871884022305382685E+00
-0.62101033099237489209253535062313E-01 0.18630823953693405666036929343176E+00
-0.67396661430157926929800916496633E-01 0.19692174497855056454403203500465E+00
-0.72684629448931063554605019665159E-01 0.20752889907299383638054961140183E+00
-0.77964887334305129628980073823592E-01 0.21812932343326085792922565155056E+00
-0.83237380282724118769759649234260E-01 0.22872263984104466406090438229990E+00
-0.88502048773986403753574376671127E-01 0.23930847027641868873131468762636E+00
-0.93758828820796199747138006730925E-01 0.24988643694579064378928065960157E+00
-0.99007652203384260580975885787731E-01 0.26045616230829678822501421788031E+00
-0.10424844669028307584237223980708E+00 0.27101726910079250064052159592308E+00
-0.10948113624623912015090837841236E+00 0.28156938036157160168277471645040E+00
-0.11470564122817764698575607018894E+00 0.29211211945294255769794895101929E+00
-0.11992187857004905324149168285269E+00 0.30264511008276875090632500249666E+00
-0.12512976195732698835591675381907E+00 0.31316797632507313283016513150092E+00
-0.13032920199186413953916046022695E+00 0.32368034263979742237691998698028E+00
-0.13552010634775534083645085266201E+00 0.33418183389179442710790682773344E+00
-0.14070237991880958009053239669634E+00 0.34467207536912795869129516146333E+00
-0.14587592495818434173547523465323E+00 0.35515069280074346923790864746306E+00
-0.15104064121069354861271263757594E+00 0.36561731237356953208812125135860E+00
-0.15619642603826348722900445870004E+00 0.37607156074910306973766294313403E+00
-0.16134317453897374431935247801661E+00 0.38651306507952542938773606401527E+00
-0.16648077966009017901651641491710E+00 0.39694145302339321723125297276880E+00
-0.17160913230546435252314563134661E+00 0.40735635276094273629916334075623E+00
-0.17672812143764983820621926895823E+00 0.41775739300904326059348210727268E+00
-0.18183763417505900822155906526340E+00 0.42814420303583120738829754099780E+00
-0.18693755588446112188882656057614E+00 0.43851641267505341546084239023507E+00
-0.19202777026910175569674051945290E+00 0.44887365234014707315006403974999E+00
-0.19710815945270476730500778031609E+00 0.45921555303807793407531466379917E+00
-0.20217860405959823568300921802672E+00 0.46954174638296020463582535988716E+00
-0.20723898329119165003658732141916E+00 0.47985186460947584840322993505562E+00
-0.21228917499901459079529703596237E+00 0.49014554058611199896871707037129E+00
-0.21732905575451370894838277604062E+00 0.50042240782823160033854009832545E+00
-0.22235850091579217712468699927885E+00 0.51068210051099190629347296180658E+00
-0.22737738469146237367354376622457E+00 0.52092425348212414332462018936080E+00
-0.23238558020177377575779447341864E+00 0.53114850227458542955417523613730E+00
-0.23738295953716465031836972620772E+00 0.54135448311909424954394821082641E+00
-0.24236939381437896567266518150254E+00 0.55154183295655895460707610419543E+00
-0.24734475323028137442888640890825E+00 0.56171018945040784176699223278562E+00
-0.25230890711349008271647695064275E+00 0.57185919099882866436139380654730E+00
-0.25726172397394845621999737663053E+00 0.58198847674692525182356930503558E+00
-0.26220307155053934925785944716417E+00 0.59209768659879665825260755960495E+00
-0.26713281685684659726524392882658E+00 0.60218646122954600799181074866190E+00
-0.27205082622515974636497090372421E+00 0.61225444209722310371088583675925E+00
-0.27695696534880983562673952307997E+00 0.62230127145470571502427064287080E+00
-0.28185109932292364719823086160630E+00 0.63232659236152473748477555780281E+00
-0.28673309268367378269717274760256E+00 0.64233004869563539016019965601902E+00
-0.29160280944610044127494320055493E+00 0.65231128516513965806342861071454E+00
-0.29646011314057691132942909210172E+00 0.66226994731996189270171181750636E+00
-0.30130486684798176321373494298098E+00 0.67220568156348004990163565992103E+00
-0.30613693323364474051036417944720E+00 0.68211813516411673183622191365678E+00
-0.31095617458012207312432653027577E+00 0.69200695626688959256562508848346E+00
-0.31576245281885860902417718682706E+00 0.70187179390492564640641362193009E+00
-0.32055562956078969815049022290445E+00 0.71171229801093951338935900576361E+00
-0.32533556612593146833639507687454E+00 0.72152811942867733788572439692002E+00
-0.33010212357200747990232899531328E+00 0.73131890992432838672565769212352E+00
-0.33485516272215573531523484429887E+00 0.74108432219790461431373207041763E+00
-0.33959454419175811121481607425869E+00 0.75082400989458973347902567780253E+00
-0.34432012841443216974940779522739E+00 0.76053762761605832387592403404934E+00
-0.34903177566722258996920280391300E+00 0.77022483093176586958656271118979E+00
-0.35372934609502839791137397577073E+00 0.77988527639021025278305641007380E+00
-0.35841269973429919636237802922213E+00 0.78951862153016497710175043230621E+00
-0.36308169653603248005546786895543E+00 0.79912452489188489824944314304663E+00
-0.36773619638810281554923868005804E+00 0.80870264602828451429642520656530E+00
-0.37237605913695091561020654021096E+00 0.81825264551608885125761638743082E+00
-0.37700114460866014171427786351979E+00 0.82777418496695754998539773696302E+00
-0.38161131262944688419262289649641E+00 0.83726692703858192012594707505819E+00
-0.38620642304558820947176541515526E+00 0.84673053544575471209052318094780E+00
-0.39078633574281120566279856871573E+00 0.85616467497141320627119102166228E+00
-0.39535091066516527314319777179251E+00 0.86556901147765491722788007185298E+00
-0.39990000783339938558053083248618E+00 0.87494321191672632487401984787481E+00
-0.40443348736286344067646712949300E+00 0.88428694434198369107025574321391E+00
-0.40895120948095284949186635886468E+00 0.89359987791882641910328277359072E+00
-0.41345303454411533174147403137680E+00 0.90288168293560276031550277498603E+00
-0.41793882305443599971700100159956E+00 0.91213203081448659169545712879821E+00
-0.42240843567581748298287809972543E+00 0.92135059412232640120538593167711E+00
-0.42686173324977190486251191669333E+00 0.93053704658146473955458359902307E+00
-0.43129857681083636922326537461138E+00 0.93969106308052869685792040818965E+00
-0.43571882760163123249131677451894E+00 0.94881231968519112156045802178672E+00
-0.44012234708756843480351841843343E+00 0.95790049364890059341391471634726E+00
-0.44450899697122865000692889752949E+00 0.96695526342358268586050230721619E+00
-0.44887863920641553973069190287397E+00 0.97597630867030860094246285817780E+00
-0.45323113601189994050056833118476E+00 0.98496331026993361897181472506321E+00
-0.45756634988486632891705931345656E+00 0.99391595033370322274711286435192E+00
-0.46188414361407017347022860230851E+00 0.10028339122138272408992075569246E+01
-0.46618438029271814182174620259392E+00 0.10117168805140211882527152591970E+01
-0.47046692333107974433200460757865E+00 0.10205645411000139536426738986904E+01
-0.47473163646883985461483378623458E+00 0.10293765811100225541802019343028E+01
-0.47897838378720170171555110878918E+00 0.10381526889651920354372687960702E+01
-0.48320702972074754252021014154014E+00 0.10468925543800011524820929013698E+01
-0.48741743906906662382697737116081E+00 0.10555958683726324862243702928801E+01
-0.49160947700815625927790563225981E+00 0.10642623232753068914960950322547E+01
-0.49578300910160550213766643238640E+00 0.10728916127445822920445669366023E+01
-0.49993790131156692903914023163101E+00 0.10814834317716148325926246998603E+01
-0.50407402000952388218605337127495E+00 0.10900374766923837000407748998908E+01
-0.50819123198685951570176397283231E+00 0.10985534451978773928428424614688E+01
-0.51228940446523408920688302122726E+00 0.11070310363442427300276642473867E+01
-0.51636840510677621349059425928370E+00 0.11154699505628941189173081410046E+01
-0.52042810202409364419213495214589E+00 0.11238698896705841693956308053983E+01
-0.52446836379010903284758090141894E+00 0.11322305568794343392956341906947E+01
-0.52848905944772646194766175596826E+00 0.11405516568069255472101383830135E+01
-0.53249005851933263806178400568205E+00 0.11488328954858474333162180033351E+01
-0.53647123101613859910686468676177E+00 0.11570739803742070541589094072230E+01
-0.54043244744736597274996056137112E+00 0.11652746203650954474138235131909E+01
-0.54437357882928192220225568368764E+00 0.11734345257965117778171052141617E+01
-0.54829449669408778803843580662214E+00 0.11815534084611450258595259251488E+01
-0.55219507309866477312267387706898E+00 0.11896309816161123044020425476761E+01
-0.55607518063318062152405970957490E+00 0.11976669599926531969889100567419E+01
-0.55993469242956135853707053184680E+00 0.12056610598057804585942061002512E+01
-0.56377348216983147523427785703275E+00 0.12136129987638851117654634487919E+01
-0.56759142409432561107059818470165E+00 0.12215224960782973028494958733579E+01
-0.57138839300977551539623255765926E+00 0.12293892724728007312860041501289E+01
-0.57516426429727556998881952601876E+00 0.12372130501931013377827380839766E+01
-0.57891891392012913234647609297771E+00 0.12449935530162493722154275174732E+01
-0.58265221843157889260956813022667E+00 0.12527305062600138120262546748982E+01
-0.58636405498242506952868748789489E+00 0.12604236367922104523240848137571E+01
-0.59005430132853220852291955875705E+00 0.12680726730399806143754093778494E+01
-0.59372283583822882496909121205913E+00 0.12756773449990222744082271559666E+01
-0.59736953749960152720852228559173E+00 0.12832373842427721103546119306742E+01
-0.60099428592768606889247475294941E+00 0.12907525239315379280729385275057E+01
-0.60459696137155803733116694295041E+00 0.12982224988215817370186298003136E+01
-0.60817744472132467260490764503660E+00 0.13056470452741521879939911482475E+01
-0.61173561751502063443127209782374E+00 0.13130259012644665139806815112988E+01
-0.61527136194540929467487508722635E+00 0.13203588063906416812751466538280E+01
-0.61878456086669132344172222817547E+00 0.13276455018825730430271012547543E+01
-0.62227509780112353834900271842979E+00 0.13348857306107624364860682483459E+01
-0.62574285694554815861475576737750E+00 0.13420792370950927805125320548063E+01
-0.62918772317783530048355184224334E+00 0.13492257675135503912757565547994E+01
-0.63260958206324069450169788382516E+00 0.13563250697108940308019725744122E+01
-0.63600831986067886530240178863197E+00 0.13633768932072702434734480445160E+01
-0.63938382352891463638819238310932E+00 0.13703809892067750354570178019495E+01
-0.64273598073267368992376866064885E+00 0.13773371106059605624972443793394E+01
-0.64606467984867408406510649765613E+00 0.13842450120022876630502868409550E+01
-0.64936980997157951060579984155162E+00 0.13911044497025227639339003544023E+01
-0.65265126091987629337898213398405E+00 0.13979151817310793137614933934998E+01
-0.65590892324167500347751464400394E+00 0.14046769678383034677543614142981E+01
-0.65914268822043778628874153190882E+00 0.14113895695087030874686432232274E+01
-0.66235244788063303295124909987751E+00 0.14180527499691201656550992985701E+01
-0.66553809499331819447202444323434E+00 0.14246662741968465134239101782470E+01
-0.66869952308165178265889374034704E+00 0.14312299089276813155479785350755E+01
-0.67183662642633607989673545943672E+00 0.14377434226639314057687480450149E+01
-0.67494930007099077633042334721206E+00 0.14442065856823532074213144202403E+01
-0.67803743982745938604794163385445E+00 0.14506191700420361451672218013438E+01
-0.68110094228104864675612886852663E+00 0.14569809495922269094615297291343E+01
-0.68413970479570249551741825339805E+00 0.14632916999800950599400573648677E+01
-0.68715362551911076206510636648013E+00 0.14695511986584384201440670248778E+01
-0.69014260338775383778125230910852E+00 0.14757592248933291492482771365951E+01
-0.69310653813188439167002139663393E+00 0.14819155597716987353690806405214E+01
-0.69604533028044620603782444536662E+00 0.14880199862088634257008553665453E+01
-0.69895888116593155715379464788821E+00 0.14940722889559878437277958618150E+01
-0.70184709292917731350372813197206E+00 0.15000722546074878271557353673171E+01
-0.70470986852410100177628255280133E+00 0.15060196716083715214168698185006E+01
-0.70754711172237709523896766681618E+00 0.15119143302615185419765963232330E+01
-0.71035872711805413062257519853136E+00 0.15177560227348972581898978291188E+01
-0.71314462013211385683120015152920E+00 0.15235445430687189017967416017247E+01
-0.71590469701697214511528681986570E+00 0.15292796871825294634796945843562E+01
-0.71863886486092305010127513931413E+00 0.15349612528822380786664144768429E+01
-0.72134703159252627176738041563403E+00 0.15405890398670820891007625240445E+01
-0.72402910598493789876908509253954E+00 0.15461628497365286772588230071624E+01
-0.72668499766018654614355663084411E+00 0.15516824859971113456589813981715E+01
-0.72931461709339352998808418320058E+00 0.15571477540692039276191550294727E+01
-0.73191787561693898230952573723543E+00 0.15625584612937278769154182115819E+01
-0.73449468542457363719080892500156E+00 0.15679144169387964067187857734786E+01
-0.73704495957547685254468656555077E+00 0.15732154322062923836576693511586E+01
-0.73956861199826157381142284830801E+00 0.15784613202383811073459193069672E+01
-0.74206555749492625909461649648789E+00 0.15836518961239575023510408005668E+01
-0.74453571174475444302034057137104E+00 0.15887869769050268693887388278044E+01
-0.74697899130816234391646841830078E+00 0.15938663815830198266364235217142E+01
-0.74939531363049452895656444674801E+00 0.15988899311250404867707938322945E+01
-0.75178459704576846387238956315033E+00 0.16038574484700476668912156250029E+01
-0.75414676078036802418708690210062E+00 0.16087687585349693877444138778384E+01
-0.75648172495668635612577937757034E+00 0.16136236882207497494442909329737E+01
-0.75878941059671833332689460366063E+00 0.16184220664183285100562683554889E+01
-0.76106973962560304498422824195966E+00 0.16231637240145525236057283805707E+01
-0.76332263487511665135931402982617E+00 0.16278484938980193772101306431833E+01
-0.76554802008711561320738052291381E+00 0.16324762109648526985676989775950E+01
-0.76774581991693086752831218058535E+00 0.16370467121244087549591153914415E+01
-0.76991595993671313578174607544034E+00 0.16415598363049144370942497876045E+01
-0.77205836663872946693132832005701E+00 0.16460154244590362169192741349020E+01
-0.77417296743861150454213113826983E+00 0.16504133195693797385090100175764E+01
-0.77625969067855554476276832213581E+00 0.16547533666539201058609403767540E+01
-0.77831846563047467637009173672529E+00 0.16590354127713623992060344976454E+01
-0.78034922249910320715423869638662E+00 0.16632593070264323072415987451105E+01
-0.78235189242505357695922524110793E+00 0.16674249005750966639234787270534E+01
-0.78432640748782604189190545257222E+00 0.16715320466297135534914219932060E+01
-0.78627270070877117184244939944947E+00 0.16755806004641120930727804033193E+01
-0.78819070605400549437764521428940E+00 0.16795704194186011730240844627449E+01
-0.79008035843728053225348283594236E+00 0.16835013629049074120269742651558E+01
-0.79194159372280497683454648730534E+00 0.16873732924110421955157754465780E+01
-0.79377434872802086086240227146871E+00 0.16911860715060966760819041337790E+01
-0.79557856122633327788573922390738E+00 0.16949395658449661544896151840924E+01
-0.79735416994979403397440482958518E+00 0.16986336431730018886437581604089E+01
-0.79910111459173966326541604786552E+00 0.17022681733305914719885818917158E+01
-0.80081933580938332297174132454720E+00 0.17058430282576671295758739796975E+01
-0.80250877522636130973097096300287E+00 0.17093580819981413195751972764425E+01
-0.80416937543523400514581730711576E+00 0.17128132107042704069580776639586E+01
-0.80580107999994137987586570296975E+00 0.17162082926409452587492354255177E+01
-0.80740383345821362224288437753758E+00 0.17195432081899091814465682731670E+01
-0.80897758132393606739265611559120E+00 0.17228178398539031642374008363883E+01
-0.81052227008946969429475267049321E+00 0.17260320722607373865602034661587E+01
-0.81203784722792643567718177373627E+00 0.17291857921672900680993577652171E+01
-0.81352426119539964466068258563231E+00 0.17322788884634323407666936969580E+01
-0.81498146143315021399160703544310E+00 0.17353112521758797594971671264882E+01
-0.81640939836974774807956495677267E+00 0.17382827764719700606172642756769E+01
-0.81780802342316749326989393800796E+00 0.17411933566633668549220790317416E+01
-0.81917728900284276974770072051495E+00 0.17440428902096893416316667242785E+01
-0.82051714851167309221337194967954E+00 0.17468312767220678070186287828768E+01
-0.82182755634798815271720767284717E+00 0.17495584179666247302630254155134E+01
-0.82310846790746749977779497981139E+00 0.17522242178678814356090823930833E+01
-0.82435983958501638607992495506940E+00 0.17548285825120900888238259547054E+01
-0.82558162877659734945367937879312E+00 0.17573714201504909605194771089912E+01
-0.82677379388101810023930054083802E+00 0.17598526412024948052539943009935E+01
-0.82793629430167541957677064946863E+00 0.17622721582587901483315518729967E+01
-0.82906909044825534663312302225584E+00 0.17646298860843755941151572748797E+01
-0.83017214373838955123887820561298E+00 0.17669257416215167215541318035672E+01
-0.83124541659926819610797805740502E+00 0.17691596439926276764727270463302E+01
-0.83228887246920899940947484517300E+00 0.17713315145030773300225504360093E+01
-0.83330247579918285600569205065628E+00 0.17734412766439197440367776735016E+01
-0.83428619205429595425486837111094E+00 0.17754888560945490267898000231625E+01
-0.83523998771522843399116255797567E+00 0.17774741807252782657762620359944E+01
-0.83616383027962960006938089709390E+00 0.17793971805998427144969736545614E+01
-0.83705768826346981252349580123242E+00 0.17812577879778268520178294667846E+01
-0.83792153120234906657089485004268E+00 0.17830559373170153266141536668681E+01
-0.83875532965276233607923975470907E+00 0.17847915652756678509913215424405E+01
-0.83955905519332153742197916909090E+00 0.17864646107147176473172906795373E+01
-0.84033268042593456019826075791089E+00 0.17880750146998936348041735455433E+01
-0.84107617897694082022648771757056E+00 0.17896227205037661650190369428418E+01
-0.84178952549820397907762375151792E+00 0.17911076736077160614626091921781E+01
-0.84247269566816139896927621244010E+00 0.17925298217038274325023790896331E+01
-0.84312566619283056269425631519576E+00 0.17938891146967032503166585645790E+01
-0.84374841480677255020248281270145E+00 0.17951855047052047659523771536773E+01
-0.84434092027401240664328303547002E+00 0.17964189460641136493837424295703E+01
-0.84490316238891649880308316355384E+00 0.17975893953257174972340241595139E+01
-0.84543512197702735454559420706814E+00 0.17986968112613181960685577717110E+01
-0.84593678089585414789346725480477E+00 0.17997411548626638457245749298165E+01
-0.84640812203562439862848097886186E+00 0.18007223893433017852049009577113E+01
-0.84684912931998085271654711839618E+00 0.18016404801398601023849752381296E+01
-0.84725978770666983859302372017093E+00 0.18024953949132355616984632429519E+01
-0.84764008318808790023879921364318E+00 0.18032871035497518356856151881538E+01
-0.84799000279206827911384350296660E+00 0.18040155781621045909088748366285E+01
-0.84830953458181748233956100788726E+00 0.18046807930906171148360283911068E+01
-0.84850566823085768703479826825127E+00 0.18050891137778092980958065400502E+01
-0.84868828834519372197986976551179E+00 0.18054693021977462153797682344557E+01
-0.84885739215600667105844849187908E+00 0.18058213523985228583590333883514E+01
-0.84901297709934095836737796620994E+00 0.18061452588687623856918022070926E+01
-0.84915504081618777935045316364168E+00 0.18064410165376836020626924210387E+01
-0.84929034660436206832385630234841E+00 0.18067227055762612201938368524766E+01
-0.84942565923203248719420568743375E+00 0.18070044093159611294165182080821E+01
-0.84956097869944149604637975971389E+00 0.18072861277572408209857343911682E+01
-0.84969630500686661831909571120021E+00 0.18075678609005409544844151792962E+01
-0.84983163815447600354376879991273E+00 0.18078496087463547352559641584878E+01
-0.84969630500686661831909571120021E+00 0.18075678609005409544844151792962E+01
-0.84956097869944149604637975971389E+00 0.18072861277572408209857343911682E+01
-0.84942565923203248719420568743375E+00 0.18070044093159611294165182080821E+01
-0.84929034660436206832385630234841E+00 0.18067227055762612201938368524766E+01
-0.84915504081618777935045316364168E+00 0.18064410165376836020626924210387E+01
-0.84901297709934095836737796620994E+00 0.18061452588687623856918022070926E+01
-0.84885739215600667105844849187908E+00 0.18058213523985228583590333883514E+01
-0.84868828834519372197986976551179E+00 0.18054693021977462153797682344557E+01
-0.84850566823085768703479826825127E+00 0.18050891137778092980958065400502E+01
-0.84830953458181748233956100788726E+00 0.18046807930906171148360283911068E+01
-0.84799000279206827911384350296660E+00 0.18040155781621045909088748366285E+01
-0.84764008318808790023879921364318E+00 0.18032871035497518356856151881538E+01
-0.84725978770666983859302372017093E+00 0.18024953949132355616984632429519E+01
-0.84684912931998085271654711839618E+00 0.18016404801398601023849752381296E+01
-0.84640812203562439862848097886186E+00 0.18007223893433017852049009577113E+01
-0.84593678089585414789346725480477E+00 0.17997411548626638457245749298165E+01
-0.84543512197702735454559420706814E+00 0.17986968112613181960685577717110E+01
-0.84490316238891649880308316355384E+00 0.17975893953257174972340241595139E+01
-0.84434092027401240664328303547002E+00 0.17964189460641136493837424295703E+01
-0.84374841480677255020248281270145E+00 0.17951855047052047659523771536773E+01
-0.84312566619283056269425631519576E+00 0.17938891146967032503166585645790E+01
-0.84247269566816139896927621244010E+00 0.17925298217038274325023790896331E+01
-0.84178952549820397907762375151792E+00 0.17911076736077160614626091921781E+01
-0.84107617897694082022648771757056E+00 0.17896227205037661650190369428418E+01
-0.84033268042593456019826075791089E+00 0.17880750146998936348041735455433E+01
-0.83955905519332153742197916909090E+00 0.17864646107147176473172906795373E+01
-0.83875532965276233607923975470907E+00 0.17847915652756678509913215424405E+01
-0.83792153120234906657089485004268E+00 0.17830559373170153266141536668681E+01
-0.83705768826346981252349580123242E+00 0.17812577879778268520178294667846E+01
-0.83616383027962960006938089709390E+00 0.17793971805998427144969736545614E+01
-0.83523998771522843399116255797567E+00 0.17774741807252782657762620359944E+01
-0.83428619205429595425486837111094E+00 0.17754888560945490267898000231625E+01
-0.83330247579918285600569205065628E+00 0.17734412766439197440367776735016E+01
-0.83228887246920899940947484517300E+00 0.17713315145030773300225504360093E+01
-0.83124541659926819610797805740502E+00 0.17691596439926276764727270463302E+01
-0.83017214373838955123887820561298E+00 0.17669257416215167215541318035672E+01
-0.82906909044825534663312302225584E+00 0.17646298860843755941151572748797E+01
-0.82793629430167541957677064946863E+00 0.17622721582587901483315518729967E+01
-0.82677379388101810023930054083802E+00 0.17598526412024948052539943009935E+01
-0.82558162877659734945367937879312E+00 0.17573714201504909605194771089912E+01
-0.82435983958501638607992495506940E+00 0.17548285825120900888238259547054E+01
-0.82310846790746749977779497981139E+00 0.17522242178678814356090823930833E+01
-0.82182755634798815271720767284717E+00 0.17495584179666247302630254155134E+01
-0.82051714851167309221337194967954E+00 0.17468312767220678070186287828768E+01
-0.81917728900284276974770072051495E+00 0.17440428902096893416316667242785E+01
-0.81780802342316749326989393800796E+00 0.17411933566633668549220790317416E+01
-0.81640939836974774807956495677267E+00 0.17382827764719700606172642756769E+01
-0.81498146143315021399160703544310E+00 0.17353112521758797594971671264882E+01
-0.81352426119539964466068258563231E+00 0.17322788884634323407666936969580E+01
-0.81203784722792643567718177373627E+00 0.17291857921672900680993577652171E+01
-0.81052227008946969429475267049321E+00 0.17260320722607373865602034661587E+01
-0.80897758132393606739265611559120E+00 0.17228178398539031642374008363883E+01
-0.80740383345821362224288437753758E+00 0.17195432081899091814465682731670E+01
-0.80580107999994137987586570296975E+00 0.17162082926409452587492354255177E+01
-0.80416937543523400514581730711576E+00 0.17128132107042704069580776639586E+01
-0.80250877522636130973097096300287E+00 0.17093580819981413195751972764425E+01
-0.80081933580938332297174132454720E+00 0.17058430282576671295758739796975E+01
-0.79910111459173966326541604786552E+00 0.17022681733305914719885818917158E+01
-0.79735416994979403397440482958518E+00 0.16986336431730018886437581604089E+01
-0.79557856122633327788573922390738E+00 0.16949395658449661544896151840924E+01
-0.79377434872802086086240227146871E+00 0.16911860715060966760819041337790E+01
-0.79194159372280497683454648730534E+00 0.16873732924110421955157754465780E+01
-0.79008035843728053225348283594236E+00 0.16835013629049074120269742651558E+01
-0.78819070605400549437764521428940E+00 0.16795704194186011730240844627449E+01
-0.78627270070877117184244939944947E+00 0.16755806004641120930727804033193E+01
-0.78432640748782604189190545257222E+00 0.16715320466297135534914219932060E+01
-0.78235189242505357695922524110793E+00 0.16674249005750966639234787270534E+01
-0.78034922249910320715423869638662E+00 0.16632593070264323072415987451105E+01
-0.77831846563047467637009173672529E+00 0.16590354127713623992060344976454E+01
-0.77625969067855554476276832213581E+00 0.16547533666539201058609403767540E+01
-0.77417296743861150454213113826983E+00 0.16504133195693797385090100175764E+01
-0.77205836663872946693132832005701E+00 0.16460154244590362169192741349020E+01
-0.76991595993671313578174607544034E+00 0.16415598363049144370942497876045E+01
-0.76774581991693086752831218058535E+00 0.16370467121244087549591153914415E+01
-0.76554802008711561320738052291381E+00 0.16324762109648526985676989775950E+01
-0.76332263487511665135931402982617E+00 0.16278484938980193772101306431833E+01
-0.76106973962560304498422824195966E+00 0.16231637240145525236057283805707E+01
-0.75878941059671833332689460366063E+00 0.16184220664183285100562683554889E+01
-0.75648172495668635612577937757034E+00 0.16136236882207497494442909329737E+01
-0.75414676078036802418708690210062E+00 0.16087687585349693877444138778384E+01
-0.75178459704576846387238956315033E+00 0.16038574484700476668912156250029E+01
-0.74939531363049452895656444674801E+00 0.15988899311250404867707938322945E+01
-0.74697899130816234391646841830078E+00 0.15938663815830198266364235217142E+01
-0.74453571174475444302034057137104E+00 0.15887869769050268693887388278044E+01
-0.74206555749492625909461649648789E+00 0.15836518961239575023510408005668E+01
-0.73956861199826157381142284830801E+00 0.15784613202383811073459193069672E+01
-0.73704495957547685254468656555077E+00 0.15732154322062923836576693511586E+01
-0.73449468542457363719080892500156E+00 0.15679144169387964067187857734786E+01
-0.73191787561693898230952573723543E+00 0.15625584612937278769154182115819E+01
-0.72931461709339352998808418320058E+00 0.15571477540692039276191550294727E+01
-0.72668499766018654614355663084411E+00 0.15516824859971113456589813981715E+01
-0.72402910598493789876908509253954E+00 0.15461628497365286772588230071624E+01
-0.72134703159252627176738041563403E+00 0.15405890398670820891007625240445E+01
-0.71863886486092305010127513931413E+00 0.15349612528822380786664144768429E+01
-0.71590469701697214511528681986570E+00 0.15292796871825294634796945843562E+01
-0.71314462013211385683120015152920E+00 0.15235445430687189017967416017247E+01
-0.71035872711805413062257519853136E+00 0.15177560227348972581898978291188E+01
-0.70754711172237709523896766681618E+00 0.15119143302615185419765963232330E+01
-0.70470986852410100177628255280133E+00 0.15060196716083715214168698185006E+01
-0.70184709292917731350372813197206E+00 0.15000722546074878271557353673171E+01
-0.69895888116593155715379464788821E+00 0.14940722889559878437277958618150E+01
-0.69604533028044620603782444536662E+00 0.14880199862088634257008553665453E+01
-0.69310653813188439167002139663393E+00 0.14819155597716987353690806405214E+01
-0.69014260338775383778125230910852E+00 0.14757592248933291492482771365951E+01
-0.68715362551911076206510636648013E+00 0.14695511986584384201440670248778E+01
-0.68413970479570249551741825339805E+00 0.14632916999800950599400573648677E+01
-0.68110094228104864675612886852663E+00 0.14569809495922269094615297291343E+01
-0.67803743982745938604794163385445E+00 0.14506191700420361451672218013438E+01
-0.67494930007099077633042334721206E+00 0.14442065856823532074213144202403E+01
-0.67183662642633607989673545943672E+00 0.14377434226639314057687480450149E+01
-0.66869952308165178265889374034704E+00 0.14312299089276813155479785350755E+01
-0.66553809499331819447202444323434E+00 0.14246662741968465134239101782470E+01
-0.66235244788063303295124909987751E+00 0.14180527499691201656550992985701E+01
-0.65914268822043778628874153190882E+00 0.14113895695087030874686432232274E+01
-0.65590892324167500347751464400394E+00 0.14046769678383034677543614142981E+01
-0.65265126091987629337898213398405E+00 0.13979151817310793137614933934998E+01
-0.64936980997157951060579984155162E+00 0.13911044497025227639339003544023E+01
-0.64606467984867408406510649765613E+00 0.13842450120022876630502868409550E+01
-0.64273598073267368992376866064885E+00 0.13773371106059605624972443793394E+01
-0.63938382352891463638819238310932E+00 0.13703809892067750354570178019495E+01
-0.63600831986067886530240178863197E+00 0.13633768932072702434734480445160E+01
-0.63260958206324069450169788382516E+00 0.13563250697108940308019725744122E+01
-0.62918772317783530048355184224334E+00 0.13492257675135503912757565547994E+01
-0.62574285694554815861475576737750E+00 0.13420792370950927805125320548063E+01
-0.62227509780112353834900271842979E+00 0.13348857306107624364860682483459E+01
-0.61878456086669132344172222817547E+00 0.13276455018825730430271012547543E+01
-0.61527136194540929467487508722635E+00 0.13203588063906416812751466538280E+01
-0.61173561751502063443127209782374E+00 0.13130259012644665139806815112988E+01
-0.60817744472132467260490764503660E+00 0.13056470452741521879939911482475E+01
-0.60459696137155803733116694295041E+00 0.12982224988215817370186298003136E+01
-0.60099428592768606889247475294941E+00 0.12907525239315379280729385275057E+01
-0.59736953749960152720852228559173E+00 0.12832373842427721103546119306742E+01
-0.59372283583822882496909121205913E+00 0.12756773449990222744082271559666E+01
-0.59005430132853220852291955875705E+00 0.12680726730399806143754093778494E+01
-0.58636405498242506952868748789489E+00 0.12604236367922104523240848137571E+01
-0.58265221843157889260956813022667E+00 0.12527305062600138120262546748982E+01
-0.57891891392012913234647609297771E+00 0.12449935530162493722154275174732E+01
-0.57516426429727556998881952601876E+00 0.12372130501931013377827380839766E+01
-0.57138839300977551539623255765926E+00 0.12293892724728007312860041501289E+01
-0.56759142409432561107059818470165E+00 0.12215224960782973028494958733579E+01
-0.56377348216983147523427785703275E+00 0.12136129987638851117654634487919E+01
-0.55993469242956135853707053184680E+00 0.12056610598057804585942061002512E+01
-0.55607518063318062152405970957490E+00 0.11976669599926531969889100567419E+01
-0.55219507309866477312267387706898E+00 0.11896309816161123044020425476761E+01
-0.54829449669408778803843580662214E+00 0.11815534084611450258595259251488E+01
-0.54437357882928192220225568368764E+00 0.11734345257965117778171052141617E+01
-0.54043244744736597274996056137112E+00 0.11652746203650954474138235131909E+01
-0.53647123101613859910686468676177E+00 0.11570739803742070541589094072230E+01
-0.53249005851933263806178400568205E+00 0.11488328954858474333162180033351E+01
-0.52848905944772646194766175596826E+00 0.11405516568069255472101383830135E+01
-0.52446836379010903284758090141894E+00 0.11322305568794343392956341906947E+01
-0.52042810202409364419213495214589E+00 0.11238698896705841693956308053983E+01
-0.51636840510677621349059425928370E+00 0.11154699505628941189173081410046E+01
-0.51228940446523408920688302122726E+00 0.11070310363442427300276642473867E+01
-0.50819123198685951570176397283231E+00 0.10985534451978773928428424614688E+01
-0.50407402000952388218605337127495E+00 0.10900374766923837000407748998908E+01
-0.49993790131156692903914023163101E+00 0.10814834317716148325926246998603E+01
-0.49578300910160550213766643238640E+00 0.10728916127445822920445669366023E+01
-0.49160947700815625927790563225981E+00 0.10642623232753068914960950322547E+01
-0.48741743906906662382697737116081E+00 0.10555958683726324862243702928801E+01
-0.48320702972074754252021014154014E+00 0.10468925543800011524820929013698E+01
-0.47897838378720170171555110878918E+00 0.10381526889651920354372687960702E+01
-0.47473163646883985461483378623458E+00 0.10293765811100225541802019343028E+01
-0.47046692333107974433200460757865E+00 0.10205645411000139536426738986904E+01
-0.46618438029271814182174620259392E+00 0.10117168805140211882527152591970E+01
-0.46188414361407017347022860230851E+00 0.10028339122138272408992075569246E+01
-0.45756634988486632891705931345656E+00 0.99391595033370322274711286435192E+00
-0.45323113601189994050056833118476E+00 0.98496331026993361897181472506321E+00
-0.44887863920641553973069190287397E+00 0.97597630867030860094246285817780E+00
-0.44450899697122865000692889752949E+00 0.96695526342358268586050230721619E+00
-0.44012234708756843480351841843343E+00 0.95790049364890059341391471634726E+00
-0.43571882760163123249131677451894E+00 0.94881231968519112156045802178672E+00
-0.43129857681083636922326537461138E+00 0.93969106308052869685792040818965E+00
-0.42686173324977190486251191669333E+00 0.93053704658146473955458359902307E+00
-0.42240843567581748298287809972543E+00 0.92135059412232640120538593167711E+00
-0.41793882305443599971700100159956E+00 0.91213203081448659169545712879821E+00
-0.41345303454411533174147403137680E+00 0.90288168293560276031550277498603E+00
-0.40895120948095284949186635886468E+00 0.89359987791882641910328277359072E+00
-0.40443348736286344067646712949300E+00 0.88428694434198369107025574321391E+00
-0.39990000783339938558053083248618E+00 0.87494321191672632487401984787481E+00
-0.39535091066516527314319777179251E+00 0.86556901147765491722788007185298E+00
-0.39078633574281120566279856871573E+00 0.85616467497141320627119102166228E+00
-0.38620642304558820947176541515526E+00 0.84673053544575471209052318094780E+00
-0.38161131262944688419262289649641E+00 0.83726692703858192012594707505819E+00
-0.37700114460866014171427786351979E+00 0.82777418496695754998539773696302E+00
-0.37237605913695091561020654021096E+00 0.81825264551608885125761638743082E+00
-0.36773619638810281554923868005804E+00 0.80870264602828451429642520656530E+00
-0.36308169653603248005546786895543E+00 0.79912452489188489824944314304663E+00
-0.35841269973429919636237802922213E+00 0.78951862153016497710175043230621E+00
-0.35372934609502839791137397577073E+00 0.77988527639021025278305641007380E+00
-0.34903177566722258996920280391300E+00 0.77022483093176586958656271118979E+00
-0.34432012841443216974940779522739E+00 0.76053762761605832387592403404934E+00
-0.33959454419175811121481607425869E+00 0.75082400989458973347902567780253E+00
-0.33485516272215573531523484429887E+00 0.74108432219790461431373207041763E+00
-0.33010212357200747990232899531328E+00 0.73131890992432838672565769212352E+00
-0.32533556612593146833639507687454E+00 0.72152811942867733788572439692002E+00
-0.32055562956078969815049022290445E+00 0.71171229801093951338935900576361E+00
-0.31576245281885860902417718682706E+00 0.70187179390492564640641362193009E+00
-0.31095617458012207312432653027577E+00 0.69200695626688959256562508848346E+00
-0.30613693323364474051036417944720E+00 0.68211813516411673183622191365678E+00
-0.30130486684798176321373494298098E+00 0.67220568156348004990163565992103E+00
-0.29646011314057691132942909210172E+00 0.66226994731996189270171181750636E+00
-0.29160280944610044127494320055493E+00 0.65231128516513965806342861071454E+00
-0.28673309268367378269717274760256E+00 0.64233004869563539016019965601902E+00
-0.28185109932292364719823086160630E+00 0.63232659236152473748477555780281E+00
-0.27695696534880983562673952307997E+00 0.62230127145470571502427064287080E+00
-0.27205082622515974636497090372421E+00 0.61225444209722310371088583675925E+00
-0.26713281685684659726524392882658E+00 0.60218646122954600799181074866190E+00
-0.26220307155053934925785944716417E+00 0.59209768659879665825260755960495E+00
-0.25726172397394845621999737663053E+00 0.58198847674692525182356930503558E+00
-0.25230890711349008271647695064275E+00 0.57185919099882866436139380654730E+00
-0.24734475323028137442888640890825E+00 0.56171018945040784176699223278562E+00
-0.24236939381437896567266518150254E+00 0.55154183295655895460707610419543E+00
-0.23738295953716465031836972620772E+00 0.54135448311909424954394821082641E+00
-0.23238558020177377575779447341864E+00 0.53114850227458542955417523613730E+00
-0.22737738469146237367354376622457E+00 0.52092425348212414332462018936080E+00
-0.22235850091579217712468699927885E+00 0.51068210051099190629347296180658E+00
-0.21732905575451370894838277604062E+00 0.50042240782823160033854009832545E+00
-0.21228917499901459079529703596237E+00 0.49014554058611199896871707037129E+00
-0.20723898329119165003658732141916E+00 0.47985186460947584840322993505562E+00
-0.20217860405959823568300921802672E+00 0.46954174638296020463582535988716E+00
-0.19710815945270476730500778031609E+00 0.45921555303807793407531466379917E+00
-0.19202777026910175569674051945290E+00 0.44887365234014707315006403974999E+00
-0.18693755588446112188882656057614E+00 0.43851641267505341546084239023507E+00
-0.18183763417505900822155906526340E+00 0.42814420303583120738829754099780E+00
-0.17672812143764983820621926895823E+00 0.41775739300904326059348210727268E+00
-0.17160913230546435252314563134661E+00 0.40735635276094273629916334075623E+00
-0.16648077966009017901651641491710E+00 0.39694145302339321723125297276880E+00
-0.16134317453897374431935247801661E+00 0.38651306507952542938773606401527E+00
-0.15619642603826348722900445870004E+00 0.37607156074910306973766294313403E+00
-0.15104064121069354861271263757594E+00 0.36561731237356953208812125135860E+00
-0.14587592495818434173547523465323E+00 0.35515069280074346923790864746306E+00
-0.14070237991880958009053239669634E+00 0.34467207536912795869129516146333E+00
-0.13552010634775534083645085266201E+00 0.33418183389179442710790682773344E+00
-0.13032920199186413953916046022695E+00 0.32368034263979742237691998698028E+00
-0.12512976195732698835591675381907E+00 0.31316797632507313283016513150092E+00
-0.11992187857004905324149168285269E+00 0.30264511008276875090632500249666E+00
-0.11470564122817764698575607018894E+00 0.29211211945294255769794895101929E+00
-0.10948113624623912015090837841236E+00 0.28156938036157160168277471645040E+00
-0.10424844669028307584237223980708E+00 0.27101726910079250064052159592308E+00
-0.99007652203384260580975885787731E-01 0.26045616230829678822501421788031E+00
-0.93758828820796199747138006730925E-01 0.24988643694579064378928065960157E+00
-0.88502048773986403753574376671127E-01 0.23930847027641868873131468762636E+00
-0.83237380282724118769759649234260E-01 0.22872263984104466406090438229990E+00
-0.77964887334305129628980073823592E-01 0.21812932343326085792922565155056E+00
-0.72684629448931063554605019665159E-01 0.20752889907299383638054961140183E+00
-0.67396661430157926929800916496633E-01 0.19692174497855056454403203500465E+00
-0.62101033099237489209253535062313E-01 0.18630823953693405666036929343176E+00
-0.56797789012062346633860673078950E-01 0.17568876127223871884022305382685E+00
-0.51486968157302651669034966051895E-01 0.16506368881190955126635684927135E+00
-0.46168603634190104896211569655198E-01 0.15443340085062746560010539749476E+00
-0.40842722308251471957862384760380E-01 0.14379827611155073578739467190390E+00
-0.35509344443129402720823439506747E-01 0.13315869330461085993785637901308E+00
-0.30168483306441377224283324901834E-01 0.12251503108152552573178211153127E+00
-0.24820144747419356647711348547140E-01 0.11186766798714409127505816065594E+00
-0.19464326743841196564251869541751E-01 0.10121698240669982642832373083069E+00
-0.14101018915504758559276901046097E-01 0.90563352508480805549150095326200E-01
-0.87302020012064144752959103965327E-02 0.79907156181373752503725161424007E-01
-0.33518472958542429777390380291204E-02 0.69248770966661074417434500163361E-01
0.20340839560169508069694500375825E-02 0.58588573983369799663248246196788E-01
0.74276412144794554062481189375675E-02 0.47926941846376452762426056260364E-01
0.12828885350811984930686643489003E-01 0.37264250576363417143581013282595E-01
0.18237889411613025198002506931520E-01 0.26600875500599171220042448959798E-01
0.23654739446174564400291694919293E-01 0.15937191143368407132425605026349E-01
0.29079535403545940907627566019046E-01 0.52735711047128046526913435207127E-02
0.34512392106491831557912944996614E-01 -0.53896120740478500210579429231035E-02
0.39953440310435038693465756839513E-01 -0.16051987059771545883853301219684E-01
0.45402827856484113868565070933565E-01 -0.26713183893942229573034389035771E-01
0.50860720928806339322920253247845E-01 -0.37372834178428299575540013250845E-01
0.56327305427936891827334202136892E-01 -0.48030571283227990141369228066458E-01
0.61802788473147794010357228112468E-01 -0.58686030579289670913463934619933E-01
0.67287400048769493662479527020553E-01 -0.69338849699986025504809652468426E-01
0.72781394811406074399561198806788E-01 -0.79988668835396813497544638007864E-01
0.78285054077361683032844406724158E-01 -0.90635131064233987292070852120001E-01
0.83798688012364995327207146114855E-01 -0.10127788272904823838506115440572E+00
0.89322638048908098169102473233935E-01 -0.11191657386131574294595470857893E+00
0.94857279560303083558748016082535E-01 -0.12255085866414301214282573537157E+00
0.10040302482500873510721291137521E+00 -0.13318039606169681067801623194009E+00
0.10596032632002750205046149101143E+00 -0.14380485032610087113476288431324E+00
0.11152968038838199400307211845790E+00 -0.15442389179452358856694457298769E+00
0.11711163133305902088534038107949E+00 -0.16503719769156205445169818436108E+00
0.12270677599861256812215192865786E+00 -0.17564445307493453860303989956802E+00
0.12831576891215424256460188449902E+00 -0.18624535192602671813274925309779E+00
0.13393932806814198806618493063839E+00 -0.19683959841116773387372517735041E+00
0.13957824145670016853308013720783E+00 -0.20742690834484258925985208499567E+00
0.14523337445380946729147934814495E+00 -0.21800701089262872710025682548518E+00
0.15090567821441250220807123004125E+00 -0.22857965055983273416451394379317E+00
0.15659619923734181916236822533202E+00 -0.23914458952202165573575580168580E+00
0.16230609030535334429831415676441E+00 -0.24970161036648688523846351500569E+00
0.16803662304622745471992414743380E+00 -0.26025051932991606051626980495570E+00
0.17378920241420697096748368283444E+00 -0.27079115013818455856655934334308E+00
0.17956538345809686847684778424089E+00 -0.28132336858063720295449680158241E+00
0.18536689082729188934905316242417E+00 -0.29184707798532678993566263941866E+00
0.19119564157542853318968890188306E+00 -0.30236222580602882523309360884054E+00
0.19705377196093034669303158720183E+00 -0.31286881158996424485402034139320E+00
0.20294366912493343686827227996385E+00 -0.32336689667201060678739043530258E+00
0.20886800876464786683568203595230E+00 -0.33385661604376339724828147871001E+00
0.21482980023482067722511840749805E+00 -0.34433819298413305244008670947052E+00
0.22083244093126517063005354536841E+00 -0.35481195722675693216896109175546E+00
0.22687978238141193334202501876002E+00 -0.36527836769969022579354316399520E+00
0.23297621125096157518725827266188E+00 -0.37573804123643123900847777174382E+00
0.23912674956822766966077664648960E+00 -0.38619178917254456632473924940958E+00
0.24533718001458043785116471782492E+00 -0.39664066448320187552179891605584E+00
0.25161420435943195888439368706322E+00 -0.40708602320008040045861643087694E+00
0.25796564640117006652694176842030E+00 -0.41752960545554876805413736101551E+00
0.26440071573373467191558335071373E+00 -0.42797364393076372851767706223425E+00
0.27093035641816234874025383412912E+00 -0.43842101117663955765247609056579E+00
0.27756771760806416293855582411018E+00 -0.44887542270619943583013167939532E+00
0.28432880968136132361505375665442E+00 -0.45934171809790836523398487030779E+00
0.29123358594101292112558122711256E+00 -0.46982616305811840910881229982555E+00
0.29974238306213699062063366011580E+00 -0.48244509875089663552379632418943E+00
0.30855145811303678910972144175503E+00 -0.49512350258635268795215698035713E+00
0.31773865962360228377085332904905E+00 -0.50789466747896340112575873534896E+00
0.32742175197274495447682311415125E+00 -0.52080985403742691674622216163899E+00
0.33778630606216731826296683735964E+00 -0.53395887004462332093781465859072E+00
0.34854241705086982639373297635731E+00 -0.54679685504630460524660323588296E+00
0.35923708701113605234161761098903E+00 -0.55867237608994536643456841058781E+00
0.36989788497609127278883861590679E+00 -0.56957195526093916758711410426751E+00
0.38048618712635694481633683653206E+00 -0.57956477508018876578366249345191E+00
0.39134075497986249198153239768854E+00 -0.58830799851244004533956401961260E+00
0.38986737258093153540129018175209E+00 -0.60213071941107441225269305078819E+00
0.38925097980500692794791139227458E+00 -0.61656443053096238096731418954113E+00
0.38935224272530491380191112563918E+00 -0.63161469438937950442953521934048E+00
0.39015484751390315553959234729938E+00 -0.64728134757495472948301004618235E+00
0.39160349806942841025579117429346E+00 -0.66355792972894419483432163941924E+00
0.39355733656494552635890545793058E+00 -0.67967341208758656827557207522018E+00
0.39582851944431289041644300609082E+00 -0.69506096777001049725254809850481E+00
0.39834295642040323705444290998032E+00 -0.70991794095602264496854613024424E+00
0.40105112980996317352161469156783E+00 -0.72436552689269177075665844937265E+00
0.40391728128294633714994908764184E+00 -0.73848407750454533340461564255113E+00
0.40640814964577755156958206568136E+00 -0.75003894351134326097992700547839E+00
0.40897694386143397283894712379654E+00 -0.76142890508872110836833781296201E+00
0.41161501915422206697876463560664E+00 -0.77267259755848615813205250690948E+00
0.41431353162348920528820179171292E+00 -0.78378525253126826277288408143936E+00
0.41706549194224164764692387909026E+00 -0.79477911055145077532418416086081E+00
0.41986473358813943535486609517615E+00 -0.80566426761502038623466792628868E+00
0.42270597112631757872996740252317E+00 -0.81644909631868167590455059597863E+00
0.42558456969882970689566403339058E+00 -0.82714062159768798540875517750160E+00
0.42849645640094606897322108113109E+00 -0.83774478096118537730745264589486E+00
0.43143802071366683367512743278076E+00 -0.84826663073595095428467453839228E+00
0.43440604485296802914144291683575E+00 -0.85871050336486619761658355167270E+00
0.43739764435444794645215301792547E+00 -0.86908013173614827265265120971277E+00
0.44041022069251999876007423608782E+00 -0.87937874764143332397588296215255E+00
0.44344142194742900746127166215470E+00 -0.88960916089417887190896226497635E+00
0.44648911028052812100473613661554E+00 -0.89977382340952079390535493505901E+00
0.44955133469936626388460247649823E+00 -0.90987488159614858448289176127993E+00
0.45262630813468172989825506503864E+00 -0.91991421952443530500599589808173E+00
0.45571238800681047980346501252093E+00 -0.92989349476214312390522101835732E+00
0.45880805965631506966623071012021E+00 -0.93981416832522702055000190353734E+00
0.46191192213676235975804109691098E+00 -0.94967752986921675019838255632429E+00
0.46502267597069775771226873241825E+00 -0.95948471900211365449515679709980E+00
0.46813911254679987618975530950590E+00 -0.96923674341496174266867595194387E+00
0.47126010489722898828380634998903E+00 -0.97893449438435602251063524732238E+00
0.47438459964192573519135646964566E+00 -0.98857876009152961622538055746598E+00
0.47751160992460557884475466014145E+00 -0.99817023711716546978846091701563E+00
0.48064020919553070566607275774471E+00 -0.10077095404039125260202997080351E+01
0.48376952572055888410999447431275E+00 -0.10171972119254238349188576603041E+01
0.48689873771574960581540941383061E+00 -0.10266337282583778591377292272254E+01
0.49002706902291963853468246750147E+00 -0.10360195072199623443325359358380E+01
0.49315378525474414210722098857818E+00 -0.10453549137058987161041843582586E+01
0.49627819034888007487385658050911E+00 -0.10546402648418268999832366335509E+01
0.49939962347958896072902507293586E+00 -0.10638758345427304607126879243348E+01
0.50251745628283322659629786191463E+00 -0.10730618575601895102985314555720E+01
0.50563109035707785411631934800062E+00 -0.10821985330849822376173623963747E+01
0.50873995500728498609244394687595E+00 -0.10912860279624003185030099148635E+01
0.51184350520401713148459333896861E+00 -0.11003244795691931009413244138357E+01
0.51494121973330978972453273592698E+00 -0.11093139983940036735172708159371E+01
0.51803259951615763337575120349953E+00 -0.11182546703572431254075786868847E+01
0.52111716607916655659383812967471E+00 -0.11271465589013702465284874358280E+01
0.52419446016024421272661494589298E+00 -0.11359897068783397135003278217218E+01
0.52726404043518763814131951817926E+00 -0.11447841382574126074078087388032E+01
0.53032548235274023959715463492692E+00 -0.11535298596734945601130685797894E+01
0.53337837706716502066126913923459E+00 -0.11622268618335734269877832154795E+01
0.53642233045865915795055556627379E+00 -0.11708751207966163414136168998818E+01
0.53945696223304655998377123721308E+00 -0.11794745991403825114707905816025E+01
0.54248190509314645267515351811450E+00 -0.11880252470269698663325417416317E+01
0.54549680397506276639455323166425E+00 -0.11965270031774995064774104979677E+01
0.54850131534337114681134183976354E+00 -0.12049797957651186102060905942457E+01
0.55149510653982887104963892680847E+00 -0.12133835432344388841175630241751E+01
0.55447785518079952711439558681462E+00 -0.12217381550546043319742072312988E+01
0.55744924859908262211905943725075E+00 -0.12300435324123743020186670609383E+01
0.56040898332628013502703416437961E+00 -0.12382995688509055305084386237735E+01
0.56335676461222151392154770528828E+00 -0.12465061508592974506719200207449E+01
0.56629230597831242903680051570993E+00 -0.12546631584174233863926841586312E+01
0.56921532880198157898354250181112E+00 -0.12627704655000956491710213642635E+01
0.57212556192966874939553333664309E+00 -0.12708279405441889137594633697518E+01
0.57502274131604326461845245216940E+00 -0.12788354468819772776871345280205E+01
0.57790660968735664683684477580042E+00 -0.12867928431436119635265211846292E+01
0.58077691622702748074325454884298E+00 -0.12946999836313739430982706037188E+01
0.58363341628172914044195424553629E+00 -0.13025567186680787081919562758985E+01
0.58647587108640754284628062828370E+00 -0.13103628949217792804180752574756E+01
0.58930404750679510602946462765088E+00 -0.13181183557087094002003788656138E+01
0.59211771779811185169815278704177E+00 -0.13258229412762248598136971578522E+01
0.59491665937875894970653374464421E+00 -0.13334764890673381466441458860232E+01
0.59770065461791146921021760217417E+00 -0.13410788339682958529478692604739E+01
0.60046949063600898444720691583505E+00 -0.13486298085405139066168225160182E+01
0.60322295911722600559340830185017E+00 -0.13561292432380720946413151717895E+01
0.60596085613308056439485623563836E+00 -0.13635769666118600348798975093894E+01
0.60868298197640591291408675212111E+00 -0.13709728055013721630112371597108E+01
0.61138914100497483763047763787203E+00 -0.13783165852150642547164587314415E+01
0.61407914149412009678682588238917E+00 -0.13856081297001046337749370691414E+01
0.61675279549774742569873330489621E+00 -0.13928472617022842211203777678656E+01
0.61940991871718425958780712241368E+00 -0.14000338029167852492751146596148E+01
0.62205033037734932809565712597251E+00 -0.14071675741304511644659844818749E+01
0.62467385310976740631977755243946E+00 -0.14142483953561484335201059508664E+01
0.62728031284199034407207388097797E+00 -0.14212760859597616860301426721373E+01
0.62986953869301569788421395778746E+00 -0.14282504647803227517390616921696E+01
0.63244136287432749571219270265111E+00 -0.14351713502437338626575222570191E+01
0.63499562059620693286055255076649E+00 -0.14420385604705080550990464163458E+01
0.63753214997899003997800102461357E+00 -0.14488519133779201663001847606158E+01
0.64005079196896945365467462821321E+00 -0.14556112267769286682812706902480E+01
0.64255139025866014059032648435952E+00 -0.14623163184642040575388733013821E+01
0.64503379121116790148592131939741E+00 -0.14689670063095725956229757101378E+01
0.64749784378841738445373790512159E+00 -0.14755631083391622348045179838744E+01
0.64994339948301397575838648657264E+00 -0.14821044428145168012577087070542E+01
0.65237031225352709475767221012601E+00 -0.14885908283079242673469665531965E+01
0.65477843846299906217324512877041E+00 -0.14950220837741886263521780162455E+01
0.65716763682049458110523511520816E+00 -0.15013980286190576997998625472480E+01
0.65953776832551937051288907654919E+00 -0.15077184827645035424739162695353E+01
0.66188869621514783831471711903377E+00 -0.15139832667110415626407198191650E+01
0.66422028591370705645136979684681E+00 -0.15201922015972566987372321221639E+01
0.66653240498487987502281531830865E+00 -0.15263451092566988192299919466116E+01
0.66882492308609130841275007539907E+00 -0.15324418122722939559957914945551E+01
0.67109771192505765912381640440176E+00 -0.15384821340284114966737552122447E+01
0.67335064521838067032441922335628E+00 -0.15444658987607160236783236841458E+01
0.67558359865207815693906138077310E+00 -0.15503929316039251816348571396594E+01
0.67779644984394963338852412015242E+00 -0.15562630586375865325499026411872E+01
0.67998907830767965950896888236574E+00 -0.15620761069299792573757317102743E+01
0.68216136541858966925551150818671E+00 -0.15678319045802394168021507492341E+01
0.68431319438095302707165210966154E+00 -0.15735302807588017850312190832254E+01
0.68644445019679300113326492141257E+00 -0.15791710657462450788236284786261E+01
0.68855501963608908816174840437586E+00 -0.15847540909706217254847532722792E+01
0.69064479120832000907619206154426E+00 -0.15902791890433488250048621285186E+01
0.69271365513527752470122432145035E+00 -0.15957461937937318753780724361825E+01
0.69476150332508701680711626384372E+00 -0.16011549403021885746083766877081E+01
0.69678822934737597108407129874526E+00 -0.16065052649322360258117663228939E+01
0.69879372840953440003504178073411E+00 -0.16117970053613005828662047068304E+01
0.70077789733401359333797649397082E+00 -0.16170300006104065570009293887328E+01
0.70274063453661363240027113337964E+00 -0.16222040910727960212438276640112E+01
0.70468184000571223964454252179205E+00 -0.16273191185415296297871066849507E+01
0.70660141528239002253091362380283E+00 -0.16323749262361147772291012400367E+01
0.70849926344140994772964950112819E+00 -0.16373713588282052232557410984928E+01
0.71037528907301088881684355684456E+00 -0.16423082624664136194364158761720E+01
0.71222939826547735634618225369371E+00 -0.16471854848002758510738846712738E+01
0.71406149858844946158164232053267E+00 -0.16520028750034044111394999377896E+01
0.71587149907693888376237644563184E+00 -0.16567602837958651062466740707551E+01
0.71765931021601898504475913803776E+00 -0.16614575634658105138212902785375E+01
0.71942484392615796272047715114413E+00 -0.16660945678904010158807636059332E+01
0.72116801354916605832043995012268E+00 -0.16706711525560423444510930833232E+01
0.72288873383473001386530980777211E+00 -0.16751871745779684018423691963740E+01
0.72458692092750707939062151931991E+00 -0.16796424927191944282353536367409E+01
0.72626249235475558208833141100094E+00 -0.16840369674088662152073686179559E+01
0.72791536701447685662941679347555E+00 -0.16883704607600286757029088151538E+01
0.72954546516404683187780816583173E+00 -0.16926428365868356136300437474632E+01
0.73115270840931619523820428543489E+00 -0.16968539604212224664074812030816E+01
0.73273701969415794435304225764965E+00 -0.17010036995290613796402492404285E+01
0.73429832329044416326322667920542E+00 -0.17050919229258179290017988319450E+01
0.73583654478843274405801922941787E+00 -0.17091185013917275805190774014945E+01
0.73735161108754676786969158899484E+00 -0.17130833074865082203778473858970E+01
0.73884345038753067098637364869034E+00 -0.17169862155636259181237543045267E+01
0.74031199217996589411551516861762E+00 -0.17208271017841283873301277686633E+01
0.74175716724013253918938532529331E+00 -0.17246058441300611619036620522580E+01
0.74317890761920143651928217821039E+00 -0.17283223224174803930982612748356E+01
0.74457714663674339735864457953226E+00 -0.17319764183090749950217859024252E+01
0.74595181887354271669288661996415E+00 -0.17355680153264110444012867745781E+01
0.74730286016470213133086857909100E+00 -0.17390969988618100473929563765476E+01
0.74863020759302759897626802867905E+00 -0.17425632561898724110822502270402E+01
0.74993379948268146197535847708107E+00 -0.17459666764786569291677080366345E+01
0.75121357539309322396044372300078E+00 -0.17493071508005262953113271523615E+01
0.75246947611311761130289362460566E+00 -0.17525845721426685866857127208969E+01
0.75370144365543001023728878216262E+00 -0.17557988354173036749827611355989E+01
0.75490942125115002622325979343007E+00 -0.17589498374715835580443125931414E+01
0.75609335334468410263303699216196E+00 -0.17620374770971949078284839886217E+01
0.75725318558877854431104983661155E+00 -0.17650616550396716876045222523386E+01
0.75838886483977500509614506497369E+00 -0.17680222740074255611502883447019E+01
0.75950033915306043315592880444704E+00 -0.17709192386805012721797371650389E+01
0.76058755777870399456363413720938E+00 -0.17737524557190637256817748104935E+01
0.76165047115727408952972078440083E+00 -0.17765218337716234307482033230063E+01
0.76268903091582835521161141345395E+00 -0.17792272834830065756082675025061E+01
0.76370318986407049401088889946638E+00 -0.17818687175020755159980071369377E+01
0.76469290199066727033803621563318E+00 -0.17844460504892054078056036135506E+01
0.76565812245972025949160493569879E+00 -0.17869591991235223513611282248068E+01
0.76659880760738640571737295203741E+00 -0.17894080821099081942662743800159E+01
0.76751491493864187291632031280206E+00 -0.17917926201857768321923721530735E+01
0.76840640312418443700544791350084E+00 -0.17941127361276265912237510582890E+01
0.76927323199746904807416667348716E+00 -0.17963683547573733337670833419988E+01
0.77011536255187211784694070987172E+00 -0.17985594029484681003666374446231E+01
0.77093275693798020019720917730671E+00 -0.18006858096318038595614080271576E+01
0.77172537846099810599747079258252E+00 -0.18027475058014145079211403656508E+01
0.77249319157827355406639958833725E+00 -0.18047444245199703427560121528553E+01
0.77323616189693302619873833086778E+00 -0.18066765009240731437004521006723E+01
0.77395425617162646591720839236886E+00 -0.18085436722293540434834419425003E+01
0.77464744230237639613778548628569E+00 -0.18103458777353777182048046013482E+01
0.77531568933252847039658652224211E+00 -0.18120830588303553672387430589729E+01
0.77595896744680025626826567059561E+00 -0.18137551589956696889382453525862E+01
0.77657724796942503283255066548455E+00 -0.18153621238102141910885815340050E+01
0.77717050336238797290164108299936E+00 -0.18169039009545496171146980209572E+01
0.77773870722375180220173801344323E+00 -0.18183804402148797618294564444415E+01
0.77828183428606936241791216916584E+00 -0.18197916934868488905004345206874E+01
0.77879986041488067926621195440927E+00 -0.18211376147791630423009324602712E+01
0.77929276260729213526894729557721E+00 -0.18224181602170370663485504070915E+01
0.77976051899063572075501980374012E+00 -0.18236332880454694597964546866536E+01
0.78020310882120599504221747320891E+00 -0.18247829586323466871132613515094E+01
0.78062051248307314521634915551351E+00 -0.18258671344713786555316610670163E+01
0.78101271148697005859554842904482E+00 -0.18268857801848670470681636099735E+01
0.78137968846925185118769328069019E+00 -0.18278388625263078332257364813184E+01
0.78172142719092598563614053852611E+00 -0.18287263503828295303532383200960E+01
0.78203791253675142287125534008458E+00 -0.18295482147774684610108720346313E+01
0.78232913051440351905046842703280E+00 -0.18303044288712829126473054022647E+01
0.78259506825366513957308411278898E+00 -0.18309949679653221650914789405218E+01
0.78275830965537714156410405829545E+00 -0.18314188300226644944036677940687E+01
0.78291030694618665123104625142874E+00 -0.18318134869673818890641453429742E+01
0.78305105714355393665335734768879E+00 -0.18321789330684361208034358558069E+01
0.78318055748559107716009854933535E+00 -0.18325151630187902961947733240717E+01
0.78329880543175615468583921490564E+00 -0.18328221719352862987461319758946E+01
0.78341143006928677045266903065979E+00 -0.18331145758930794362299285853383E+01
0.78352406206836754040646962947522E+00 -0.18334069940113124888433233637742E+01
0.78363670142865750741765253760993E+00 -0.18336994262908868098748904933725E+01
0.78374934814981135974985879971978E+00 -0.18339918727327052719226301273928E+01
0.78386200223148888312386934012526E+00 -0.18342843333376686255493251186308E+01
0.78374934814981135974985879971978E+00 -0.18339918727327052719226301273928E+01
0.78363670142865750741765253760993E+00 -0.18336994262908868098748904933725E+01
0.78352406206836754040646962947522E+00 -0.18334069940113124888433233637742E+01
0.78341143006928677045266903065979E+00 -0.18331145758930794362299285853383E+01
0.78329880543175615468583921490564E+00 -0.18328221719352862987461319758946E+01
0.78318055748559107716009854933535E+00 -0.18325151630187902961947733240717E+01
0.78305105714355393665335734768879E+00 -0.18321789330684361208034358558069E+01
0.78291030694618665123104625142874E+00 -0.18318134869673818890641453429742E+01
0.78275830965537714156410405829545E+00 -0.18314188300226644944036677940687E+01
0.78259506825366513957308411278898E+00 -0.18309949679653221650914789405218E+01
0.78232913051440351905046842703280E+00 -0.18303044288712829126473054022647E+01
0.78203791253675142287125534008458E+00 -0.18295482147774684610108720346313E+01
0.78172142719092598563614053852611E+00 -0.18287263503828295303532383200960E+01
0.78137968846925185118769328069019E+00 -0.18278388625263078332257364813184E+01
0.78101271148697005859554842904482E+00 -0.18268857801848670470681636099735E+01
0.78062051248307314521634915551351E+00 -0.18258671344713786555316610670163E+01
0.78020310882120599504221747320891E+00 -0.18247829586323466871132613515094E+01
0.77976051899063572075501980374012E+00 -0.18236332880454694597964546866536E+01
0.77929276260729213526894729557721E+00 -0.18224181602170370663485504070915E+01
0.77879986041488067926621195440927E+00 -0.18211376147791630423009324602712E+01
0.77828183428606936241791216916584E+00 -0.18197916934868488905004345206874E+01
0.77773870722375180220173801344323E+00 -0.18183804402148797618294564444415E+01
0.77717050336238797290164108299936E+00 -0.18169039009545496171146980209572E+01
0.77657724796942503283255066548455E+00 -0.18153621238102141910885815340050E+01
0.77595896744680025626826567059561E+00 -0.18137551589956696889382453525862E+01
0.77531568933252847039658652224211E+00 -0.18120830588303553672387430589729E+01
0.77464744230237639613778548628569E+00 -0.18103458777353777182048046013482E+01
0.77395425617162646591720839236886E+00 -0.18085436722293540434834419425003E+01
0.77323616189693302619873833086778E+00 -0.18066765009240731437004521006723E+01
0.77249319157827355406639958833725E+00 -0.18047444245199703427560121528553E+01
0.77172537846099810599747079258252E+00 -0.18027475058014145079211403656508E+01
0.77093275693798020019720917730671E+00 -0.18006858096318038595614080271576E+01
0.77011536255187211784694070987172E+00 -0.17985594029484681003666374446231E+01
0.76927323199746904807416667348716E+00 -0.17963683547573733337670833419988E+01
0.76840640312418443700544791350084E+00 -0.17941127361276265912237510582890E+01
0.76751491493864187291632031280206E+00 -0.17917926201857768321923721530735E+01
0.76659880760738640571737295203741E+00 -0.17894080821099081942662743800159E+01
0.76565812245972025949160493569879E+00 -0.17869591991235223513611282248068E+01
0.76469290199066727033803621563318E+00 -0.17844460504892054078056036135506E+01
0.76370318986407049401088889946638E+00 -0.17818687175020755159980071369377E+01
0.76268903091582835521161141345395E+00 -0.17792272834830065756082675025061E+01
0.76165047115727408952972078440083E+00 -0.17765218337716234307482033230063E+01
0.76058755777870399456363413720938E+00 -0.17737524557190637256817748104935E+01
0.75950033915306043315592880444704E+00 -0.17709192386805012721797371650389E+01
0.75838886483977500509614506497369E+00 -0.17680222740074255611502883447019E+01
0.75725318558877854431104983661155E+00 -0.17650616550396716876045222523386E+01
0.75609335334468410263303699216196E+00 -0.17620374770971949078284839886217E+01
0.75490942125115002622325979343007E+00 -0.17589498374715835580443125931414E+01
0.75370144365543001023728878216262E+00 -0.17557988354173036749827611355989E+01
0.75246947611311761130289362460566E+00 -0.17525845721426685866857127208969E+01
0.75121357539309322396044372300078E+00 -0.17493071508005262953113271523615E+01
0.74993379948268146197535847708107E+00 -0.17459666764786569291677080366345E+01
0.74863020759302759897626802867905E+00 -0.17425632561898724110822502270402E+01
0.74730286016470213133086857909100E+00 -0.17390969988618100473929563765476E+01
0.74595181887354271669288661996415E+00 -0.17355680153264110444012867745781E+01
0.74457714663674339735864457953226E+00 -0.17319764183090749950217859024252E+01
0.74317890761920143651928217821039E+00 -0.17283223224174803930982612748356E+01
0.74175716724013253918938532529331E+00 -0.17246058441300611619036620522580E+01
0.74031199217996589411551516861762E+00 -0.17208271017841283873301277686633E+01
0.73884345038753067098637364869034E+00 -0.17169862155636259181237543045267E+01
0.73735161108754676786969158899484E+00 -0.17130833074865082203778473858970E+01
0.73583654478843274405801922941787E+00 -0.17091185013917275805190774014945E+01
0.73429832329044416326322667920542E+00 -0.17050919229258179290017988319450E+01
0.73273701969415794435304225764965E+00 -0.17010036995290613796402492404285E+01
0.73115270840931619523820428543489E+00 -0.16968539604212224664074812030816E+01
0.72954546516404683187780816583173E+00 -0.16926428365868356136300437474632E+01
0.72791536701447685662941679347555E+00 -0.16883704607600286757029088151538E+01
0.72626249235475558208833141100094E+00 -0.16840369674088662152073686179559E+01
0.72458692092750707939062151931991E+00 -0.16796424927191944282353536367409E+01
0.72288873383473001386530980777211E+00 -0.16751871745779684018423691963740E+01
0.72116801354916605832043995012268E+00 -0.16706711525560423444510930833232E+01
0.71942484392615796272047715114413E+00 -0.16660945678904010158807636059332E+01
0.71765931021601898504475913803776E+00 -0.16614575634658105138212902785375E+01
0.71587149907693888376237644563184E+00 -0.16567602837958651062466740707551E+01
0.71406149858844946158164232053267E+00 -0.16520028750034044111394999377896E+01
0.71222939826547735634618225369371E+00 -0.16471854848002758510738846712738E+01
0.71037528907301088881684355684456E+00 -0.16423082624664136194364158761720E+01
0.70849926344140994772964950112819E+00 -0.16373713588282052232557410984928E+01
0.70660141528239002253091362380283E+00 -0.16323749262361147772291012400367E+01
0.70468184000571223964454252179205E+00 -0.16273191185415296297871066849507E+01
0.70274063453661363240027113337964E+00 -0.16222040910727960212438276640112E+01
0.70077789733401359333797649397082E+00 -0.16170300006104065570009293887328E+01
0.69879372840953440003504178073411E+00 -0.16117970053613005828662047068304E+01
0.69678822934737597108407129874526E+00 -0.16065052649322360258117663228939E+01
0.69476150332508701680711626384372E+00 -0.16011549403021885746083766877081E+01
0.69271365513527752470122432145035E+00 -0.15957461937937318753780724361825E+01
0.69064479120832000907619206154426E+00 -0.15902791890433488250048621285186E+01
0.68855501963608908816174840437586E+00 -0.15847540909706217254847532722792E+01
0.68644445019679300113326492141257E+00 -0.15791710657462450788236284786261E+01
0.68431319438095302707165210966154E+00 -0.15735302807588017850312190832254E+01
0.68216136541858966925551150818671E+00 -0.15678319045802394168021507492341E+01
0.67998907830767965950896888236574E+00 -0.15620761069299792573757317102743E+01
0.67779644984394963338852412015242E+00 -0.15562630586375865325499026411872E+01
0.67558359865207815693906138077310E+00 -0.15503929316039251816348571396594E+01
0.67335064521838067032441922335628E+00 -0.15444658987607160236783236841458E+01
0.67109771192505765912381640440176E+00 -0.15384821340284114966737552122447E+01
0.66882492308609130841275007539907E+00 -0.15324418122722939559957914945551E+01
0.66653240498487987502281531830865E+00 -0.15263451092566988192299919466116E+01
0.66422028591370705645136979684681E+00 -0.15201922015972566987372321221639E+01
0.66188869621514783831471711903377E+00 -0.15139832667110415626407198191650E+01
0.65953776832551937051288907654919E+00 -0.15077184827645035424739162695353E+01
0.65716763682049458110523511520816E+00 -0.15013980286190576997998625472480E+01
0.65477843846299906217324512877041E+00 -0.14950220837741886263521780162455E+01
0.65237031225352709475767221012601E+00 -0.14885908283079242673469665531965E+01
0.64994339948301397575838648657264E+00 -0.14821044428145168012577087070542E+01
0.64749784378841738445373790512159E+00 -0.14755631083391622348045179838744E+01
0.64503379121116790148592131939741E+00 -0.14689670063095725956229757101378E+01
0.64255139025866014059032648435952E+00 -0.14623163184642040575388733013821E+01
0.64005079196896945365467462821321E+00 -0.14556112267769286682812706902480E+01
0.63753214997899003997800102461357E+00 -0.14488519133779201663001847606158E+01
0.63499562059620693286055255076649E+00 -0.14420385604705080550990464163458E+01
0.63244136287432749571219270265111E+00 -0.14351713502437338626575222570191E+01
0.62986953869301569788421395778746E+00 -0.14282504647803227517390616921696E+01
0.62728031284199034407207388097797E+00 -0.14212760859597616860301426721373E+01
0.62467385310976740631977755243946E+00 -0.14142483953561484335201059508664E+01
0.62205033037734932809565712597251E+00 -0.14071675741304511644659844818749E+01
0.61940991871718425958780712241368E+00 -0.14000338029167852492751146596148E+01
0.61675279549774742569873330489621E+00 -0.13928472617022842211203777678656E+01
0.61407914149412009678682588238917E+00 -0.13856081297001046337749370691414E+01
0.61138914100497483763047763787203E+00 -0.13783165852150642547164587314415E+01
0.60868298197640591291408675212111E+00 -0.13709728055013721630112371597108E+01
0.60596085613308056439485623563836E+00 -0.13635769666118600348798975093894E+01
0.60322295911722600559340830185017E+00 -0.13561292432380720946413151717895E+01
0.60046949063600898444720691583505E+00 -0.13486298085405139066168225160182E+01
0.59770065461791146921021760217417E+00 -0.13410788339682958529478692604739E+01
0.59491665937875894970653374464421E+00 -0.13334764890673381466441458860232E+01
0.59211771779811185169815278704177E+00 -0.13258229412762248598136971578522E+01
0.58930404750679510602946462765088E+00 -0.13181183557087094002003788656138E+01
0.58647587108640754284628062828370E+00 -0.13103628949217792804180752574756E+01
0.58363341628172914044195424553629E+00 -0.13025567186680787081919562758985E+01
0.58077691622702748074325454884298E+00 -0.12946999836313739430982706037188E+01
0.57790660968735664683684477580042E+00 -0.12867928431436119635265211846292E+01
0.57502274131604326461845245216940E+00 -0.12788354468819772776871345280205E+01
0.57212556192966874939553333664309E+00 -0.12708279405441889137594633697518E+01
0.56921532880198157898354250181112E+00 -0.12627704655000956491710213642635E+01
0.56629230597831242903680051570993E+00 -0.12546631584174233863926841586312E+01
0.56335676461222151392154770528828E+00 -0.12465061508592974506719200207449E+01
0.56040898332628013502703416437961E+00 -0.12382995688509055305084386237735E+01
0.55744924859908262211905943725075E+00 -0.12300435324123743020186670609383E+01
0.55447785518079952711439558681462E+00 -0.12217381550546043319742072312988E+01
0.55149510653982887104963892680847E+00 -0.12133835432344388841175630241751E+01
0.54850131534337114681134183976354E+00 -0.12049797957651186102060905942457E+01
0.54549680397506276639455323166425E+00 -0.11965270031774995064774104979677E+01
0.54248190509314645267515351811450E+00 -0.11880252470269698663325417416317E+01
0.53945696223304655998377123721308E+00 -0.11794745991403825114707905816025E+01
0.53642233045865915795055556627379E+00 -0.11708751207966163414136168998818E+01
0.53337837706716502066126913923459E+00 -0.11622268618335734269877832154795E+01
0.53032548235274023959715463492692E+00 -0.11535298596734945601130685797894E+01
0.52726404043518763814131951817926E+00 -0.11447841382574126074078087388032E+01
0.52419446016024421272661494589298E+00 -0.11359897068783397135003278217218E+01
0.52111716607916655659383812967471E+00 -0.11271465589013702465284874358280E+01
0.51803259951615763337575120349953E+00 -0.11182546703572431254075786868847E+01
0.51494121973330978972453273592698E+00 -0.11093139983940036735172708159371E+01
0.51184350520401713148459333896861E+00 -0.11003244795691931009413244138357E+01
0.50873995500728498609244394687595E+00 -0.10912860279624003185030099148635E+01
0.50563109035707785411631934800062E+00 -0.10821985330849822376173623963747E+01
0.50251745628283322659629786191463E+00 -0.10730618575601895102985314555720E+01
0.49939962347958896072902507293586E+00 -0.10638758345427304607126879243348E+01
0.49627819034888007487385658050911E+00 -0.10546402648418268999832366335509E+01
0.49315378525474414210722098857818E+00 -0.10453549137058987161041843582586E+01
0.49002706902291963853468246750147E+00 -0.10360195072199623443325359358380E+01
0.48689873771574960581540941383061E+00 -0.10266337282583778591377292272254E+01
0.48376952572055888410999447431275E+00 -0.10171972119254238349188576603041E+01
0.48064020919553070566607275774471E+00 -0.10077095404039125260202997080351E+01
0.47751160992460557884475466014145E+00 -0.99817023711716546978846091701563E+00
0.47438459964192573519135646964566E+00 -0.98857876009152961622538055746598E+00
0.47126010489722898828380634998903E+00 -0.97893449438435602251063524732238E+00
0.46813911254679987618975530950590E+00 -0.96923674341496174266867595194387E+00
0.46502267597069775771226873241825E+00 -0.95948471900211365449515679709980E+00
0.46191192213676235975804109691098E+00 -0.94967752986921675019838255632429E+00
0.45880805965631506966623071012021E+00 -0.93981416832522702055000190353734E+00
0.45571238800681047980346501252093E+00 -0.92989349476214312390522101835732E+00
0.45262630813468172989825506503864E+00 -0.91991421952443530500599589808173E+00
0.44955133469936626388460247649823E+00 -0.90987488159614858448289176127993E+00
0.44648911028052812100473613661554E+00 -0.89977382340952079390535493505901E+00
0.44344142194742900746127166215470E+00 -0.88960916089417887190896226497635E+00
0.44041022069251999876007423608782E+00 -0.87937874764143332397588296215255E+00
0.43739764435444794645215301792547E+00 -0.86908013173614827265265120971277E+00
0.43440604485296802914144291683575E+00 -0.85871050336486619761658355167270E+00
0.43143802071366683367512743278076E+00 -0.84826663073595095428467453839228E+00
0.42849645640094606897322108113109E+00 -0.83774478096118537730745264589486E+00
0.42558456969882970689566403339058E+00 -0.82714062159768798540875517750160E+00
0.42270597112631757872996740252317E+00 -0.81644909631868167590455059597863E+00
0.41986473358813943535486609517615E+00 -0.80566426761502038623466792628868E+00
0.41706549194224164764692387909026E+00 -0.79477911055145077532418416086081E+00
0.41431353162348920528820179171292E+00 -0.78378525253126826277288408143936E+00
0.41161501915422206697876463560664E+00 -0.77267259755848615813205250690948E+00
0.40897694386143397283894712379654E+00 -0.76142890508872110836833781296201E+00
0.40640814964577755156958206568136E+00 -0.75003894351134326097992700547839E+00
0.40391728128294633714994908764184E+00 -0.73848407750454533340461564255113E+00
0.40105112980996317352161469156783E+00 -0.72436552689269177075665844937265E+00
0.39834295642040323705444290998032E+00 -0.70991794095602264496854613024424E+00
0.39582851944431289041644300609082E+00 -0.69506096777001049725254809850481E+00
0.39355733656494552635890545793058E+00 -0.67967341208758656827557207522018E+00
0.39160349806942841025579117429346E+00 -0.66355792972894419483432163941924E+00
0.39015484751390315553959234729938E+00 -0.64728134757495472948301004618235E+00
0.38935224272530491380191112563918E+00 -0.63161469438937950442953521934048E+00
0.38925097980500692794791139227458E+00 -0.61656443053096238096731418954113E+00
0.38986737258093153540129018175209E+00 -0.60213071941107441225269305078819E+00
