0.18999214120682862540552844897744E+01 -0.33092956213290670558521803190755E+00
0.19010845114622401370075292534593E+01 -0.32842204227567763498506719348138E+00
0.19022240133458193562763111676136E+01 -0.32607684438680582172567791628233E+00
0.19033286371365531493914776117240E+01 -0.32389657937122211852675684362188E+00
0.19043862188668917582673192738795E+01 -0.32188605329447468367215644347821E+00
0.19053844645885149572827354119124E+01 -0.32005091287010256748772468242875E+00
0.19063166882005173715819824823934E+01 -0.31838750780038537866582225398910E+00
0.19071961459592041887995721864381E+01 -0.31685957441358219662259327158239E+00
0.19080351705000375715911695004895E+01 -0.31543681266928172793074149298214E+00
0.19088418966744562873959459307365E+01 -0.31409904074646142718284983703366E+00
0.19096220351101946952358742973400E+01 -0.31283196642562700890541618613973E+00
0.19088418966744562873959459307365E+01 -0.31409904074646142718284983703366E+00
0.19080351705000375715911695004895E+01 -0.31543681266928172793074149298214E+00
0.19071961459592041887995721864381E+01 -0.31685957441358219662259327158239E+00
0.19063166882005173715819824823934E+01 -0.31838750780038537866582225398910E+00
0.19053844645885149572827354119124E+01 -0.32005091287010256748772468242875E+00
0.19043862188668917582673192738795E+01 -0.32188605329447468367215644347821E+00
0.19033286371365531493914776117240E+01 -0.32389657937122211852675684362188E+00
0.19022240133458193562763111676136E+01 -0.32607684438680582172567791628233E+00
0.19010845114622401370075292534593E+01 -0.32842204227567763498506719348138E+00
0.18999214120682862540552844897744E+01 -0.33092956213290670558521803190755E+00
0.18959346771653047172628969231025E+01 -0.33126427797479389928822186752709E+00
0.18916726088544660032595396917449E+01 -0.33136313902996626047529069270842E+00
0.18871144062038683931001139707269E+01 -0.33134609014721727805482559208006E+00
0.18822336237322301899329756595605E+01 -0.33118671364173466473470689741645E+00
0.18770062844178194940075467100396E+01 -0.33088792723597759455083165399488E+00
0.18716655237794457667654813282381E+01 -0.33047688282696766091144091671252E+00
0.18664067726341990256941182615704E+01 -0.32999060045530930389307908346161E+00
0.18611773622878686894924401581188E+01 -0.32944280034324403577976809715836E+00
0.18559452831869833854692135545469E+01 -0.32884314191619640711129864946751E+00
0.18506896921658806885530261556325E+01 -0.32819757652296487710539933674509E+00
0.18462813831489969004108779924847E+01 -0.32762921591845526895163229403585E+00
0.18418404781081186069244139451980E+01 -0.32703493879845822958871273042615E+00
0.18373622065582363063150734797473E+01 -0.32641668857508432067748951381567E+00
0.18328428137952468529535963748917E+01 -0.32577599477472236677840086256556E+00
0.18282792962752924123983245700838E+01 -0.32511413190567776261653323590277E+00
0.18236692227758441936484831775323E+01 -0.32443217845644555606364296665690E+00
0.18190106062734699526794539020853E+01 -0.32373105712246446984632402397962E+00
0.18143018099466024382279538646379E+01 -0.32301156460259966532536562175358E+00
0.18095414768814619248731449535886E+01 -0.32227439438033252823232202856169E+00
0.18047284766275191888383884014846E+01 -0.32152015448502000761666499399035E+00
0.17998618639669931913056815872255E+01 -0.32074938154703401514493154156422E+00
0.17949408466911634143549530292779E+01 -0.31996255205876518266636620481433E+00
0.17899647601204880264658014462077E+01 -0.31916009149437853244293021733893E+00
0.17849330467437096241897790619203E+01 -0.31834238176604366418253080899116E+00
0.17798452397909859966446852545467E+01 -0.31750976737230475165710334028031E+00
0.17747009498645757645702636086351E+01 -0.31666256050728545781778312479787E+00
0.17694998539704094637190791025782E+01 -0.31580104533632677926044580877896E+00
0.17642416864527485218691118450205E+01 -0.31492548159717838986883859595482E+00
0.17589262314504829510082725070196E+01 -0.31403610765116339180274312414716E+00
0.17535533165798570286781511189249E+01 -0.31313314308251811475476803822611E+00
0.17481228076130511162021766673008E+01 -0.31221679092408268889003461190531E+00
0.17426346039709913345913589588240E+01 -0.31128723957206947684346815328841E+00
0.17370886348861797440260962826217E+01 -0.31034466444061172076839890652103E+00
0.17314848561201992005769602147477E+01 -0.30938922939735151742165861930658E+00
0.17258232471429935940488329376539E+01 -0.30842108801385828853772507083257E+00
0.17201038086986195805378418100770E+01 -0.30744038465871467217689165047906E+00
0.17143265606960539977464788877672E+01 -0.30644725545632946957893155104480E+00
0.17084915403746839658490961945453E+01 -0.30544182913068014831348783790599E+00
0.17025988007029397206743030906116E+01 -0.30442422775005314255774644108242E+00
0.16966484089756392611169497087614E+01 -0.30339456738628996373016623860225E+00
0.16906404455813705480005701326745E+01 -0.30235295869994459842452574826358E+00
0.16845750029159203518143767843630E+01 -0.30129950746102158732679932398682E+00
0.16784521844215911912354080854590E+01 -0.30023431501352576581547129111129E+00
0.16722721037353991421848687641055E+01 -0.29915747869085411484753887916598E+00
0.16660348839317448536553162263840E+01 -0.29806909218805816757163398181649E+00
0.16597406568473115023489623205370E+01 -0.29696924589616263420242674563843E+00
0.16533895624777386582656948638775E+01 -0.29585802720301466912020703479295E+00
0.16469817484371262465587907635057E+01 -0.29473552076453654273377807371601E+00
0.16405173694726853174719058900224E+01 -0.29360180874974615539241810095183E+00
0.16339965870279146561813301860406E+01 -0.29245697106247058022601253726479E+00
0.16274195688485849217154188467590E+01 -0.29130108554230938597480833456359E+00
0.16207864886265711406165662811740E+01 -0.29013422814708344390709556390747E+00
0.16140975256772278088809986330700E+01 -0.28895647311873037327379620082989E+00
0.16073528646465537989194238674826E+01 -0.28776789313437273821832381923231E+00
0.16005526952448683475993473860546E+01 -0.28656855944407826531053817285975E+00
0.15936972120041301103187775205293E+01 -0.28535854199665583895151382009483E+00
0.15867866140563793931063166629975E+01 -0.28413790955467551562946510390662E+00
0.15798211049310887201943284960538E+01 -0.28290672979976621898762433704653E+00
0.15728008923694705028150101769989E+01 -0.28166506942912952058820872990194E+00
0.15657261881540145390096767802216E+01 -0.28041299424410147930554450059688E+00
0.15585972079517312313469260381756E+01 -0.27915056923150836244912016725462E+00
0.15514141711697449479436455467161E+01 -0.27787785863848028941538017845882E+00
0.15441773008220353303442835918919E+01 -0.27659492604131705932983905789696E+00
0.15368868234062555622462745607229E+01 -0.27530183440894095173959334617797E+00
0.15295429687896728199685325292220E+01 -0.27399864616141434394446543736336E+00
0.15221459701033778942638591707475E+01 -0.27268542322395371960851558110555E+00
0.15146960636440014418937757186405E+01 -0.27136222707682702669745180069095E+00
0.15071934887822517091815555959166E+01 -0.27002911880148544673294661489632E+00
0.14996384878776616711846840721667E+01 -0.26868615912324495035368801205722E+00
0.14920313061989922953105874876034E+01 -0.26733340845080359883460677650122E+00
0.14843721918497964162032144796587E+01 -0.26597092691285369292318922642343E+00
0.14766613956986946415083910767149E+01 -0.26459877439202347191787189429629E+00
0.14688991713139592419170620516287E+01 -0.26321701055636174330988520084512E+00
0.14610857749020414626974819199918E+01 -0.26182569488855875197928072366816E+00
0.14532214652497099971682441088357E+01 -0.26042488671308056321114528693442E+00
0.14453065036695022637769623786096E+01 -0.25901464522137660014558802222641E+00
0.14373411539482158437700206079014E+01 -0.25759502949530781189947828346215E+00
0.14293256822981927797192932244458E+01 -0.25616609852892979671527917054602E+00
0.14212603573111735624658223072052E+01 -0.25472791124875133578824351031203E+00
0.14131454499145126827163874166191E+01 -0.25328052653258320517023682323453E+00
0.14049812333295742448478376660902E+01 -0.25182400322707711308013949231989E+00
0.13967679830321322946153713815876E+01 -0.25035840016405136109963515165048E+00
0.13885059767146238939219541168921E+01 -0.24888377617568780873620139158076E+00
0.13801954942501113814070522981852E+01 -0.24740019010868026560762481887879E+00
0.13718368176578233186446644084252E+01 -0.24590770083740794796258333952200E+00
0.13634302310701559064408549931970E+01 -0.24440636727619917942843269327666E+00
0.13549760207010247115218972187794E+01 -0.24289624839075048482315248565657E+00
0.13464744748154657143873567452526E+01 -0.24137740320875418172805280298355E+00
0.13379258837003960763551559521602E+01 -0.23984989082979123832447867495521E+00
0.13293305396364455023470187383136E+01 -0.23831377043453453673067712372214E+00
0.13206887368707845481214396106882E+01 -0.23676910129330958929256564980593E+00
0.13120007715908747974942998479341E+01 -0.23521594277405431019415791838183E+00
0.13032669418990761581867393733806E+01 -0.23365435434971487164612961940830E+00
0.12944875477880496747225613513003E+01 -0.23208439560511497357147781065171E+00
0.12856628911168989815566573279345E+01 -0.23050612624333054688601055925812E+00
0.12767932755879994513786050173030E+01 -0.22891960609160116231533234738835E+00
0.12678790067244652475924000753364E+01 -0.22732489510680652143100015821419E+00
0.12589203918482104970426033791468E+01 -0.22572205338053430476637711499527E+00
0.12499177400585634150313447449154E+01 -0.22411114114376444918865695075430E+00
0.12408713622113942347026988955549E+01 -0.22249221877119189066976120507734E+00
0.12317815708987225730945870037760E+01 -0.22086534678521076238138338927213E+00
0.12226486804287697781615394977369E+01 -0.21923058585957786476274107264042E+00
0.12134730068064273158761571765798E+01 -0.21758799682277568399679408890261E+00
0.12042548677141116477459852127193E+01 -0.21593764066109103655791508253516E+00
0.11949945824929794240219279949556E+01 -0.21427957852142669004657586972352E+00
0.11856924721244786905915135487342E+01 -0.21261387171385979087763036301224E+00
0.11763488592122130010904431482783E+01 -0.21094058171396153364036624171038E+00
0.11669640679640969728468788476399E+01 -0.20925977016489253703360370366097E+00
0.11575384241747846986508882739901E+01 -0.20757149887928406826726208825686E+00
0.11480722552083497628820975217121E+01 -0.20587582984091838355062838529401E+00
0.11385658899812035811000553294810E+01 -0.20417282520621846508401907084555E+00
0.11290196589452322033443947387754E+01 -0.20246254730555672730182647588560E+00
0.11194338940711385823493370348963E+01 -0.20074505864439339388610172807292E+00
0.11098089288319768473238300715467E+01 -0.19902042190425227408487007969683E+00
0.11001450981868631576905542504650E+01 -0.19728869994354323698992686807113E+00
0.10904427385648536839613015343963E+01 -0.19554995579823856611030903639511E+00
0.10807021878489764301001420053534E+01 -0.19380425268241071608811732686788E+00
0.10709237853604060009929746478319E+01 -0.19205165398863941381373161358171E+00
0.10611078718427739106285174111395E+01 -0.19029222328829260349418408244104E+00
0.10512547894466012040230320047527E+01 -0.18852602433168974965532831808228E+00
0.10413648817138482388302149114321E+01 -0.18675312104815168343240747482709E+00
0.10314384935625710671203401443206E+01 -0.18497357754594259405847418780913E+00
0.10214759712716776720152130806591E+01 -0.18318745811211005686859694641589E+00
0.10114776624657772876706284780988E+01 -0.18139482721222802344078047631933E+00
0.10014439161001144355391927104275E+01 -0.17959574949004577427205213819544E+00
0.99137508244558368988100625656859E+00 -0.17779028976704922868032503321987E+00
0.98127151307381720421746443941613E+00 -0.17597851304193741979954124499462E+00
0.97113356084234052909249912699623E+00 -0.17416048449001828233619040138616E+00
0.96096157987979141414024728456557E+00 -0.17233626946252764009159704971941E+00
0.95075592557119609451205175126822E+00 -0.17050593348587450277756165624744E+00
0.94051695454329957286285663578256E+00 -0.16866954226081629283012739999258E+00
0.93024502464994458566627537581119E+00 -0.16682716166156682256672006727236E+00
0.91994049495749552921518622355691E+00 -0.16497885773483977017459977059626E+00
0.90960372573030433048454161539361E+00 -0.16312469669883159535082926643667E+00
0.89923507841621314505423993292996E+00 -0.16126474494214435780118330475172E+00
0.88883491563209211754979458096791E+00 -0.15939906902265329801507527380069E+00
0.87840360114940841681825730706691E+00 -0.15752773566632022793093422033591E+00
0.86794149987982319692361173574441E+00 -0.15565081176595472667214298994618E+00
0.85744897786081508929185777405183E+00 -0.15376836437992642728731245657620E+00
0.84692640224132562062984901799836E+00 -0.15188046073082933614761006300279E+00
0.83637414126742640207862409837088E+00 -0.14998716820410110998927506450080E+00
0.82579256426800428447164956541448E+00 -0.14808855434659772571840294179097E+00
0.81518204164046262508430016118795E+00 -0.14618468686512695339589080201181E+00
0.80454294483643739342660861835562E+00 -0.14427563362494124051126596370720E+00
0.79387564634752546026600297669269E+00 -0.14236146264819126740127191822377E+00
0.78318051969102355016346392679200E+00 -0.14044224211234356814357835481457E+00
0.77245793939567741022509924466237E+00 -0.13851804034856054556226908804845E+00
0.76170828098743629508451786634677E+00 -0.13658892584004801063011014181513E+00
0.75093192097521703187771962400869E+00 -0.13465496722036781462940996712052E+00
0.74012923683666967278563066238068E+00 -0.13271623327171958977671333944305E+00
0.72930060700394932672339653743389E+00 -0.13077279292319206714263499474959E+00
0.71844641084948947289249731512273E+00 -0.12882471524898354202281989565308E+00
0.70756702867177690302128914714040E+00 -0.12687206946659542829602907608139E+00
0.69666284168112742751369246427255E+00 -0.12491492493499698745196983513858E+00
0.68573423198546094523033528700633E+00 -0.12295335115276478481893611613446E+00
0.67478158257607565819626256220025E+00 -0.12098741775619603814834068796142E+00
0.66380527731342018125411894526970E+00 -0.11901719451739730964589889800415E+00
0.65280570091286270740895681823799E+00 -0.11704275134235007282057978604272E+00
0.64178323893045720663794743135301E+00 -0.11506415826895256564004281285348E+00
0.63073827774870527762188739996837E+00 -0.11308148546504081310079111937556E+00
0.61967120456231413786452318091072E+00 -0.11109480322638689642529654021856E+00
0.60858240736394865706851001953504E+00 -0.10910418197467786967063430686249E+00
0.59747227492997871994048969072559E+00 -0.10710969225547436458407594265802E+00
0.58634119680622030845549369674659E+00 -0.10511140473614994227297892545021E+00
0.57518956329367081977913239166298E+00 -0.10310939020381216836403825269467E+00
0.56401776543423692728874504125911E+00 -0.10110371956320559596639335573046E+00
0.55282619499645634692439635809844E+00 -0.99094463834597780390197339746291E-01
0.54161524446121225818326887128006E+00 -0.97081694151648436405957197369348E-01
0.53038530700744040997975943168343E+00 -0.95065481759262261005630898818381E-01
0.51913677649782824025696668556306E+00 -0.93045898011426695234986282998448E-01
0.50787004746450717311907661408539E+00 -0.91023014369034126105664179789297E-01
0.49658551509473631584198176172607E+00 -0.88996902397689731515947649772731E-01
0.48528357521657842485456565403410E+00 -0.86967633765505388796566823857761E-01
0.47396462428456825569950245060810E+00 -0.84935280240879760438936737246078E-01
0.46262905936537226028620915854032E+00 -0.82899913690265186412884081418979E-01
0.45127727812344062476677674737822E+00 -0.80861606075922285743157151387301E-01
0.43990967880665121371837217688569E+00 -0.78820429453661638495592646832861E-01
0.42852666023194509192705526785296E+00 -0.76776455970574010727995072228914E-01
0.41712862177095449079679869132529E+00 -0.74729757862749089947984970888014E-01
0.40571596333562257725066195904558E+00 -0.72680407452982822493653774688079E-01
0.39428908536381532212545403747126E+00 -0.70628477148474191747159710573345E-01
0.38284838880492553804608247715761E+00 -0.68574039438511594332256668513712E-01
0.37139427510546941996261491572467E+00 -0.66517166892149529558865692135860E-01
0.35992714619467582247237224904904E+00 -0.64457932155874596744129049843514E-01
0.34844740447006705970743540512232E+00 -0.62396407951263258734451942161793E-01
0.33695545278303385533420932436845E+00 -0.60332667072629961693687220505380E-01
0.32545169442440232784584453159396E+00 -0.58266782384666473633829998660320E-01
0.31393653310999436879703742805858E+00 -0.56198826820073103781558590475973E-01
0.30241037296618153021624692274041E+00 -0.54128873377181366649969727977251E-01
0.29087361851543209179383751937310E+00 -0.52056995117569147503841183258806E-01
0.27932667466185230841741132631746E+00 -0.49983265163668079906567254840785E-01
0.26776994667672146085059398820713E+00 -0.47907756696363457763828249522256E-01
0.25620384018402099697077440893895E+00 -0.45830542952587633239299472940704E-01
0.24462876114595896921232173800956E+00 -0.43751697222905774543877116521581E-01
0.23304511584848801116840945754055E+00 -0.41671292849095806384498911826161E-01
0.22145331088681962427259157965976E+00 -0.39589403221721722210738172975388E-01
0.20985375315093326148313597410486E+00 -0.37506101777700605796948423912293E-01
0.19824684981108071394379437314499E+00 -0.35421461997864364319534301216110E-01
0.18663300830328749283124719184442E+00 -0.33335557404515261819918442858256E-01
0.17501263631484934057166046042802E+00 -0.31248461558976405737065942195388E-01
0.16338614176982629059658233097339E+00 -0.29160248059136897278001022744920E-01
0.15175393281453294890024355371702E+00 -0.27070990536992117409873722982726E-01
0.14011641780302656247880497717734E+00 -0.24980762656179089754123724685628E-01
0.12847400528259242820016726488199E+00 -0.22889638109507393209442609979457E-01
0.11682710397922720047264117058739E+00 -0.20797690616485735985242746401856E-01
0.10517612278312078901787475824312E+00 -0.18704993920844404645896142307463E-01
0.93521470734136740010802447267088E-01 -0.16611621788053272598860698001152E-01
0.81863557007291618133419930956816E-01 -0.14517648002836856410542904089867E-01
0.70202790898233837693543340521148E-01 -0.12423146366684962749383200103585E-01
0.58539581808722353743764680072878E-01 -0.10328190695360358163805063383094E-01
0.46874339232105641822372129537872E-01 -0.82328548164030454220573293811144E-02
0.35207472738800615129757613503993E-01 -0.61372125666315165335852666038215E-02
0.23539391961773514402543449706296E-01 -0.40413377896410165968398439115129E-02
0.11870506582020910933641300715877E-01 -0.19453043332991703384295946979573E-02
0.20122631405365086163625747728815E-03 0.15081395276107039358699806460638E-03
-0.11468039108618006156670536759173E-01 0.22469432196507247596676182044304E-02
-0.23136879947996186107701497060179E-01 0.43430096217365726744498304853024E-02
-0.34804886476104301966137636726415E-01 0.64389393191547181184402318021887E-02
-0.46471648989492992398754340542428E-01 0.85346584803264670872738935215470E-02
-0.58136757823741439890549117802711E-01 0.10630093284475547889920322725694E-01
-0.69799803367955588578592230872561E-01 0.12725169924147418215101125273575E-01
-0.81460376079260605822278099757315E-01 0.14819814607729625177452237037426E-01
-0.93118066497289224856037567148067E-01 0.16913953561973952303933010071239E-01
-0.10477246525866411336038090098231E+00 0.19007513034519131567312628576446E-01
-0.11642316311147428410121726423229E+00 0.21100419296415395732331943034184E-01
-0.12806975092974544089634772259831E+00 0.23192598644649240780487376119942E-01
-0.13971181972790339287132065298938E+00 0.25283977404669215495400160978366E-01
-0.15134896067523033885248429591903E+00 0.27374481932912477709760982129668E-01
-0.16298076511031324630188970282975E+00 0.29464038619331703278029121335584E-01
-0.17460682455548444480494558656599E+00 0.31552573889922189942757257935905E-01
-0.18622673073125355919177718036174E+00 0.33640014209249527381513598813067E-01
-0.19784007557073027104271656131437E+00 0.35726286082976983533066549082482E-01
-0.20944645123403804933712571965359E+00 0.37811316060393320469796665328377E-01
-0.22104545012271742496694328273142E+00 0.39895030736939764408794755957876E-01
-0.23263666489411970573740308191240E+00 0.41977356756737454508059548009675E-01
-0.24421968847578890831481492867740E+00 0.44058220815113930604273630957628E-01
-0.25579411407983338231056443982829E+00 0.46137549661128997299524837963301E-01
-0.26735953521728534117650240214768E+00 0.48215270100100664286142814506138E-01
-0.27891554571244783349815260862959E+00 0.50291308996129164809485578942631E-01
-0.29046173971723009698918369387779E+00 0.52365593274621067414884451049827E-01
-0.30199771172546880588031502720263E+00 0.54438049924811850624408705518730E-01
-0.31352305658723642197664963013559E+00 0.56508606002287236235089838881355E-01
-0.32503736952313540126813995237352E+00 0.58577188631503664964614342176576E-01
-0.33654024613857779620513102226889E+00 0.60643725008306889920109687433997E-01
-0.34803128243805025015490172442749E+00 0.62708142402449393758526868908375E-01
-0.35951007483936331281592212476259E+00 0.64770368160106162163809718159161E-01
-0.37097622018788509855757808345809E+00 0.66830329706388256884177024357566E-01
-0.38242931577075877063609889718646E+00 0.68887954547855579528700828491481E-01
-0.39386895933110259744752527042615E+00 0.70943170275026244544479798011152E-01
-0.40529474908219385628656751052536E+00 0.72995904564884958843000004690110E-01
-0.41670628372163420655548309050597E+00 0.75046085183388945318642814820526E-01
-0.42810316244549703284143190272626E+00 0.77093639987971366522371897347728E-01
-0.43948498496245639284737374378271E+00 0.79138496930042343890299741323425E-01
-0.45085135150789679684969629652211E+00 0.81180584057487587503104731586014E-01
-0.46220186285800340546723337404285E+00 0.83219829517164583895223810949130E-01
-0.47353612034383202079332002840396E+00 0.85256161557395433556346400121348E-01
-0.48485372586535893329704712018969E+00 0.87289508530457484143011391571170E-01
-0.49615428190550956957514482951289E+00 0.89319798895070750830675371957038E-01
-0.50743739154416562084229116585755E+00 0.91346961218882083684262942938775E-01
-0.51870265847215071001398785772869E+00 0.93370924180946508442388749793501E-01
-0.52994968700519310094084360632365E+00 0.95391616574205229646579717837386E-01
-0.54117808209786599870745125589070E+00 0.97408967307959853839780718688113E-01
-0.55238744935750464680685734357734E+00 0.99422905410343848106126593156359E-01
-0.56357739505809903223208920117367E+00 0.10143336003078981303125786385082E+00
-0.57474752615416310926080859163863E+00 0.10344026044249327436750926995081E+00
-0.58589745029457893905910347966595E+00 0.10544353604487287570384111031875E+00
-0.59702677583641570062968223714229E+00 0.10744311636602647087597075401941E+00
-0.60813511185872283228355255213367E+00 0.10943893106518317942044910270745E+00
-0.61922206817629785741452921736141E+00 0.11143090993515163696387185277659E+00
-0.63028725535342681650596856601521E+00 0.11341898290476359233315755529518E+00
-0.64133028471759802230706091727526E+00 0.11540308004131420205843774956707E+00
-0.65235076837318819201926129925482E+00 0.11738313155299635198444959367474E+00
-0.66334831921512103257961444904279E+00 0.11935906779133219284561563105730E+00
-0.67432255094249688881829843500985E+00 0.12133081925359892120905012989973E+00
-0.68527307807219379253208734034569E+00 0.12329831658525045355711436693311E+00
-0.69619951595243902097026946959697E+00 0.12526149058233420264416754939257E+00
-0.70710148077635114406531713191050E+00 0.12722027219390265028746298911583E+00
-0.71797858959545147766063702601673E+00 0.12917459252442096513431395096073E+00
-0.72883046033314493025739923426894E+00 0.13112438283616810595624040881958E+00
-0.73965671179816964496744840346779E+00 0.13306957455163418145890162795321E+00
-0.75045696369801511345191642101328E+00 0.13501009925591153790664255171159E+00
-0.76123083665230809128207171904375E+00 0.13694588869908084195459113744361E+00
-0.77197795220616615333297676730902E+00 0.13887687479859272279928575172715E+00
-0.78269793284351732918445166064299E+00 0.14080298964164147504550843155428E+00
-0.79339040200038822225739255362157E+00 0.14272416548753619396187829954975E+00
-0.80405498407815551234296208428994E+00 0.14464033477006347839718479699914E+00
-0.81469130445676572865686811261557E+00 0.14655143009984629677215787827264E+00
-0.82529898950791837811584083557685E+00 0.14845738426669594056814059945812E+00
-0.83587766660821450000612007900200E+00 0.15035813024195805666621048080018E+00
-0.84642696415226946698592987939949E+00 0.15225360118085333795635173843583E+00
-0.85694651156578935287968600469185E+00 0.15414373042481102320149718924016E+00
-0.86743593931861095403103619894814E+00 0.15602845150379695944140683880820E+00
-0.87789487893770470018503614713108E+00 0.15790769813863504635202835112376E+00
-0.88832296302013940876853154116943E+00 0.15978140424332223381520207668807E+00
-0.89871982524601024286133362335376E+00 0.16164950392733697351944060471280E+00
-0.90908510039132700550252316198184E+00 0.16351193149794101063606623328396E+00
-0.91941842434086443144706551799445E+00 0.16536862146247515231747015783355E+00
-0.92971943410097282200989519235210E+00 0.16721950853064705445783036304313E+00
-0.93998776781234864673945259872188E+00 0.16906452761681322150104528400311E+00
-0.95022306476276584567410699688564E+00 0.17090361384225367003317192895893E+00
-0.96042496539976537807375780653458E+00 0.17273670253743937161336939214770E+00
-0.97059311134330444943312822979234E+00 0.17456372924429292715496445141818E+00
-0.98072714539836410452340309872999E+00 0.17638462971844187215041785851682E+00
-0.99082671156751445661992799317645E+00 0.17819933993146468096247978025458E+00
-0.10008914550634381708784087446586E+01 0.18000779607312948174336510399668E+00
-0.10109210223214106631083877951783E+01 0.18180993455362515835135266832540E+00
-0.10209150610117371631351280359846E+01 0.18360569200578532692909215051288E+00
-0.10308732200521464715421149914785E+01 0.18539500528730401194984583347706E+00
-0.10407951496201396158909696362369E+01 0.18717781148294425216414532379023E+00
-0.10506805011652953790157828195126E+01 0.18895404790673888188296946605860E+00
-0.10605289274215296594670209855034E+01 0.19072365210418294866353087517086E+00
-0.10703400824193100439440263366651E+01 0.19248656185441829572642835270119E+00
-0.10801136214978245687591333974908E+01 0.19424271517241117338828477262938E+00
-0.10898492013171036987623743442230E+01 0.19599205031111995061859613427879E+00
-0.10995464798700968384605476746876E+01 0.19773450576365621079309819015285E+00
-0.11092051164947000752091780512413E+01 0.19947002026543677919770138880065E+00
-0.11188247718857380607308864868683E+01 0.20119853279632732486531468684858E+00
-0.11284051081068972491642817592779E+01 0.20291998258277826401453877980800E+00
-0.11379457886026103990820160871886E+01 0.20463430909995130323146830635308E+00
-0.11474464782098934799762013685210E+01 0.20634145207383813460760627930741E+00
-0.11569068431701321574343608825853E+01 0.20804135148336993104915188447989E+00
-0.11663265511408195263836267152149E+01 0.20973394756251813551983112453682E+00
-0.11757052712072442228574335142987E+01 0.21141918080238720971855780693584E+00
-0.11850426738941266853499955827384E+01 0.21309699195329710827032022549380E+00
-0.11943384311772065300673593995202E+01 0.21476732202685830544360122084317E+00
-0.12035922164947772460632652400411E+01 0.21643011229803676004753311153730E+00
-0.12128037047591700972356966864351E+01 0.21808530430720974092299459472558E+00
-0.12219725723681858258858042144446E+01 0.21973283986221334379491234406376E+00
-0.12310984972164740333610369504070E+01 0.22137266104037982250069012563954E+00
-0.12401811587068597669215939198272E+01 0.22300471019056612455158843706682E+00
-0.12492202377616170677962455753176E+01 0.22462892993517250028965684383695E+00
-0.12582154168336884061283661053565E+01 0.22624526317215236642289860163394E+00
-0.12671663799178512108436427065849E+01 0.22785365307701194756686608308360E+00
-0.12760728125618289838894945403791E+01 0.22945404310480050195019373333139E+00
-0.12849344018773484990979855625285E+01 0.23104637699209095747910648314088E+00
-0.12937508365511412921760878113082E+01 0.23263059875895067100515788251605E+00
-0.13025218068558900320186501860329E+01 0.23420665271090236430172948889142E+00
-0.13112470046611191736412462531727E+01 0.23577448344087496005661833036110E+00
-0.13199261234440285817527050064447E+01 0.23733403583114482773638201194062E+00
-0.13285588583002714832445897953968E+01 0.23888525505526639066252015250067E+00
-0.13371449059546748087515930938667E+01 0.24042808657999326956929473789201E+00
-0.13456839647719023092135062160250E+01 0.24196247616718895112383188037648E+00
-0.13541757347670602877862557253517E+01 0.24348836987572650845440190170848E+00
-0.13626199176162439135965671327490E+01 0.24500571406337942965165417683490E+00
-0.13710162166670274454355114483916E+01 0.24651445538870046330934478649920E+00
-0.13793643369488926697697969117622E+01 0.24801454081289139994693367485374E+00
-0.13876639851836005691318126711152E+01 0.24950591760166112543923334907394E+00
-0.13959148697955021362430289528769E+01 0.25098853332707379406705055678422E+00
-0.14041167009217894045233888686281E+01 0.25246233586938627212470460975808E+00
-0.14122691904226866440057026724222E+01 0.25392727341887417816406145415232E+00
-0.14203720518915803151122756209676E+01 0.25538329447764845109724251255857E+00
-0.14284250006650882144827235310493E+01 0.25683034786145919481672394098010E+00
-0.14364277538330679821934336516136E+01 0.25826838270149062312531873488449E+00
-0.14443800302485621153462582034210E+01 0.25969734844614308082833369306896E+00
-0.14522815505376832012742784129000E+01 0.26111719486280546005046179009052E+00
-0.14601320371094348448131964567009E+01 0.26252787203961595105801224738163E+00
-0.14679312141654709160074406433325E+01 0.26392933038721111383016948819082E+00
-0.14756788077097913231606940842953E+01 0.26532152064046456457989602068627E+00
-0.14833745455583743828908359383782E+01 0.26670439386021371193890524828940E+00
-0.14910181573487457915412121790194E+01 0.26807790143497545796744022240677E+00
-0.14986093745494827791700410378711E+01 0.26944199508265028999492378833344E+00
-0.15061479304696544652889946513684E+01 0.27079662685221483021073107584244E+00
-0.15136335602681973149174664029254E+01 0.27214174912540296709879822791785E+00
-0.15210660009632252336306384234301E+01 0.27347731461837513581492357241873E+00
-0.15284449914412746776479953168929E+01 0.27480327638337642755487141894121E+00
-0.15357702724664834983624318470492E+01 0.27611958781038210241644562237730E+00
-0.15430415866897044297187314220218E+01 0.27742620262873215918104084982299E+00
-0.15502586786575515501556552053176E+01 0.27872307490875347005251978278146E+00
-0.15574212948213803277805187142970E+01 0.28001015906337041364655717024908E+00
-0.15645291835462007295876395213503E+01 0.28128740984970299170054836383201E+00
-0.15715820951195228768887040420934E+01 0.28255478237065336108661903811893E+00
-0.15785797817601351348233293037254E+01 0.28381223207648043365306422656037E+00
-0.15855219976268144567465602661440E+01 0.28505971476636152758812031071409E+00
-0.15924084988269677636198144984704E+01 0.28629718658994267669594472609254E+00
-0.15992390434252061109809728962191E+01 0.28752460404887623403444325667582E+00
-0.16060133914518484355222525461254E+01 0.28874192399834613341052319812076E+00
-0.16127313049113573696651602631163E+01 0.28994910364858115463252758173427E+00
-0.16193925477907053474305263995557E+01 0.29114610056635528152363381561096E+00
-0.16259968860676703609537566881120E+01 0.29233287267647595678842084635767E+00
-0.16325440877190627130220758446823E+01 0.29350937826325952770252809183211E+00
-0.16390339227288805497568599632376E+01 0.29467557597199431134844060227495E+00
-0.16454661630963951896582789558888E+01 0.29583142481039112783722825738296E+00
-0.16518405828441660724097075308601E+01 0.29697688415002059969483047804878E+00
-0.16581569580259833467373535179660E+01 0.29811191372773852328985685054519E+00
-0.16644150667347403743268870782000E+01 0.29923647364709770222354329976929E+00
-0.16706146891102335128493040222438E+01 0.30035052437974726604592090326925E+00
-0.16767556073468904490008732135799E+01 0.30145402676681931204142076005294E+00
-0.16828376057014262004865966003398E+01 0.30254694202030235319072471591677E+00
-0.16888604705004262757198896779409E+01 0.30362923172440150617248919116065E+00
-0.16948239901478577179835453192458E+01 0.30470085783688633389441370595761E+00
-0.17007279551325063552884592383938E+01 0.30576178269042502673732381663671E+00
-0.17065721580353412419163596223679E+01 0.30681196899390566511490331506194E+00
-0.17123563935368053770735179978118E+01 0.30785137983374433590943830789224E+00
-0.17180804584240325184205446357768E+01 0.30887997867517992246979603355841E+00
-0.17237441515979901886171524720950E+01 0.30989772936355572252816518971482E+00
-0.17293472740805480091833157182788E+01 0.31090459612558764819166903281642E+00
-0.17348896290214716942212424600473E+01 0.31190054357061912029353906477631E+00
-0.17403710217053422789355083473686E+01 0.31288553669186270441130321703020E+00
-0.17457912595583999400314065715783E+01 0.31385954086762782387383324879873E+00
-0.17511501521553130120228784241847E+01 0.31482252186253566760443731120585E+00
-0.17564475112258711278016291150105E+01 0.31577444582871998686005991814813E+00
-0.17616831506616026181010895142126E+01 0.31671527930701445426316087445798E+00
-0.17668568865223161467722822166328E+01 0.31764498922812665482769861437166E+00
-0.17719685370425656798023135292514E+01 0.31856354291379808548648690277205E+00
-0.17770179226380395779332027749722E+01 0.31947090807795067416224800127428E+00
-0.17820048659118724747571850432254E+01 0.32036705282781928780749468737658E+00
-0.17869291916608804914790450282522E+01 0.32125194566507086418940447381441E+00
-0.17917907268817194307001894199049E+01 0.32212555548690932794463894440655E+00
-0.17965893007769654086731074138968E+01 0.32298785158716676444178427905085E+00
-0.18013247447611180935485096093558E+01 0.32383880365738094269037327017746E+00
-0.18059968924665262334403188416950E+01 0.32467838178785830374333542685820E+00
-0.18106055797492347632778569570006E+01 0.32550655646872376711678306664868E+00
-0.18151506446947547599980125490776E+01 0.32632329859095565391635993913221E+00
-0.18196319276237535904542221156696E+01 0.32712857944740732754564134337180E+00
-0.18240492710976679238168366164955E+01 0.32792237073381430801348209987234E+00
-0.18284025199242369315413427260215E+01 0.32870464454978716013994981701714E+00
-0.18326915211629569944862761630724E+01 0.32947537339979074777225177563968E+00
-0.18369161241304572095667908065288E+01 0.33023453019410865910531697634408E+00
-0.18410761804057954683356196696011E+01 0.33098208824979395994638506137029E+00
-0.18451715438356751145929300634518E+01 0.33171802129160522551791247744507E+00
-0.18492020705395817580111705786340E+01 0.33244230345292852377543194815463E+00
-0.18531676189148402493876179953519E+01 0.33315490927668509486658192597571E+00
-0.18570680496415916774636662106274E+01 0.33385581371622445963701875613681E+00
-0.18609032256876899819410800313530E+01 0.33454499213620344258502162619098E+00
-0.18646730123135182915251067067684E+01 0.33522242031345033603522306459132E+00
-0.18683772770767244562165273336351E+01 0.33588807443781512260061294965374E+00
-0.18720158898368761548559014140958E+01 0.33654193111300479444756333873218E+00
-0.18755887227600348165802444650772E+01 0.33718396735740432476374563784609E+00
-0.18790956503232486058737485527181E+01 0.33781416060488312329926486524631E+00
-0.18825365493189640247292609983691E+01 0.33843248870558684443578078696194E+00
-0.18859112988593564063530860382892E+01 0.33903892992671466295495642216219E+00
-0.18892197803805786249908172086620E+01 0.33963346295328182828647942933275E+00
-0.18924618776469281923832934827446E+01 0.34021606688886761861134922301691E+00
-0.18956374767549325143199848015584E+01 0.34078672125634867076775395311553E+00
-0.18987464661373522970199560609022E+01 0.34134540599861745072491469727876E+00
-0.19017887365671025901857814881795E+01 0.34189210147928613375528742957373E+00
-0.19047641811610917975492208534304E+01 0.34242678848337566516123439980119E+00
-0.19076726953839782392335790859232E+01 0.34294944821799000203020836676450E+00
-0.19105141770518440959607196750990E+01 0.34346006231297560591048251426643E+00
-0.19132885263357868618683541079182E+01 0.34395861282156611044785059136564E+00
-0.19159956457654279137798757420723E+01 0.34444508222101202999348835808473E+00
-0.19186354402323381913595889839881E+01 0.34491945341319574557318293731770E+00
-0.19212078169933809449154065590124E+01 0.34538170972523148479415581969603E+00
-0.19237126856739712388304546075459E+01 0.34583183491005038534593782839245E+00
-0.19261499582712522644058300899817E+01 0.34626981314697068267363230014962E+00
-0.19285195491571882958635910541396E+01 0.34669562904225289366747825478326E+00
-0.19308213750815741857109261712773E+01 0.34710926762964002400107628560509E+00
-0.19330553551749612497926533274793E+01 0.34751071437088270951077399132466E+00
-0.19352214109514994279350352192731E+01 0.34789995515624953580537877143716E+00
-0.19373194663116958764922073568507E+01 0.34827697630502209455453537479299E+00
-0.19393494475450894217512451105817E+01 0.34864176456597510563039741301657E+00
-0.19413112833328412230138915602622E+01 0.34899430711784147116611297015324E+00
-0.19432049047502413270156230591942E+01 0.34933459156976218493172406117002E+00
-0.19450302452691310502785728164633E+01 0.34966260596172120750001379058519E+00
-0.19467872407602411928341562555746E+01 0.34997833876496516010515930385569E+00
-0.19484758294954458747111338887516E+01 0.35028177888240791860087912465429E+00
-0.19500959521499320175628374294533E+01 0.35057291564902007739274683647030E+00
-0.19516475518042843809220992182197E+01 0.35085173883220317459335591659759E+00
-0.19531305739464859545423120775731E+01 0.35111823863214885846338943721895E+00
-0.19545449664738339095734443151221E+01 0.35137240568218276451533170284335E+00
-0.19558906796947707080652344365546E+01 0.35161423104909323277670924706824E+00
-0.19571676663306305474688696301120E+01 0.35184370623344485120916074127079E+00
-0.19583758815173010446426823656222E+01 0.35206082316987666695909761923977E+00
-0.19595152828067999222206051194398E+01 0.35226557422738536359633765973749E+00
-0.19605858301687669720874645098589E+01 0.35245795220959277060511502168080E+00
-0.19615874859918707510902882613042E+01 0.35263795035499925351065365059791E+00
-0.19625202150851309057928018342832E+01 0.35280556233721861506489735122163E+00
-0.19633839846791537188074281955870E+01 0.35296078226520700885779584034808E+00
-0.19641787644272873335465619094463E+01 0.35310360468345006794380099313421E+00
-0.19649045264066782403712804753705E+01 0.35323402457221038167976340450860E+00
-0.19653500118299728629707258279305E+01 0.35331407858895123937506178241465E+00
-0.19657648043509188094388617211489E+01 0.35338861707360476569738313876151E+00
-0.19661488974926930830195090171114E+01 0.35345763886181124562756407560431E+00
-0.19665022852578308138653385686929E+01 0.35352114287538985520188035634960E+00
-0.19668249621283195576718711491745E+01 0.35357912812235206816227138121114E+00
-0.19671322898307499377112746229474E+01 0.35363435511484622738738106610618E+00
-0.19674396335309596232355818331707E+01 0.35368958498330323964458772948850E+00
-0.19677469932294482898589985415950E+01 0.35374481772781354002351207134318E+00
-0.19680543689267162102423466465616E+01 0.35380005334846427643957544866341E+00
-0.19683617606232618259821751599400E+01 0.35385529184535285938112418638250E+00
-0.19680543689267162102423466465616E+01 0.35380005334846427643957544866341E+00
-0.19677469932294482898589985415950E+01 0.35374481772781354002351207134318E+00
-0.19674396335309596232355818331707E+01 0.35368958498330323964458772948850E+00
-0.19671322898307499377112746229474E+01 0.35363435511484622738738106610618E+00
-0.19668249621283195576718711491745E+01 0.35357912812235206816227138121114E+00
-0.19665022852578308138653385686929E+01 0.35352114287538985520188035634960E+00
-0.19661488974926930830195090171114E+01 0.35345763886181124562756407560431E+00
-0.19657648043509188094388617211489E+01 0.35338861707360476569738313876151E+00
-0.19653500118299728629707258279305E+01 0.35331407858895123937506178241465E+00
-0.19649045264066782403712804753705E+01 0.35323402457221038167976340450860E+00
-0.19641787644272873335465619094463E+01 0.35310360468345006794380099313421E+00
-0.19633839846791537188074281955870E+01 0.35296078226520700885779584034808E+00
-0.19625202150851309057928018342832E+01 0.35280556233721861506489735122163E+00
-0.19615874859918707510902882613042E+01 0.35263795035499925351065365059791E+00
-0.19605858301687669720874645098589E+01 0.35245795220959277060511502168080E+00
-0.19595152828067999222206051194398E+01 0.35226557422738536359633765973749E+00
-0.19583758815173010446426823656222E+01 0.35206082316987666695909761923977E+00
-0.19571676663306305474688696301120E+01 0.35184370623344485120916074127079E+00
-0.19558906796947707080652344365546E+01 0.35161423104909323277670924706824E+00
-0.19545449664738339095734443151221E+01 0.35137240568218276451533170284335E+00
-0.19531305739464859545423120775731E+01 0.35111823863214885846338943721895E+00
-0.19516475518042843809220992182197E+01 0.35085173883220317459335591659759E+00
-0.19500959521499320175628374294533E+01 0.35057291564902007739274683647030E+00
-0.19484758294954458747111338887516E+01 0.35028177888240791860087912465429E+00
-0.19467872407602411928341562555746E+01 0.34997833876496516010515930385569E+00
-0.19450302452691310502785728164633E+01 0.34966260596172120750001379058519E+00
-0.19432049047502413270156230591942E+01 0.34933459156976218493172406117002E+00
-0.19413112833328412230138915602622E+01 0.34899430711784147116611297015324E+00
-0.19393494475450894217512451105817E+01 0.34864176456597510563039741301657E+00
-0.19373194663116958764922073568507E+01 0.34827697630502209455453537479299E+00
-0.19352214109514994279350352192731E+01 0.34789995515624953580537877143716E+00
-0.19330553551749612497926533274793E+01 0.34751071437088270951077399132466E+00
-0.19308213750815741857109261712773E+01 0.34710926762964002400107628560509E+00
-0.19285195491571882958635910541396E+01 0.34669562904225289366747825478326E+00
-0.19261499582712522644058300899817E+01 0.34626981314697068267363230014962E+00
-0.19237126856739712388304546075459E+01 0.34583183491005038534593782839245E+00
-0.19212078169933809449154065590124E+01 0.34538170972523148479415581969603E+00
-0.19186354402323381913595889839881E+01 0.34491945341319574557318293731770E+00
-0.19159956457654279137798757420723E+01 0.34444508222101202999348835808473E+00
-0.19132885263357868618683541079182E+01 0.34395861282156611044785059136564E+00
-0.19105141770518440959607196750990E+01 0.34346006231297560591048251426643E+00
-0.19076726953839782392335790859232E+01 0.34294944821799000203020836676450E+00
-0.19047641811610917975492208534304E+01 0.34242678848337566516123439980119E+00
-0.19017887365671025901857814881795E+01 0.34189210147928613375528742957373E+00
-0.18987464661373522970199560609022E+01 0.34134540599861745072491469727876E+00
-0.18956374767549325143199848015584E+01 0.34078672125634867076775395311553E+00
-0.18924618776469281923832934827446E+01 0.34021606688886761861134922301691E+00
-0.18892197803805786249908172086620E+01 0.33963346295328182828647942933275E+00
-0.18859112988593564063530860382892E+01 0.33903892992671466295495642216219E+00
-0.18825365493189640247292609983691E+01 0.33843248870558684443578078696194E+00
-0.18790956503232486058737485527181E+01 0.33781416060488312329926486524631E+00
-0.18755887227600348165802444650772E+01 0.33718396735740432476374563784609E+00
-0.18720158898368761548559014140958E+01 0.33654193111300479444756333873218E+00
-0.18683772770767244562165273336351E+01 0.33588807443781512260061294965374E+00
-0.18646730123135182915251067067684E+01 0.33522242031345033603522306459132E+00
-0.18609032256876899819410800313530E+01 0.33454499213620344258502162619098E+00
-0.18570680496415916774636662106274E+01 0.33385581371622445963701875613681E+00
-0.18531676189148402493876179953519E+01 0.33315490927668509486658192597571E+00
-0.18492020705395817580111705786340E+01 0.33244230345292852377543194815463E+00
-0.18451715438356751145929300634518E+01 0.33171802129160522551791247744507E+00
-0.18410761804057954683356196696011E+01 0.33098208824979395994638506137029E+00
-0.18369161241304572095667908065288E+01 0.33023453019410865910531697634408E+00
-0.18326915211629569944862761630724E+01 0.32947537339979074777225177563968E+00
-0.18284025199242369315413427260215E+01 0.32870464454978716013994981701714E+00
-0.18240492710976679238168366164955E+01 0.32792237073381430801348209987234E+00
-0.18196319276237535904542221156696E+01 0.32712857944740732754564134337180E+00
-0.18151506446947547599980125490776E+01 0.32632329859095565391635993913221E+00
-0.18106055797492347632778569570006E+01 0.32550655646872376711678306664868E+00
-0.18059968924665262334403188416950E+01 0.32467838178785830374333542685820E+00
-0.18013247447611180935485096093558E+01 0.32383880365738094269037327017746E+00
-0.17965893007769654086731074138968E+01 0.32298785158716676444178427905085E+00
-0.17917907268817194307001894199049E+01 0.32212555548690932794463894440655E+00
-0.17869291916608804914790450282522E+01 0.32125194566507086418940447381441E+00
-0.17820048659118724747571850432254E+01 0.32036705282781928780749468737658E+00
-0.17770179226380395779332027749722E+01 0.31947090807795067416224800127428E+00
-0.17719685370425656798023135292514E+01 0.31856354291379808548648690277205E+00
-0.17668568865223161467722822166328E+01 0.31764498922812665482769861437166E+00
-0.17616831506616026181010895142126E+01 0.31671527930701445426316087445798E+00
-0.17564475112258711278016291150105E+01 0.31577444582871998686005991814813E+00
-0.17511501521553130120228784241847E+01 0.31482252186253566760443731120585E+00
-0.17457912595583999400314065715783E+01 0.31385954086762782387383324879873E+00
-0.17403710217053422789355083473686E+01 0.31288553669186270441130321703020E+00
-0.17348896290214716942212424600473E+01 0.31190054357061912029353906477631E+00
-0.17293472740805480091833157182788E+01 0.31090459612558764819166903281642E+00
-0.17237441515979901886171524720950E+01 0.30989772936355572252816518971482E+00
-0.17180804584240325184205446357768E+01 0.30887997867517992246979603355841E+00
-0.17123563935368053770735179978118E+01 0.30785137983374433590943830789224E+00
-0.17065721580353412419163596223679E+01 0.30681196899390566511490331506194E+00
-0.17007279551325063552884592383938E+01 0.30576178269042502673732381663671E+00
-0.16948239901478577179835453192458E+01 0.30470085783688633389441370595761E+00
-0.16888604705004262757198896779409E+01 0.30362923172440150617248919116065E+00
-0.16828376057014262004865966003398E+01 0.30254694202030235319072471591677E+00
-0.16767556073468904490008732135799E+01 0.30145402676681931204142076005294E+00
-0.16706146891102335128493040222438E+01 0.30035052437974726604592090326925E+00
-0.16644150667347403743268870782000E+01 0.29923647364709770222354329976929E+00
-0.16581569580259833467373535179660E+01 0.29811191372773852328985685054519E+00
-0.16518405828441660724097075308601E+01 0.29697688415002059969483047804878E+00
-0.16454661630963951896582789558888E+01 0.29583142481039112783722825738296E+00
-0.16390339227288805497568599632376E+01 0.29467557597199431134844060227495E+00
-0.16325440877190627130220758446823E+01 0.29350937826325952770252809183211E+00
-0.16259968860676703609537566881120E+01 0.29233287267647595678842084635767E+00
-0.16193925477907053474305263995557E+01 0.29114610056635528152363381561096E+00
-0.16127313049113573696651602631163E+01 0.28994910364858115463252758173427E+00
-0.16060133914518484355222525461254E+01 0.28874192399834613341052319812076E+00
-0.15992390434252061109809728962191E+01 0.28752460404887623403444325667582E+00
-0.15924084988269677636198144984704E+01 0.28629718658994267669594472609254E+00
-0.15855219976268144567465602661440E+01 0.28505971476636152758812031071409E+00
-0.15785797817601351348233293037254E+01 0.28381223207648043365306422656037E+00
-0.15715820951195228768887040420934E+01 0.28255478237065336108661903811893E+00
-0.15645291835462007295876395213503E+01 0.28128740984970299170054836383201E+00
-0.15574212948213803277805187142970E+01 0.28001015906337041364655717024908E+00
-0.15502586786575515501556552053176E+01 0.27872307490875347005251978278146E+00
-0.15430415866897044297187314220218E+01 0.27742620262873215918104084982299E+00
-0.15357702724664834983624318470492E+01 0.27611958781038210241644562237730E+00
-0.15284449914412746776479953168929E+01 0.27480327638337642755487141894121E+00
-0.15210660009632252336306384234301E+01 0.27347731461837513581492357241873E+00
-0.15136335602681973149174664029254E+01 0.27214174912540296709879822791785E+00
-0.15061479304696544652889946513684E+01 0.27079662685221483021073107584244E+00
-0.14986093745494827791700410378711E+01 0.26944199508265028999492378833344E+00
-0.14910181573487457915412121790194E+01 0.26807790143497545796744022240677E+00
-0.14833745455583743828908359383782E+01 0.26670439386021371193890524828940E+00
-0.14756788077097913231606940842953E+01 0.26532152064046456457989602068627E+00
-0.14679312141654709160074406433325E+01 0.26392933038721111383016948819082E+00
-0.14601320371094348448131964567009E+01 0.26252787203961595105801224738163E+00
-0.14522815505376832012742784129000E+01 0.26111719486280546005046179009052E+00
-0.14443800302485621153462582034210E+01 0.25969734844614308082833369306896E+00
-0.14364277538330679821934336516136E+01 0.25826838270149062312531873488449E+00
-0.14284250006650882144827235310493E+01 0.25683034786145919481672394098010E+00
-0.14203720518915803151122756209676E+01 0.25538329447764845109724251255857E+00
-0.14122691904226866440057026724222E+01 0.25392727341887417816406145415232E+00
-0.14041167009217894045233888686281E+01 0.25246233586938627212470460975808E+00
-0.13959148697955021362430289528769E+01 0.25098853332707379406705055678422E+00
-0.13876639851836005691318126711152E+01 0.24950591760166112543923334907394E+00
-0.13793643369488926697697969117622E+01 0.24801454081289139994693367485374E+00
-0.13710162166670274454355114483916E+01 0.24651445538870046330934478649920E+00
-0.13626199176162439135965671327490E+01 0.24500571406337942965165417683490E+00
-0.13541757347670602877862557253517E+01 0.24348836987572650845440190170848E+00
-0.13456839647719023092135062160250E+01 0.24196247616718895112383188037648E+00
-0.13371449059546748087515930938667E+01 0.24042808657999326956929473789201E+00
-0.13285588583002714832445897953968E+01 0.23888525505526639066252015250067E+00
-0.13199261234440285817527050064447E+01 0.23733403583114482773638201194062E+00
-0.13112470046611191736412462531727E+01 0.23577448344087496005661833036110E+00
-0.13025218068558900320186501860329E+01 0.23420665271090236430172948889142E+00
-0.12937508365511412921760878113082E+01 0.23263059875895067100515788251605E+00
-0.12849344018773484990979855625285E+01 0.23104637699209095747910648314088E+00
-0.12760728125618289838894945403791E+01 0.22945404310480050195019373333139E+00
-0.12671663799178512108436427065849E+01 0.22785365307701194756686608308360E+00
-0.12582154168336884061283661053565E+01 0.22624526317215236642289860163394E+00
-0.12492202377616170677962455753176E+01 0.22462892993517250028965684383695E+00
-0.12401811587068597669215939198272E+01 0.22300471019056612455158843706682E+00
-0.12310984972164740333610369504070E+01 0.22137266104037982250069012563954E+00
-0.12219725723681858258858042144446E+01 0.21973283986221334379491234406376E+00
-0.12128037047591700972356966864351E+01 0.21808530430720974092299459472558E+00
-0.12035922164947772460632652400411E+01 0.21643011229803676004753311153730E+00
-0.11943384311772065300673593995202E+01 0.21476732202685830544360122084317E+00
-0.11850426738941266853499955827384E+01 0.21309699195329710827032022549380E+00
-0.11757052712072442228574335142987E+01 0.21141918080238720971855780693584E+00
-0.11663265511408195263836267152149E+01 0.20973394756251813551983112453682E+00
-0.11569068431701321574343608825853E+01 0.20804135148336993104915188447989E+00
-0.11474464782098934799762013685210E+01 0.20634145207383813460760627930741E+00
-0.11379457886026103990820160871886E+01 0.20463430909995130323146830635308E+00
-0.11284051081068972491642817592779E+01 0.20291998258277826401453877980800E+00
-0.11188247718857380607308864868683E+01 0.20119853279632732486531468684858E+00
-0.11092051164947000752091780512413E+01 0.19947002026543677919770138880065E+00
-0.10995464798700968384605476746876E+01 0.19773450576365621079309819015285E+00
-0.10898492013171036987623743442230E+01 0.19599205031111995061859613427879E+00
-0.10801136214978245687591333974908E+01 0.19424271517241117338828477262938E+00
-0.10703400824193100439440263366651E+01 0.19248656185441829572642835270119E+00
-0.10605289274215296594670209855034E+01 0.19072365210418294866353087517086E+00
-0.10506805011652953790157828195126E+01 0.18895404790673888188296946605860E+00
-0.10407951496201396158909696362369E+01 0.18717781148294425216414532379023E+00
-0.10308732200521464715421149914785E+01 0.18539500528730401194984583347706E+00
-0.10209150610117371631351280359846E+01 0.18360569200578532692909215051288E+00
-0.10109210223214106631083877951783E+01 0.18180993455362515835135266832540E+00
-0.10008914550634381708784087446586E+01 0.18000779607312948174336510399668E+00
-0.99082671156751445661992799317645E+00 0.17819933993146468096247978025458E+00
-0.98072714539836410452340309872999E+00 0.17638462971844187215041785851682E+00
-0.97059311134330444943312822979234E+00 0.17456372924429292715496445141818E+00
-0.96042496539976537807375780653458E+00 0.17273670253743937161336939214770E+00
-0.95022306476276584567410699688564E+00 0.17090361384225367003317192895893E+00
-0.93998776781234864673945259872188E+00 0.16906452761681322150104528400311E+00
-0.92971943410097282200989519235210E+00 0.16721950853064705445783036304313E+00
-0.91941842434086443144706551799445E+00 0.16536862146247515231747015783355E+00
-0.90908510039132700550252316198184E+00 0.16351193149794101063606623328396E+00
-0.89871982524601024286133362335376E+00 0.16164950392733697351944060471280E+00
-0.88832296302013940876853154116943E+00 0.15978140424332223381520207668807E+00
-0.87789487893770470018503614713108E+00 0.15790769813863504635202835112376E+00
-0.86743593931861095403103619894814E+00 0.15602845150379695944140683880820E+00
-0.85694651156578935287968600469185E+00 0.15414373042481102320149718924016E+00
-0.84642696415226946698592987939949E+00 0.15225360118085333795635173843583E+00
-0.83587766660821450000612007900200E+00 0.15035813024195805666621048080018E+00
-0.82529898950791837811584083557685E+00 0.14845738426669594056814059945812E+00
-0.81469130445676572865686811261557E+00 0.14655143009984629677215787827264E+00
-0.80405498407815551234296208428994E+00 0.14464033477006347839718479699914E+00
-0.79339040200038822225739255362157E+00 0.14272416548753619396187829954975E+00
-0.78269793284351732918445166064299E+00 0.14080298964164147504550843155428E+00
-0.77197795220616615333297676730902E+00 0.13887687479859272279928575172715E+00
-0.76123083665230809128207171904375E+00 0.13694588869908084195459113744361E+00
-0.75045696369801511345191642101328E+00 0.13501009925591153790664255171159E+00
-0.73965671179816964496744840346779E+00 0.13306957455163418145890162795321E+00
-0.72883046033314493025739923426894E+00 0.13112438283616810595624040881958E+00
-0.71797858959545147766063702601673E+00 0.12917459252442096513431395096073E+00
-0.70710148077635114406531713191050E+00 0.12722027219390265028746298911583E+00
-0.69619951595243902097026946959697E+00 0.12526149058233420264416754939257E+00
-0.68527307807219379253208734034569E+00 0.12329831658525045355711436693311E+00
-0.67432255094249688881829843500985E+00 0.12133081925359892120905012989973E+00
-0.66334831921512103257961444904279E+00 0.11935906779133219284561563105730E+00
-0.65235076837318819201926129925482E+00 0.11738313155299635198444959367474E+00
-0.64133028471759802230706091727526E+00 0.11540308004131420205843774956707E+00
-0.63028725535342681650596856601521E+00 0.11341898290476359233315755529518E+00
-0.61922206817629785741452921736141E+00 0.11143090993515163696387185277659E+00
-0.60813511185872283228355255213367E+00 0.10943893106518317942044910270745E+00
-0.59702677583641570062968223714229E+00 0.10744311636602647087597075401941E+00
-0.58589745029457893905910347966595E+00 0.10544353604487287570384111031875E+00
-0.57474752615416310926080859163863E+00 0.10344026044249327436750926995081E+00
-0.56357739505809903223208920117367E+00 0.10143336003078981303125786385082E+00
-0.55238744935750464680685734357734E+00 0.99422905410343848106126593156359E-01
-0.54117808209786599870745125589070E+00 0.97408967307959853839780718688113E-01
-0.52994968700519310094084360632365E+00 0.95391616574205229646579717837386E-01
-0.51870265847215071001398785772869E+00 0.93370924180946508442388749793501E-01
-0.50743739154416562084229116585755E+00 0.91346961218882083684262942938775E-01
-0.49615428190550956957514482951289E+00 0.89319798895070750830675371957038E-01
-0.48485372586535893329704712018969E+00 0.87289508530457484143011391571170E-01
-0.47353612034383202079332002840396E+00 0.85256161557395433556346400121348E-01
-0.46220186285800340546723337404285E+00 0.83219829517164583895223810949130E-01
-0.45085135150789679684969629652211E+00 0.81180584057487587503104731586014E-01
-0.43948498496245639284737374378271E+00 0.79138496930042343890299741323425E-01
-0.42810316244549703284143190272626E+00 0.77093639987971366522371897347728E-01
-0.41670628372163420655548309050597E+00 0.75046085183388945318642814820526E-01
-0.40529474908219385628656751052536E+00 0.72995904564884958843000004690110E-01
-0.39386895933110259744752527042615E+00 0.70943170275026244544479798011152E-01
-0.38242931577075877063609889718646E+00 0.68887954547855579528700828491481E-01
-0.37097622018788509855757808345809E+00 0.66830329706388256884177024357566E-01
-0.35951007483936331281592212476259E+00 0.64770368160106162163809718159161E-01
-0.34803128243805025015490172442749E+00 0.62708142402449393758526868908375E-01
-0.33654024613857779620513102226889E+00 0.60643725008306889920109687433997E-01
-0.32503736952313540126813995237352E+00 0.58577188631503664964614342176576E-01
-0.31352305658723642197664963013559E+00 0.56508606002287236235089838881355E-01
-0.30199771172546880588031502720263E+00 0.54438049924811850624408705518730E-01
-0.29046173971723009698918369387779E+00 0.52365593274621067414884451049827E-01
-0.27891554571244783349815260862959E+00 0.50291308996129164809485578942631E-01
-0.26735953521728534117650240214768E+00 0.48215270100100664286142814506138E-01
-0.25579411407983338231056443982829E+00 0.46137549661128997299524837963301E-01
-0.24421968847578890831481492867740E+00 0.44058220815113930604273630957628E-01
-0.23263666489411970573740308191240E+00 0.41977356756737454508059548009675E-01
-0.22104545012271742496694328273142E+00 0.39895030736939764408794755957876E-01
-0.20944645123403804933712571965359E+00 0.37811316060393320469796665328377E-01
-0.19784007557073027104271656131437E+00 0.35726286082976983533066549082482E-01
-0.18622673073125355919177718036174E+00 0.33640014209249527381513598813067E-01
-0.17460682455548444480494558656599E+00 0.31552573889922189942757257935905E-01
-0.16298076511031324630188970282975E+00 0.29464038619331703278029121335584E-01
-0.15134896067523033885248429591903E+00 0.27374481932912477709760982129668E-01
-0.13971181972790339287132065298938E+00 0.25283977404669215495400160978366E-01
-0.12806975092974544089634772259831E+00 0.23192598644649240780487376119942E-01
-0.11642316311147428410121726423229E+00 0.21100419296415395732331943034184E-01
-0.10477246525866411336038090098231E+00 0.19007513034519131567312628576446E-01
-0.93118066497289224856037567148067E-01 0.16913953561973952303933010071239E-01
-0.81460376079260605822278099757315E-01 0.14819814607729625177452237037426E-01
-0.69799803367955588578592230872561E-01 0.12725169924147418215101125273575E-01
-0.58136757823741439890549117802711E-01 0.10630093284475547889920322725694E-01
-0.46471648989492992398754340542428E-01 0.85346584803264670872738935215470E-02
-0.34804886476104301966137636726415E-01 0.64389393191547181184402318021887E-02
-0.23136879947996186107701497060179E-01 0.43430096217365726744498304853024E-02
-0.11468039108618006156670536759173E-01 0.22469432196507247596676182044304E-02
0.20122631405365086163625747728815E-03 0.15081395276107039358699806460638E-03
0.11870506582020910933641300715877E-01 -0.19453043332991703384295946979573E-02
0.23539391961773514402543449706296E-01 -0.40413377896410165968398439115129E-02
0.35207472738800615129757613503993E-01 -0.61372125666315165335852666038215E-02
0.46874339232105641822372129537872E-01 -0.82328548164030454220573293811144E-02
0.58539581808722353743764680072878E-01 -0.10328190695360358163805063383094E-01
0.70202790898233837693543340521148E-01 -0.12423146366684962749383200103585E-01
0.81863557007291618133419930956816E-01 -0.14517648002836856410542904089867E-01
0.93521470734136740010802447267088E-01 -0.16611621788053272598860698001152E-01
0.10517612278312078901787475824312E+00 -0.18704993920844404645896142307463E-01
0.11682710397922720047264117058739E+00 -0.20797690616485735985242746401856E-01
0.12847400528259242820016726488199E+00 -0.22889638109507393209442609979457E-01
0.14011641780302656247880497717734E+00 -0.24980762656179089754123724685628E-01
0.15175393281453294890024355371702E+00 -0.27070990536992117409873722982726E-01
0.16338614176982629059658233097339E+00 -0.29160248059136897278001022744920E-01
0.17501263631484934057166046042802E+00 -0.31248461558976405737065942195388E-01
0.18663300830328749283124719184442E+00 -0.33335557404515261819918442858256E-01
0.19824684981108071394379437314499E+00 -0.35421461997864364319534301216110E-01
0.20985375315093326148313597410486E+00 -0.37506101777700605796948423912293E-01
0.22145331088681962427259157965976E+00 -0.39589403221721722210738172975388E-01
0.23304511584848801116840945754055E+00 -0.41671292849095806384498911826161E-01
0.24462876114595896921232173800956E+00 -0.43751697222905774543877116521581E-01
0.25620384018402099697077440893895E+00 -0.45830542952587633239299472940704E-01
0.26776994667672146085059398820713E+00 -0.47907756696363457763828249522256E-01
0.27932667466185230841741132631746E+00 -0.49983265163668079906567254840785E-01
0.29087361851543209179383751937310E+00 -0.52056995117569147503841183258806E-01
0.30241037296618153021624692274041E+00 -0.54128873377181366649969727977251E-01
0.31393653310999436879703742805858E+00 -0.56198826820073103781558590475973E-01
0.32545169442440232784584453159396E+00 -0.58266782384666473633829998660320E-01
0.33695545278303385533420932436845E+00 -0.60332667072629961693687220505380E-01
0.34844740447006705970743540512232E+00 -0.62396407951263258734451942161793E-01
0.35992714619467582247237224904904E+00 -0.64457932155874596744129049843514E-01
0.37139427510546941996261491572467E+00 -0.66517166892149529558865692135860E-01
0.38284838880492553804608247715761E+00 -0.68574039438511594332256668513712E-01
0.39428908536381532212545403747126E+00 -0.70628477148474191747159710573345E-01
0.40571596333562257725066195904558E+00 -0.72680407452982822493653774688079E-01
0.41712862177095449079679869132529E+00 -0.74729757862749089947984970888014E-01
0.42852666023194509192705526785296E+00 -0.76776455970574010727995072228914E-01
0.43990967880665121371837217688569E+00 -0.78820429453661638495592646832861E-01
0.45127727812344062476677674737822E+00 -0.80861606075922285743157151387301E-01
0.46262905936537226028620915854032E+00 -0.82899913690265186412884081418979E-01
0.47396462428456825569950245060810E+00 -0.84935280240879760438936737246078E-01
0.48528357521657842485456565403410E+00 -0.86967633765505388796566823857761E-01
0.49658551509473631584198176172607E+00 -0.88996902397689731515947649772731E-01
0.50787004746450717311907661408539E+00 -0.91023014369034126105664179789297E-01
0.51913677649782824025696668556306E+00 -0.93045898011426695234986282998448E-01
0.53038530700744040997975943168343E+00 -0.95065481759262261005630898818381E-01
0.54161524446121225818326887128006E+00 -0.97081694151648436405957197369348E-01
0.55282619499645634692439635809844E+00 -0.99094463834597780390197339746291E-01
0.56401776543423692728874504125911E+00 -0.10110371956320559596639335573046E+00
0.57518956329367081977913239166298E+00 -0.10310939020381216836403825269467E+00
0.58634119680622030845549369674659E+00 -0.10511140473614994227297892545021E+00
0.59747227492997871994048969072559E+00 -0.10710969225547436458407594265802E+00
0.60858240736394865706851001953504E+00 -0.10910418197467786967063430686249E+00
0.61967120456231413786452318091072E+00 -0.11109480322638689642529654021856E+00
0.63073827774870527762188739996837E+00 -0.11308148546504081310079111937556E+00
0.64178323893045720663794743135301E+00 -0.11506415826895256564004281285348E+00
0.65280570091286270740895681823799E+00 -0.11704275134235007282057978604272E+00
0.66380527731342018125411894526970E+00 -0.11901719451739730964589889800415E+00
0.67478158257607565819626256220025E+00 -0.12098741775619603814834068796142E+00
0.68573423198546094523033528700633E+00 -0.12295335115276478481893611613446E+00
0.69666284168112742751369246427255E+00 -0.12491492493499698745196983513858E+00
0.70756702867177690302128914714040E+00 -0.12687206946659542829602907608139E+00
0.71844641084948947289249731512273E+00 -0.12882471524898354202281989565308E+00
0.72930060700394932672339653743389E+00 -0.13077279292319206714263499474959E+00
0.74012923683666967278563066238068E+00 -0.13271623327171958977671333944305E+00
0.75093192097521703187771962400869E+00 -0.13465496722036781462940996712052E+00
0.76170828098743629508451786634677E+00 -0.13658892584004801063011014181513E+00
0.77245793939567741022509924466237E+00 -0.13851804034856054556226908804845E+00
0.78318051969102355016346392679200E+00 -0.14044224211234356814357835481457E+00
0.79387564634752546026600297669269E+00 -0.14236146264819126740127191822377E+00
0.80454294483643739342660861835562E+00 -0.14427563362494124051126596370720E+00
0.81518204164046262508430016118795E+00 -0.14618468686512695339589080201181E+00
0.82579256426800428447164956541448E+00 -0.14808855434659772571840294179097E+00
0.83637414126742640207862409837088E+00 -0.14998716820410110998927506450080E+00
0.84692640224132562062984901799836E+00 -0.15188046073082933614761006300279E+00
0.85744897786081508929185777405183E+00 -0.15376836437992642728731245657620E+00
0.86794149987982319692361173574441E+00 -0.15565081176595472667214298994618E+00
0.87840360114940841681825730706691E+00 -0.15752773566632022793093422033591E+00
0.88883491563209211754979458096791E+00 -0.15939906902265329801507527380069E+00
0.89923507841621314505423993292996E+00 -0.16126474494214435780118330475172E+00
0.90960372573030433048454161539361E+00 -0.16312469669883159535082926643667E+00
0.91994049495749552921518622355691E+00 -0.16497885773483977017459977059626E+00
0.93024502464994458566627537581119E+00 -0.16682716166156682256672006727236E+00
0.94051695454329957286285663578256E+00 -0.16866954226081629283012739999258E+00
0.95075592557119609451205175126822E+00 -0.17050593348587450277756165624744E+00
0.96096157987979141414024728456557E+00 -0.17233626946252764009159704971941E+00
0.97113356084234052909249912699623E+00 -0.17416048449001828233619040138616E+00
0.98127151307381720421746443941613E+00 -0.17597851304193741979954124499462E+00
0.99137508244558368988100625656859E+00 -0.17779028976704922868032503321987E+00
0.10014439161001144355391927104275E+01 -0.17959574949004577427205213819544E+00
0.10114776624657772876706284780988E+01 -0.18139482721222802344078047631933E+00
0.10214759712716776720152130806591E+01 -0.18318745811211005686859694641589E+00
0.10314384935625710671203401443206E+01 -0.18497357754594259405847418780913E+00
0.10413648817138482388302149114321E+01 -0.18675312104815168343240747482709E+00
0.10512547894466012040230320047527E+01 -0.18852602433168974965532831808228E+00
0.10611078718427739106285174111395E+01 -0.19029222328829260349418408244104E+00
0.10709237853604060009929746478319E+01 -0.19205165398863941381373161358171E+00
0.10807021878489764301001420053534E+01 -0.19380425268241071608811732686788E+00
0.10904427385648536839613015343963E+01 -0.19554995579823856611030903639511E+00
0.11001450981868631576905542504650E+01 -0.19728869994354323698992686807113E+00
0.11098089288319768473238300715467E+01 -0.19902042190425227408487007969683E+00
0.11194338940711385823493370348963E+01 -0.20074505864439339388610172807292E+00
0.11290196589452322033443947387754E+01 -0.20246254730555672730182647588560E+00
0.11385658899812035811000553294810E+01 -0.20417282520621846508401907084555E+00
0.11480722552083497628820975217121E+01 -0.20587582984091838355062838529401E+00
0.11575384241747846986508882739901E+01 -0.20757149887928406826726208825686E+00
0.11669640679640969728468788476399E+01 -0.20925977016489253703360370366097E+00
0.11763488592122130010904431482783E+01 -0.21094058171396153364036624171038E+00
0.11856924721244786905915135487342E+01 -0.21261387171385979087763036301224E+00
0.11949945824929794240219279949556E+01 -0.21427957852142669004657586972352E+00
0.12042548677141116477459852127193E+01 -0.21593764066109103655791508253516E+00
0.12134730068064273158761571765798E+01 -0.21758799682277568399679408890261E+00
0.12226486804287697781615394977369E+01 -0.21923058585957786476274107264042E+00
0.12317815708987225730945870037760E+01 -0.22086534678521076238138338927213E+00
0.12408713622113942347026988955549E+01 -0.22249221877119189066976120507734E+00
0.12499177400585634150313447449154E+01 -0.22411114114376444918865695075430E+00
0.12589203918482104970426033791468E+01 -0.22572205338053430476637711499527E+00
0.12678790067244652475924000753364E+01 -0.22732489510680652143100015821419E+00
0.12767932755879994513786050173030E+01 -0.22891960609160116231533234738835E+00
0.12856628911168989815566573279345E+01 -0.23050612624333054688601055925812E+00
0.12944875477880496747225613513003E+01 -0.23208439560511497357147781065171E+00
0.13032669418990761581867393733806E+01 -0.23365435434971487164612961940830E+00
0.13120007715908747974942998479341E+01 -0.23521594277405431019415791838183E+00
0.13206887368707845481214396106882E+01 -0.23676910129330958929256564980593E+00
0.13293305396364455023470187383136E+01 -0.23831377043453453673067712372214E+00
0.13379258837003960763551559521602E+01 -0.23984989082979123832447867495521E+00
0.13464744748154657143873567452526E+01 -0.24137740320875418172805280298355E+00
0.13549760207010247115218972187794E+01 -0.24289624839075048482315248565657E+00
0.13634302310701559064408549931970E+01 -0.24440636727619917942843269327666E+00
0.13718368176578233186446644084252E+01 -0.24590770083740794796258333952200E+00
0.13801954942501113814070522981852E+01 -0.24740019010868026560762481887879E+00
0.13885059767146238939219541168921E+01 -0.24888377617568780873620139158076E+00
0.13967679830321322946153713815876E+01 -0.25035840016405136109963515165048E+00
0.14049812333295742448478376660902E+01 -0.25182400322707711308013949231989E+00
0.14131454499145126827163874166191E+01 -0.25328052653258320517023682323453E+00
0.14212603573111735624658223072052E+01 -0.25472791124875133578824351031203E+00
0.14293256822981927797192932244458E+01 -0.25616609852892979671527917054602E+00
0.14373411539482158437700206079014E+01 -0.25759502949530781189947828346215E+00
0.14453065036695022637769623786096E+01 -0.25901464522137660014558802222641E+00
0.14532214652497099971682441088357E+01 -0.26042488671308056321114528693442E+00
0.14610857749020414626974819199918E+01 -0.26182569488855875197928072366816E+00
0.14688991713139592419170620516287E+01 -0.26321701055636174330988520084512E+00
0.14766613956986946415083910767149E+01 -0.26459877439202347191787189429629E+00
0.14843721918497964162032144796587E+01 -0.26597092691285369292318922642343E+00
0.14920313061989922953105874876034E+01 -0.26733340845080359883460677650122E+00
0.14996384878776616711846840721667E+01 -0.26868615912324495035368801205722E+00
0.15071934887822517091815555959166E+01 -0.27002911880148544673294661489632E+00
0.15146960636440014418937757186405E+01 -0.27136222707682702669745180069095E+00
0.15221459701033778942638591707475E+01 -0.27268542322395371960851558110555E+00
0.15295429687896728199685325292220E+01 -0.27399864616141434394446543736336E+00
0.15368868234062555622462745607229E+01 -0.27530183440894095173959334617797E+00
0.15441773008220353303442835918919E+01 -0.27659492604131705932983905789696E+00
0.15514141711697449479436455467161E+01 -0.27787785863848028941538017845882E+00
0.15585972079517312313469260381756E+01 -0.27915056923150836244912016725462E+00
0.15657261881540145390096767802216E+01 -0.28041299424410147930554450059688E+00
0.15728008923694705028150101769989E+01 -0.28166506942912952058820872990194E+00
0.15798211049310887201943284960538E+01 -0.28290672979976621898762433704653E+00
0.15867866140563793931063166629975E+01 -0.28413790955467551562946510390662E+00
0.15936972120041301103187775205293E+01 -0.28535854199665583895151382009483E+00
0.16005526952448683475993473860546E+01 -0.28656855944407826531053817285975E+00
0.16073528646465537989194238674826E+01 -0.28776789313437273821832381923231E+00
0.16140975256772278088809986330700E+01 -0.28895647311873037327379620082989E+00
0.16207864886265711406165662811740E+01 -0.29013422814708344390709556390747E+00
0.16274195688485849217154188467590E+01 -0.29130108554230938597480833456359E+00
0.16339965870279146561813301860406E+01 -0.29245697106247058022601253726479E+00
0.16405173694726853174719058900224E+01 -0.29360180874974615539241810095183E+00
0.16469817484371262465587907635057E+01 -0.29473552076453654273377807371601E+00
0.16533895624777386582656948638775E+01 -0.29585802720301466912020703479295E+00
0.16597406568473115023489623205370E+01 -0.29696924589616263420242674563843E+00
0.16660348839317448536553162263840E+01 -0.29806909218805816757163398181649E+00
0.16722721037353991421848687641055E+01 -0.29915747869085411484753887916598E+00
0.16784521844215911912354080854590E+01 -0.30023431501352576581547129111129E+00
0.16845750029159203518143767843630E+01 -0.30129950746102158732679932398682E+00
0.16906404455813705480005701326745E+01 -0.30235295869994459842452574826358E+00
0.16966484089756392611169497087614E+01 -0.30339456738628996373016623860225E+00
0.17025988007029397206743030906116E+01 -0.30442422775005314255774644108242E+00
0.17084915403746839658490961945453E+01 -0.30544182913068014831348783790599E+00
0.17143265606960539977464788877672E+01 -0.30644725545632946957893155104480E+00
0.17201038086986195805378418100770E+01 -0.30744038465871467217689165047906E+00
0.17258232471429935940488329376539E+01 -0.30842108801385828853772507083257E+00
0.17314848561201992005769602147477E+01 -0.30938922939735151742165861930658E+00
0.17370886348861797440260962826217E+01 -0.31034466444061172076839890652103E+00
0.17426346039709913345913589588240E+01 -0.31128723957206947684346815328841E+00
0.17481228076130511162021766673008E+01 -0.31221679092408268889003461190531E+00
0.17535533165798570286781511189249E+01 -0.31313314308251811475476803822611E+00
0.17589262314504829510082725070196E+01 -0.31403610765116339180274312414716E+00
0.17642416864527485218691118450205E+01 -0.31492548159717838986883859595482E+00
0.17694998539704094637190791025782E+01 -0.31580104533632677926044580877896E+00
0.17747009498645757645702636086351E+01 -0.31666256050728545781778312479787E+00
0.17798452397909859966446852545467E+01 -0.31750976737230475165710334028031E+00
0.17849330467437096241897790619203E+01 -0.31834238176604366418253080899116E+00
0.17899647601204880264658014462077E+01 -0.31916009149437853244293021733893E+00
0.17949408466911634143549530292779E+01 -0.31996255205876518266636620481433E+00
0.17998618639669931913056815872255E+01 -0.32074938154703401514493154156422E+00
0.18047284766275191888383884014846E+01 -0.32152015448502000761666499399035E+00
0.18095414768814619248731449535886E+01 -0.32227439438033252823232202856169E+00
0.18143018099466024382279538646379E+01 -0.32301156460259966532536562175358E+00
0.18190106062734699526794539020853E+01 -0.32373105712246446984632402397962E+00
0.18236692227758441936484831775323E+01 -0.32443217845644555606364296665690E+00
0.18282792962752924123983245700838E+01 -0.32511413190567776261653323590277E+00
0.18328428137952468529535963748917E+01 -0.32577599477472236677840086256556E+00
0.18373622065582363063150734797473E+01 -0.32641668857508432067748951381567E+00
0.18418404781081186069244139451980E+01 -0.32703493879845822958871273042615E+00
0.18462813831489969004108779924847E+01 -0.32762921591845526895163229403585E+00
0.18506896921658806885530261556325E+01 -0.32819757652296487710539933674509E+00
0.18559452831869833854692135545469E+01 -0.32884314191619640711129864946751E+00
0.18611773622878686894924401581188E+01 -0.32944280034324403577976809715836E+00
0.18664067726341990256941182615704E+01 -0.32999060045530930389307908346161E+00
0.18716655237794457667654813282381E+01 -0.33047688282696766091144091671252E+00
0.18770062844178194940075467100396E+01 -0.33088792723597759455083165399488E+00
0.18822336237322301899329756595605E+01 -0.33118671364173466473470689741645E+00
0.18871144062038683931001139707269E+01 -0.33134609014721727805482559208006E+00
0.18916726088544660032595396917449E+01 -0.33136313902996626047529069270842E+00
0.18959346771653047172628969231025E+01 -0.33126427797479389928822186752709E+00
0.18999214120682862540552844897744E+01 -0.33092956213290670558521803190755E+00
0.19023106376314545783720307206508E+01 -0.33402029642128551734700779039871E+00
0.19049342669670452975231443821497E+01 -0.33699296324558637484972686744840E+00
0.19077639539261570675839436973888E+01 -0.33985100607511300111513788191502E+00
0.19107675134820844138283042927273E+01 -0.34259958432473117468271768718816E+00
0.19139134218216342043736823892430E+01 -0.34524129933696040271354685241311E+00
0.19170234799506414305721840556839E+01 -0.34766751266141126355754397496924E+00
0.19199661975509595913944008013355E+01 -0.34982699950256729219853363950839E+00
0.19227660861325387125137291279007E+01 -0.35177992342286154635306804556399E+00
0.19254374981684471078628910731780E+01 -0.35356449775062682550043918907027E+00
0.19279894282486606873627985181145E+01 -0.35520693933142059249088830896948E+00
0.19300292103547833967717807444875E+01 -0.35648073143367632904731994770730E+00
0.19319925855444230870422779084950E+01 -0.35767745373622499798988407383203E+00
0.19338814736759570611591529186304E+01 -0.35880366886462034305126632498999E+00
0.19356972512001612048812548696810E+01 -0.35986489010972441732796679489662E+00
0.19374410107187410549899752974435E+01 -0.36086563934719361239601353732732E+00
0.19391136000854449684277094129095E+01 -0.36180972310385848887149761895172E+00
0.19407156926522793521799227638398E+01 -0.36270036145041474823612676825960E+00
0.19422478247981404722874393034063E+01 -0.36354030737756867677044723423872E+00
0.19437104275266327538823901608268E+01 -0.36433193048571683138542925746882E+00
0.19451038488423031215879869135963E+01 -0.36507728391444275130218210357049E+00
0.19464283710841099411675486453046E+01 -0.36577815611732196065354544799854E+00
0.19476842241180576543078746879556E+01 -0.36643611215711203605434841506728E+00
0.19488715956154644623282784445103E+01 -0.36705252676419302754561600644275E+00
0.19499906391051727277072060652404E+01 -0.36762861112812103684520854060997E+00
0.19510414803509092325533093322653E+01 -0.36816543477210661221519965987231E+00
0.19520242224399078560435482774123E+01 -0.36866394355223406642867406990290E+00
0.19529389498735030044678596891147E+01 -0.36912497456097545073941940277378E+00
0.19537857318755840274033842741566E+01 -0.36954926853537984187761100570310E+00
0.19545646250812486332047369563754E+01 -0.36993748023622199721350193397079E+00
0.19552756756962216329050079232363E+01 -0.37029018722935377550664044680188E+00
0.19557120383676084418465081827529E+01 -0.37050585298872414275522546996583E+00
0.19561182746903834633968580522237E+01 -0.37070610079970120864006655613146E+00
0.19564943932170628053113390613501E+01 -0.37089105229067707004334165838843E+00
0.19568404008634130517176332110014E+01 -0.37106081893099834855917632665947E+00
0.19571563037324579340327496001792E+01 -0.37121550116905987182696858991160E+00
0.19574571489517967455617746327265E+01 -0.37136253447680578303152638634302E+00
0.19577579804078564288252556916591E+01 -0.37150929404234252351743891418878E+00
0.19580587986169172039158076956364E+01 -0.37165578225375607007498593193999E+00
0.19583596040817227792850402156311E+01 -0.37180200147421430471273843431983E+00
0.19586603972994918034693034009295E+01 -0.37194795402658880962150905937157E+00
0.19583596040817227792850402156311E+01 -0.37180200147421430471273843431983E+00
0.19580587986169172039158076956364E+01 -0.37165578225375607007498593193999E+00
0.19577579804078564288252556916591E+01 -0.37150929404234252351743891418878E+00
0.19574571489517967455617746327265E+01 -0.37136253447680578303152638634302E+00
0.19571563037324579340327496001792E+01 -0.37121550116905987182696858991160E+00
0.19568404008634130517176332110014E+01 -0.37106081893099834855917632665947E+00
0.19564943932170628053113390613501E+01 -0.37089105229067707004334165838843E+00
0.19561182746903834633968580522237E+01 -0.37070610079970120864006655613146E+00
0.19557120383676084418465081827529E+01 -0.37050585298872414275522546996583E+00
0.19552756756962216329050079232363E+01 -0.37029018722935377550664044680188E+00
0.19545646250812486332047369563754E+01 -0.36993748023622199721350193397079E+00
0.19537857318755840274033842741566E+01 -0.36954926853537984187761100570310E+00
0.19529389498735030044678596891147E+01 -0.36912497456097545073941940277378E+00
0.19520242224399078560435482774123E+01 -0.36866394355223406642867406990290E+00
0.19510414803509092325533093322653E+01 -0.36816543477210661221519965987231E+00
0.19499906391051727277072060652404E+01 -0.36762861112812103684520854060997E+00
0.19488715956154644623282784445103E+01 -0.36705252676419302754561600644275E+00
0.19476842241180576543078746879556E+01 -0.36643611215711203605434841506728E+00
0.19464283710841099411675486453046E+01 -0.36577815611732196065354544799854E+00
0.19451038488423031215879869135963E+01 -0.36507728391444275130218210357049E+00
0.19437104275266327538823901608268E+01 -0.36433193048571683138542925746882E+00
0.19422478247981404722874393034063E+01 -0.36354030737756867677044723423872E+00
0.19407156926522793521799227638398E+01 -0.36270036145041474823612676825960E+00
0.19391136000854449684277094129095E+01 -0.36180972310385848887149761895172E+00
0.19374410107187410549899752974435E+01 -0.36086563934719361239601353732732E+00
0.19356972512001612048812548696810E+01 -0.35986489010972441732796679489662E+00
0.19338814736759570611591529186304E+01 -0.35880366886462034305126632498999E+00
0.19319925855444230870422779084950E+01 -0.35767745373622499798988407383203E+00
0.19300292103547833967717807444875E+01 -0.35648073143367632904731994770730E+00
0.19279894282486606873627985181145E+01 -0.35520693933142059249088830896948E+00
0.19254374981684471078628910731780E+01 -0.35356449775062682550043918907027E+00
0.19227660861325387125137291279007E+01 -0.35177992342286154635306804556399E+00
0.19199661975509595913944008013355E+01 -0.34982699950256729219853363950839E+00
0.19170234799506414305721840556839E+01 -0.34766751266141126355754397496924E+00
0.19139134218216342043736823892430E+01 -0.34524129933696040271354685241311E+00
0.19107675134820844138283042927273E+01 -0.34259958432473117468271768718816E+00
0.19077639539261570675839436973888E+01 -0.33985100607511300111513788191502E+00
0.19049342669670452975231443821497E+01 -0.33699296324558637484972686744840E+00
0.19023106376314545783720307206508E+01 -0.33402029642128551734700779039871E+00
