0.56479494049020436505321531036833E+00 -0.72665783040515758233636471868470E+00
0.57286948811620103865297823152547E+00 -0.72229380806827474321855778163326E+00
0.58048475119773857649558115694844E+00 -0.71820244048692416989488266753101E+00
0.58760903190957596979326033782732E+00 -0.71439810763325680685224784947226E+00
0.59421564390024009217927556013386E+00 -0.71088965621636323454981925921663E+00
0.60027676824355925741576293929154E+00 -0.70768701738611246796112547407806E+00
0.60579618009453022737521186845934E+00 -0.70478387910708618844120361819967E+00
0.61088755454723619318063132506890E+00 -0.70211700246250595613988981179283E+00
0.61564707785963642621256787007575E+00 -0.69963354133406028788639687870444E+00
0.62013875112729142610529105941844E+00 -0.69729829856532249018118385055687E+00
0.62440785594031924645190195452919E+00 -0.69508634953690520734769113561999E+00
0.62013875112729142610529105941844E+00 -0.69729829856532249018118385055687E+00
0.61564707785963642621256787007575E+00 -0.69963354133406028788639687870444E+00
0.61088755454723619318063132506890E+00 -0.70211700246250595613988981179283E+00
0.60579618009453022737521186845934E+00 -0.70478387910708618844120361819967E+00
0.60027676824355925741576293929154E+00 -0.70768701738611246796112547407806E+00
0.59421564390024009217927556013386E+00 -0.71088965621636323454981925921663E+00
0.58760903190957596979326033782732E+00 -0.71439810763325680685224784947226E+00
0.58048475119773857649558115694844E+00 -0.71820244048692416989488266753101E+00
0.57286948811620103865297823152547E+00 -0.72229380806827474321855778163326E+00
0.56479494049020436505321531036833E+00 -0.72665783040515758233636471868470E+00
0.55364709857234339261345686438092E+00 -0.71952177676130913541288743135472E+00
0.54260634258505946838557718515859E+00 -0.71117759389150849273167177799943E+00
0.53138755279611848785542382489376E+00 -0.70198033296113874921899554307461E+00
0.52001845327877180528470291385311E+00 -0.69185807732981166906097676398888E+00
0.50847283902516404458286583882030E+00 -0.68082367539002808337188907223878E+00
0.49724832890790530455354000655771E+00 -0.66944460465746454906567530601700E+00
0.48667938107485464089515979147161E+00 -0.65820628479717213055519202624070E+00
0.47658238772717697948662432496091E+00 -0.64704296586290862169099392385204E+00
0.46684147730643702330284654977693E+00 -0.63591833409536849107207727007276E+00
0.45738018824848277627319703144307E+00 -0.62480890855836691323812105475755E+00
0.44966710077735205429999684359963E+00 -0.61555384926631902500156684723069E+00
0.44208499975644039876706572197175E+00 -0.60629413709165631159014086549474E+00
0.43461454205808917143957406826972E+00 -0.59702589852767065194024708261994E+00
0.42724023705538877557468384585421E+00 -0.58774619935017250279730303038147E+00
0.41994939615163681407386674447859E+00 -0.57845287326068910173204025264589E+00
0.41273148709018956644808591576843E+00 -0.56914432410653244815684997739758E+00
0.40557767087485746044655073821983E+00 -0.55981938251249773339802274189148E+00
0.39848045910645411234544101156062E+00 -0.55047720259714003593971414388343E+00
0.39143345513031174157414503772806E+00 -0.54111718665404267012360763455562E+00
0.38443115516624760170937314320797E+00 -0.53173892945265096472412892063614E+00
0.37746879327536593189005960045883E+00 -0.52234217649670537277416206206646E+00
0.37054221893250380481434802016373E+00 -0.51292679235994639311179813545619E+00
0.36364779922641605180338882089130E+00 -0.50349273640019727126859878968689E+00
0.35678233991822410550036356572149E+00 -0.49404004394601087952235932734383E+00
0.34994302111921001406330073823868E+00 -0.48456881159058993144139244726661E+00
0.34312734442906577582770319597390E+00 -0.47507918560175640661530899142941E+00
0.33633308915013969034921909875266E+00 -0.46557135271940546745651710842491E+00
0.32955827575661095284675194945484E+00 -0.45604553279883681290544506846172E+00
0.32280113521281723775118258272808E+00 -0.44650197289311598960551779203709E+00
0.31606008304479112228854496254855E+00 -0.43694094246589120594216813529042E+00
0.30933369730279742373755119339395E+00 -0.42736272949853908017064157983944E+00
0.30262069973079880530580534041695E+00 -0.41776763730945122208711765518115E+00
0.29591993959584332878358049299317E+00 -0.40815598194381647796956091826050E+00
0.28923037973676020103616144842006E+00 -0.39852809002298807455825136470515E+00
0.28255108447481855390369198183515E+00 -0.38888429696600531237714390316367E+00
0.27588120909468229332524915219137E+00 -0.37922494551393535231446429627203E+00
0.26921999065616247715103232205453E+00 -0.36955038450171551747371272600914E+00
0.26256673993900023243373773534281E+00 -0.35986096783313074912580808372285E+00
0.25592083435649790604045503323894E+00 -0.35015705362316084859172587701307E+00
0.24928171170101430094475009162206E+00 -0.34043900347872246795712007277804E+00
0.24264886460648935075654083786724E+00 -0.33070718189423578164311577993858E+00
0.23602183563129585998539098717691E+00 -0.32096195574275168722544564917592E+00
0.22940021287964038587192108759461E+00 -0.31120369384683767452772004217427E+00
0.22278362609207445279737376348880E+00 -0.30143276661621382438697554701710E+00
0.21617174314592504914618298371770E+00 -0.29164954574138132563152277163605E+00
0.20956426691500903671571573005951E+00 -0.28185440393433473451682004307110E+00
0.20296093244515699863339804324256E+00 -0.27204771470893998565453841618425E+00
0.19636150440810068722784239710101E+00 -0.26222985219479408389676616510364E+00
0.18976577480136416489423184165962E+00 -0.25240119097939437047255002793640E+00
0.18317356086611046805645871644813E+00 -0.24256210597427740963885428562293E+00
0.17658470319856219357683764985888E+00 -0.23271297230148024539016996292973E+00
0.16999906403373905767596156251829E+00 -0.22285416519724970596889403036303E+00
0.16341652568293417968082729121073E+00 -0.21298605993040424419147361943507E+00
0.15683698910864681874404206461009E+00 -0.20310903173315115210571087986024E+00
0.15026037262266676921965954694015E+00 -0.19322345574249629107417747238984E+00
0.14368661069471451089234435593459E+00 -0.18332970695066546519856463489176E+00
0.13711565286051818918715821339184E+00 -0.17342816016319060024078454176580E+00
0.13054746271949134068673384432051E+00 -0.16351918996351441723038799744774E+00
0.12398201701329384093209017037490E+00 -0.15360317068313625757773711640226E+00
0.11741930477752882140962057064814E+00 -0.14368047637646225243893636966435E+00
0.11085932655968288979118691451587E+00 -0.13375148079964561498456778878272E+00
0.10430209369716100320924334124354E+00 -0.12381655739280645927804472250762E+00
0.97747627649923580983875122285286E-01 -0.11387607926510535575690355355150E+00
0.91195959382808125304378188877819E-01 -0.10393041918222273148876135815040E+00
0.84647128793128754030564498583820E-01 -0.93979949555857702683228918731576E-01
0.78101184179593383728862270740687E-01 -0.84025042434916675927189522756546E-01
0.71558181748978385819952388021367E-01 -0.74066069498107279517980181479202E-01
0.65018185157349809160596776666154E-01 -0.64103402047692771523356501655903E-01
0.58481265082938298014692873342071E-01 -0.54137411004200243848449179375487E-01
0.51947498828048169130204301134386E-01 -0.44168466901900891616966539424282E-01
0.45416969947635194474967553791523E-01 -0.34196939884908697536214550992158E-01
0.38889767902403897729188616469470E-01 -0.24223199703767716869505151652999E-01
0.32365987734478883758194009091679E-01 -0.14247615712410268187088960157902E-01
0.25845729763879564022278454895569E-01 -0.42705568653964040601719558705333E-02
0.19329099304186543202716698080867E-01 0.57076082846558156033394699503958E-02
0.12816206395935142013196216390780E-01 0.15686511589512670482760382918141E-01
0.63071655563950056857721467979803E-02 0.25665785307703480880946128041906E-01
-0.19790445548545960094564638242523E-03 0.35645062106884722575387954876052E-01
-0.66988808600842428753581445573835E-02 0.45623975066232059406009129677764E-01
-0.13195637065089382814260117923101E-01 0.55602157678897924751183128091701E-01
-0.19688042861390326418331644750397E-01 0.65579243854561153707796718706307E-01
-0.26175964607743947479372055165006E-01 0.75554867922097463059243394529554E-01
-0.32659265404999042038101993795518E-01 0.85528664632388178914469823845275E-01
-0.39137805260607355513515129452406E-01 0.95500269161285283020346777624437E-01
-0.45611441244087934446336308695248E-01 0.10546931711274625278256682049420E+00
-0.52080027634059073540079793252155E-01 0.11543544452214728625443003564354E+00
-0.58543416057405220398979655243388E-01 0.12539828785978644225261767973998E+00
-0.65001455621100971478048439241742E-01 0.13535748403457876331107745697687E+00
-0.71453993037174597546681582050526E-01 0.14531267039795020261426563290992E+00
-0.77900872741258695149327190111531E-01 0.15526348474793175263108352401792E+00
-0.84341937005139243847108441724444E-01 0.16520956533345576722035284108656E+00
-0.90777026043686291844609932941034E-01 0.17515055085885393386449752921080E+00
-0.97205978116519423241547114326109E-01 0.18508608048855616551456001684119E+00
-0.10362862962473771217792870536536E+00 0.19501579385198933100106262430044E+00
-0.11004481520301801627254666585562E+00 0.20493933104867346697217779841935E+00
-0.11645436780736472138971110558259E+00 0.21485633265351136614966540106261E+00
-0.12285711879877485453728619444812E+00 0.22476643972227014970429711934831E+00
-0.12925289802306253842813845735654E+00 0.23466929379724973237809953576071E+00
-0.13564153388707086366919396085692E+00 0.24456453691313413133195079743519E+00
-0.14202285343148390958633446745570E+00 0.25445181160302235666179457684627E+00
-0.14839668240043591098437968109650E+00 0.26433076090463338427577460660488E+00
-0.15476284530810298690901009867260E+00 0.27420102836668067161803896704636E+00
-0.16112116550244923925168418858146E+00 0.28406225805541222942225154808559E+00
-0.16747146522628773025107833467146E+00 0.29391409456131047166686611417714E+00
-0.17381356567580797140796626912131E+00 0.30375618300594747260870163319304E+00
-0.18014728705670909065584311054946E+00 0.31358816904899050661024987446731E+00
-0.18647244863807092448588277100300E+00 0.32340969889535372573068869766853E+00
-0.19278886880408702874006420821396E+00 0.33322041930248984871549058849500E+00
-0.19909636510377285889351846805251E+00 0.34301997758781715578350654972431E+00
-0.20539475429876062488679405777606E+00 0.35280802163627951824896510595401E+00
-0.21168385240927847691569365489430E+00 0.36258419990803018534553381216913E+00
-0.21796347475841230267839176628737E+00 0.37234816144623925438022150115192E+00
-0.22423343601473880838487908242598E+00 0.38209955588501734590064661625251E+00
-0.23049355023341237367687160300329E+00 0.39183803345745163670018956729304E+00
-0.23674363089578722839786648762236E+00 0.40156324500375101210476315428913E+00
-0.24298349094764679050475689246990E+00 0.41127484197949392475195819894595E+00
-0.24921294283611136544816732163820E+00 0.42097247646397702778237408771814E+00
-0.25543179854529069441937988393875E+00 0.43065580116865908787898261531951E+00
-0.26163986963074057769403756618180E+00 0.44032446944569538414124202361261E+00
-0.26783696725278583330546647591966E+00 0.44997813529656182886365652618485E+00
-0.27402290220876076216827828835366E+00 0.45961645338076070273093947488496E+00
-0.28019748496422181590675969683106E+00 0.46923907902460781090722014683683E+00
-0.28636052568318037189037171978696E+00 0.47884566823009621415740797632488E+00
-0.29251183425740158959882861987202E+00 0.48843587768383170186404716163661E+00
-0.29865122033481376552902379466271E+00 0.49800936476603920271938546492011E+00
-0.30477849334706888888207522956965E+00 0.50756578755963429966206407736793E+00
-0.31089346253629358334011798807585E+00 0.51710480485935837707740934659797E+00
-0.31699593698106740414391379665543E+00 0.52662607618097309339842489569993E+00
-0.32308572562166319312267761746494E+00 0.53612926177051184346296986884920E+00
-0.32916263728458278318587498598730E+00 0.54561402261358504079213861585210E+00
-0.33522648070641890685099872562685E+00 0.55508002044473584636656853376506E+00
-0.34127706455707330163179575456945E+00 0.56452691775684423483519980371010E+00
-0.34731419746235902836587272790526E+00 0.57395437781057661543241100164152E+00
-0.35333768802601325359692719167480E+00 0.58336206464387745282740674376309E+00
-0.35934734485114578478429897218500E+00 0.59274964308150174223430288579947E+00
-0.36534297656114819140317144419152E+00 0.60211677874458444361645231821482E+00
-0.37132439182008440000517810273733E+00 0.61146313806024558156439194076546E+00
-0.37729139935258616515388895737302E+00 0.62078838827122752945405790781788E+00
-0.38324380796327232103168147762886E+00 0.63009219744556362664573412499409E+00
-0.38918142655571257701817512050431E+00 0.63937423448627438263046947126004E+00
-0.39510406415095340320853646035675E+00 0.64863416914109002442154768076892E+00
-0.40101152990562331593700316131774E+00 0.65787167201219711438023217555332E+00
-0.40690363312963573517734610271796E+00 0.66708641456600718379781395030646E+00
-0.41278018330350336648558551363536E+00 0.67627806914294517070784650999708E+00
-0.41864099009528026764352899799461E+00 0.68544630896725605087813526290729E+00
-0.42448586337714666842700637050613E+00 0.69459080815682758936173672521548E+00
-0.43031461324164707879609015328929E+00 0.70371124173302732722047756321117E+00
-0.43612705001760033390599850728729E+00 0.71280728563055258302947870152859E+00
-0.44192298428568657983834163229952E+00 0.72187861670729051074023461235620E+00
-0.44770222689373034673784950814273E+00 0.73092491275418828107035262617005E+00
-0.45346458897168580780195015476708E+00 0.73994585250512985251703984374808E+00
-0.45920988194633674029217101479438E+00 0.74894111564681927791171578815698E+00
-0.46493791755572222907540666544794E+00 0.75791038282866830378355607901531E+00
-0.47064850786329605641653089602775E+00 0.76685333567268661228016611651834E+00
-0.47634146527183096094164749448322E+00 0.77576965678337383958151687694317E+00
-0.48201660253707491086650176338352E+00 0.78465902975761103766158170287169E+00
-0.48767373278116892866503661435700E+00 0.79352113919455114440835138549698E+00
-0.49331266950583453444300886855183E+00 0.80235567070550658533054047805874E+00
-0.49893322660533770727651904913811E+00 0.81116231092383261571222240011143E+00
-0.50453521837923811954167158880181E+00 0.81994074751480539352073390973964E+00
-0.51011845954492860642694784273280E+00 0.82869066918549311056398337057921E+00
-0.51568276524997423553725016369153E+00 0.83741176569461982691438655876862E+00
-0.52122795108425498169524301972835E+00 0.84610372786241949386514310463056E+00
-0.52675383309191974339871840018317E+00 0.85476624758048002949844628687410E+00
-0.53226022778315652177282795014735E+00 0.86339901782157600055385022024714E+00
-0.53774695214578537337309868361795E+00 0.87200173264948881679015826973187E+00
-0.54321382365667877712202086664132E+00 0.88057408722881309661478521502366E+00
-0.54866066029301473955163939992681E+00 0.88911577783474831812140896401850E+00
-0.55408728054336742460278576909794E+00 0.89762650186287500626774298913801E+00
-0.55949350341864080156831718936770E+00 0.90610595783891396567558853627201E+00
-0.56487914846284840394499137733293E+00 0.91455384542846759909520158116660E+00
-0.57024403576374478148580743368583E+00 0.92296986544674290485923966813110E+00
-0.57558798596331235923182350604061E+00 0.93135371986825441150586516491001E+00
-0.58091082026810714478615544718232E+00 0.93970511183650659510531527271453E+00
-0.58621236045946792100902552520880E+00 0.94802374567365491788610917399017E+00
-0.59149242890359208995238179633001E+00 0.95630932689014420557113576495307E+00
-0.59675084856148133083905035624876E+00 0.96456156219432381189459409712103E+00
-0.60198744299876128361445201431956E+00 0.97278015950203879437335408641425E+00
-0.60720203639537759479501551592139E+00 0.98096482794619571767276681649440E+00
-0.61239445355517173673899066369514E+00 0.98911527788630293334444050470434E+00
-0.61756451991533954184872286258724E+00 0.99723122091798421863003143927055E+00
-0.62271206155577535601606731038452E+00 0.10053123698824648391801633402620E+01
-0.62783690520830439631555862179509E+00 0.10133584388760293913633959661749E+01
-0.63293887826580516285540072969180E+00 0.10213691432594507891234936796355E+01
-0.63801780879122636877030564040928E+00 0.10293441996673897985043185107426E+01
-0.64307352552649836897050525376608E+00 0.10372833260177634398272978895984E+01
-0.64810585790134300483145107178816E+00 0.10451862415210829392625574274418E+01
-0.65311463604198348890833683989824E+00 0.10530526666897594464273857028493E+01
-0.65809969077975624422344913077964E+00 0.10608823233473772100583263020674E+01
-0.66306085365962728876107499730018E+00 0.10686749346379337155427292200406E+01
-0.66799795694861447980534496689065E+00 0.10764302250350455971294521813849E+01
-0.67291083364411762296320172886659E+00 0.10841479203511204315728828988200E+01
-0.67779931748215895301598847884684E+00 0.10918277477464927244220307062238E+01
-0.68266324294553407907630728652768E+00 0.10994694357385246108428240145348E+01
-0.68750244527187697842979305496157E+00 0.11070727142106699719469031804435E+01
-0.69231676046163916969532188560958E+00 0.11146373144215009683527392012527E+01
-0.69710602528598491557225291340564E+00 0.11221629690136977385659888936426E+01
-0.70187007729460476134621513041269E+00 0.11296494120229990872674966209480E+01
-0.70660875482344715215338218169081E+00 0.11370963788871147023879428768729E+01
-0.71132189700237117662467044530832E+00 0.11445036064545978549080904598079E+01
-0.71600934376272050052366950697627E+00 0.11518708329936779901061994909849E+01
-0.72067093584482037141890329925508E+00 0.11591977982010530356484153987060E+01
-0.72530651480539863228231081578929E+00 0.11664842432106401521016287003258E+01
-0.72991592302493178889655323587368E+00 0.11737299106022855103232312890377E+01
-0.73449900371491765569613570764505E+00 0.11809345444104311246915337879393E+01
-0.73905560092507502573950118919690E+00 0.11880978901327396641196280466967E+01
-0.74358555955047168925756551460081E+00 0.11952196947386755689476194213885E+01
-0.74808872533858203884303668710118E+00 0.12022997066780428757017162837418E+01
-0.75256494489627453275793192019393E+00 0.12093376758894784188168609284753E+01
-0.75701406569673052769435698288113E+00 0.12163333538089006795628653390246E+01
-0.76143593608629475124298896406963E+00 0.12232864933779131377738562558118E+01
-0.76583040529125916173576824768281E+00 0.12301968490521621978149789741517E+01
-0.77019732342457957365703430732518E+00 0.12370641768096488938456346221642E+01
-0.77453654149252732314347133554494E+00 0.12438882341589939945394118718077E+01
-0.77884791140127553602441000006649E+00 0.12506687801476558796986829873802E+01
-0.78313128596342136072095093394644E+00 0.12574055753701013110344730159067E+01
-0.78738651890444460390444261249220E+00 0.12640983819759277151108626742426E+01
-0.79161346486910320963490372597873E+00 0.12707469636779376519971342533596E+01
-0.79581197942776687297566346273890E+00 0.12773510857601638020067865424487E+01
-0.79998191908268836582580577451421E+00 0.12839105150858454022808618165331E+01
-0.80412314127421409018269021814257E+00 0.12904250201053543980105431634962E+01
-0.80823550438693397248672305213137E+00 0.12968943708640717155247131387084E+01
-0.81231886775577097712415541538917E+00 0.13033183390102134483387402504075E+01
-0.81637309167201150825994510000233E+00 0.13096966978026051931272326832686E+01
-0.82039803738927621464833985248676E+00 0.13160292221184060746266317335753E+01
-0.82439356712943241081552076874903E+00 0.13223156884607804869816637108914E+01
-0.82835954408844828319418448611925E+00 0.13285558749665178168456530810143E+01
-0.83229583244218920861616049053030E+00 0.13347495614135999215311828595356E+01
-0.83620229735215673921966318140178E+00 0.13408965292287154290296544945635E+01
-0.84007880497117068624109246045201E+00 0.13469965614947211406661331788319E+01
-0.84392522244899441447760957731153E+00 0.13530494429580496156802271089410E+01
-0.84774141793790410882580402669805E+00 0.13590549600360627569610562202730E+01
-0.85152726059820184418231096108122E+00 0.13650129008243515531292245366779E+01
-0.85528262060367327400704204471914E+00 0.13709230551039802461216740029063E+01
-0.85900736914699018627611598626772E+00 0.13767852143486764346768973149717E+01
-0.86270137844505766492275303998188E+00 0.13825991717319652867694786857700E+01
-0.86636452174430690322529654078586E+00 0.13883647221342480952137411304982E+01
-0.86999667332593358749627700894049E+00 0.13940816621498248101106578995010E+01
-0.87359770851108208525679547549498E+00 0.13997497900938602771439257844133E+01
-0.87716750366597568562670641801929E+00 0.14053689060092937967060467859956E+01
-0.88070593620699330843290457754764E+00 0.14109388116736913687595636139196E+01
-0.88421288460569281696331485900431E+00 0.14164593106060409725741011068084E+01
-0.88768822839378095975624357774586E+00 0.14219302080734899519872602418905E+01
-0.89113184816803056929978732421269E+00 0.14273513110980243718508447664212E+01
-0.89454362559514485656242308228400E+00 0.14327224284630903397817786998461E+01
-0.89792344341656904608692504832852E+00 0.14380433707201565171867438819866E+01
-0.90127118545324985863466877945269E+00 0.14433139501952177042517644366234E+01
-0.90458673661034250863717426408279E+00 0.14485339809952396082605327715737E+01
-0.90786998288186575117350411101449E+00 0.14537032790145436226459444125962E+01
-0.91112081135530509756067751600300E+00 0.14588216619411322082886619817064E+01
-0.91433911021616420268343167786400E+00 0.14638889492629541484380796054695E+01
-0.91752476875246456559738928950955E+00 0.14689049622741094285667318946310E+01
-0.92067767735919400189877247265009E+00 0.14738695240809933892271776712494E+01
-0.92379772754270359411650416616834E+00 0.14787824596083803134147768445622E+01
-0.92688481192505354243792538859936E+00 0.14836435956054455775210657597638E+01
-0.92993882424830775189674510398631E+00 0.14884527606517266572678267846748E+01
-0.93295965937877766933187499926625E+00 0.14932097851630219360110135712062E+01
-0.93594721331121518247612155505923E+00 0.14979145013972283629137632698436E+01
-0.93890138317295461118396925921976E+00 0.15025667434601161925505303856892E+01
-0.94182206722800421951043091598376E+00 0.15071663473110417336266442396277E+01
-0.94470916488108698782208374462634E+00 0.15117131507685971493584268452372E+01
-0.94756257668163108855940374709385E+00 0.15162069935161974539239744487326E+01
-0.95038220432770970311023593229045E+00 0.15206477171076044325100556694052E+01
-0.95316795066993065606987252798411E+00 0.15250351649723867447877527532994E+01
-0.95591971971527579071166301272645E+00 0.15293691824213168849116564284493E+01
-0.95863741663089003939449097260942E+00 0.15336496166517038499016498387368E+01
-0.96132094774782070162949314075670E+00 0.15378763167526618867566903772450E+01
-0.96397022056470590454950927619249E+00 0.15420491337103151548584859903695E+01
-0.96658514375141402748816904823764E+00 0.15461679204129369352552921349997E+01
-0.96916562715263243518282842939767E+00 0.15502325316560254648964790511072E+01
-0.97171158179140651485206397558828E+00 0.15542428241473132365473870395393E+01
-0.97422291987262910329275376486839E+00 0.15581986565117124215780694759440E+01
-0.97669955478647961163147074011246E+00 0.15620998892961940229507646852390E+01
-0.97914140111181388878851679585794E+00 0.15659463849746017586994922214332E+01
-0.98154837461950395041437723852709E+00 0.15697380079524001458470536067714E+01
-0.98392039227572818891807268436603E+00 0.15734746245713563478071893051529E+01
-0.98625737224521202063081843984002E+00 0.15771561031141560452674074535722E+01
-0.98855923389441853403037697629748E+00 0.15807823138089528452637246880145E+01
-0.99082589779468998442800526269889E+00 0.15843531288338509111398434839876E+01
-0.99305728572533929999094797296153E+00 0.15878684223213210452668063650368E+01
-0.99525332067669240069182020183605E+00 0.15913280703625496744466479494427E+01
-0.99741392685308061797807739650816E+00 0.15947319510117207755502368208713E+01
-0.99953902967578386090666827236179E+00 0.15980799442902303439477822006439E+01
-0.10016285557859242023444875163029E+01 0.16013719321908334712059613045289E+01
-0.10036824330473099889376083886474E+01 0.16046077986817237931463617328244E+01
-0.10057005905492304076588928419308E+01 0.16077874297105449207183849174511E+01
-0.10076829586092007228518734550674E+01 0.16109107132083340711391400942481E+01
-0.10096294687756580099263542358715E+01 0.16139775390933974628930297644815E+01
-0.10115400538306074501025753746633E+01 0.16169877992751172718952005111653E+01
-0.10134146477922191999360836261948E+01 0.16199413876576902955783076761353E+01
-0.10152531859173759212364458113058E+01 0.16228382001437978763683683776364E+01
-0.10170556047041707696579562892626E+01 0.16256781346382070697568159155103E+01
-0.10188218418943561429785005571876E+01 0.16284610910513029044950058189476E+01
-0.10205518364757428423194837649785E+01 0.16311869713025514898577352611822E+01
-0.10222455286845500679770488443086E+01 0.16338556793238941079908216370568E+01
-0.10239028600077057711760392930915E+01 0.16364671210630716465036164488105E+01
-0.10255237731850978416724862513017E+01 0.16390212044868798112876863403516E+01
-0.10271082122117757903146320179255E+01 0.16415178395843547661636113622605E+01
-0.10286561223401029828046639171977E+01 0.16439569383698885638071860793837E+01
-0.10301674500818596864248055504633E+01 0.16463384148862754387961297075534E+01
-0.10316421432102964809807704213348E+01 0.16486621852076873904905319932895E+01
-0.10330801507621385083710126228492E+01 0.16509281674425800692635010986172E+01
-0.10344814230395401635434038217164E+01 0.16531362817365284406974503314984E+01
-0.10358459116119904318662164459285E+01 0.16552864502749917951890523711753E+01
-0.10371735693181688699011001781495E+01 0.16573785972860086998639897029739E+01
-0.10384643502677520969364100459961E+01 0.16594126490428210396500470965448E+01
-0.10397182098431709926501036775372E+01 0.16613885338664275474715789781395E+01
-0.10409351047013184317203420201997E+01 0.16633061821280667161422816683532E+01
-0.10421149927752074851895711374080E+01 0.16651655262516283777921111503217E+01
-0.10432578332755804079461623197990E+01 0.16669665007159949306840246184835E+01
-0.10443635866924680358750722818032E+01 0.16687090420573109805370832978034E+01
-0.10454322147966998535749786139599E+01 0.16703930888711820450201366426998E+01
-0.10464636806413645374094941481718E+01 0.16720185818148020884286850054821E+01
-0.10474579485632211042220182945673E+01 0.16735854636090095933089133146305E+01
-0.10484149841840606475273920721178E+01 0.16750936790402722941859995393356E+01
-0.10493347544120185081199144455784E+01 0.16765431749626003977973790265062E+01
-0.10502172274428370985511654297771E+01 0.16779339002993882759883534511779E+01
-0.10510623727610792050496765194706E+01 0.16792658060451844811844085306370E+01
-0.10518701611412918074491282946586E+01 0.16805388452673900645996479002671E+01
-0.10526405646491204609114364689340E+01 0.16817529731078851775827257702357E+01
-0.10533735566423741826024697805608E+01 0.16829081467845837226796716178003E+01
-0.10540691117720407371580355948237E+01 0.16840043255929162377101968494939E+01
-0.10547272059832528361662621527319E+01 0.16850414709072406194968540545969E+01
-0.10553478165162037272199321499321E+01 0.16860195461821813939296361134316E+01
-0.10559309219070162802708396825098E+01 0.16869385169538951402048229320078E+01
-0.10564765019885540888580728687162E+01 0.16877983508412691529510707678919E+01
-0.10569845378912073391419937863001E+01 0.16885990175470324620775377639490E+01
-0.10574550120435592302121771944712E+01 0.16893404888588390737322859656841E+01
-0.10578879081732027511438832951612E+01 0.16900227386501521314791742403472E+01
-0.10582832113069375125772473595530E+01 0.16906457428814177210192042182343E+01
-0.10585258549263876572316595583504E+01 0.16910281539089449022687840956046E+01
-0.10587517807139971615933619814017E+01 0.16913842177882702069302453485315E+01
-0.10589609851966626874705860444488E+01 0.16917139289432880876831680342558E+01
-0.10591534651582901614162993509179E+01 0.16920172822106070102721908487198E+01
-0.10593292176398749706764185137613E+01 0.16922942728396126090175511692629E+01
-0.10594966097487335189571059930976E+01 0.16925580875554398664747040729406E+01
-0.10596640104364840830909126358848E+01 0.16928219160441622864446910663790E+01
-0.10598314197034112930551011555413E+01 0.16930857583062077619939890745101E+01
-0.10599988375498245819190331873510E+01 0.16933496143419884772907599867568E+01
-0.10601662639759560795707702321638E+01 0.16936134841519656748833303150266E+01
-0.10599988375498245819190331873510E+01 0.16933496143419884772907599867568E+01
-0.10598314197034112930551011555413E+01 0.16930857583062077619939890745101E+01
-0.10596640104364840830909126358848E+01 0.16928219160441622864446910663790E+01
-0.10594966097487335189571059930976E+01 0.16925580875554398664747040729406E+01
-0.10593292176398749706764185137613E+01 0.16922942728396126090175511692629E+01
-0.10591534651582901614162993509179E+01 0.16920172822106070102721908487198E+01
-0.10589609851966626874705860444488E+01 0.16917139289432880876831680342558E+01
-0.10587517807139971615933619814017E+01 0.16913842177882702069302453485315E+01
-0.10585258549263876572316595583504E+01 0.16910281539089449022687840956046E+01
-0.10582832113069375125772473595530E+01 0.16906457428814177210192042182343E+01
-0.10578879081732027511438832951612E+01 0.16900227386501521314791742403472E+01
-0.10574550120435592302121771944712E+01 0.16893404888588390737322859656841E+01
-0.10569845378912073391419937863001E+01 0.16885990175470324620775377639490E+01
-0.10564765019885540888580728687162E+01 0.16877983508412691529510707678919E+01
-0.10559309219070162802708396825098E+01 0.16869385169538951402048229320078E+01
-0.10553478165162037272199321499321E+01 0.16860195461821813939296361134316E+01
-0.10547272059832528361662621527319E+01 0.16850414709072406194968540545969E+01
-0.10540691117720407371580355948237E+01 0.16840043255929162377101968494939E+01
-0.10533735566423741826024697805608E+01 0.16829081467845837226796716178003E+01
-0.10526405646491204609114364689340E+01 0.16817529731078851775827257702357E+01
-0.10518701611412918074491282946586E+01 0.16805388452673900645996479002671E+01
-0.10510623727610792050496765194706E+01 0.16792658060451844811844085306370E+01
-0.10502172274428370985511654297771E+01 0.16779339002993882759883534511779E+01
-0.10493347544120185081199144455784E+01 0.16765431749626003977973790265062E+01
-0.10484149841840606475273920721178E+01 0.16750936790402722941859995393356E+01
-0.10474579485632211042220182945673E+01 0.16735854636090095933089133146305E+01
-0.10464636806413645374094941481718E+01 0.16720185818148020884286850054821E+01
-0.10454322147966998535749786139599E+01 0.16703930888711820450201366426998E+01
-0.10443635866924680358750722818032E+01 0.16687090420573109805370832978034E+01
-0.10432578332755804079461623197990E+01 0.16669665007159949306840246184835E+01
-0.10421149927752074851895711374080E+01 0.16651655262516283777921111503217E+01
-0.10409351047013184317203420201997E+01 0.16633061821280667161422816683532E+01
-0.10397182098431709926501036775372E+01 0.16613885338664275474715789781395E+01
-0.10384643502677520969364100459961E+01 0.16594126490428210396500470965448E+01
-0.10371735693181688699011001781495E+01 0.16573785972860086998639897029739E+01
-0.10358459116119904318662164459285E+01 0.16552864502749917951890523711753E+01
-0.10344814230395401635434038217164E+01 0.16531362817365284406974503314984E+01
-0.10330801507621385083710126228492E+01 0.16509281674425800692635010986172E+01
-0.10316421432102964809807704213348E+01 0.16486621852076873904905319932895E+01
-0.10301674500818596864248055504633E+01 0.16463384148862754387961297075534E+01
-0.10286561223401029828046639171977E+01 0.16439569383698885638071860793837E+01
-0.10271082122117757903146320179255E+01 0.16415178395843547661636113622605E+01
-0.10255237731850978416724862513017E+01 0.16390212044868798112876863403516E+01
-0.10239028600077057711760392930915E+01 0.16364671210630716465036164488105E+01
-0.10222455286845500679770488443086E+01 0.16338556793238941079908216370568E+01
-0.10205518364757428423194837649785E+01 0.16311869713025514898577352611822E+01
-0.10188218418943561429785005571876E+01 0.16284610910513029044950058189476E+01
-0.10170556047041707696579562892626E+01 0.16256781346382070697568159155103E+01
-0.10152531859173759212364458113058E+01 0.16228382001437978763683683776364E+01
-0.10134146477922191999360836261948E+01 0.16199413876576902955783076761353E+01
-0.10115400538306074501025753746633E+01 0.16169877992751172718952005111653E+01
-0.10096294687756580099263542358715E+01 0.16139775390933974628930297644815E+01
-0.10076829586092007228518734550674E+01 0.16109107132083340711391400942481E+01
-0.10057005905492304076588928419308E+01 0.16077874297105449207183849174511E+01
-0.10036824330473099889376083886474E+01 0.16046077986817237931463617328244E+01
-0.10016285557859242023444875163029E+01 0.16013719321908334712059613045289E+01
-0.99953902967578386090666827236179E+00 0.15980799442902303439477822006439E+01
-0.99741392685308061797807739650816E+00 0.15947319510117207755502368208713E+01
-0.99525332067669240069182020183605E+00 0.15913280703625496744466479494427E+01
-0.99305728572533929999094797296153E+00 0.15878684223213210452668063650368E+01
-0.99082589779468998442800526269889E+00 0.15843531288338509111398434839876E+01
-0.98855923389441853403037697629748E+00 0.15807823138089528452637246880145E+01
-0.98625737224521202063081843984002E+00 0.15771561031141560452674074535722E+01
-0.98392039227572818891807268436603E+00 0.15734746245713563478071893051529E+01
-0.98154837461950395041437723852709E+00 0.15697380079524001458470536067714E+01
-0.97914140111181388878851679585794E+00 0.15659463849746017586994922214332E+01
-0.97669955478647961163147074011246E+00 0.15620998892961940229507646852390E+01
-0.97422291987262910329275376486839E+00 0.15581986565117124215780694759440E+01
-0.97171158179140651485206397558828E+00 0.15542428241473132365473870395393E+01
-0.96916562715263243518282842939767E+00 0.15502325316560254648964790511072E+01
-0.96658514375141402748816904823764E+00 0.15461679204129369352552921349997E+01
-0.96397022056470590454950927619249E+00 0.15420491337103151548584859903695E+01
-0.96132094774782070162949314075670E+00 0.15378763167526618867566903772450E+01
-0.95863741663089003939449097260942E+00 0.15336496166517038499016498387368E+01
-0.95591971971527579071166301272645E+00 0.15293691824213168849116564284493E+01
-0.95316795066993065606987252798411E+00 0.15250351649723867447877527532994E+01
-0.95038220432770970311023593229045E+00 0.15206477171076044325100556694052E+01
-0.94756257668163108855940374709385E+00 0.15162069935161974539239744487326E+01
-0.94470916488108698782208374462634E+00 0.15117131507685971493584268452372E+01
-0.94182206722800421951043091598376E+00 0.15071663473110417336266442396277E+01
-0.93890138317295461118396925921976E+00 0.15025667434601161925505303856892E+01
-0.93594721331121518247612155505923E+00 0.14979145013972283629137632698436E+01
-0.93295965937877766933187499926625E+00 0.14932097851630219360110135712062E+01
-0.92993882424830775189674510398631E+00 0.14884527606517266572678267846748E+01
-0.92688481192505354243792538859936E+00 0.14836435956054455775210657597638E+01
-0.92379772754270359411650416616834E+00 0.14787824596083803134147768445622E+01
-0.92067767735919400189877247265009E+00 0.14738695240809933892271776712494E+01
-0.91752476875246456559738928950955E+00 0.14689049622741094285667318946310E+01
-0.91433911021616420268343167786400E+00 0.14638889492629541484380796054695E+01
-0.91112081135530509756067751600300E+00 0.14588216619411322082886619817064E+01
-0.90786998288186575117350411101449E+00 0.14537032790145436226459444125962E+01
-0.90458673661034250863717426408279E+00 0.14485339809952396082605327715737E+01
-0.90127118545324985863466877945269E+00 0.14433139501952177042517644366234E+01
-0.89792344341656904608692504832852E+00 0.14380433707201565171867438819866E+01
-0.89454362559514485656242308228400E+00 0.14327224284630903397817786998461E+01
-0.89113184816803056929978732421269E+00 0.14273513110980243718508447664212E+01
-0.88768822839378095975624357774586E+00 0.14219302080734899519872602418905E+01
-0.88421288460569281696331485900431E+00 0.14164593106060409725741011068084E+01
-0.88070593620699330843290457754764E+00 0.14109388116736913687595636139196E+01
-0.87716750366597568562670641801929E+00 0.14053689060092937967060467859956E+01
-0.87359770851108208525679547549498E+00 0.13997497900938602771439257844133E+01
-0.86999667332593358749627700894049E+00 0.13940816621498248101106578995010E+01
-0.86636452174430690322529654078586E+00 0.13883647221342480952137411304982E+01
-0.86270137844505766492275303998188E+00 0.13825991717319652867694786857700E+01
-0.85900736914699018627611598626772E+00 0.13767852143486764346768973149717E+01
-0.85528262060367327400704204471914E+00 0.13709230551039802461216740029063E+01
-0.85152726059820184418231096108122E+00 0.13650129008243515531292245366779E+01
-0.84774141793790410882580402669805E+00 0.13590549600360627569610562202730E+01
-0.84392522244899441447760957731153E+00 0.13530494429580496156802271089410E+01
-0.84007880497117068624109246045201E+00 0.13469965614947211406661331788319E+01
-0.83620229735215673921966318140178E+00 0.13408965292287154290296544945635E+01
-0.83229583244218920861616049053030E+00 0.13347495614135999215311828595356E+01
-0.82835954408844828319418448611925E+00 0.13285558749665178168456530810143E+01
-0.82439356712943241081552076874903E+00 0.13223156884607804869816637108914E+01
-0.82039803738927621464833985248676E+00 0.13160292221184060746266317335753E+01
-0.81637309167201150825994510000233E+00 0.13096966978026051931272326832686E+01
-0.81231886775577097712415541538917E+00 0.13033183390102134483387402504075E+01
-0.80823550438693397248672305213137E+00 0.12968943708640717155247131387084E+01
-0.80412314127421409018269021814257E+00 0.12904250201053543980105431634962E+01
-0.79998191908268836582580577451421E+00 0.12839105150858454022808618165331E+01
-0.79581197942776687297566346273890E+00 0.12773510857601638020067865424487E+01
-0.79161346486910320963490372597873E+00 0.12707469636779376519971342533596E+01
-0.78738651890444460390444261249220E+00 0.12640983819759277151108626742426E+01
-0.78313128596342136072095093394644E+00 0.12574055753701013110344730159067E+01
-0.77884791140127553602441000006649E+00 0.12506687801476558796986829873802E+01
-0.77453654149252732314347133554494E+00 0.12438882341589939945394118718077E+01
-0.77019732342457957365703430732518E+00 0.12370641768096488938456346221642E+01
-0.76583040529125916173576824768281E+00 0.12301968490521621978149789741517E+01
-0.76143593608629475124298896406963E+00 0.12232864933779131377738562558118E+01
-0.75701406569673052769435698288113E+00 0.12163333538089006795628653390246E+01
-0.75256494489627453275793192019393E+00 0.12093376758894784188168609284753E+01
-0.74808872533858203884303668710118E+00 0.12022997066780428757017162837418E+01
-0.74358555955047168925756551460081E+00 0.11952196947386755689476194213885E+01
-0.73905560092507502573950118919690E+00 0.11880978901327396641196280466967E+01
-0.73449900371491765569613570764505E+00 0.11809345444104311246915337879393E+01
-0.72991592302493178889655323587368E+00 0.11737299106022855103232312890377E+01
-0.72530651480539863228231081578929E+00 0.11664842432106401521016287003258E+01
-0.72067093584482037141890329925508E+00 0.11591977982010530356484153987060E+01
-0.71600934376272050052366950697627E+00 0.11518708329936779901061994909849E+01
-0.71132189700237117662467044530832E+00 0.11445036064545978549080904598079E+01
-0.70660875482344715215338218169081E+00 0.11370963788871147023879428768729E+01
-0.70187007729460476134621513041269E+00 0.11296494120229990872674966209480E+01
-0.69710602528598491557225291340564E+00 0.11221629690136977385659888936426E+01
-0.69231676046163916969532188560958E+00 0.11146373144215009683527392012527E+01
-0.68750244527187697842979305496157E+00 0.11070727142106699719469031804435E+01
-0.68266324294553407907630728652768E+00 0.10994694357385246108428240145348E+01
-0.67779931748215895301598847884684E+00 0.10918277477464927244220307062238E+01
-0.67291083364411762296320172886659E+00 0.10841479203511204315728828988200E+01
-0.66799795694861447980534496689065E+00 0.10764302250350455971294521813849E+01
-0.66306085365962728876107499730018E+00 0.10686749346379337155427292200406E+01
-0.65809969077975624422344913077964E+00 0.10608823233473772100583263020674E+01
-0.65311463604198348890833683989824E+00 0.10530526666897594464273857028493E+01
-0.64810585790134300483145107178816E+00 0.10451862415210829392625574274418E+01
-0.64307352552649836897050525376608E+00 0.10372833260177634398272978895984E+01
-0.63801780879122636877030564040928E+00 0.10293441996673897985043185107426E+01
-0.63293887826580516285540072969180E+00 0.10213691432594507891234936796355E+01
-0.62783690520830439631555862179509E+00 0.10133584388760293913633959661749E+01
-0.62271206155577535601606731038452E+00 0.10053123698824648391801633402620E+01
-0.61756451991533954184872286258724E+00 0.99723122091798421863003143927055E+00
-0.61239445355517173673899066369514E+00 0.98911527788630293334444050470434E+00
-0.60720203639537759479501551592139E+00 0.98096482794619571767276681649440E+00
-0.60198744299876128361445201431956E+00 0.97278015950203879437335408641425E+00
-0.59675084856148133083905035624876E+00 0.96456156219432381189459409712103E+00
-0.59149242890359208995238179633001E+00 0.95630932689014420557113576495307E+00
-0.58621236045946792100902552520880E+00 0.94802374567365491788610917399017E+00
-0.58091082026810714478615544718232E+00 0.93970511183650659510531527271453E+00
-0.57558798596331235923182350604061E+00 0.93135371986825441150586516491001E+00
-0.57024403576374478148580743368583E+00 0.92296986544674290485923966813110E+00
-0.56487914846284840394499137733293E+00 0.91455384542846759909520158116660E+00
-0.55949350341864080156831718936770E+00 0.90610595783891396567558853627201E+00
-0.55408728054336742460278576909794E+00 0.89762650186287500626774298913801E+00
-0.54866066029301473955163939992681E+00 0.88911577783474831812140896401850E+00
-0.54321382365667877712202086664132E+00 0.88057408722881309661478521502366E+00
-0.53774695214578537337309868361795E+00 0.87200173264948881679015826973187E+00
-0.53226022778315652177282795014735E+00 0.86339901782157600055385022024714E+00
-0.52675383309191974339871840018317E+00 0.85476624758048002949844628687410E+00
-0.52122795108425498169524301972835E+00 0.84610372786241949386514310463056E+00
-0.51568276524997423553725016369153E+00 0.83741176569461982691438655876862E+00
-0.51011845954492860642694784273280E+00 0.82869066918549311056398337057921E+00
-0.50453521837923811954167158880181E+00 0.81994074751480539352073390973964E+00
-0.49893322660533770727651904913811E+00 0.81116231092383261571222240011143E+00
-0.49331266950583453444300886855183E+00 0.80235567070550658533054047805874E+00
-0.48767373278116892866503661435700E+00 0.79352113919455114440835138549698E+00
-0.48201660253707491086650176338352E+00 0.78465902975761103766158170287169E+00
-0.47634146527183096094164749448322E+00 0.77576965678337383958151687694317E+00
-0.47064850786329605641653089602775E+00 0.76685333567268661228016611651834E+00
-0.46493791755572222907540666544794E+00 0.75791038282866830378355607901531E+00
-0.45920988194633674029217101479438E+00 0.74894111564681927791171578815698E+00
-0.45346458897168580780195015476708E+00 0.73994585250512985251703984374808E+00
-0.44770222689373034673784950814273E+00 0.73092491275418828107035262617005E+00
-0.44192298428568657983834163229952E+00 0.72187861670729051074023461235620E+00
-0.43612705001760033390599850728729E+00 0.71280728563055258302947870152859E+00
-0.43031461324164707879609015328929E+00 0.70371124173302732722047756321117E+00
-0.42448586337714666842700637050613E+00 0.69459080815682758936173672521548E+00
-0.41864099009528026764352899799461E+00 0.68544630896725605087813526290729E+00
-0.41278018330350336648558551363536E+00 0.67627806914294517070784650999708E+00
-0.40690363312963573517734610271796E+00 0.66708641456600718379781395030646E+00
-0.40101152990562331593700316131774E+00 0.65787167201219711438023217555332E+00
-0.39510406415095340320853646035675E+00 0.64863416914109002442154768076892E+00
-0.38918142655571257701817512050431E+00 0.63937423448627438263046947126004E+00
-0.38324380796327232103168147762886E+00 0.63009219744556362664573412499409E+00
-0.37729139935258616515388895737302E+00 0.62078838827122752945405790781788E+00
-0.37132439182008440000517810273733E+00 0.61146313806024558156439194076546E+00
-0.36534297656114819140317144419152E+00 0.60211677874458444361645231821482E+00
-0.35934734485114578478429897218500E+00 0.59274964308150174223430288579947E+00
-0.35333768802601325359692719167480E+00 0.58336206464387745282740674376309E+00
-0.34731419746235902836587272790526E+00 0.57395437781057661543241100164152E+00
-0.34127706455707330163179575456945E+00 0.56452691775684423483519980371010E+00
-0.33522648070641890685099872562685E+00 0.55508002044473584636656853376506E+00
-0.32916263728458278318587498598730E+00 0.54561402261358504079213861585210E+00
-0.32308572562166319312267761746494E+00 0.53612926177051184346296986884920E+00
-0.31699593698106740414391379665543E+00 0.52662607618097309339842489569993E+00
-0.31089346253629358334011798807585E+00 0.51710480485935837707740934659797E+00
-0.30477849334706888888207522956965E+00 0.50756578755963429966206407736793E+00
-0.29865122033481376552902379466271E+00 0.49800936476603920271938546492011E+00
-0.29251183425740158959882861987202E+00 0.48843587768383170186404716163661E+00
-0.28636052568318037189037171978696E+00 0.47884566823009621415740797632488E+00
-0.28019748496422181590675969683106E+00 0.46923907902460781090722014683683E+00
-0.27402290220876076216827828835366E+00 0.45961645338076070273093947488496E+00
-0.26783696725278583330546647591966E+00 0.44997813529656182886365652618485E+00
-0.26163986963074057769403756618180E+00 0.44032446944569538414124202361261E+00
-0.25543179854529069441937988393875E+00 0.43065580116865908787898261531951E+00
-0.24921294283611136544816732163820E+00 0.42097247646397702778237408771814E+00
-0.24298349094764679050475689246990E+00 0.41127484197949392475195819894595E+00
-0.23674363089578722839786648762236E+00 0.40156324500375101210476315428913E+00
-0.23049355023341237367687160300329E+00 0.39183803345745163670018956729304E+00
-0.22423343601473880838487908242598E+00 0.38209955588501734590064661625251E+00
-0.21796347475841230267839176628737E+00 0.37234816144623925438022150115192E+00
-0.21168385240927847691569365489430E+00 0.36258419990803018534553381216913E+00
-0.20539475429876062488679405777606E+00 0.35280802163627951824896510595401E+00
-0.19909636510377285889351846805251E+00 0.34301997758781715578350654972431E+00
-0.19278886880408702874006420821396E+00 0.33322041930248984871549058849500E+00
-0.18647244863807092448588277100300E+00 0.32340969889535372573068869766853E+00
-0.18014728705670909065584311054946E+00 0.31358816904899050661024987446731E+00
-0.17381356567580797140796626912131E+00 0.30375618300594747260870163319304E+00
-0.16747146522628773025107833467146E+00 0.29391409456131047166686611417714E+00
-0.16112116550244923925168418858146E+00 0.28406225805541222942225154808559E+00
-0.15476284530810298690901009867260E+00 0.27420102836668067161803896704636E+00
-0.14839668240043591098437968109650E+00 0.26433076090463338427577460660488E+00
-0.14202285343148390958633446745570E+00 0.25445181160302235666179457684627E+00
-0.13564153388707086366919396085692E+00 0.24456453691313413133195079743519E+00
-0.12925289802306253842813845735654E+00 0.23466929379724973237809953576071E+00
-0.12285711879877485453728619444812E+00 0.22476643972227014970429711934831E+00
-0.11645436780736472138971110558259E+00 0.21485633265351136614966540106261E+00
-0.11004481520301801627254666585562E+00 0.20493933104867346697217779841935E+00
-0.10362862962473771217792870536536E+00 0.19501579385198933100106262430044E+00
-0.97205978116519423241547114326109E-01 0.18508608048855616551456001684119E+00
-0.90777026043686291844609932941034E-01 0.17515055085885393386449752921080E+00
-0.84341937005139243847108441724444E-01 0.16520956533345576722035284108656E+00
-0.77900872741258695149327190111531E-01 0.15526348474793175263108352401792E+00
-0.71453993037174597546681582050526E-01 0.14531267039795020261426563290992E+00
-0.65001455621100971478048439241742E-01 0.13535748403457876331107745697687E+00
-0.58543416057405220398979655243388E-01 0.12539828785978644225261767973998E+00
-0.52080027634059073540079793252155E-01 0.11543544452214728625443003564354E+00
-0.45611441244087934446336308695248E-01 0.10546931711274625278256682049420E+00
-0.39137805260607355513515129452406E-01 0.95500269161285283020346777624437E-01
-0.32659265404999042038101993795518E-01 0.85528664632388178914469823845275E-01
-0.26175964607743947479372055165006E-01 0.75554867922097463059243394529554E-01
-0.19688042861390326418331644750397E-01 0.65579243854561153707796718706307E-01
-0.13195637065089382814260117923101E-01 0.55602157678897924751183128091701E-01
-0.66988808600842428753581445573835E-02 0.45623975066232059406009129677764E-01
-0.19790445548545960094564638242523E-03 0.35645062106884722575387954876052E-01
0.63071655563950056857721467979803E-02 0.25665785307703480880946128041906E-01
0.12816206395935142013196216390780E-01 0.15686511589512670482760382918141E-01
0.19329099304186543202716698080867E-01 0.57076082846558156033394699503958E-02
0.25845729763879564022278454895569E-01 -0.42705568653964040601719558705333E-02
0.32365987734478883758194009091679E-01 -0.14247615712410268187088960157902E-01
0.38889767902403897729188616469470E-01 -0.24223199703767716869505151652999E-01
0.45416969947635194474967553791523E-01 -0.34196939884908697536214550992158E-01
0.51947498828048169130204301134386E-01 -0.44168466901900891616966539424282E-01
0.58481265082938298014692873342071E-01 -0.54137411004200243848449179375487E-01
0.65018185157349809160596776666154E-01 -0.64103402047692771523356501655903E-01
0.71558181748978385819952388021367E-01 -0.74066069498107279517980181479202E-01
0.78101184179593383728862270740687E-01 -0.84025042434916675927189522756546E-01
0.84647128793128754030564498583820E-01 -0.93979949555857702683228918731576E-01
0.91195959382808125304378188877819E-01 -0.10393041918222273148876135815040E+00
0.97747627649923580983875122285286E-01 -0.11387607926510535575690355355150E+00
0.10430209369716100320924334124354E+00 -0.12381655739280645927804472250762E+00
0.11085932655968288979118691451587E+00 -0.13375148079964561498456778878272E+00
0.11741930477752882140962057064814E+00 -0.14368047637646225243893636966435E+00
0.12398201701329384093209017037490E+00 -0.15360317068313625757773711640226E+00
0.13054746271949134068673384432051E+00 -0.16351918996351441723038799744774E+00
0.13711565286051818918715821339184E+00 -0.17342816016319060024078454176580E+00
0.14368661069471451089234435593459E+00 -0.18332970695066546519856463489176E+00
0.15026037262266676921965954694015E+00 -0.19322345574249629107417747238984E+00
0.15683698910864681874404206461009E+00 -0.20310903173315115210571087986024E+00
0.16341652568293417968082729121073E+00 -0.21298605993040424419147361943507E+00
0.16999906403373905767596156251829E+00 -0.22285416519724970596889403036303E+00
0.17658470319856219357683764985888E+00 -0.23271297230148024539016996292973E+00
0.18317356086611046805645871644813E+00 -0.24256210597427740963885428562293E+00
0.18976577480136416489423184165962E+00 -0.25240119097939437047255002793640E+00
0.19636150440810068722784239710101E+00 -0.26222985219479408389676616510364E+00
0.20296093244515699863339804324256E+00 -0.27204771470893998565453841618425E+00
0.20956426691500903671571573005951E+00 -0.28185440393433473451682004307110E+00
0.21617174314592504914618298371770E+00 -0.29164954574138132563152277163605E+00
0.22278362609207445279737376348880E+00 -0.30143276661621382438697554701710E+00
0.22940021287964038587192108759461E+00 -0.31120369384683767452772004217427E+00
0.23602183563129585998539098717691E+00 -0.32096195574275168722544564917592E+00
0.24264886460648935075654083786724E+00 -0.33070718189423578164311577993858E+00
0.24928171170101430094475009162206E+00 -0.34043900347872246795712007277804E+00
0.25592083435649790604045503323894E+00 -0.35015705362316084859172587701307E+00
0.26256673993900023243373773534281E+00 -0.35986096783313074912580808372285E+00
0.26921999065616247715103232205453E+00 -0.36955038450171551747371272600914E+00
0.27588120909468229332524915219137E+00 -0.37922494551393535231446429627203E+00
0.28255108447481855390369198183515E+00 -0.38888429696600531237714390316367E+00
0.28923037973676020103616144842006E+00 -0.39852809002298807455825136470515E+00
0.29591993959584332878358049299317E+00 -0.40815598194381647796956091826050E+00
0.30262069973079880530580534041695E+00 -0.41776763730945122208711765518115E+00
0.30933369730279742373755119339395E+00 -0.42736272949853908017064157983944E+00
0.31606008304479112228854496254855E+00 -0.43694094246589120594216813529042E+00
0.32280113521281723775118258272808E+00 -0.44650197289311598960551779203709E+00
0.32955827575661095284675194945484E+00 -0.45604553279883681290544506846172E+00
0.33633308915013969034921909875266E+00 -0.46557135271940546745651710842491E+00
0.34312734442906577582770319597390E+00 -0.47507918560175640661530899142941E+00
0.34994302111921001406330073823868E+00 -0.48456881159058993144139244726661E+00
0.35678233991822410550036356572149E+00 -0.49404004394601087952235932734383E+00
0.36364779922641605180338882089130E+00 -0.50349273640019727126859878968689E+00
0.37054221893250380481434802016373E+00 -0.51292679235994639311179813545619E+00
0.37746879327536593189005960045883E+00 -0.52234217649670537277416206206646E+00
0.38443115516624760170937314320797E+00 -0.53173892945265096472412892063614E+00
0.39143345513031174157414503772806E+00 -0.54111718665404267012360763455562E+00
0.39848045910645411234544101156062E+00 -0.55047720259714003593971414388343E+00
0.40557767087485746044655073821983E+00 -0.55981938251249773339802274189148E+00
0.41273148709018956644808591576843E+00 -0.56914432410653244815684997739758E+00
0.41994939615163681407386674447859E+00 -0.57845287326068910173204025264589E+00
0.42724023705538877557468384585421E+00 -0.58774619935017250279730303038147E+00
0.43461454205808917143957406826972E+00 -0.59702589852767065194024708261994E+00
0.44208499975644039876706572197175E+00 -0.60629413709165631159014086549474E+00
0.44966710077735205429999684359963E+00 -0.61555384926631902500156684723069E+00
0.45738018824848277627319703144307E+00 -0.62480890855836691323812105475755E+00
0.46684147730643702330284654977693E+00 -0.63591833409536849107207727007276E+00
0.47658238772717697948662432496091E+00 -0.64704296586290862169099392385204E+00
0.48667938107485464089515979147161E+00 -0.65820628479717213055519202624070E+00
0.49724832890790530455354000655771E+00 -0.66944460465746454906567530601700E+00
0.50847283902516404458286583882030E+00 -0.68082367539002808337188907223878E+00
0.52001845327877180528470291385311E+00 -0.69185807732981166906097676398888E+00
0.53138755279611848785542382489376E+00 -0.70198033296113874921899554307461E+00
0.54260634258505946838557718515859E+00 -0.71117759389150849273167177799943E+00
0.55364709857234339261345686438092E+00 -0.71952177676130913541288743135472E+00
0.56479494049020436505321531036833E+00 -0.72665783040515758233636471868470E+00
0.56482955732874948883661331427065E+00 -0.73984676711275275872432587090596E+00
0.56573822601032411224276080681197E+00 -0.75351028327120306563501438684353E+00
0.56739128351482651334493748325198E+00 -0.76766498406797691834286524015943E+00
0.56977055606464473438649477205940E+00 -0.78230981918057138608147130268160E+00
0.57282186310098887205220431701649E+00 -0.79744171696899654667984739302890E+00
0.57633081887588010570390878321415E+00 -0.81235010416407953540798307870810E+00
0.58006070907183052802074693768776E+00 -0.82652421426365218414535545640019E+00
0.58396151399477164388951726096551E+00 -0.84015852264442098316320182213490E+00
0.58799868215295730497392209678745E+00 -0.85337294135621479941130996340439E+00
0.59214651375833467641511303499937E+00 -0.86624731692061458700151747207903E+00
0.59567436816082970791807746650670E+00 -0.87675674871425569558046602955808E+00
0.59925543460580787461827284591136E+00 -0.88709363323025876725418135202563E+00
0.60288336388200134209045797032032E+00 -0.89727656391288085510806235934482E+00
0.60655132353327299497661271022516E+00 -0.90732091853463561993718803021043E+00
0.61025391623397126108425251310065E+00 -0.91723905336859260238082971333076E+00
0.61398631225596862460201161261586E+00 -0.92704120566242125439384246722109E+00
0.61774433971462341995162261081644E+00 -0.93673588842311869476712328595446E+00
0.62152430725875710294115840469758E+00 -0.94633026941036796671089030373089E+00
0.62532294573867874349450360509476E+00 -0.95583042707249238165269477283018E+00
0.62913733521286288784832569043463E+00 -0.96524155616923577493337527856309E+00
0.63296485487616201205946732288382E+00 -0.97456812407332831838030156774794E+00
0.63680313945658932963997497456051E+00 -0.98381399475167089016956583603725E+00
0.64065004432341734173544562911582E+00 -0.99298252701245181561246582140507E+00
0.64450361626176339793550224911384E+00 -0.10020766535948903392890789963243E+01
0.64836206915780547914772214818388E+00 -0.10110989453084925753536556841612E+01
0.65222376350594063493902181101700E+00 -0.10200516635492863423653299486400E+01
0.65608718906084111484350727478756E+00 -0.10289368036286376406838816078325E+01
0.65995095004922337694471678812171E+00 -0.10377561307908120700442013689813E+01
0.66381375249654413426862186332432E+00 -0.10465112103552311783307672219478E+01
0.66767439330791095507870130534608E+00 -0.10552034331015954484507580851168E+01
0.67153175081505926116166636859937E+00 -0.10638340367738526336233867155285E+01
0.67538477655529215689754704119603E+00 -0.10724041243960233988969988242868E+01
0.67923248809158551887327829275386E+00 -0.10809146799521915966975089673908E+01
0.68307396271710301219455808436062E+00 -0.10893665818741875966166732945284E+01
0.68690833191462828346180381666944E+00 -0.10977606146955669004398780719478E+01
0.69073477646330755620565595053316E+00 -0.11060974791637099716548397960473E+01
0.69455252210280870555159147416471E+00 -0.11143778010489719706518538541705E+01
0.69836083567942585240584114592546E+00 -0.11226021388476180947051872689488E+01
0.70215902171045932403102118048039E+00 -0.11307709905414149476069235433717E+01
0.70594641931292264507551165142719E+00 -0.11388847995493982818896045391974E+01
0.70972239945066697141629110712878E+00 -0.11469439599851223471670848300344E+01
0.71348636246070037902462100166937E+00 -0.11549488213145573767237969618182E+01
0.71723773582506318158984797026848E+00 -0.11628996924949102459026183979674E+01
0.72097597215930546867930116437544E+00 -0.11707968456623618136735013579849E+01
0.72470054739256031910823312886376E+00 -0.11786405194265390038511783819664E+01
0.72841095911754356218211885575705E+00 -0.11864309218210659373006819995645E+01
0.73210672509164376855924393228572E+00 -0.11941682329524619978647141064390E+01
0.73578738187268259096732924895710E+00 -0.12018526073837114604629821162763E+01
0.73945248357498650140513362253824E+00 -0.12094841762838246150805025149944E+01
0.74310160073318367886916626725279E+00 -0.12170630493704815098345855113041E+01
0.74673431926266082363222138969172E+00 -0.12245893166692555911557778858569E+01
0.75035023950693080196303342521497E+00 -0.12320630501098625144254250293043E+01
0.75394897536329773614727310596553E+00 -0.12394843049772667252794140195532E+01
0.75753015347919423303938174216420E+00 -0.12468531212332436386338049451095E+01
0.76109341251242534288873752306765E+00 -0.12541695247220747707247940687532E+01
0.76463840244930026723213333434684E+00 -0.12614335282723965616568939500156E+01
0.76816478397529185685303854031931E+00 -0.12686451327057948358370914299194E+01
0.77167222789343553082564765293870E+00 -0.12758043277614973328013572485126E+01
0.77516041458618519151330870285960E+00 -0.12829110929454399691601167383078E+01
0.77862903351688807552667597753395E+00 -0.12899653983110472315228112137037E+01
0.78207778276743199494150756938181E+00 -0.12969672051782476950468876613806E+01
0.78550636860896603310134193599051E+00 -0.13039164667965319076763279994550E+01
0.78891450510290218926567593841813E+00 -0.13108131289572318102597658886482E+01
0.79230191372967795170219272835529E+00 -0.13176571305596507818192364323847E+01
0.79566832304300418511720786997863E+00 -0.13244484041351880357135002042160E+01
0.79901346834753489500829220185601E+00 -0.13311868763331740157975166511256E+01
0.80233709139809271719499067170976E+00 -0.13378724683717538928344154079980E+01
0.80563894011875291815929014323841E+00 -0.13445050964568235127915178525984E+01
0.80891876834024470254540964003508E+00 -0.13510846721717237534785635585274E+01
0.81217633555426618867204180592342E+00 -0.13576111028401355894446063807234E+01
0.81541140668343423946944919309266E+00 -0.13640842918643837311406925727321E+01
0.81862375186570225145610403496070E+00 -0.13705041390411466303680192454141E+01
0.82181314625217856661924191755825E+00 -0.13768705408563841951945144878054E+01
0.82497936981737092277404776565594E+00 -0.13831833907611262858223854381506E+01
0.82812220718096269347271755882851E+00 -0.13894425794296161961328070375080E+01
0.83124144744030165860073943195378E+00 -0.13956479950011682157002018684580E+01
0.83433688401284984705830952432659E+00 -0.14017995233069771031660026805916E+01
0.83740831448790275331328041544498E+00 -0.14078970480830098767298827369217E+01
0.84045554048694228724507146213249E+00 -0.14139404511700105575936782024016E+01
0.84347836753203878507924104729707E+00 -0.14199296127015617344491524516738E+01
0.84647660492176168031960051255283E+00 -0.14258644112810659164501637920935E+01
0.84945006561410150632627065897056E+00 -0.14317447241484376890408398137716E+01
0.85239856611594355799585138436244E+00 -0.14375704273372323727066540731208E+01
0.85532192637866831061022481030616E+00 -0.14433413958228775693216872122527E+01
0.85821996969948503078649998161677E+00 -0.14490575036626199074788361676966E+01
0.86109252262813515912472987391646E+00 -0.14547186241277504480910882106694E+01
0.86393941487862747307505047020093E+00 -0.14603246298286276602637244944343E+01
0.86676047924569298618249680914647E+00 -0.14658753928329767223430628669449E+01
0.86955555152566755835035826681776E+00 -0.14713707847779060048472782256099E+01
0.87232447044153400550093575855629E+00 -0.14768106769760487432443677344486E+01
0.87506707757187137890575520728705E+00 -0.14821949405162064839650133591607E+01
0.87778321728347874190248798289881E+00 -0.14875234463588429885696158374330E+01
0.88047273666745542992309539980154E+00 -0.14927960654267513257091438292742E+01
0.88313548547853524615816467164792E+00 -0.14980126686911928988700948547083E+01
0.88577131607748606777852109862350E+00 -0.15031731272537862163132050150035E+01
0.88838008337639755433229415265313E+00 -0.15082773124244023837558687535824E+01
0.89096164478669329082980095000590E+00 -0.15133250957953066538983280528123E+01
0.89351586016971246901198526931343E+00 -0.15183163493117682606860629113441E+01
0.89604259178971763157496031187442E+00 -0.15232509453393445868103494697026E+01
0.89854170426919453159905870839252E+00 -0.15281287567280334749489605947383E+01
0.90101306454631574442199397212034E+00 -0.15329496568734712269003914089693E+01
0.90345654183445319095814297023821E+00 -0.15377135197753447424150665057848E+01
0.90587200758362535974580425148679E+00 -0.15424202200931729174418452763144E+01
0.90825933544377811496063912936768E+00 -0.15470696331996028081206884758872E+01
0.91061840122979990569218822367754E+00 -0.15516616352313568513743860738782E+01
0.91294908288818043507005979657690E+00 -0.15561961031379574763979938362832E+01
0.91525126046522691471399632558604E+00 -0.15606729147283484118357345209381E+01
0.91752481607675644542451857568535E+00 -0.15650919487155235893759939907226E+01
0.91976963387918897999883677205398E+00 -0.15694530847592673753002531360405E+01
0.92198560004196917799775236076733E+00 -0.15737562035071041551118075797747E+01
0.92417260272124943129594244440933E+00 -0.15780011866335481215214519058355E+01
0.92633053203477096173158087860668E+00 -0.15821879168777392831926370353942E+01
0.92845928003788277283344633533913E+00 -0.15863162780795457397569136195822E+01
0.93055874070064245164957930150062E+00 -0.15903861552142079948054442539818E+01
0.93262880988594510542895801332575E+00 -0.15943974344255961840149090473542E+01
0.93466938532863046499333112812466E+00 -0.15983500030581465719372628442834E+01
0.93668036661552077779611804203804E+00 -0.16022437496875403029704169205909E+01
0.93866165516634437986850717575645E+00 -0.16060785641501831244319480538324E+01
0.94061315421550281556208882811937E+00 -0.16098543375715417221217398261900E+01
0.94253476879464156354266126872636E+00 -0.16135709623933886677363016831754E+01
0.94442640571598608930925568672076E+00 -0.16172283324000054514879327067616E+01
0.94628797355640785665617312419832E+00 -0.16208263427433898553003602901688E+01
0.94811938264218609155341335254882E+00 -0.16243648899675112583902333554285E+01
0.94992054503443326976506509203658E+00 -0.16278438720316553935326399231415E+01
0.95169137451515403085676605979178E+00 -0.16312631883328972041198142565399E+01
0.95343178657390835123320459223460E+00 -0.16346227397277386743106565197968E+01
0.95514169839505224728501410004357E+00 -0.16379224285529462915201244628246E+01
0.95682102884552950590907284727927E+00 -0.16411621586456209972953594728515E+01
0.95846969846319010061765279425282E+00 -0.16443418353625313008420854802240E+01
0.96008762944561250506901536131381E+00 -0.16474613655987392083025746058334E+01
0.96167474563940659229367165286768E+00 -0.16505206578055464312416984837556E+01
0.96323097252997768920704595986172E+00 -0.16535196220077869035470473182568E+01
0.96475623723173048940597575800270E+00 -0.16564581698204909570294677177811E+01
0.96625046847869464062263128333154E+00 -0.16593362144649437433491570375228E+01
0.96771359661555407413777356446088E+00 -0.16621536707841609279548750068139E+01
0.96914555358906245007680459544257E+00 -0.16649104552578020108661045908046E+01
0.97054627293982923184599739805830E+00 -0.16676064860165416206026530099676E+01
0.97191568979446047934379045886069E+00 -0.16702416828559175714741038425767E+01
0.97325374085803965584713523828418E+00 -0.16728159672496731078037558846884E+01
0.97456036440693518037899666517588E+00 -0.16753292623626109726820650266688E+01
0.97583550028192048617242732211111E+00 -0.16777814930629747634530230071853E+01
0.97707908988159506073914249595886E+00 -0.16801725859343729493553701156291E+01
0.97829107615609373128025753926588E+00 -0.16825024692872602214166212629418E+01
0.97947140360107311571333736809657E+00 -0.16847710731699893330032423206946E+01
0.98062001825196453997630915070462E+00 -0.16869783293794469303348826081149E+01
0.98173686767848293929305108819219E+00 -0.16891241714712851336722056633710E+01
0.98282190097938203603280413980795E+00 -0.16912085347697609693400155037354E+01
0.98387506877744665938020018655938E+00 -0.16932313563771943913061847381154E+01
0.98489632321471315279801921366705E+00 -0.16951925751830553336814439979077E+01
0.98588561794790965933640754066456E+00 -0.16970921318726900626694640523538E+01
0.98684290814410828655221539343124E+00 -0.16989299689356956610968594897462E+01
0.98776815047658153369079863706609E+00 -0.17007060306739520135283219719613E+01
0.98866130312085593665715679775792E+00 -0.17024202632093195109952914050949E+01
0.98952232575095595914894195551539E+00 -0.17040726144910103831179495536905E+01
0.99035117953583185346084148127059E+00 -0.17056630343026413661929506500724E+01
0.99114782713596528612026237354095E+00 -0.17071914742689747154000244217205E+01
0.99191223270014686135843166196956E+00 -0.17086578878623543053358757306166E+01
0.99264436186242030692972949589215E+00 -0.17100622304088432621352257708189E+01
0.99334418173918786468281421913920E+00 -0.17114044590940689322736625604044E+01
0.99401166092647218887795630682284E+00 -0.17126845329687812219174007986525E+01
0.99464676949733007308171780104375E+00 -0.17139024129541291672921631186967E+01
0.99524947899941364680524417504869E+00 -0.17150580618466610396732297566781E+01
0.99581976245267500213390092236238E+00 -0.17161514443230526839617058970281E+01
0.99635759434721031551775600858254E+00 -0.17171825269445683753641876691909E+01
0.99686295064124001448703615931476E+00 -0.17181512781612583932235909862614E+01
0.99733580875922141415799366476686E+00 -0.17190576683158971955292769874653E+01
0.99777614759009065662841262964103E+00 -0.17199016696476657814887267446825E+01
0.99818394748563070220038263556722E+00 -0.17206832562955819279129034366157E+01
0.99855919025895944878902236090642E+00 -0.17214024043016826662274805237542E+01
0.99890185918307380564283320545516E+00 -0.17220590916139945732202265962342E+01
0.99911220095035169023964937579358E+00 -0.17224621727438039623713722005754E+01
0.99930805447087552776921590505866E+00 -0.17228374790769988916876214837462E+01
0.99948941586919020364767681729661E+00 -0.17231850054943496751744373205920E+01
0.99965628155651225537795319879362E+00 -0.17235047472552058114481580587939E+01
0.99980864823184627679909412760773E+00 -0.17237966999971057274754782195540E+01
0.99995376915480942652111907392544E+00 -0.17240747631967065788016567787109E+01
0.10000988996416301244888282392266E+01 -0.17243528390505697132295845713513E+01
0.10002440396916919734150881157986E+01 -0.17246309275600365486131250715844E+01
0.10003891893043716020432976196764E+01 -0.17249090287264517482508202440635E+01
0.10005343484790540301259052745747E+01 -0.17251871425511552118108692925331E+01
0.10003891893043716020432976196764E+01 -0.17249090287264517482508202440635E+01
0.10002440396916919734150881157986E+01 -0.17246309275600365486131250715844E+01
0.10000988996416301244888282392266E+01 -0.17243528390505697132295845713513E+01
0.99995376915480942652111907392544E+00 -0.17240747631967065788016567787109E+01
0.99980864823184627679909412760773E+00 -0.17237966999971057274754782195540E+01
0.99965628155651225537795319879362E+00 -0.17235047472552058114481580587939E+01
0.99948941586919020364767681729661E+00 -0.17231850054943496751744373205920E+01
0.99930805447087552776921590505866E+00 -0.17228374790769988916876214837462E+01
0.99911220095035169023964937579358E+00 -0.17224621727438039623713722005754E+01
0.99890185918307380564283320545516E+00 -0.17220590916139945732202265962342E+01
0.99855919025895944878902236090642E+00 -0.17214024043016826662274805237542E+01
0.99818394748563070220038263556722E+00 -0.17206832562955819279129034366157E+01
0.99777614759009065662841262964103E+00 -0.17199016696476657814887267446825E+01
0.99733580875922141415799366476686E+00 -0.17190576683158971955292769874653E+01
0.99686295064124001448703615931476E+00 -0.17181512781612583932235909862614E+01
0.99635759434721031551775600858254E+00 -0.17171825269445683753641876691909E+01
0.99581976245267500213390092236238E+00 -0.17161514443230526839617058970281E+01
0.99524947899941364680524417504869E+00 -0.17150580618466610396732297566781E+01
0.99464676949733007308171780104375E+00 -0.17139024129541291672921631186967E+01
0.99401166092647218887795630682284E+00 -0.17126845329687812219174007986525E+01
0.99334418173918786468281421913920E+00 -0.17114044590940689322736625604044E+01
0.99264436186242030692972949589215E+00 -0.17100622304088432621352257708189E+01
0.99191223270014686135843166196956E+00 -0.17086578878623543053358757306166E+01
0.99114782713596528612026237354095E+00 -0.17071914742689747154000244217205E+01
0.99035117953583185346084148127059E+00 -0.17056630343026413661929506500724E+01
0.98952232575095595914894195551539E+00 -0.17040726144910103831179495536905E+01
0.98866130312085593665715679775792E+00 -0.17024202632093195109952914050949E+01
0.98776815047658153369079863706609E+00 -0.17007060306739520135283219719613E+01
0.98684290814410828655221539343124E+00 -0.16989299689356956610968594897462E+01
0.98588561794790965933640754066456E+00 -0.16970921318726900626694640523538E+01
0.98489632321471315279801921366705E+00 -0.16951925751830553336814439979077E+01
0.98387506877744665938020018655938E+00 -0.16932313563771943913061847381154E+01
0.98282190097938203603280413980795E+00 -0.16912085347697609693400155037354E+01
0.98173686767848293929305108819219E+00 -0.16891241714712851336722056633710E+01
0.98062001825196453997630915070462E+00 -0.16869783293794469303348826081149E+01
0.97947140360107311571333736809657E+00 -0.16847710731699893330032423206946E+01
0.97829107615609373128025753926588E+00 -0.16825024692872602214166212629418E+01
0.97707908988159506073914249595886E+00 -0.16801725859343729493553701156291E+01
0.97583550028192048617242732211111E+00 -0.16777814930629747634530230071853E+01
0.97456036440693518037899666517588E+00 -0.16753292623626109726820650266688E+01
0.97325374085803965584713523828418E+00 -0.16728159672496731078037558846884E+01
0.97191568979446047934379045886069E+00 -0.16702416828559175714741038425767E+01
0.97054627293982923184599739805830E+00 -0.16676064860165416206026530099676E+01
0.96914555358906245007680459544257E+00 -0.16649104552578020108661045908046E+01
0.96771359661555407413777356446088E+00 -0.16621536707841609279548750068139E+01
0.96625046847869464062263128333154E+00 -0.16593362144649437433491570375228E+01
0.96475623723173048940597575800270E+00 -0.16564581698204909570294677177811E+01
0.96323097252997768920704595986172E+00 -0.16535196220077869035470473182568E+01
0.96167474563940659229367165286768E+00 -0.16505206578055464312416984837556E+01
0.96008762944561250506901536131381E+00 -0.16474613655987392083025746058334E+01
0.95846969846319010061765279425282E+00 -0.16443418353625313008420854802240E+01
0.95682102884552950590907284727927E+00 -0.16411621586456209972953594728515E+01
0.95514169839505224728501410004357E+00 -0.16379224285529462915201244628246E+01
0.95343178657390835123320459223460E+00 -0.16346227397277386743106565197968E+01
0.95169137451515403085676605979178E+00 -0.16312631883328972041198142565399E+01
0.94992054503443326976506509203658E+00 -0.16278438720316553935326399231415E+01
0.94811938264218609155341335254882E+00 -0.16243648899675112583902333554285E+01
0.94628797355640785665617312419832E+00 -0.16208263427433898553003602901688E+01
0.94442640571598608930925568672076E+00 -0.16172283324000054514879327067616E+01
0.94253476879464156354266126872636E+00 -0.16135709623933886677363016831754E+01
0.94061315421550281556208882811937E+00 -0.16098543375715417221217398261900E+01
0.93866165516634437986850717575645E+00 -0.16060785641501831244319480538324E+01
0.93668036661552077779611804203804E+00 -0.16022437496875403029704169205909E+01
0.93466938532863046499333112812466E+00 -0.15983500030581465719372628442834E+01
0.93262880988594510542895801332575E+00 -0.15943974344255961840149090473542E+01
0.93055874070064245164957930150062E+00 -0.15903861552142079948054442539818E+01
0.92845928003788277283344633533913E+00 -0.15863162780795457397569136195822E+01
0.92633053203477096173158087860668E+00 -0.15821879168777392831926370353942E+01
0.92417260272124943129594244440933E+00 -0.15780011866335481215214519058355E+01
0.92198560004196917799775236076733E+00 -0.15737562035071041551118075797747E+01
0.91976963387918897999883677205398E+00 -0.15694530847592673753002531360405E+01
0.91752481607675644542451857568535E+00 -0.15650919487155235893759939907226E+01
0.91525126046522691471399632558604E+00 -0.15606729147283484118357345209381E+01
0.91294908288818043507005979657690E+00 -0.15561961031379574763979938362832E+01
0.91061840122979990569218822367754E+00 -0.15516616352313568513743860738782E+01
0.90825933544377811496063912936768E+00 -0.15470696331996028081206884758872E+01
0.90587200758362535974580425148679E+00 -0.15424202200931729174418452763144E+01
0.90345654183445319095814297023821E+00 -0.15377135197753447424150665057848E+01
0.90101306454631574442199397212034E+00 -0.15329496568734712269003914089693E+01
0.89854170426919453159905870839252E+00 -0.15281287567280334749489605947383E+01
0.89604259178971763157496031187442E+00 -0.15232509453393445868103494697026E+01
0.89351586016971246901198526931343E+00 -0.15183163493117682606860629113441E+01
0.89096164478669329082980095000590E+00 -0.15133250957953066538983280528123E+01
0.88838008337639755433229415265313E+00 -0.15082773124244023837558687535824E+01
0.88577131607748606777852109862350E+00 -0.15031731272537862163132050150035E+01
0.88313548547853524615816467164792E+00 -0.14980126686911928988700948547083E+01
0.88047273666745542992309539980154E+00 -0.14927960654267513257091438292742E+01
0.87778321728347874190248798289881E+00 -0.14875234463588429885696158374330E+01
0.87506707757187137890575520728705E+00 -0.14821949405162064839650133591607E+01
0.87232447044153400550093575855629E+00 -0.14768106769760487432443677344486E+01
0.86955555152566755835035826681776E+00 -0.14713707847779060048472782256099E+01
0.86676047924569298618249680914647E+00 -0.14658753928329767223430628669449E+01
0.86393941487862747307505047020093E+00 -0.14603246298286276602637244944343E+01
0.86109252262813515912472987391646E+00 -0.14547186241277504480910882106694E+01
0.85821996969948503078649998161677E+00 -0.14490575036626199074788361676966E+01
0.85532192637866831061022481030616E+00 -0.14433413958228775693216872122527E+01
0.85239856611594355799585138436244E+00 -0.14375704273372323727066540731208E+01
0.84945006561410150632627065897056E+00 -0.14317447241484376890408398137716E+01
0.84647660492176168031960051255283E+00 -0.14258644112810659164501637920935E+01
0.84347836753203878507924104729707E+00 -0.14199296127015617344491524516738E+01
0.84045554048694228724507146213249E+00 -0.14139404511700105575936782024016E+01
0.83740831448790275331328041544498E+00 -0.14078970480830098767298827369217E+01
0.83433688401284984705830952432659E+00 -0.14017995233069771031660026805916E+01
0.83124144744030165860073943195378E+00 -0.13956479950011682157002018684580E+01
0.82812220718096269347271755882851E+00 -0.13894425794296161961328070375080E+01
0.82497936981737092277404776565594E+00 -0.13831833907611262858223854381506E+01
0.82181314625217856661924191755825E+00 -0.13768705408563841951945144878054E+01
0.81862375186570225145610403496070E+00 -0.13705041390411466303680192454141E+01
0.81541140668343423946944919309266E+00 -0.13640842918643837311406925727321E+01
0.81217633555426618867204180592342E+00 -0.13576111028401355894446063807234E+01
0.80891876834024470254540964003508E+00 -0.13510846721717237534785635585274E+01
0.80563894011875291815929014323841E+00 -0.13445050964568235127915178525984E+01
0.80233709139809271719499067170976E+00 -0.13378724683717538928344154079980E+01
0.79901346834753489500829220185601E+00 -0.13311868763331740157975166511256E+01
0.79566832304300418511720786997863E+00 -0.13244484041351880357135002042160E+01
0.79230191372967795170219272835529E+00 -0.13176571305596507818192364323847E+01
0.78891450510290218926567593841813E+00 -0.13108131289572318102597658886482E+01
0.78550636860896603310134193599051E+00 -0.13039164667965319076763279994550E+01
0.78207778276743199494150756938181E+00 -0.12969672051782476950468876613806E+01
0.77862903351688807552667597753395E+00 -0.12899653983110472315228112137037E+01
0.77516041458618519151330870285960E+00 -0.12829110929454399691601167383078E+01
0.77167222789343553082564765293870E+00 -0.12758043277614973328013572485126E+01
0.76816478397529185685303854031931E+00 -0.12686451327057948358370914299194E+01
0.76463840244930026723213333434684E+00 -0.12614335282723965616568939500156E+01
0.76109341251242534288873752306765E+00 -0.12541695247220747707247940687532E+01
0.75753015347919423303938174216420E+00 -0.12468531212332436386338049451095E+01
0.75394897536329773614727310596553E+00 -0.12394843049772667252794140195532E+01
0.75035023950693080196303342521497E+00 -0.12320630501098625144254250293043E+01
0.74673431926266082363222138969172E+00 -0.12245893166692555911557778858569E+01
0.74310160073318367886916626725279E+00 -0.12170630493704815098345855113041E+01
0.73945248357498650140513362253824E+00 -0.12094841762838246150805025149944E+01
0.73578738187268259096732924895710E+00 -0.12018526073837114604629821162763E+01
0.73210672509164376855924393228572E+00 -0.11941682329524619978647141064390E+01
0.72841095911754356218211885575705E+00 -0.11864309218210659373006819995645E+01
0.72470054739256031910823312886376E+00 -0.11786405194265390038511783819664E+01
0.72097597215930546867930116437544E+00 -0.11707968456623618136735013579849E+01
0.71723773582506318158984797026848E+00 -0.11628996924949102459026183979674E+01
0.71348636246070037902462100166937E+00 -0.11549488213145573767237969618182E+01
0.70972239945066697141629110712878E+00 -0.11469439599851223471670848300344E+01
0.70594641931292264507551165142719E+00 -0.11388847995493982818896045391974E+01
0.70215902171045932403102118048039E+00 -0.11307709905414149476069235433717E+01
0.69836083567942585240584114592546E+00 -0.11226021388476180947051872689488E+01
0.69455252210280870555159147416471E+00 -0.11143778010489719706518538541705E+01
0.69073477646330755620565595053316E+00 -0.11060974791637099716548397960473E+01
0.68690833191462828346180381666944E+00 -0.10977606146955669004398780719478E+01
0.68307396271710301219455808436062E+00 -0.10893665818741875966166732945284E+01
0.67923248809158551887327829275386E+00 -0.10809146799521915966975089673908E+01
0.67538477655529215689754704119603E+00 -0.10724041243960233988969988242868E+01
0.67153175081505926116166636859937E+00 -0.10638340367738526336233867155285E+01
0.66767439330791095507870130534608E+00 -0.10552034331015954484507580851168E+01
0.66381375249654413426862186332432E+00 -0.10465112103552311783307672219478E+01
0.65995095004922337694471678812171E+00 -0.10377561307908120700442013689813E+01
0.65608718906084111484350727478756E+00 -0.10289368036286376406838816078325E+01
0.65222376350594063493902181101700E+00 -0.10200516635492863423653299486400E+01
0.64836206915780547914772214818388E+00 -0.10110989453084925753536556841612E+01
0.64450361626176339793550224911384E+00 -0.10020766535948903392890789963243E+01
0.64065004432341734173544562911582E+00 -0.99298252701245181561246582140507E+00
0.63680313945658932963997497456051E+00 -0.98381399475167089016956583603725E+00
0.63296485487616201205946732288382E+00 -0.97456812407332831838030156774794E+00
0.62913733521286288784832569043463E+00 -0.96524155616923577493337527856309E+00
0.62532294573867874349450360509476E+00 -0.95583042707249238165269477283018E+00
0.62152430725875710294115840469758E+00 -0.94633026941036796671089030373089E+00
0.61774433971462341995162261081644E+00 -0.93673588842311869476712328595446E+00
0.61398631225596862460201161261586E+00 -0.92704120566242125439384246722109E+00
0.61025391623397126108425251310065E+00 -0.91723905336859260238082971333076E+00
0.60655132353327299497661271022516E+00 -0.90732091853463561993718803021043E+00
0.60288336388200134209045797032032E+00 -0.89727656391288085510806235934482E+00
0.59925543460580787461827284591136E+00 -0.88709363323025876725418135202563E+00
0.59567436816082970791807746650670E+00 -0.87675674871425569558046602955808E+00
0.59214651375833467641511303499937E+00 -0.86624731692061458700151747207903E+00
0.58799868215295730497392209678745E+00 -0.85337294135621479941130996340439E+00
0.58396151399477164388951726096551E+00 -0.84015852264442098316320182213490E+00
0.58006070907183052802074693768776E+00 -0.82652421426365218414535545640019E+00
0.57633081887588010570390878321415E+00 -0.81235010416407953540798307870810E+00
0.57282186310098887205220431701649E+00 -0.79744171696899654667984739302890E+00
0.56977055606464473438649477205940E+00 -0.78230981918057138608147130268160E+00
0.56739128351482651334493748325198E+00 -0.76766498406797691834286524015943E+00
0.56573822601032411224276080681197E+00 -0.75351028327120306563501438684353E+00
0.56482955732874948883661331427065E+00 -0.73984676711275275872432587090596E+00
