0.10979887336595721341829718181187E+01 0.98966391269299039697276796038332E+00
0.11033608842476351945217320211035E+01 0.98521850863030276072297101739556E+00
0.11084464116634274113971476945948E+01 0.98105725405813864453196661032648E+00
0.11132182963006673319252679877776E+01 0.97719164405276952684805007768894E+00
0.11176559753055494561529974304095E+01 0.97363063443084705769434977658329E+00
0.11217379634096266239380182872029E+01 0.97038370666484447545553101335466E+00
0.11254640710456196423383614564680E+01 0.96744363188349644946615406839129E+00
0.11289087752746258426775327621266E+01 0.96474560113460381456124682704953E+00
0.11321355087716535132233105400182E+01 0.96223556940876396090256421942567E+00
0.11351864467330879973989427912867E+01 0.95987752223491444422366291676793E+00
0.11380914089371965195651663395258E+01 0.95764594540386148776621397705368E+00
0.11351864467330879973989427912867E+01 0.95987752223491444422366291676793E+00
0.11321355087716535132233105400182E+01 0.96223556940876396090256421942567E+00
0.11289087752746258426775327621266E+01 0.96474560113460381456124682704953E+00
0.11254640710456196423383614564680E+01 0.96744363188349644946615406839129E+00
0.11217379634096266239380182872029E+01 0.97038370666484447545553101335466E+00
0.11176559753055494561529974304095E+01 0.97363063443084705769434977658329E+00
0.11132182963006673319252679877776E+01 0.97719164405276952684805007768894E+00
0.11084464116634274113971476945948E+01 0.98105725405813864453196661032648E+00
0.11033608842476351945217320211035E+01 0.98521850863030276072297101739556E+00
0.10979887336595721341829718181187E+01 0.98966391269299039697276796038332E+00
0.10998958995863351220871676926308E+01 0.99948528066540755387353104939777E+00
0.11027044106622570968668120030512E+01 0.10094417891276262063206127407405E+01
0.11060650627543574107803495520339E+01 0.10196171580921614645905818265530E+01
0.11100178029727671911567786095950E+01 0.10299924064572082819675237566441E+01
0.11145276782187308320576053610569E+01 0.10405628569289033424081266252092E+01
0.11193209263758107089531856977107E+01 0.10508420105495465886430403599918E+01
0.11241460655787067113230524321540E+01 0.10604998576496224214748215944670E+01
0.11289953900005227459417795376594E+01 0.10696903981938461941543945042976E+01
0.11338602271863991254273279638312E+01 0.10785098795062569757065131227047E+01
0.11387340948931009756728177020620E+01 0.10870221743492205514512963131021E+01
0.11427963545924062454467043539963E+01 0.10939152126527058328279987512874E+01
0.11468566240552462368321338588294E+01 0.11006468146785738529343054847623E+01
0.11509117707473289322028084223942E+01 0.11072327699939448730488882239069E+01
0.11549591168198045003558858241171E+01 0.11136857544092296433160392322726E+01
0.11589962758755691368509070332365E+01 0.11200161407292263130966458990313E+01
0.11630211048195536964942173504344E+01 0.11262325301657384812567426842830E+01
0.11670316691015569944951012536319E+01 0.11323421351391698393452684049426E+01
0.11710262145557651966606141403143E+01 0.11383510624298969752350124415704E+01
0.11750031439547435129540111856607E+01 0.11442645267809062577745218175417E+01
0.11789609972832837053844795374187E+01 0.11500870147384914950761566280365E+01
0.11828984350365376192544624839224E+01 0.11558224121676555570382142651718E+01
0.11868142240063597727348726358764E+01 0.11614741047882779247095439346426E+01
0.11907072251286500368759793339799E+01 0.11670450583648398473873383698058E+01
0.11945763830466821964330259447420E+01 0.11725378833404429830410362161308E+01
0.11984207171098339500709823088701E+01 0.11779548874300771208163979475844E+01
0.12022393135783949612828244108678E+01 0.11832981187887740969305640533307E+01
0.12060313188462001881049662716045E+01 0.11885694017262051345336866289264E+01
0.12097959335258912102449987287272E+01 0.11937703664713179668207469977526E+01
0.12135324072683195474443443368684E+01 0.11989024741461114376456395755674E+01
0.12172400342092673869443853712197E+01 0.12039670378509676054285533385021E+01
0.12209181489543027055533254476303E+01 0.12089652405705764391550440246754E+01
0.12245661230270034348273545578140E+01 0.12138981504622918699725524340571E+01
0.12281833617176212398129247817007E+01 0.12187667339756425071173197485809E+01
0.12317693012790085417318015099133E+01 0.12235718671640217679647146572607E+01
0.12353234064247023210463841389519E+01 0.12283143454810294216001508679862E+01
0.12388451680907612964752622580520E+01 0.12329948922999264557934832948501E+01
0.12423341014285447803819054586598E+01 0.12376141663518116684770420576461E+01
0.12457897440003002280219738312575E+01 0.12421727682438882230049756541348E+01
0.12492116541533592888878251547511E+01 0.12466712461916579177277385572656E+01
0.12525994095520580448373811163318E+01 0.12511101010766112490088602516302E+01
0.12559526058493030000663226132592E+01 0.12554897909228616535639375849841E+01
0.12592708554820867475313871440640E+01 0.12598107348713525617520162460329E+01
0.12625537865772869007740083132715E+01 0.12640733167180813674985020311898E+01
0.12658010419558158508659005816042E+01 0.12682778880727162653799994354210E+01
0.12690122782246765142533053733490E+01 0.12724247711856292104000577146805E+01
0.12721871649477552392325728035387E+01 0.12765142614844003910066241031003E+01
0.12753253838872870952332820026591E+01 0.12805466298550209132595280518425E+01
0.12784266283088802896815525884552E+01 0.12845221246981185761446625656671E+01
0.12814906023438113385938476763767E+01 0.12884409737863977833652115224794E+01
0.12845170204030221154011325885791E+01 0.12923033859459833802691915474422E+01
0.12875056066378731850505964564249E+01 0.12961095525813827072197064130940E+01
0.12904560944432549504325517199453E+01 0.12998596490612453986763782478177E+01
0.12933682259991355574438923934574E+01 0.13035538359799295220724334264817E+01
0.12962417518470437713369010801159E+01 0.13071922603080224957395110340963E+01
0.12990764304983539231201355734144E+01 0.13107750564433639252691838546800E+01
0.13018720280715643135427749176526E+01 0.13143023471727347410102772228911E+01
0.13046283179560476814764175507804E+01 0.13177742445531822319979681751159E+01
0.13073450805000059307009384645358E+01 0.13211908507209128373857964089266E+01
0.13100221027205851742844657557487E+01 0.13245522586347818116341828159246E+01
0.13126591780343087620164789842975E+01 0.13278585527606234533537999895799E+01
0.13152561060061613355207681460325E+01 0.13311098097019765593291917099412E+01
0.13178126921158164252929511020745E+01 0.13343060987821586817010870373747E+01
0.13203287475396413301769852544438E+01 0.13374474825821135304344268416567E+01
0.13228040889472388519329188015128E+01 0.13405340174379911978694492663481E+01
0.13252385383113988701227695203724E+01 0.13435657539020100495840864116991E+01
0.13276319227304337460457825737064E+01 0.13465427371697880365731799776318E+01
0.13299840742619636608063118281218E+01 0.13494650074770094272920471481444E+01
0.13322948297672987670093846064822E+01 0.13523326004680101180083976934186E+01
0.13345640307656394903521878241257E+01 0.13551455475386106399709794794007E+01
0.13367915232973832898114438362310E+01 0.13579038761553027030635641928525E+01
0.13389771577958855890828457908442E+01 0.13606076101526937037974679471164E+01
0.13411207889670776858129220318555E+01 0.13632567700109356799600102783738E+01
0.13432222756763936316986081848399E+01 0.13658513731147047074391505256643E+01
0.13452814808425025097299046057384E+01 0.13683914339951532130515935281968E+01
0.13472982713373837715840705287187E+01 0.13708769645561302669827139490181E+01
0.13492725178923196858283891921209E+01 0.13733079742858478906767845376256E+01
0.13512040950094130293991056564036E+01 0.13756844704550686773926088692949E+01
0.13530928808782680703895129973244E+01 0.13780064583027960967710155817478E+01
0.13549387572975023636334204817419E+01 0.13802739412103633031596774652993E+01
0.13567416096007805260324909343117E+01 0.13824869208647423783358087187991E+01
0.13585013265870861258105851435767E+01 0.13846453974118232502005042056571E+01
0.13602178004549681921898669305039E+01 0.13867493696003528528227638174167E+01
0.13618909267405192561446593680236E+01 0.13887988349171650535875014021950E+01
0.13635206042588591246359095863612E+01 0.13907937897142820769701009049370E+01
0.13651067350489156466169011177181E+01 0.13927342293284209017322528874752E+01
0.13666492243213086580528159844361E+01 0.13946201481933947939136925772217E+01
0.13681479804091574860393500364752E+01 0.13964515399458621075394467949260E+01
0.13696029147216451253331579895222E+01 0.13982283975248380486761662905982E+01
0.13710139417001840534444327805957E+01 0.13999507132653530231692354367658E+01
0.13723809787770400901698764460873E+01 0.14016184789866116403548396693931E+01
0.13737039463362801698435201907051E+01 0.14032316860749785589413237819174E+01
0.13749827676769198819249278768885E+01 0.14047903255620931364536882007457E+01
0.13762173689781552581005668435142E+01 0.14062943881983909507694337701396E+01
0.13774076792665706907766145609522E+01 0.14077438645222902165719209973997E+01
0.13785536303852239249322531956408E+01 0.14091387449252808630817890568227E+01
0.13796551569645138719495593122952E+01 0.14104790197131362017506719851972E+01
0.13807121963947457508997856658829E+01 0.14117646791634512150534196204861E+01
0.13817246888003124652668511521867E+01 0.14129957135796951073933769076081E+01
0.13826925770154170836831112811271E+01 0.14141721133419530393245172212564E+01
0.13836158065612688665635721387477E+01 0.14152938689545162408014381915012E+01
0.13844943256246821138687368454828E+01 0.14163609710904741387418268977675E+01
0.13853280850380354480032714070619E+01 0.14173734106334317193364879304573E+01
0.13861170382604852747564793731110E+01 0.14183311787165204742930911229862E+01
0.13868611413605290869355420312457E+01 0.14192342667586987740720368819577E+01
0.13875603529994441118198483328495E+01 0.14200826664988012798602417056528E+01
0.13882146344167947357543545380450E+01 0.14208763700264165466961561182803E+01
0.13888239494143977037487055161317E+01 0.14216153698126271720267652870193E+01
0.13893882643489906751821020471802E+01 0.14222996587322179847745204722625E+01
0.13899075481041199978765778523097E+01 0.14229292301017134951520506986668E+01
0.13903817721253040301616431427301E+01 0.14235040776639614501196468173985E+01
0.13906728752871181832011828964902E+01 0.14238569044138453923653643449679E+01
0.13909439331588470451568895345712E+01 0.14241854053189852791682002895324E+01
0.13911949391296864396614589273426E+01 0.14244895788958425328703752304058E+01
0.13914258870849100488199432706807E+01 0.14247694237605900307018780762744E+01
0.13916367714021230037550253131532E+01 0.14250249386333487191637199179259E+01
0.13918376302814438375675135123122E+01 0.14252682899971795894663822722172E+01
0.13920385054217996567718246408812E+01 0.14255116451426846028003236393204E+01
0.13922393968189328650325223657121E+01 0.14257550040793303784426721112146E+01
0.13924403044659355442787421818235E+01 0.14259983668187611021016942640335E+01
0.13926412283642000251995964852705E+01 0.14262417333657581386906663282401E+01
0.13924403044659355442787421818235E+01 0.14259983668187611021016942640335E+01
0.13922393968189328650325223657121E+01 0.14257550040793303784426721112146E+01
0.13920385054217996567718246408812E+01 0.14255116451426846028003236393204E+01
0.13918376302814438375675135123122E+01 0.14252682899971795894663822722172E+01
0.13916367714021230037550253131532E+01 0.14250249386333487191637199179259E+01
0.13914258870849100488199432706807E+01 0.14247694237605900307018780762744E+01
0.13911949391296864396614589273426E+01 0.14244895788958425328703752304058E+01
0.13909439331588470451568895345712E+01 0.14241854053189852791682002895324E+01
0.13906728752871181832011828964902E+01 0.14238569044138453923653643449679E+01
0.13903817721253040301616431427301E+01 0.14235040776639614501196468173985E+01
0.13899075481041199978765778523097E+01 0.14229292301017134951520506986668E+01
0.13893882643489906751821020471802E+01 0.14222996587322179847745204722625E+01
0.13888239494143977037487055161317E+01 0.14216153698126271720267652870193E+01
0.13882146344167947357543545380450E+01 0.14208763700264165466961561182803E+01
0.13875603529994441118198483328495E+01 0.14200826664988012798602417056528E+01
0.13868611413605290869355420312457E+01 0.14192342667586987740720368819577E+01
0.13861170382604852747564793731110E+01 0.14183311787165204742930911229862E+01
0.13853280850380354480032714070619E+01 0.14173734106334317193364879304573E+01
0.13844943256246821138687368454828E+01 0.14163609710904741387418268977675E+01
0.13836158065612688665635721387477E+01 0.14152938689545162408014381915012E+01
0.13826925770154170836831112811271E+01 0.14141721133419530393245172212564E+01
0.13817246888003124652668511521867E+01 0.14129957135796951073933769076081E+01
0.13807121963947457508997856658829E+01 0.14117646791634512150534196204861E+01
0.13796551569645138719495593122952E+01 0.14104790197131362017506719851972E+01
0.13785536303852239249322531956408E+01 0.14091387449252808630817890568227E+01
0.13774076792665706907766145609522E+01 0.14077438645222902165719209973997E+01
0.13762173689781552581005668435142E+01 0.14062943881983909507694337701396E+01
0.13749827676769198819249278768885E+01 0.14047903255620931364536882007457E+01
0.13737039463362801698435201907051E+01 0.14032316860749785589413237819174E+01
0.13723809787770400901698764460873E+01 0.14016184789866116403548396693931E+01
0.13710139417001840534444327805957E+01 0.13999507132653530231692354367658E+01
0.13696029147216451253331579895222E+01 0.13982283975248380486761662905982E+01
0.13681479804091574860393500364752E+01 0.13964515399458621075394467949260E+01
0.13666492243213086580528159844361E+01 0.13946201481933947939136925772217E+01
0.13651067350489156466169011177181E+01 0.13927342293284209017322528874752E+01
0.13635206042588591246359095863612E+01 0.13907937897142820769701009049370E+01
0.13618909267405192561446593680236E+01 0.13887988349171650535875014021950E+01
0.13602178004549681921898669305039E+01 0.13867493696003528528227638174167E+01
0.13585013265870861258105851435767E+01 0.13846453974118232502005042056571E+01
0.13567416096007805260324909343117E+01 0.13824869208647423783358087187991E+01
0.13549387572975023636334204817419E+01 0.13802739412103633031596774652993E+01
0.13530928808782680703895129973244E+01 0.13780064583027960967710155817478E+01
0.13512040950094130293991056564036E+01 0.13756844704550686773926088692949E+01
0.13492725178923196858283891921209E+01 0.13733079742858478906767845376256E+01
0.13472982713373837715840705287187E+01 0.13708769645561302669827139490181E+01
0.13452814808425025097299046057384E+01 0.13683914339951532130515935281968E+01
0.13432222756763936316986081848399E+01 0.13658513731147047074391505256643E+01
0.13411207889670776858129220318555E+01 0.13632567700109356799600102783738E+01
0.13389771577958855890828457908442E+01 0.13606076101526937037974679471164E+01
0.13367915232973832898114438362310E+01 0.13579038761553027030635641928525E+01
0.13345640307656394903521878241257E+01 0.13551455475386106399709794794007E+01
0.13322948297672987670093846064822E+01 0.13523326004680101180083976934186E+01
0.13299840742619636608063118281218E+01 0.13494650074770094272920471481444E+01
0.13276319227304337460457825737064E+01 0.13465427371697880365731799776318E+01
0.13252385383113988701227695203724E+01 0.13435657539020100495840864116991E+01
0.13228040889472388519329188015128E+01 0.13405340174379911978694492663481E+01
0.13203287475396413301769852544438E+01 0.13374474825821135304344268416567E+01
0.13178126921158164252929511020745E+01 0.13343060987821586817010870373747E+01
0.13152561060061613355207681460325E+01 0.13311098097019765593291917099412E+01
0.13126591780343087620164789842975E+01 0.13278585527606234533537999895799E+01
0.13100221027205851742844657557487E+01 0.13245522586347818116341828159246E+01
0.13073450805000059307009384645358E+01 0.13211908507209128373857964089266E+01
0.13046283179560476814764175507804E+01 0.13177742445531822319979681751159E+01
0.13018720280715643135427749176526E+01 0.13143023471727347410102772228911E+01
0.12990764304983539231201355734144E+01 0.13107750564433639252691838546800E+01
0.12962417518470437713369010801159E+01 0.13071922603080224957395110340963E+01
0.12933682259991355574438923934574E+01 0.13035538359799295220724334264817E+01
0.12904560944432549504325517199453E+01 0.12998596490612453986763782478177E+01
0.12875056066378731850505964564249E+01 0.12961095525813827072197064130940E+01
0.12845170204030221154011325885791E+01 0.12923033859459833802691915474422E+01
0.12814906023438113385938476763767E+01 0.12884409737863977833652115224794E+01
0.12784266283088802896815525884552E+01 0.12845221246981185761446625656671E+01
0.12753253838872870952332820026591E+01 0.12805466298550209132595280518425E+01
0.12721871649477552392325728035387E+01 0.12765142614844003910066241031003E+01
0.12690122782246765142533053733490E+01 0.12724247711856292104000577146805E+01
0.12658010419558158508659005816042E+01 0.12682778880727162653799994354210E+01
0.12625537865772869007740083132715E+01 0.12640733167180813674985020311898E+01
0.12592708554820867475313871440640E+01 0.12598107348713525617520162460329E+01
0.12559526058493030000663226132592E+01 0.12554897909228616535639375849841E+01
0.12525994095520580448373811163318E+01 0.12511101010766112490088602516302E+01
0.12492116541533592888878251547511E+01 0.12466712461916579177277385572656E+01
0.12457897440003002280219738312575E+01 0.12421727682438882230049756541348E+01
0.12423341014285447803819054586598E+01 0.12376141663518116684770420576461E+01
0.12388451680907612964752622580520E+01 0.12329948922999264557934832948501E+01
0.12353234064247023210463841389519E+01 0.12283143454810294216001508679862E+01
0.12317693012790085417318015099133E+01 0.12235718671640217679647146572607E+01
0.12281833617176212398129247817007E+01 0.12187667339756425071173197485809E+01
0.12245661230270034348273545578140E+01 0.12138981504622918699725524340571E+01
0.12209181489543027055533254476303E+01 0.12089652405705764391550440246754E+01
0.12172400342092673869443853712197E+01 0.12039670378509676054285533385021E+01
0.12135324072683195474443443368684E+01 0.11989024741461114376456395755674E+01
0.12097959335258912102449987287272E+01 0.11937703664713179668207469977526E+01
0.12060313188462001881049662716045E+01 0.11885694017262051345336866289264E+01
0.12022393135783949612828244108678E+01 0.11832981187887740969305640533307E+01
0.11984207171098339500709823088701E+01 0.11779548874300771208163979475844E+01
0.11945763830466821964330259447420E+01 0.11725378833404429830410362161308E+01
0.11907072251286500368759793339799E+01 0.11670450583648398473873383698058E+01
0.11868142240063597727348726358764E+01 0.11614741047882779247095439346426E+01
0.11828984350365376192544624839224E+01 0.11558224121676555570382142651718E+01
0.11789609972832837053844795374187E+01 0.11500870147384914950761566280365E+01
0.11750031439547435129540111856607E+01 0.11442645267809062577745218175417E+01
0.11710262145557651966606141403143E+01 0.11383510624298969752350124415704E+01
0.11670316691015569944951012536319E+01 0.11323421351391698393452684049426E+01
0.11630211048195536964942173504344E+01 0.11262325301657384812567426842830E+01
0.11589962758755691368509070332365E+01 0.11200161407292263130966458990313E+01
0.11549591168198045003558858241171E+01 0.11136857544092296433160392322726E+01
0.11509117707473289322028084223942E+01 0.11072327699939448730488882239069E+01
0.11468566240552462368321338588294E+01 0.11006468146785738529343054847623E+01
0.11427963545924062454467043539963E+01 0.10939152126527058328279987512874E+01
0.11387340948931009756728177020620E+01 0.10870221743492205514512963131021E+01
0.11338602271863991254273279638312E+01 0.10785098795062569757065131227047E+01
0.11289953900005227459417795376594E+01 0.10696903981938461941543945042976E+01
0.11241460655787067113230524321540E+01 0.10604998576496224214748215944670E+01
0.11193209263758107089531856977107E+01 0.10508420105495465886430403599918E+01
0.11145276782187308320576053610569E+01 0.10405628569289033424081266252092E+01
0.11100178029727671911567786095950E+01 0.10299924064572082819675237566441E+01
0.11060650627543574107803495520339E+01 0.10196171580921614645905818265530E+01
0.11027044106622570968668120030512E+01 0.10094417891276262063206127407405E+01
0.10998958995863351220871676926308E+01 0.99948528066540755387353104939777E+00
0.10979887336595721341829718181187E+01 0.98966391269299039697276796038332E+00
0.10886308510449782943423745062352E+01 0.98593488059603714442412933771507E+00
0.10790584164356028003314421294989E+01 0.98145397619434486194623608158854E+00
0.10692019581050324602438663898865E+01 0.97629546869785291323539520338198E+00
0.10590408088886854103780125278969E+01 0.97044927043676156732272450781505E+00
0.10485439510853855481584723875266E+01 0.96393519356043875437950351856375E+00
0.10381784644538703116383999888993E+01 0.95709334441217286991596651565493E+00
0.10282808815979598946052840467262E+01 0.95023625388315564030636213693294E+00
0.10187060102947481148124067285204E+01 0.94334279788813952428130167660799E+00
0.10093639215396962258159103472220E+01 0.93640236005743607750293694474451E+00
0.10001944034174575083703588311012E+01 0.92940963847161389467475702553968E+00
0.99265463136273391212173284854253E+00 0.92353964395543330487774191193589E+00
0.98518627536286530687364406464384E+00 0.91763128582374790971708925867867E+00
0.97777558790135625226506495805962E+00 0.91168333158207695980745442818535E+00
0.97041072962486441547275297294284E+00 0.90569603332308402371275877470414E+00
0.96308231287371420609598955162541E+00 0.89966944863893574599176194985893E+00
0.95578250107529002364982584619487E+00 0.89360388424019561150055586165903E+00
0.94850478673753931405295361403761E+00 0.88749968497436219068855786677647E+00
0.94124368146650371745376904572340E+00 0.88135725985521764675491661951950E+00
0.93399453093339920088646543868530E+00 0.87517704463983554141863613873759E+00
0.92675335664576776313304104535842E+00 0.86895949454178938373160295970397E+00
0.91951673838309998870462143369513E+00 0.86270507328266040726977978060465E+00
0.91228171976438776084120635597290E+00 0.85641424758690632670755495852983E+00
0.90504573362180903821082680608007E+00 0.85008748280764189489125474279633E+00
0.89780654171725964231180338295288E+00 0.84372524021121848238330345097643E+00
0.89056218581809341366243464109798E+00 0.83732797513809253834347660923825E+00
0.88331094756965010001754754038809E+00 0.83089613587570908116089731837625E+00
0.87605131534831979239274334617552E+00 0.82443016300221968117376004427866E+00
0.86878195667239894085130887151024E+00 0.81793048907192596769000641484659E+00
0.86150169508727881813702743462117E+00 0.81139753853662712837477565648623E+00
0.85420949067766760437382195945012E+00 0.80483172783159087598417322965150E+00
0.84690442354293720469208556146447E+00 0.79823346557336300923066462140288E+00
0.83958567970938423683516216664079E+00 0.79160315283185640326707701340934E+00
0.83225253905957842006916323732395E+00 0.78494118344946475769844303516026E+00
0.82490436494120612027917558689988E+00 0.77824794438762766088975225254283E+00
0.81754059518214242364334524892864E+00 0.77152381608679297054530621923539E+00
0.81016073428910695360876734456805E+00 0.76476917282977500458401820960104E+00
0.80276434664741834617125984948931E+00 0.75798438310147080396408868016689E+00
0.79535105057142404417723353932454E+00 0.75116980994006870720087501230310E+00
0.78792051308094850891714156610271E+00 0.74432581127648004321526818136096E+00
0.78047244529993531395097311954868E+00 0.73745274025989120696575998169583E+00
0.77300659839039313995538840142684E+00 0.73055094556818775458882077251683E+00
0.76552275994860373296997847934931E+00 0.72362077170262050156459471257652E+00
0.75802075080192193514872001753932E+00 0.71666255926653165743884606306968E+00
0.75050042215389318417329775783758E+00 0.70967664522827516203874198254081E+00
0.74296165303320038581190039553546E+00 0.70266336316868797537973280287204E+00
0.73540434800844317546120726754279E+00 0.69562304351361996482170787199244E+00
0.72782843513617963280744603795621E+00 0.68855601375212821759726877060130E+00
0.72023386411422048691736288746840E+00 0.68146259864100004806607172289027E+00
0.71262060461600882789301472094293E+00 0.67434312039630179876377473863542E+00
0.70498864478516978225809484107758E+00 0.66719789887265797035145078420199E+00
0.69733798987207692252253353852338E+00 0.66002725173096351534930213611185E+00
0.68966866099663381963841411785777E+00 0.65283149459521362998307663332330E+00
0.68198069402347810635591801493343E+00 0.64561094119911605057395331473092E+00
0.67427413853754163112241917417767E+00 0.63836590352312220589759314484467E+00
0.66654905690937753620323404325289E+00 0.63109669192248224739928743752763E+00
0.65880552344094692845390599549636E+00 0.62380361524690132257041792687809E+00
0.65104362358365804605955271874391E+00 0.61648698095233762603843393506499E+00
0.64326345322141069903120790963731E+00 0.60914709520545369359601511389727E+00
0.63546511801222995796729829750194E+00 0.60178426298120100707450607324430E+00
0.62764873278279554109008965023667E+00 0.59439878815398546583659236582389E+00
0.61981442097081010140896053089648E+00 0.58699097358283478028656410532389E+00
0.61196231411069869590234724312879E+00 0.57956112119095953185666605801800E+00
0.60409255135862024412860606138988E+00 0.57210953204007328448238548317587E+00
0.59620527905319823377203523856063E+00 0.56463650639981428134911577722064E+00
0.58830065030875180697465713061075E+00 0.55714234381258406804032914252243E+00
0.58037882463814237238134267125756E+00 0.54962734315410198555055129221298E+00
0.57243996760264305571908150420276E+00 0.54209180268994917258175027873735E+00
0.56448425048649754576226136441076E+00 0.53453602012835894253319600173045E+00
0.55651184999406688912268474198934E+00 0.52696029266949322792367049024092E+00
0.54852294796766458264261054242580E+00 0.51936491705142681231418341282087E+00
0.54051773112436793998618789683471E+00 0.51175018959304628892369666807725E+00
0.53249639081025062699402470331607E+00 0.50411640623405687971258174282663E+00
0.52445912277063028568376539640764E+00 0.49646386257227686447815267293797E+00
0.51640612693505443278953087548710E+00 0.48879285389838609688955065997748E+00
0.50833760721586364540992802700152E+00 0.48110367522828478125806511272148E+00
0.50025377131927648045944022031431E+00 0.47339662133320857673125745146215E+00
0.49215483056803364436979297851339E+00 0.46567198676773413150708469777049E+00
0.48404099973472450306028180417301E+00 0.45793006589580197840981366203419E+00
0.47591249688499447431417498778284E+00 0.45017115291487565813151671254613E+00
0.46776954322990073645961476640696E+00 0.44239554187834497885519606262903E+00
0.45961236298674623845747239377903E+00 0.43460352671627818855264764447053E+00
0.45144118324777751227317810639025E+00 0.42679540125461837083598322595724E+00
0.44325623385618325397626901023157E+00 0.41897145923291329667276587175874E+00
0.43505774728887693853385813202894E+00 0.41113199432066313806408606271994E+00
0.42684595854558704100649285528718E+00 0.40327730013236511301305038537907E+00
0.41862110504381924706294136417440E+00 0.39540767024132715128460169378304E+00
0.41038342651928768478026677383778E+00 0.38752339819232105415964813917972E+00
0.40213316493144366724695249203770E+00 0.37962477751313767769974202484314E+00
0.39387056437376008362079269925415E+00 0.37171210172510696284637616713553E+00
0.38559587098845657080762161185282E+00 0.36378566435263678580287096857144E+00
0.37730933288537203688592507068051E+00 0.35584575893182608874424769859829E+00
0.36901120006471616086979508877782E+00 0.34789267901820081757395531692398E+00
0.36070172434344773956047148507728E+00 0.33992671819361985662231658426173E+00
0.35238115928505203698469417003195E+00 0.33194817007239534128631791733879E+00
0.34404976013249883535339246170796E+00 0.32395732830666779667085433937261E+00
0.33570778374418485150080035327051E+00 0.31595448659107633541697808856361E+00
0.32735548853267417368925329829277E+00 0.30793993866675893199196006642165E+00
0.31899313440606542177714102035261E+00 0.29991397832471844654814601455828E+00
0.31062098271182752563174661171525E+00 0.29187689940858719461455036417895E+00
0.30223929618295205553960585433596E+00 0.28382899581681750367033682908000E+00
0.29384833888628780930133176633075E+00 0.27577056150433293425791279292144E+00
0.28544837617292583761573402379566E+00 0.26770189048365988407266775359704E+00
0.27703967463051601294906224864782E+00 0.25962327682557204624243537199202E+00
0.26862250203740415551191112526314E+00 0.25153501465926774913173402294039E+00
0.26019712731848084467216648893883E+00 0.24343739817210398324281565006544E+00
0.25176382050265135706305225245059E+00 0.23533072160890965706447846352653E+00
0.24332285268182683856901401055555E+00 0.22721527927089707039671860282149E+00
0.23487449597135888754344003427764E+00 0.21909136551419163154009519289191E+00
0.22641902347183254856028861861234E+00 0.21095927474799866875179008715774E+00
0.21795670923214518527542913201234E+00 0.20281930143242255296134116100415E+00
0.20948782821380068378756716185463E+00 0.19467174007595706453310861065692E+00
0.20101265625635231410263165564298E+00 0.18651688523266038921153643143607E+00
0.19253147004393431547752581680829E+00 0.17835503149903064756027286307583E+00
0.18404454707282315266116399768743E+00 0.17018647351059515198083073367876E+00
0.17555216561997363902070370371235E+00 0.16201150593822708100100706869308E+00
0.16705460471248065633620590557791E+00 0.15383042348420188826960291871098E+00
0.15855214409791682597782907960042E+00 0.14564352087800492667793330180066E+00
0.15004506421550223389862187034419E+00 0.13745109287190239978336327623133E+00
0.14153364616806278220171247207765E+00 0.12925343423628591121616128751857E+00
0.13301817169473818249900748157504E+00 0.12105083975480015876128360398434E+00
0.12449892314440160854331242088082E+00 0.11284360421926480956404673963151E+00
0.11597618344975530383440779930740E+00 0.10463202242439869850046502694177E+00
0.10745023610206939554374109414311E+00 0.96416389162355435202588112412491E-01
0.98921365126532291760465510165342E-01 0.88196999217079055248749124438399E-01
0.90389855058182364444679451932731E-01 0.79974147358487066769981460750824E-01
0.81855990918394056944152142142143E-01 0.71748128336489334248185668753541E-01
0.73320058191891187711031880051265E-01 0.63519236874848799299334391206255E-01
0.64782342804262317518600352979678E-01 0.55287767664892025152851977814024E-01
0.56243131099955902195797988809961E-01 0.47054015359076477414799574805173E-01
0.47702709820731104065843646093058E-01 0.38818274564418054171094224656955E-01
0.39161366084545019325550502594661E-01 0.30580839835789647164636252027961E-01
0.30619387364855169432067040154410E-01 0.22342005669091328618191223092071E-01
0.22077061470318337074421271505954E-01 0.14102066494300822117966811836117E-01
0.13534676524869998632447493987449E-01 0.58613166684096630569659111944261E-02
0.49925209481634935531055738995701E-02 -0.23799495317527958386401462605263E-02
-0.35491165636419621284993580578095E-02 -0.10621437916799130367518533099713E-01
-0.12089947056764296210853772788997E-01 -0.18862854392165505148495964054592E-01
-0.20629681338364508879742809681947E-01 -0.27103904965590308027762264533723E-01
-0.29168029994808331716674751586335E-01 -0.35344295754683245013372435308145E-01
-0.37704703409639536756325604091513E-01 -0.43583732994585385650534203553545E-01
-0.46239411781273665660151521949904E-01 -0.51821923045710989235141257773362E-01
-0.54771865140426289085222085893916E-01 -0.60058572401571779862367475336379E-01
-0.63301773367286249768785818923680E-01 -0.68293387696678359106602727573982E-01
-0.71828846208442444524683450014986E-01 -0.76526075714514204561687671167572E-01
-0.80352793293577939551231493163697E-01 -0.84756343395581373487742055680377E-01
-0.88873324151936093725012685638339E-01 -0.92983897845513015567234183642851E-01
-0.97390148228571995650582128753327E-01 -0.10120844634324983712901960631226E+00
-0.10590297490039500111291496306587E+00 -0.10942969634927874513265156579834E+00
-0.11441151349201096804784388075628E+00 -0.11764735551392943290390523276984E+00
-0.12291547329137295417107047357973E+00 -0.12586113168572715244141050575797E+00
-0.13141456356524624076374947024304E+00 -0.13407073291979854000264790936009E+00
-0.13990849357449545514068933527425E+00 -0.14227586748632839806570625291881E+00
-0.14839697258920040809367535668791E+00 -0.15047624387906490892837594555299E+00
-0.15687970990360649900978741937923E+00 -0.15867157082387045839026937016414E+00
-0.16535641485091603854581599508976E+00 -0.16686155728731683423085877263581E+00
-0.17382679681792603107298699596544E+00 -0.17504591248532186338189598529720E+00
-0.18229056525951790243103594715466E+00 -0.18322434589182500839632412559970E+00
-0.19074742971300429486002559099858E+00 -0.19139656724750144415664132018368E+00
-0.19919709981233753851222247269433E+00 -0.19956228656851092036127220884919E+00
-0.20763928530218531389608012326637E+00 -0.20772121415528081315974272372505E+00
-0.21607369605187728369989336317303E+00 -0.21587306060132062346178181131221E+00
-0.22450004206922628087456072459627E+00 -0.22401753680206683993851721719577E+00
-0.23291803351423009361343799119306E+00 -0.23215435396375633863686008756717E+00
-0.24132738071265560635489644794099E+00 -0.24028322361232581131264501719764E+00
-0.24972779416951031948936402895895E+00 -0.24840385760233726712800697905139E+00
-0.25811898458240399332767734114508E+00 -0.25651596812592667535132654041746E+00
-0.26650066285480374022500940405490E+00 -0.26461926772177386723783473419711E+00
-0.27487254010918719017869242019375E+00 -0.27271346928409534991051944610744E+00
-0.28323432770009391427909726643332E+00 -0.28079828607165291352660441999110E+00
-0.29158573722708085647689426764831E+00 -0.28887343171678392425282369029735E+00
-0.29992648054758335431773287686086E+00 -0.29693862023444476445129572145147E+00
-0.30825626978968273742951387438097E+00 -0.30499356603127122878444291902320E+00
-0.31657481736478746860612227434619E+00 -0.31303798391465298536776014428421E+00
-0.32488183598022356605641593078905E+00 -0.32107158910181963369129587330892E+00
-0.33317703865174460178285882955345E+00 -0.32909409722893932711834025026766E+00
-0.34146013871595526121735111854846E+00 -0.33710522436022725196716918691209E+00
-0.34973084984265672264717066010555E+00 -0.34510468699706317346557376109926E+00
-0.35798888604711314315409450363884E+00 -0.35309220208711775958403188245311E+00
-0.36623396170224083148197970706056E+00 -0.36106748703348527276077558652924E+00
-0.37446579155072363912457992603868E+00 -0.36903025970382295018386625502805E+00
-0.38268409071705373309424880295937E+00 -0.37698023843949454863828283129125E+00
-0.39088857471950216261347780897504E+00 -0.38491714206471898317092276442492E+00
-0.39907895948201899883724893256184E+00 -0.39284068989572083463352018832361E+00
-0.40725496134606447136754423030125E+00 -0.40075060174988386326517213515108E+00
-0.41541629708237358376599134306104E+00 -0.40864659795490522710772624868056E+00
-0.42356268390265415557488307904733E+00 -0.41652839935795025521507374891601E+00
-0.43169383947122174496014266900395E+00 -0.42439572733480625550209174902001E+00
-0.43980948191656935006271013271351E+00 -0.43224830379903524697638825279075E+00
-0.44790932984287619582690649914794E+00 -0.44008585121112404798720468117873E+00
-0.45599310234145498040605491271029E+00 -0.44790809258763154034457702447274E+00
-0.46406051900213932134137690869658E+00 -0.45571475151033140539602658063461E+00
-0.47211129992461152280307772226696E+00 -0.46350555213535116156965574442199E+00
-0.48014516572967277211904659785423E+00 -0.47128021920230467087816719339909E+00
-0.48816183757045570224651580787918E+00 -0.47903847804341863373711226177714E+00
-0.49616103714358086204971587263591E+00 -0.48678005459265268099105850393244E+00
-0.50414248670025701571660166320370E+00 -0.49450467539481093039986785713094E+00
-0.51210590905732719009647217795241E+00 -0.50221206761464532780000248443302E+00
-0.52005102760826015727415500834773E+00 -0.50990195904595042481458545460792E+00
-0.52797756633408850654976416292235E+00 -0.51757407812064730646008945508072E+00
-0.53588524981429406234634946269192E+00 -0.52522815391785772717099557805127E+00
-0.54377380323764082077224768072102E+00 -0.53286391617296703577438509979587E+00
-0.55164295241295644916570550906679E+00 -0.54048109528667491525788680897158E+00
-0.55949242377986289881772552211393E+00 -0.54807942233403381222474568517747E+00
-0.56732194441945555213305367436629E+00 -0.55565862907347429749267420553942E+00
-0.57513124206493334079709556245629E+00 -0.56321844795581714009221127135181E+00
-0.58292004511217879484130107190189E+00 -0.57075861213326988840123716456664E+00
-0.59068808263028862990986809682556E+00 -0.57827885546840998536038307153355E+00
-0.59843508437205581873089567635232E+00 -0.58577891254315143328237411505176E+00
-0.60616078078440293644490576733675E+00 -0.59325851866769533388756784133553E+00
-0.61386490301876831795785301243759E+00 -0.60071740988946452188440793197411E+00
-0.62154718294144298264309402627146E+00 -0.60815532300202027260856310113866E+00
-0.62920735314386147219072909518505E+00 -0.61557199555396146829231572576063E+00
-0.63684514695284496157337573581356E+00 -0.62296716585780565852642690351613E+00
-0.64446029844079729894045390691954E+00 -0.63034057299885064832936020139128E+00
-0.65205254243585502584111367245607E+00 -0.63769195684401783163044134322094E+00
-0.65962161453199046101591813276182E+00 -0.64502105805067424377442148461506E+00
-0.66716725109906876264470318219027E+00 -0.65232761807543526004254586580461E+00
-0.67468918929285933069256540148740E+00 -0.65961137918294617194702921554189E+00
-0.68218716706500064030234980040097E+00 -0.66687208445464156330651088008584E+00
-0.68966092317292055311382003205475E+00 -0.67410947779748404399002170525458E+00
-0.69711019718970989531438063192955E+00 -0.68132330395267953772630989664082E+00
-0.70453472951395166230736790578799E+00 -0.68851330850437015494240096989070E+00
-0.71193426137950466218761344351951E+00 -0.69567923788830367184186651483641E+00
-0.71930853486524154782718975103965E+00 -0.70282083940047914643068380718824E+00
-0.72665729290474287523373281151330E+00 -0.70993786120576818531781231411871E+00
-0.73398027929594507638061033331298E+00 -0.71703005234651149243278703174841E+00
-0.74127723871074433129924691436167E+00 -0.72409716275109027621135216535207E+00
-0.74854791670455521520197623659117E+00 -0.73113894324247209779542180294911E+00
-0.75579205972582485512180702064755E+00 -0.73815514554673025347768950027696E+00
-0.76300941512550212380194892518031E+00 -0.74514552230153718666960064500414E+00
-0.77019973116646207536050159081772E+00 -0.75210982706463042778121882363229E+00
-0.77736275703288598632000042298692E+00 -0.75904781432225155296790145705289E+00
-0.78449824283959653260398501560431E+00 -0.76595923949755695246483667838400E+00
-0.79160593964134814334404264687552E+00 -0.77284385895900098223094798726035E+00
-0.79868559944207298958842014155594E+00 -0.77970143002868965475747410450015E+00
-0.80573697520408186069710373000862E+00 -0.78653171099070608899519403665228E+00
-0.81275982085722084143804586721971E+00 -0.79333446109940597851530836561191E+00
-0.81975389130798248054895209371341E+00 -0.80010944058768347624883815244984E+00
-0.82671894244857308858698451749345E+00 -0.80685641067520681485686295196550E+00
-0.83365473116593416318075720102880E+00 -0.81357513357662313795703016371355E+00
-0.84056101535071982306485386879051E+00 -0.82026537250973259899734654558828E+00
-0.84743755390622861607795174611546E+00 -0.82692689170363073125454283967955E+00
-0.85428410675729064037084612018991E+00 -0.83355945640681935470963215829973E+00
-0.86110043485910960862312896670234E+00 -0.84016283289528514301475083311420E+00
-0.86788630020605931079671722904490E+00 -0.84673678848054553928332184103237E+00
-0.87464146584043540236758527858165E+00 -0.85328109151766222320620245213539E+00
-0.88136569586116134320685032221581E+00 -0.85979551141322078800211449409128E+00
-0.88805875543244928159270885713624E+00 -0.86627981863327713234283984676247E+00
-0.89472041079241512239039084460939E+00 -0.87273378471126983354636444253212E+00
-0.90135042926164799103790300305484E+00 -0.87915718225589805567081450447212E+00
-0.90794857925173429301299952788869E+00 -0.88554978495896482836260924311394E+00
-0.91451463027373538104860999358944E+00 -0.89191136760318537964759111908565E+00
-0.92104835294661971030699509861919E+00 -0.89824170606995999680389117626133E+00
-0.92754951900564866560403319148470E+00 -0.90454057734711113357471707796030E+00
-0.93401790131071634323034415713988E+00 -0.91080775953658459941774988424338E+00
-0.94045327385464284757968404332768E+00 -0.91704303186211418449202451089367E+00
-0.94685541177142124559622972290481E+00 -0.92324617467684970458568493486655E+00
-0.95322409134441799377618264859435E+00 -0.92941696947094786188726946191732E+00
-0.95955909001452645485359120724430E+00 -0.93555519887912579756136346038048E+00
-0.96586018638827379966242178196650E+00 -0.94166064668817695320252905744452E+00
-0.97212716024588071370798652582496E+00 -0.94773309784444880915598114849250E+00
-0.97835979254927418343256197951928E+00 -0.95377233846128237188477029934373E+00
-0.98455786545005281757199830234589E+00 -0.95977815582641295811194490072368E+00
-0.99072116229740487094553688005755E+00 -0.96575033840933199395237611425478E+00
-0.99684946764597871680955740318177E+00 -0.97168867586860954147371052175948E+00
-0.10029425672637055224372651243620E+01 -0.97759295905917725059093278948635E+00
-0.10090002481395741619020816581432E+01 -0.98346298003957138501910031987288E+00
-0.10150222984913580347200712925285E+01 -0.98929853207913566865611102171439E+00
-0.10210085077732937957439713033680E+01 -0.99509940966518363355997180596266E+00
-0.10269586666837116906622170983883E+01 -0.10008654085101201654218273966512E+01
-0.10328725671726174721347447736455E+01 -0.10065963255585219869438435521095E+01
-0.10387500024492256452130015334432E+01 -0.10122919589941767229531406886528E+01
-0.10445907669894439335683484004044E+01 -0.10179521082470803477316924695683E+01
-0.10503946565433087805256637279316E+01 -0.10235765740003926229306706279501E+01
-0.10561614681423717277096326357283E+01 -0.10291651581973503747487691372371E+01
-0.10618910001070365703597834990768E+01 -0.10347176640481381744971509979438E+01
-0.10675830520538469528815382371952E+01 -0.10402338960367162453941925718233E+01
-0.10732374249027244901978144075127E+01 -0.10457136599276053813661154174893E+01
-0.10788539208841570143350818236545E+01 -0.10511567627726283480565042468444E+01
-0.10844323435463369730886076285529E+01 -0.10565630129176078524040409034928E+01
-0.10899724977622496420858218204173E+01 -0.10619322200090204839614661318905E+01
-0.10954741897367110895338851108850E+01 -0.10672641950006065953475090494138E+01
-0.11009372270133558228404812402233E+01 -0.10725587501599357031640963380164E+01
-0.11063614184815736058427518814195E+01 -0.10778156990749272252925162029695E+01
-0.11117465743833957313355395388833E+01 -0.10830348566603263297196098997855E+01
-0.11170925063203301918566198343203E+01 -0.10882160391641345058027648587368E+01
-0.11223990272601459102074016487709E+01 -0.10933590641739947516085236037109E+01
-0.11276659515436054918531128443380E+01 -0.10984637506235309696372911476788E+01
-0.11328930948911466974330902560327E+01 -0.11035299187986416206471490286482E+01
-0.11380802744095123375095085878353E+01 -0.11085573903437468224120598539253E+01
-0.11432273085983281736452128204801E+01 -0.11135459882679893093026045961764E+01
-0.11483340173566291492532166706062E+01 -0.11184955369513886683041720835190E+01
-0.11534002219893332450238368250591E+01 -0.11234058621509483636815104840760E+01
-0.11584257452136633993210815164864E+01 -0.11282767910067160259213843230108E+01
-0.11634104111655165933059703462259E+01 -0.11331081520477959524897500705458E+01
-0.11683540454057805616287743203859E+01 -0.11378997751983141479171251371450E+01
-0.11732564749265978080823967460357E+01 -0.11426514917833354999408083984008E+01
-0.11781175281575763455482618730814E+01 -0.11473631345347327225610096330334E+01
-0.11829370349719477924057649131394E+01 -0.11520345375970072044342155738541E+01
-0.11877148266926717147739280243923E+01 -0.11566655365330609435928304482874E+01
-0.11924507360984869275567665378472E+01 -0.11612559683299201376531956858088E+01
-0.11971445974299090099399200789162E+01 -0.11658056714044093225223059255765E+01
-0.12017962463951740155001524587779E+01 -0.11703144856087766863580616252193E+01
-0.12064055201761285204602972800547E+01 -0.11747822522362696640078830072141E+01
-0.12109722574340651845420904148053E+01 -0.11792088140266610510532179671085E+01
-0.12154962983155045504195449658675E+01 -0.11835940151717250772712155029135E+01
-0.12199774844579218967026580891672E+01 -0.11879377013206636752671580751650E+01
-0.12244156589954201295952186220776E+01 -0.11922397195854822091327916047690E+01
-0.12288106665643474431427190724749E+01 -0.11964999185463148055236394816890E+01
-0.12331623533088603920242213182447E+01 -0.12007181482566990495362534910341E+01
-0.12374705668864317847832774499720E+01 -0.12048942602487997449381719399799E+01
-0.12417351564733035545711421207777E+01 -0.12090281075385814681201210888671E+01
-0.12459559727698841749132565778447E+01 -0.12131195446309301389537605204974E+01
-0.12501328680060904966949913656253E+01 -0.12171684275247226991983521700103E+01
-0.12542656959466341625130165276190E+01 -0.12211746137178455398308166504877E+01
-0.12583543118962521082960738531552E+01 -0.12251379622121605919341152296660E+01
-0.12623985727048809520370592628292E+01 -0.12290583335184198417652960419655E+01
-0.12663983367727757312948990400880E+01 -0.12329355896611273390564253103278E+01
-0.12703534640555718018682907490746E+01 -0.12367695941833486023455589644720E+01
-0.12742638160692909661248127343257E+01 -0.12405602121514680185358121060972E+01
-0.12781292558952905231901966213579E+01 -0.12443073101598927310611644724463E+01
-0.12819496481851560202496244167793E+01 -0.12480107563357040037735319797672E+01
-0.12857248591655370825868429780690E+01 -0.12516704203432554626650707313001E+01
-0.12894547566429260209622099354830E+01 -0.12552861733887176874424832676694E+01
-0.12931392100083798971468723636481E+01 -0.12588578882245697043530140191707E+01
-0.12967780902421847272671020167491E+01 -0.12623854391540366009037209157029E+01
-0.13003712699184627114212249898006E+01 -0.12658687020354733145837188482985E+01
-0.13039186232097219174049037290030E+01 -0.12693075542866946430084545512450E+01
-0.13074200258913480314520869963152E+01 -0.12727018748892506535791919262400E+01
-0.13108753553460386634280208310841E+01 -0.12760515443926484739955554808684E+01
-0.13142844905681796195998520420631E+01 -0.12793564449185189681555492054143E+01
-0.13176473121681630402782537382661E+01 -0.12826164601647290517928992003868E+01
-0.13209637023766475049488578841206E+01 -0.12858314754094393616600789182604E+01
-0.13242335450487595609319889688891E+01 -0.12890013775151067681761357840629E+01
-0.13274567256682374165652752251323E+01 -0.12921260549324318835096131163287E+01
-0.13306331313515153739420527569840E+01 -0.12952053977042514284798567376184E+01
-0.13337626508517499970425932926748E+01 -0.12982392974693751787859097396445E+01
-0.13368451745627874627107264528150E+01 -0.13012276474663672653184151060373E+01
-0.13398805945230718856223121038695E+01 -0.13041703425372719937720869492557E+01
-0.13428688044194946851513485016862E+01 -0.13070672791312839050200134044617E+01
-0.13458096995911847250072504957194E+01 -0.13099183553083616421871799126225E+01
-0.13487031770332392947437772505025E+01 -0.13127234707427860035525484680452E+01
-0.13515491354003956308597864125058E+01 -0.13154825267266618095593524125745E+01
-0.13543474750106429592421931555618E+01 -0.13181954261733631194468840599140E+01
-0.13570980978487749820529947593992E+01 -0.13208620736209224299436087082617E+01
-0.13598009075698825915268499458047E+01 -0.13234823752353630142318720869917E+01
-0.13624558095027868282653612448587E+01 -0.13260562388139745419538681910733E+01
-0.13650627106534119028433176238138E+01 -0.13285835737885320251528478733725E+01
-0.13676215197080980711689417104392E+01 -0.13310642912284577977793007530547E+01
-0.13701321470368546528488380715176E+01 -0.13334983038439262500499845741522E+01
-0.13725945046965526110435124287698E+01 -0.13358855259889116355583715107940E+01
-0.13750085064340567696832242179906E+01 -0.13382258736641783235616727618491E+01
-0.13773740676892977521158777101832E+01 -0.13405192645202139706741462068995E+01
-0.13796911055982834491032574950357E+01 -0.13427656178601047903523859597480E+01
-0.13819595389960496461813613610952E+01 -0.13449648546423535931313842689732E+01
-0.13841792884195501660885648584872E+01 -0.13471168974836398298777829932357E+01
-0.13863502761104860074924535576969E+01 -0.13492216706615219203914638152211E+01
-0.13884724260180740038263255232716E+01 -0.13512791001170816733645473558442E+01
-0.13905456638017539735864167917544E+01 -0.13532891134575105924926852246632E+01
-0.13925699168338352700312371456385E+01 -0.13552516399586382199048774388933E+01
-0.13945451142020819450732707160783E+01 -0.13571666105674020761455661320009E+01
-0.13964711867122368427028252883409E+01 -0.13590339579042595016271023764726E+01
-0.13983480668904844311791709028963E+01 -0.13608536162655410010499158417406E+01
-0.14001756889858519588383308540575E+01 -0.13626255216257449409792067803700E+01
-0.14019539889725496574521532809545E+01 -0.13643496116397742058656568156001E+01
-0.14036829045522490098187096371670E+01 -0.13660258256451134322028989210140E+01
-0.14053623751562996783654518908008E+01 -0.13676541046639483567181521928644E+01
-0.14069923419478847326464797179721E+01 -0.13692343914052257324821587193687E+01
-0.14085727478241139212523638606119E+01 -0.13707666302666546188459848243115E+01
-0.14101035374180557218442012436261E+01 -0.13722507673366487652134869378817E+01
-0.14115846571007067507144324210277E+01 -0.13736867503962098160087730150384E+01
-0.14130160549829000582028961978813E+01 -0.13750745289207515585088920888531E+01
-0.14143976809171508553773488419084E+01 -0.13764140540818649742309119740155E+01
-0.14157294864994405223574764152628E+01 -0.13777052787490239570470781567030E+01
-0.14170114250709384303523809124892E+01 -0.13789481574912319560080764898881E+01
-0.14182434517196616008349231234163E+01 -0.13801426465786090639518691440151E+01
-0.14194255232820722867903523834265E+01 -0.13812887039839198301881789072615E+01
-0.14205575983446131672678494077154E+01 -0.13823862893840415448360379228204E+01
-0.14216396372451802973685645461713E+01 -0.13834353641613730470767351013844E+01
-0.14226716020745338128093814074466E+01 -0.13844358914051839362576979944347E+01
-0.14236534566776461194234897902026E+01 -0.13853878359129041631128866146527E+01
-0.14245851666549877461441152289480E+01 -0.13862911641913540010965034363827E+01
-0.14254666993637506753309605286539E+01 -0.13871458444579142499805821699227E+01
-0.14262980239190092268717019514692E+01 -0.13879518466416366933141059818694E+01
-0.14270791111948183583469881539664E+01 -0.13887091423842948225130061934481E+01
-0.14278099338252493943735097598228E+01 -0.13894177050413746539660129220876E+01
-0.14284904662053631778685120657358E+01 -0.13900775096830057132437859587980E+01
-0.14291206844921205578426268583701E+01 -0.13906885330948321131916881362257E+01
-0.14297005666052302204742395486811E+01 -0.13912507537788236615809563328933E+01
-0.14302300922279341485759211435280E+01 -0.13917641519540267367030610017919E+01
-0.14305551242473775599192236212980E+01 -0.13920792847973703697464727748884E+01
-0.14308577622612670086098222466931E+01 -0.13923727057566931713800319641265E+01
-0.14311380015570237799086553217353E+01 -0.13926444102437301247232817900270E+01
-0.14313958377708541351352684344800E+01 -0.13928943940097976850838367070628E+01
-0.14316312668878129401733258630698E+01 -0.13931226531458652429713579670439E+01
-0.14318554970251873289210856296044E+01 -0.13933400544152391883967111932588E+01
-0.14320797388026888287868522058733E+01 -0.13935574670176308186450926762719E+01
-0.14323039922206853118692031987565E+01 -0.13937748909533922016941548382454E+01
-0.14325282572795446743555411868365E+01 -0.13939923262228753683692947470611E+01
-0.14327525339796347921263740068114E+01 -0.13942097728264323967767550111427E+01
-0.14325282572795446743555411868365E+01 -0.13939923262228753683692947470611E+01
-0.14323039922206853118692031987565E+01 -0.13937748909533922016941548382454E+01
-0.14320797388026888287868522058733E+01 -0.13935574670176308186450926762719E+01
-0.14318554970251873289210856296044E+01 -0.13933400544152391883967111932588E+01
-0.14316312668878129401733258630698E+01 -0.13931226531458652429713579670439E+01
-0.14313958377708541351352684344800E+01 -0.13928943940097976850838367070628E+01
-0.14311380015570237799086553217353E+01 -0.13926444102437301247232817900270E+01
-0.14308577622612670086098222466931E+01 -0.13923727057566931713800319641265E+01
-0.14305551242473775599192236212980E+01 -0.13920792847973703697464727748884E+01
-0.14302300922279341485759211435280E+01 -0.13917641519540267367030610017919E+01
-0.14297005666052302204742395486811E+01 -0.13912507537788236615809563328933E+01
-0.14291206844921205578426268583701E+01 -0.13906885330948321131916881362257E+01
-0.14284904662053631778685120657358E+01 -0.13900775096830057132437859587980E+01
-0.14278099338252493943735097598228E+01 -0.13894177050413746539660129220876E+01
-0.14270791111948183583469881539664E+01 -0.13887091423842948225130061934481E+01
-0.14262980239190092268717019514692E+01 -0.13879518466416366933141059818694E+01
-0.14254666993637506753309605286539E+01 -0.13871458444579142499805821699227E+01
-0.14245851666549877461441152289480E+01 -0.13862911641913540010965034363827E+01
-0.14236534566776461194234897902026E+01 -0.13853878359129041631128866146527E+01
-0.14226716020745338128093814074466E+01 -0.13844358914051839362576979944347E+01
-0.14216396372451802973685645461713E+01 -0.13834353641613730470767351013844E+01
-0.14205575983446131672678494077154E+01 -0.13823862893840415448360379228204E+01
-0.14194255232820722867903523834265E+01 -0.13812887039839198301881789072615E+01
-0.14182434517196616008349231234163E+01 -0.13801426465786090639518691440151E+01
-0.14170114250709384303523809124892E+01 -0.13789481574912319560080764898881E+01
-0.14157294864994405223574764152628E+01 -0.13777052787490239570470781567030E+01
-0.14143976809171508553773488419084E+01 -0.13764140540818649742309119740155E+01
-0.14130160549829000582028961978813E+01 -0.13750745289207515585088920888531E+01
-0.14115846571007067507144324210277E+01 -0.13736867503962098160087730150384E+01
-0.14101035374180557218442012436261E+01 -0.13722507673366487652134869378817E+01
-0.14085727478241139212523638606119E+01 -0.13707666302666546188459848243115E+01
-0.14069923419478847326464797179721E+01 -0.13692343914052257324821587193687E+01
-0.14053623751562996783654518908008E+01 -0.13676541046639483567181521928644E+01
-0.14036829045522490098187096371670E+01 -0.13660258256451134322028989210140E+01
-0.14019539889725496574521532809545E+01 -0.13643496116397742058656568156001E+01
-0.14001756889858519588383308540575E+01 -0.13626255216257449409792067803700E+01
-0.13983480668904844311791709028963E+01 -0.13608536162655410010499158417406E+01
-0.13964711867122368427028252883409E+01 -0.13590339579042595016271023764726E+01
-0.13945451142020819450732707160783E+01 -0.13571666105674020761455661320009E+01
-0.13925699168338352700312371456385E+01 -0.13552516399586382199048774388933E+01
-0.13905456638017539735864167917544E+01 -0.13532891134575105924926852246632E+01
-0.13884724260180740038263255232716E+01 -0.13512791001170816733645473558442E+01
-0.13863502761104860074924535576969E+01 -0.13492216706615219203914638152211E+01
-0.13841792884195501660885648584872E+01 -0.13471168974836398298777829932357E+01
-0.13819595389960496461813613610952E+01 -0.13449648546423535931313842689732E+01
-0.13796911055982834491032574950357E+01 -0.13427656178601047903523859597480E+01
-0.13773740676892977521158777101832E+01 -0.13405192645202139706741462068995E+01
-0.13750085064340567696832242179906E+01 -0.13382258736641783235616727618491E+01
-0.13725945046965526110435124287698E+01 -0.13358855259889116355583715107940E+01
-0.13701321470368546528488380715176E+01 -0.13334983038439262500499845741522E+01
-0.13676215197080980711689417104392E+01 -0.13310642912284577977793007530547E+01
-0.13650627106534119028433176238138E+01 -0.13285835737885320251528478733725E+01
-0.13624558095027868282653612448587E+01 -0.13260562388139745419538681910733E+01
-0.13598009075698825915268499458047E+01 -0.13234823752353630142318720869917E+01
-0.13570980978487749820529947593992E+01 -0.13208620736209224299436087082617E+01
-0.13543474750106429592421931555618E+01 -0.13181954261733631194468840599140E+01
-0.13515491354003956308597864125058E+01 -0.13154825267266618095593524125745E+01
-0.13487031770332392947437772505025E+01 -0.13127234707427860035525484680452E+01
-0.13458096995911847250072504957194E+01 -0.13099183553083616421871799126225E+01
-0.13428688044194946851513485016862E+01 -0.13070672791312839050200134044617E+01
-0.13398805945230718856223121038695E+01 -0.13041703425372719937720869492557E+01
-0.13368451745627874627107264528150E+01 -0.13012276474663672653184151060373E+01
-0.13337626508517499970425932926748E+01 -0.12982392974693751787859097396445E+01
-0.13306331313515153739420527569840E+01 -0.12952053977042514284798567376184E+01
-0.13274567256682374165652752251323E+01 -0.12921260549324318835096131163287E+01
-0.13242335450487595609319889688891E+01 -0.12890013775151067681761357840629E+01
-0.13209637023766475049488578841206E+01 -0.12858314754094393616600789182604E+01
-0.13176473121681630402782537382661E+01 -0.12826164601647290517928992003868E+01
-0.13142844905681796195998520420631E+01 -0.12793564449185189681555492054143E+01
-0.13108753553460386634280208310841E+01 -0.12760515443926484739955554808684E+01
-0.13074200258913480314520869963152E+01 -0.12727018748892506535791919262400E+01
-0.13039186232097219174049037290030E+01 -0.12693075542866946430084545512450E+01
-0.13003712699184627114212249898006E+01 -0.12658687020354733145837188482985E+01
-0.12967780902421847272671020167491E+01 -0.12623854391540366009037209157029E+01
-0.12931392100083798971468723636481E+01 -0.12588578882245697043530140191707E+01
-0.12894547566429260209622099354830E+01 -0.12552861733887176874424832676694E+01
-0.12857248591655370825868429780690E+01 -0.12516704203432554626650707313001E+01
-0.12819496481851560202496244167793E+01 -0.12480107563357040037735319797672E+01
-0.12781292558952905231901966213579E+01 -0.12443073101598927310611644724463E+01
-0.12742638160692909661248127343257E+01 -0.12405602121514680185358121060972E+01
-0.12703534640555718018682907490746E+01 -0.12367695941833486023455589644720E+01
-0.12663983367727757312948990400880E+01 -0.12329355896611273390564253103278E+01
-0.12623985727048809520370592628292E+01 -0.12290583335184198417652960419655E+01
-0.12583543118962521082960738531552E+01 -0.12251379622121605919341152296660E+01
-0.12542656959466341625130165276190E+01 -0.12211746137178455398308166504877E+01
-0.12501328680060904966949913656253E+01 -0.12171684275247226991983521700103E+01
-0.12459559727698841749132565778447E+01 -0.12131195446309301389537605204974E+01
-0.12417351564733035545711421207777E+01 -0.12090281075385814681201210888671E+01
-0.12374705668864317847832774499720E+01 -0.12048942602487997449381719399799E+01
-0.12331623533088603920242213182447E+01 -0.12007181482566990495362534910341E+01
-0.12288106665643474431427190724749E+01 -0.11964999185463148055236394816890E+01
-0.12244156589954201295952186220776E+01 -0.11922397195854822091327916047690E+01
-0.12199774844579218967026580891672E+01 -0.11879377013206636752671580751650E+01
-0.12154962983155045504195449658675E+01 -0.11835940151717250772712155029135E+01
-0.12109722574340651845420904148053E+01 -0.11792088140266610510532179671085E+01
-0.12064055201761285204602972800547E+01 -0.11747822522362696640078830072141E+01
-0.12017962463951740155001524587779E+01 -0.11703144856087766863580616252193E+01
-0.11971445974299090099399200789162E+01 -0.11658056714044093225223059255765E+01
-0.11924507360984869275567665378472E+01 -0.11612559683299201376531956858088E+01
-0.11877148266926717147739280243923E+01 -0.11566655365330609435928304482874E+01
-0.11829370349719477924057649131394E+01 -0.11520345375970072044342155738541E+01
-0.11781175281575763455482618730814E+01 -0.11473631345347327225610096330334E+01
-0.11732564749265978080823967460357E+01 -0.11426514917833354999408083984008E+01
-0.11683540454057805616287743203859E+01 -0.11378997751983141479171251371450E+01
-0.11634104111655165933059703462259E+01 -0.11331081520477959524897500705458E+01
-0.11584257452136633993210815164864E+01 -0.11282767910067160259213843230108E+01
-0.11534002219893332450238368250591E+01 -0.11234058621509483636815104840760E+01
-0.11483340173566291492532166706062E+01 -0.11184955369513886683041720835190E+01
-0.11432273085983281736452128204801E+01 -0.11135459882679893093026045961764E+01
-0.11380802744095123375095085878353E+01 -0.11085573903437468224120598539253E+01
-0.11328930948911466974330902560327E+01 -0.11035299187986416206471490286482E+01
-0.11276659515436054918531128443380E+01 -0.10984637506235309696372911476788E+01
-0.11223990272601459102074016487709E+01 -0.10933590641739947516085236037109E+01
-0.11170925063203301918566198343203E+01 -0.10882160391641345058027648587368E+01
-0.11117465743833957313355395388833E+01 -0.10830348566603263297196098997855E+01
-0.11063614184815736058427518814195E+01 -0.10778156990749272252925162029695E+01
-0.11009372270133558228404812402233E+01 -0.10725587501599357031640963380164E+01
-0.10954741897367110895338851108850E+01 -0.10672641950006065953475090494138E+01
-0.10899724977622496420858218204173E+01 -0.10619322200090204839614661318905E+01
-0.10844323435463369730886076285529E+01 -0.10565630129176078524040409034928E+01
-0.10788539208841570143350818236545E+01 -0.10511567627726283480565042468444E+01
-0.10732374249027244901978144075127E+01 -0.10457136599276053813661154174893E+01
-0.10675830520538469528815382371952E+01 -0.10402338960367162453941925718233E+01
-0.10618910001070365703597834990768E+01 -0.10347176640481381744971509979438E+01
-0.10561614681423717277096326357283E+01 -0.10291651581973503747487691372371E+01
-0.10503946565433087805256637279316E+01 -0.10235765740003926229306706279501E+01
-0.10445907669894439335683484004044E+01 -0.10179521082470803477316924695683E+01
-0.10387500024492256452130015334432E+01 -0.10122919589941767229531406886528E+01
-0.10328725671726174721347447736455E+01 -0.10065963255585219869438435521095E+01
-0.10269586666837116906622170983883E+01 -0.10008654085101201654218273966512E+01
-0.10210085077732937957439713033680E+01 -0.99509940966518363355997180596266E+00
-0.10150222984913580347200712925285E+01 -0.98929853207913566865611102171439E+00
-0.10090002481395741619020816581432E+01 -0.98346298003957138501910031987288E+00
-0.10029425672637055224372651243620E+01 -0.97759295905917725059093278948635E+00
-0.99684946764597871680955740318177E+00 -0.97168867586860954147371052175948E+00
-0.99072116229740487094553688005755E+00 -0.96575033840933199395237611425478E+00
-0.98455786545005281757199830234589E+00 -0.95977815582641295811194490072368E+00
-0.97835979254927418343256197951928E+00 -0.95377233846128237188477029934373E+00
-0.97212716024588071370798652582496E+00 -0.94773309784444880915598114849250E+00
-0.96586018638827379966242178196650E+00 -0.94166064668817695320252905744452E+00
-0.95955909001452645485359120724430E+00 -0.93555519887912579756136346038048E+00
-0.95322409134441799377618264859435E+00 -0.92941696947094786188726946191732E+00
-0.94685541177142124559622972290481E+00 -0.92324617467684970458568493486655E+00
-0.94045327385464284757968404332768E+00 -0.91704303186211418449202451089367E+00
-0.93401790131071634323034415713988E+00 -0.91080775953658459941774988424338E+00
-0.92754951900564866560403319148470E+00 -0.90454057734711113357471707796030E+00
-0.92104835294661971030699509861919E+00 -0.89824170606995999680389117626133E+00
-0.91451463027373538104860999358944E+00 -0.89191136760318537964759111908565E+00
-0.90794857925173429301299952788869E+00 -0.88554978495896482836260924311394E+00
-0.90135042926164799103790300305484E+00 -0.87915718225589805567081450447212E+00
-0.89472041079241512239039084460939E+00 -0.87273378471126983354636444253212E+00
-0.88805875543244928159270885713624E+00 -0.86627981863327713234283984676247E+00
-0.88136569586116134320685032221581E+00 -0.85979551141322078800211449409128E+00
-0.87464146584043540236758527858165E+00 -0.85328109151766222320620245213539E+00
-0.86788630020605931079671722904490E+00 -0.84673678848054553928332184103237E+00
-0.86110043485910960862312896670234E+00 -0.84016283289528514301475083311420E+00
-0.85428410675729064037084612018991E+00 -0.83355945640681935470963215829973E+00
-0.84743755390622861607795174611546E+00 -0.82692689170363073125454283967955E+00
-0.84056101535071982306485386879051E+00 -0.82026537250973259899734654558828E+00
-0.83365473116593416318075720102880E+00 -0.81357513357662313795703016371355E+00
-0.82671894244857308858698451749345E+00 -0.80685641067520681485686295196550E+00
-0.81975389130798248054895209371341E+00 -0.80010944058768347624883815244984E+00
-0.81275982085722084143804586721971E+00 -0.79333446109940597851530836561191E+00
-0.80573697520408186069710373000862E+00 -0.78653171099070608899519403665228E+00
-0.79868559944207298958842014155594E+00 -0.77970143002868965475747410450015E+00
-0.79160593964134814334404264687552E+00 -0.77284385895900098223094798726035E+00
-0.78449824283959653260398501560431E+00 -0.76595923949755695246483667838400E+00
-0.77736275703288598632000042298692E+00 -0.75904781432225155296790145705289E+00
-0.77019973116646207536050159081772E+00 -0.75210982706463042778121882363229E+00
-0.76300941512550212380194892518031E+00 -0.74514552230153718666960064500414E+00
-0.75579205972582485512180702064755E+00 -0.73815514554673025347768950027696E+00
-0.74854791670455521520197623659117E+00 -0.73113894324247209779542180294911E+00
-0.74127723871074433129924691436167E+00 -0.72409716275109027621135216535207E+00
-0.73398027929594507638061033331298E+00 -0.71703005234651149243278703174841E+00
-0.72665729290474287523373281151330E+00 -0.70993786120576818531781231411871E+00
-0.71930853486524154782718975103965E+00 -0.70282083940047914643068380718824E+00
-0.71193426137950466218761344351951E+00 -0.69567923788830367184186651483641E+00
-0.70453472951395166230736790578799E+00 -0.68851330850437015494240096989070E+00
-0.69711019718970989531438063192955E+00 -0.68132330395267953772630989664082E+00
-0.68966092317292055311382003205475E+00 -0.67410947779748404399002170525458E+00
-0.68218716706500064030234980040097E+00 -0.66687208445464156330651088008584E+00
-0.67468918929285933069256540148740E+00 -0.65961137918294617194702921554189E+00
-0.66716725109906876264470318219027E+00 -0.65232761807543526004254586580461E+00
-0.65962161453199046101591813276182E+00 -0.64502105805067424377442148461506E+00
-0.65205254243585502584111367245607E+00 -0.63769195684401783163044134322094E+00
-0.64446029844079729894045390691954E+00 -0.63034057299885064832936020139128E+00
-0.63684514695284496157337573581356E+00 -0.62296716585780565852642690351613E+00
-0.62920735314386147219072909518505E+00 -0.61557199555396146829231572576063E+00
-0.62154718294144298264309402627146E+00 -0.60815532300202027260856310113866E+00
-0.61386490301876831795785301243759E+00 -0.60071740988946452188440793197411E+00
-0.60616078078440293644490576733675E+00 -0.59325851866769533388756784133553E+00
-0.59843508437205581873089567635232E+00 -0.58577891254315143328237411505176E+00
-0.59068808263028862990986809682556E+00 -0.57827885546840998536038307153355E+00
-0.58292004511217879484130107190189E+00 -0.57075861213326988840123716456664E+00
-0.57513124206493334079709556245629E+00 -0.56321844795581714009221127135181E+00
-0.56732194441945555213305367436629E+00 -0.55565862907347429749267420553942E+00
-0.55949242377986289881772552211393E+00 -0.54807942233403381222474568517747E+00
-0.55164295241295644916570550906679E+00 -0.54048109528667491525788680897158E+00
-0.54377380323764082077224768072102E+00 -0.53286391617296703577438509979587E+00
-0.53588524981429406234634946269192E+00 -0.52522815391785772717099557805127E+00
-0.52797756633408850654976416292235E+00 -0.51757407812064730646008945508072E+00
-0.52005102760826015727415500834773E+00 -0.50990195904595042481458545460792E+00
-0.51210590905732719009647217795241E+00 -0.50221206761464532780000248443302E+00
-0.50414248670025701571660166320370E+00 -0.49450467539481093039986785713094E+00
-0.49616103714358086204971587263591E+00 -0.48678005459265268099105850393244E+00
-0.48816183757045570224651580787918E+00 -0.47903847804341863373711226177714E+00
-0.48014516572967277211904659785423E+00 -0.47128021920230467087816719339909E+00
-0.47211129992461152280307772226696E+00 -0.46350555213535116156965574442199E+00
-0.46406051900213932134137690869658E+00 -0.45571475151033140539602658063461E+00
-0.45599310234145498040605491271029E+00 -0.44790809258763154034457702447274E+00
-0.44790932984287619582690649914794E+00 -0.44008585121112404798720468117873E+00
-0.43980948191656935006271013271351E+00 -0.43224830379903524697638825279075E+00
-0.43169383947122174496014266900395E+00 -0.42439572733480625550209174902001E+00
-0.42356268390265415557488307904733E+00 -0.41652839935795025521507374891601E+00
-0.41541629708237358376599134306104E+00 -0.40864659795490522710772624868056E+00
-0.40725496134606447136754423030125E+00 -0.40075060174988386326517213515108E+00
-0.39907895948201899883724893256184E+00 -0.39284068989572083463352018832361E+00
-0.39088857471950216261347780897504E+00 -0.38491714206471898317092276442492E+00
-0.38268409071705373309424880295937E+00 -0.37698023843949454863828283129125E+00
-0.37446579155072363912457992603868E+00 -0.36903025970382295018386625502805E+00
-0.36623396170224083148197970706056E+00 -0.36106748703348527276077558652924E+00
-0.35798888604711314315409450363884E+00 -0.35309220208711775958403188245311E+00
-0.34973084984265672264717066010555E+00 -0.34510468699706317346557376109926E+00
-0.34146013871595526121735111854846E+00 -0.33710522436022725196716918691209E+00
-0.33317703865174460178285882955345E+00 -0.32909409722893932711834025026766E+00
-0.32488183598022356605641593078905E+00 -0.32107158910181963369129587330892E+00
-0.31657481736478746860612227434619E+00 -0.31303798391465298536776014428421E+00
-0.30825626978968273742951387438097E+00 -0.30499356603127122878444291902320E+00
-0.29992648054758335431773287686086E+00 -0.29693862023444476445129572145147E+00
-0.29158573722708085647689426764831E+00 -0.28887343171678392425282369029735E+00
-0.28323432770009391427909726643332E+00 -0.28079828607165291352660441999110E+00
-0.27487254010918719017869242019375E+00 -0.27271346928409534991051944610744E+00
-0.26650066285480374022500940405490E+00 -0.26461926772177386723783473419711E+00
-0.25811898458240399332767734114508E+00 -0.25651596812592667535132654041746E+00
-0.24972779416951031948936402895895E+00 -0.24840385760233726712800697905139E+00
-0.24132738071265560635489644794099E+00 -0.24028322361232581131264501719764E+00
-0.23291803351423009361343799119306E+00 -0.23215435396375633863686008756717E+00
-0.22450004206922628087456072459627E+00 -0.22401753680206683993851721719577E+00
-0.21607369605187728369989336317303E+00 -0.21587306060132062346178181131221E+00
-0.20763928530218531389608012326637E+00 -0.20772121415528081315974272372505E+00
-0.19919709981233753851222247269433E+00 -0.19956228656851092036127220884919E+00
-0.19074742971300429486002559099858E+00 -0.19139656724750144415664132018368E+00
-0.18229056525951790243103594715466E+00 -0.18322434589182500839632412559970E+00
-0.17382679681792603107298699596544E+00 -0.17504591248532186338189598529720E+00
-0.16535641485091603854581599508976E+00 -0.16686155728731683423085877263581E+00
-0.15687970990360649900978741937923E+00 -0.15867157082387045839026937016414E+00
-0.14839697258920040809367535668791E+00 -0.15047624387906490892837594555299E+00
-0.13990849357449545514068933527425E+00 -0.14227586748632839806570625291881E+00
-0.13141456356524624076374947024304E+00 -0.13407073291979854000264790936009E+00
-0.12291547329137295417107047357973E+00 -0.12586113168572715244141050575797E+00
-0.11441151349201096804784388075628E+00 -0.11764735551392943290390523276984E+00
-0.10590297490039500111291496306587E+00 -0.10942969634927874513265156579834E+00
-0.97390148228571995650582128753327E-01 -0.10120844634324983712901960631226E+00
-0.88873324151936093725012685638339E-01 -0.92983897845513015567234183642851E-01
-0.80352793293577939551231493163697E-01 -0.84756343395581373487742055680377E-01
-0.71828846208442444524683450014986E-01 -0.76526075714514204561687671167572E-01
-0.63301773367286249768785818923680E-01 -0.68293387696678359106602727573982E-01
-0.54771865140426289085222085893916E-01 -0.60058572401571779862367475336379E-01
-0.46239411781273665660151521949904E-01 -0.51821923045710989235141257773362E-01
-0.37704703409639536756325604091513E-01 -0.43583732994585385650534203553545E-01
-0.29168029994808331716674751586335E-01 -0.35344295754683245013372435308145E-01
-0.20629681338364508879742809681947E-01 -0.27103904965590308027762264533723E-01
-0.12089947056764296210853772788997E-01 -0.18862854392165505148495964054592E-01
-0.35491165636419621284993580578095E-02 -0.10621437916799130367518533099713E-01
0.49925209481634935531055738995701E-02 -0.23799495317527958386401462605263E-02
0.13534676524869998632447493987449E-01 0.58613166684096630569659111944261E-02
0.22077061470318337074421271505954E-01 0.14102066494300822117966811836117E-01
0.30619387364855169432067040154410E-01 0.22342005669091328618191223092071E-01
0.39161366084545019325550502594661E-01 0.30580839835789647164636252027961E-01
0.47702709820731104065843646093058E-01 0.38818274564418054171094224656955E-01
0.56243131099955902195797988809961E-01 0.47054015359076477414799574805173E-01
0.64782342804262317518600352979678E-01 0.55287767664892025152851977814024E-01
0.73320058191891187711031880051265E-01 0.63519236874848799299334391206255E-01
0.81855990918394056944152142142143E-01 0.71748128336489334248185668753541E-01
0.90389855058182364444679451932731E-01 0.79974147358487066769981460750824E-01
0.98921365126532291760465510165342E-01 0.88196999217079055248749124438399E-01
0.10745023610206939554374109414311E+00 0.96416389162355435202588112412491E-01
0.11597618344975530383440779930740E+00 0.10463202242439869850046502694177E+00
0.12449892314440160854331242088082E+00 0.11284360421926480956404673963151E+00
0.13301817169473818249900748157504E+00 0.12105083975480015876128360398434E+00
0.14153364616806278220171247207765E+00 0.12925343423628591121616128751857E+00
0.15004506421550223389862187034419E+00 0.13745109287190239978336327623133E+00
0.15855214409791682597782907960042E+00 0.14564352087800492667793330180066E+00
0.16705460471248065633620590557791E+00 0.15383042348420188826960291871098E+00
0.17555216561997363902070370371235E+00 0.16201150593822708100100706869308E+00
0.18404454707282315266116399768743E+00 0.17018647351059515198083073367876E+00
0.19253147004393431547752581680829E+00 0.17835503149903064756027286307583E+00
0.20101265625635231410263165564298E+00 0.18651688523266038921153643143607E+00
0.20948782821380068378756716185463E+00 0.19467174007595706453310861065692E+00
0.21795670923214518527542913201234E+00 0.20281930143242255296134116100415E+00
0.22641902347183254856028861861234E+00 0.21095927474799866875179008715774E+00
0.23487449597135888754344003427764E+00 0.21909136551419163154009519289191E+00
0.24332285268182683856901401055555E+00 0.22721527927089707039671860282149E+00
0.25176382050265135706305225245059E+00 0.23533072160890965706447846352653E+00
0.26019712731848084467216648893883E+00 0.24343739817210398324281565006544E+00
0.26862250203740415551191112526314E+00 0.25153501465926774913173402294039E+00
0.27703967463051601294906224864782E+00 0.25962327682557204624243537199202E+00
0.28544837617292583761573402379566E+00 0.26770189048365988407266775359704E+00
0.29384833888628780930133176633075E+00 0.27577056150433293425791279292144E+00
0.30223929618295205553960585433596E+00 0.28382899581681750367033682908000E+00
0.31062098271182752563174661171525E+00 0.29187689940858719461455036417895E+00
0.31899313440606542177714102035261E+00 0.29991397832471844654814601455828E+00
0.32735548853267417368925329829277E+00 0.30793993866675893199196006642165E+00
0.33570778374418485150080035327051E+00 0.31595448659107633541697808856361E+00
0.34404976013249883535339246170796E+00 0.32395732830666779667085433937261E+00
0.35238115928505203698469417003195E+00 0.33194817007239534128631791733879E+00
0.36070172434344773956047148507728E+00 0.33992671819361985662231658426173E+00
0.36901120006471616086979508877782E+00 0.34789267901820081757395531692398E+00
0.37730933288537203688592507068051E+00 0.35584575893182608874424769859829E+00
0.38559587098845657080762161185282E+00 0.36378566435263678580287096857144E+00
0.39387056437376008362079269925415E+00 0.37171210172510696284637616713553E+00
0.40213316493144366724695249203770E+00 0.37962477751313767769974202484314E+00
0.41038342651928768478026677383778E+00 0.38752339819232105415964813917972E+00
0.41862110504381924706294136417440E+00 0.39540767024132715128460169378304E+00
0.42684595854558704100649285528718E+00 0.40327730013236511301305038537907E+00
0.43505774728887693853385813202894E+00 0.41113199432066313806408606271994E+00
0.44325623385618325397626901023157E+00 0.41897145923291329667276587175874E+00
0.45144118324777751227317810639025E+00 0.42679540125461837083598322595724E+00
0.45961236298674623845747239377903E+00 0.43460352671627818855264764447053E+00
0.46776954322990073645961476640696E+00 0.44239554187834497885519606262903E+00
0.47591249688499447431417498778284E+00 0.45017115291487565813151671254613E+00
0.48404099973472450306028180417301E+00 0.45793006589580197840981366203419E+00
0.49215483056803364436979297851339E+00 0.46567198676773413150708469777049E+00
0.50025377131927648045944022031431E+00 0.47339662133320857673125745146215E+00
0.50833760721586364540992802700152E+00 0.48110367522828478125806511272148E+00
0.51640612693505443278953087548710E+00 0.48879285389838609688955065997748E+00
0.52445912277063028568376539640764E+00 0.49646386257227686447815267293797E+00
0.53249639081025062699402470331607E+00 0.50411640623405687971258174282663E+00
0.54051773112436793998618789683471E+00 0.51175018959304628892369666807725E+00
0.54852294796766458264261054242580E+00 0.51936491705142681231418341282087E+00
0.55651184999406688912268474198934E+00 0.52696029266949322792367049024092E+00
0.56448425048649754576226136441076E+00 0.53453602012835894253319600173045E+00
0.57243996760264305571908150420276E+00 0.54209180268994917258175027873735E+00
0.58037882463814237238134267125756E+00 0.54962734315410198555055129221298E+00
0.58830065030875180697465713061075E+00 0.55714234381258406804032914252243E+00
0.59620527905319823377203523856063E+00 0.56463650639981428134911577722064E+00
0.60409255135862024412860606138988E+00 0.57210953204007328448238548317587E+00
0.61196231411069869590234724312879E+00 0.57956112119095953185666605801800E+00
0.61981442097081010140896053089648E+00 0.58699097358283478028656410532389E+00
0.62764873278279554109008965023667E+00 0.59439878815398546583659236582389E+00
0.63546511801222995796729829750194E+00 0.60178426298120100707450607324430E+00
0.64326345322141069903120790963731E+00 0.60914709520545369359601511389727E+00
0.65104362358365804605955271874391E+00 0.61648698095233762603843393506499E+00
0.65880552344094692845390599549636E+00 0.62380361524690132257041792687809E+00
0.66654905690937753620323404325289E+00 0.63109669192248224739928743752763E+00
0.67427413853754163112241917417767E+00 0.63836590352312220589759314484467E+00
0.68198069402347810635591801493343E+00 0.64561094119911605057395331473092E+00
0.68966866099663381963841411785777E+00 0.65283149459521362998307663332330E+00
0.69733798987207692252253353852338E+00 0.66002725173096351534930213611185E+00
0.70498864478516978225809484107758E+00 0.66719789887265797035145078420199E+00
0.71262060461600882789301472094293E+00 0.67434312039630179876377473863542E+00
0.72023386411422048691736288746840E+00 0.68146259864100004806607172289027E+00
0.72782843513617963280744603795621E+00 0.68855601375212821759726877060130E+00
0.73540434800844317546120726754279E+00 0.69562304351361996482170787199244E+00
0.74296165303320038581190039553546E+00 0.70266336316868797537973280287204E+00
0.75050042215389318417329775783758E+00 0.70967664522827516203874198254081E+00
0.75802075080192193514872001753932E+00 0.71666255926653165743884606306968E+00
0.76552275994860373296997847934931E+00 0.72362077170262050156459471257652E+00
0.77300659839039313995538840142684E+00 0.73055094556818775458882077251683E+00
0.78047244529993531395097311954868E+00 0.73745274025989120696575998169583E+00
0.78792051308094850891714156610271E+00 0.74432581127648004321526818136096E+00
0.79535105057142404417723353932454E+00 0.75116980994006870720087501230310E+00
0.80276434664741834617125984948931E+00 0.75798438310147080396408868016689E+00
0.81016073428910695360876734456805E+00 0.76476917282977500458401820960104E+00
0.81754059518214242364334524892864E+00 0.77152381608679297054530621923539E+00
0.82490436494120612027917558689988E+00 0.77824794438762766088975225254283E+00
0.83225253905957842006916323732395E+00 0.78494118344946475769844303516026E+00
0.83958567970938423683516216664079E+00 0.79160315283185640326707701340934E+00
0.84690442354293720469208556146447E+00 0.79823346557336300923066462140288E+00
0.85420949067766760437382195945012E+00 0.80483172783159087598417322965150E+00
0.86150169508727881813702743462117E+00 0.81139753853662712837477565648623E+00
0.86878195667239894085130887151024E+00 0.81793048907192596769000641484659E+00
0.87605131534831979239274334617552E+00 0.82443016300221968117376004427866E+00
0.88331094756965010001754754038809E+00 0.83089613587570908116089731837625E+00
0.89056218581809341366243464109798E+00 0.83732797513809253834347660923825E+00
0.89780654171725964231180338295288E+00 0.84372524021121848238330345097643E+00
0.90504573362180903821082680608007E+00 0.85008748280764189489125474279633E+00
0.91228171976438776084120635597290E+00 0.85641424758690632670755495852983E+00
0.91951673838309998870462143369513E+00 0.86270507328266040726977978060465E+00
0.92675335664576776313304104535842E+00 0.86895949454178938373160295970397E+00
0.93399453093339920088646543868530E+00 0.87517704463983554141863613873759E+00
0.94124368146650371745376904572340E+00 0.88135725985521764675491661951950E+00
0.94850478673753931405295361403761E+00 0.88749968497436219068855786677647E+00
0.95578250107529002364982584619487E+00 0.89360388424019561150055586165903E+00
0.96308231287371420609598955162541E+00 0.89966944863893574599176194985893E+00
0.97041072962486441547275297294284E+00 0.90569603332308402371275877470414E+00
0.97777558790135625226506495805962E+00 0.91168333158207695980745442818535E+00
0.98518627536286530687364406464384E+00 0.91763128582374790971708925867867E+00
0.99265463136273391212173284854253E+00 0.92353964395543330487774191193589E+00
0.10001944034174575083703588311012E+01 0.92940963847161389467475702553968E+00
0.10093639215396962258159103472220E+01 0.93640236005743607750293694474451E+00
0.10187060102947481148124067285204E+01 0.94334279788813952428130167660799E+00
0.10282808815979598946052840467262E+01 0.95023625388315564030636213693294E+00
0.10381784644538703116383999888993E+01 0.95709334441217286991596651565493E+00
0.10485439510853855481584723875266E+01 0.96393519356043875437950351856375E+00
0.10590408088886854103780125278969E+01 0.97044927043676156732272450781505E+00
0.10692019581050324602438663898865E+01 0.97629546869785291323539520338198E+00
0.10790584164356028003314421294989E+01 0.98145397619434486194623608158854E+00
0.10886308510449782943423745062352E+01 0.98593488059603714442412933771507E+00
