0.12073317516177486353837595595974E+01 -0.85286483713274691785289337111401E+00
0.12121411428546870595434543423283E+01 -0.84780943225383679987514153830086E+00
0.12166965093251337548473430413807E+01 -0.84307246245471134793101011729253E+00
0.12209765803895085776997838939021E+01 -0.83866797451844495018191212894653E+00
0.12249614377373966651313272873497E+01 -0.83460629974019003038364264908832E+00
0.12286305394797074109835064360246E+01 -0.83089895811789784503962208656222E+00
0.12319826901013380048831774578972E+01 -0.82753860080630036172991933338964E+00
0.12350841075249579359098012529339E+01 -0.82445197225221008430344433544431E+00
0.12379913541907856436791621564321E+01 -0.82157785997708759001059618025140E+00
0.12407420333392076374615991365625E+01 -0.81887549122242005205890623249217E+00
0.12433627290407840344766895452537E+01 -0.81631599120760780853124972063224E+00
0.12407420333392076374615991365625E+01 -0.81887549122242005205890623249217E+00
0.12379913541907856436791621564321E+01 -0.82157785997708759001059618025140E+00
0.12350841075249579359098012529339E+01 -0.82445197225221008430344433544431E+00
0.12319826901013380048831774578972E+01 -0.82753860080630036172991933338964E+00
0.12286305394797074109835064360246E+01 -0.83089895811789784503962208656222E+00
0.12249614377373966651313272873497E+01 -0.83460629974019003038364264908832E+00
0.12209765803895085776997838939021E+01 -0.83866797451844495018191212894653E+00
0.12166965093251337548473430413807E+01 -0.84307246245471134793101011729253E+00
0.12121411428546870595434543423283E+01 -0.84780943225383679987514153830086E+00
0.12073317516177486353837595595974E+01 -0.85286483713274691785289337111401E+00
0.11975774064565594281918662219137E+01 -0.85034953181897938349792375347149E+00
0.11875668184789481299831919044736E+01 -0.84694997027958388276416730658645E+00
0.11771730319763114220873043522913E+01 -0.84298022944009064261413492484789E+00
0.11663914641548566278122242650277E+01 -0.83837592378821595769420141832700E+00
0.11551987078535768252481946604413E+01 -0.83314638676990105807481247153464E+00
0.11440966889270769302356076933388E+01 -0.82757829326512216357098469342284E+00
0.11334569719778545242180099686889E+01 -0.82194084766984606580566850939426E+00
0.11231335115746308527949043035476E+01 -0.81622893988422154708166487902728E+00
0.11130355407008592074052422314059E+01 -0.81044303062527125720064220594333E+00
0.11031034632545420160495519529696E+01 -0.80458358068722838729858128586099E+00
0.10949214539053082968297278340144E+01 -0.79964795663660554341526407608318E+00
0.10868064681799028917789315967109E+01 -0.79466471341502955864321678159306E+00
0.10787439879027931313837706022179E+01 -0.78963545240022822824402527723597E+00
0.10707224546535009293194398641182E+01 -0.78456155445736570061130770506518E+00
0.10627324768228837458014310844926E+01 -0.77944431108711048047445264474515E+00
0.10547663235406991009319765848472E+01 -0.77428493182944767585679201000860E+00
0.10468175618572534988235354280662E+01 -0.76908454785605357253283547984939E+00
0.10388807891804841086812362747836E+01 -0.76384421644523701858698851005016E+00
0.10309514319602259101650710524836E+01 -0.75856492619933178873396034249730E+00
0.10230255916555010657833855944315E+01 -0.75324760253930656903538923981429E+00
0.10150999251441911667957141474694E+01 -0.74789311314325167194866831131444E+00
0.10071715506624860387719313803038E+01 -0.74250227313375631426093295500338E+00
0.99923797296041046462354236844734E+00 -0.73707584991449278864522919104704E+00
0.99129702312082661991300479597895E+00 -0.73161456761552079097731235026302E+00
0.98334680970706218234019902736640E+00 -0.72611911114173658861345016773262E+00
0.97538567876146739099269321302889E+00 -0.72059012983848881114123715920246E+00
0.96741218079022807425720973595461E+00 -0.71502824079859011437647358840009E+00
0.95942504331455448887987121475185E+00 -0.70943403183951746629301052705434E+00
0.95142314789537330219384399266810E+00 -0.70380806418083398945068394088959E+00
0.94340551078197313232024268104669E+00 -0.69815087485121603422189808814871E+00
0.93537126651813954110477336742012E+00 -0.69246297885280065754183018200226E+00
0.92731965397848792789713458060792E+00 -0.68674487110841246455472257154260E+00
0.91925000441451507885784246994570E+00 -0.68099702821490045918519296948584E+00
0.91116173117259337564707202988026E+00 -0.67521991002349394640132346937222E+00
0.90305432081069421490829009791264E+00 -0.66941396106587873828640107776508E+00
0.89492732539142992476487237711799E+00 -0.66357961184264787257548859468274E+00
0.88678035576925663620163187117013E+00 -0.65771727998891700963635994387748E+00
0.87861307572180246566124832071185E+00 -0.65182737133021869161098869444540E+00
0.87042519680107895266803459252384E+00 -0.64591028084029285338982251525434E+00
0.86221647380116969842930466973769E+00 -0.63996639351106191873606482198177E+00
0.85398670075592217610722636572846E+00 -0.63399608514390445677665295595194E+00
0.84573570739399795886712728226914E+00 -0.62799972307030276409039527496000E+00
0.83746335598999160825745212335361E+00 -0.62197766680902780438109128912201E+00
0.82916953855970007587442355843098E+00 -0.61593026866621836754431827038954E+00
0.82085417435538575071775076747170E+00 -0.60985787428400386449080941744620E+00
0.81251720762334596624329630090457E+00 -0.60376082314269732945982523228704E+00
0.80415860559150399131332772461263E+00 -0.59763944902103396798988120453973E+00
0.79577835665927325969048780282637E+00 -0.59149408041844843294481418257723E+00
0.78737646876576907613308896303959E+00 -0.58532504094295516775149605646621E+00
0.77895296791567439120242710377315E+00 -0.57913264966782093684269388424793E+00
0.77050789684480835441156743650256E+00 -0.57291722145988355540475627547901E+00
0.76204131380978083407440529145871E+00 -0.56667906728207620821029776364772E+00
0.75355329148811186912426194906484E+00 -0.56041849447245678635623706229697E+00
0.74504391597690251052076414417408E+00 -0.55413580700180691620913751289635E+00
0.73651328587961181630251652015447E+00 -0.54783130571166223963976024343304E+00
0.72796151147176058178652659238490E+00 -0.54150528853445041678468406336637E+00
0.71938871393747532130083175645138E+00 -0.53515805069724993998771058413197E+00
0.71079502466973189013635064358784E+00 -0.52878988491053923191188102578519E+00
0.70218058462798346546052203295907E+00 -0.52240108154317253225032324030611E+00
0.69354554374757055580240347544247E+00 -0.51599192878470579220528807087243E+00
0.68489006039593772141808196759314E+00 -0.50956271279608897132692487402563E+00
0.67621430087122817361534796101574E+00 -0.50311371784965065849132326878883E+00
0.66751843893930604177980561956022E+00 -0.49664522645921386017923093555308E+00
0.65880265540567687250402329841480E+00 -0.49015751950110976397356556661263E+00
0.65006713771914894567522746517334E+00 -0.48365087632678599917031334906599E+00
0.64131207960440282347650992264123E+00 -0.47712557486764701333133263020803E+00
0.63253768072092789084418375260488E+00 -0.47058189173270653599956469333162E+00
0.62374414634603675958840473109329E+00 -0.46402010229958476843764943915504E+00
0.61493168707990012425739105544956E+00 -0.45744048079933715480228124549047E+00
0.60610051857074120794744403238960E+00 -0.45084330039556015815601575326306E+00
0.59725086125851222558456728014407E+00 -0.44422883325818323527501073092245E+00
0.58838294013553288220670400324649E+00 -0.43759735063232299228042003471430E+00
0.57949698452271438609403198741703E+00 -0.43094912290254435476842251372011E+00
0.57059322786012152617555682828543E+00 -0.42428441965284700150622222079044E+00
0.56167190751073649629907527589900E+00 -0.41760350972266806172561394659193E+00
0.55273326457639515878049611816424E+00 -0.41090666125917258580790557063228E+00
0.54377754372495406668293612736179E+00 -0.40419414176607851672598572112363E+00
0.53480499302783256950653207551859E+00 -0.39746621814924712418758119085508E+00
0.52581586380715037374535683241983E+00 -0.39072315675925020201126237927093E+00
0.51681041049174005632027314276986E+00 -0.38396522343111007644118097676322E+00
0.50778889048138916907705796161014E+00 -0.37719268352139487682974807936125E+00
0.49875156401870528346741231757378E+00 -0.37040580194283609552109728129288E+00
0.48969869406806085395577110440525E+00 -0.36360484319662534656114517548065E+00
0.48063054620111156784715632965831E+00 -0.35679007140253431015151468841098E+00
0.47154738848842555019948703801708E+00 -0.34996175032699251725901421343483E+00
0.46244949139679958074601279330553E+00 -0.34312014340924758897331329817878E+00
0.45333712769186848091473999625180E+00 -0.33626551378572420548246502628991E+00
0.44421057234564857131688289870182E+00 -0.32939812431268917078163901878510E+00
0.43507010244868249205185023276443E+00 -0.32251823758732471392396234551401E+00
0.42591599712647661285264182863200E+00 -0.31562611596730131530215634519148E+00
0.41674853745994996654223727314500E+00 -0.30872202158893931194765641461180E+00
0.40756800640963038954759225149662E+00 -0.30180621638404050993777103184995E+00
0.39837468874335669572972460357205E+00 -0.29487896209546548379937146072637E+00
0.38916887096726120368686316971740E+00 -0.28794052029152757431384092579168E+00
0.37995084125982504670130938666306E+00 -0.28099115237927061631091460632051E+00
0.37072088940881333812437324653686E+00 -0.27403111961669278362076622986879E+00
0.36147930675091016635025172761955E+00 -0.26706068312397364693075085445040E+00
0.35222638611388781918259767318626E+00 -0.26008010389376027281518598403471E+00
0.34296242176115523613164362377223E+00 -0.25308964280056303642604497934315E+00
0.33368770933854133121475556413743E+00 -0.24608956060930849355859157360726E+00
0.32440254582318010974708086293010E+00 -0.23908011798309526451314962821048E+00
0.31510722947437184706935911143210E+00 -0.23206157549019486806737560618263E+00
0.30580205978630462103984867375362E+00 -0.22503419361033639357290255866601E+00
0.29648733744252805685161259278860E+00 -0.21799823274031368443926927800830E+00
0.28716336427207665389492619701430E+00 -0.21095395319894903736051218425467E+00
0.27783044320715005722813743914299E+00 -0.20390161523144686306165524498342E+00
0.26848887824226085661711245673198E+00 -0.19684147901316776419487348048163E+00
0.25913897439476644224622969395033E+00 -0.18977380465285415845743887431329E+00
0.24978103766671070090607780985831E+00 -0.18269885219533211764046308509933E+00
0.24041537500789884330849923187922E+00 -0.17561688162371798740094284058505E+00
0.23104229428014236624903934793473E+00 -0.16852815286115290069586109373865E+00
0.22166210422260710788232066799571E+00 -0.16143292577208919107238082487676E+00
0.21227511441820557343924209816634E+00 -0.15433146016314948347155664000866E+00
0.20288163526098021280720444802171E+00 -0.14722401578358055594855024138835E+00
0.19348197792442131062883195131873E+00 -0.14011085232532010299273641928988E+00
0.18407645433067386689654111310672E+00 -0.13299222942269625620788355603341E+00
0.17466537712058512750768680330964E+00 -0.12586840665177560986417758057245E+00
0.16524905962454911545784999987676E+00 -0.11873964352937789746599264701419E+00
0.15582781583411033187002662574776E+00 -0.11160619951177265248113400576661E+00
0.14640196037428322356366170838029E+00 -0.10446833399307144404708805007586E+00
0.13697180847655631800765699446099E+00 -0.97326306303331997134756048583343E-01
0.12753767595254327582359785641756E+00 -0.90180375706385220331640338970330E-01
0.11809987916825075698662152180254E+00 -0.83030801397398449928295796890770E-01
0.10865873501893225206821050349778E+00 -0.75877842500189924580231454354373E-01
0.99214560904498771891136014153775E-01 -0.68721758064299207678705911575914E-01
0.89767674705461164990368153030798E-01 -0.61562807061832665371056570228672E-01
0.80318394759376315390272198958008E-01 -0.54401248384086940026366861015357E-01
0.70867039837775707762707654343838E-01 -0.47237340837965168161385337635117E-01
0.61413929123551892618860833918251E-01 -0.40071343142193004574425203621339E-01
0.51959382188782255545690675846507E-01 -0.32903513923343399793168259617342E-01
0.42503718972970117491425286903053E-01 -0.25734111711679978853229109570281E-01
0.33047259761683349601243218565578E-01 -0.18563394936825077829497636796140E-01
0.23590325165573038091134167135828E-01 -0.11391621923261355031303366747216E-01
0.14133236099755076446552229541810E-01 -0.42190508856747143902486406204772E-02
0.46763137635381794909926617704766E-02 0.29540600758563071747365682795832E-02
-0.47801203795171499912259752723816E-02 0.10127452980815950462407910089691E-01
-0.14235744621222097939258511118781E-01 0.17300869973346788451383890150615E-01
-0.23690237028080449325650434950341E-01 0.24474053327477972265273729957311E-01
-0.33143275460319253727920460304182E-01 0.31646745452481555711393459000633E-01
-0.42594537590642062313874214939840E-01 0.38818688898350968192515573691386E-01
-0.52043700922715646032907633825799E-01 0.45989626361395500587641516049494E-01
-0.61490442809401787448400898335603E-01 0.53159300689947335853907671979940E-01
-0.70934440470745167147345483475100E-01 0.60327454890175234855834564665249E-01
-0.80375371011726029585855616667001E-01 0.67493832131999909897819973373068E-01
-0.89812911439788150688981306795507E-01 0.74658175755108192916679282169073E-01
-0.99246738682151444008732018311787E-01 0.81820229275059586331084011611542E-01
-0.10867652960291502379178514166166E+00 0.88979736389483596208661085637565E-01
-0.11810196101996415222789823380630E+00 0.96136440984361610817809597134697E-01
-0.12752270972168156847240982308504E+00 0.10329008714039089653855465134825E+00
-0.13693845248347803562583215095282E+00 0.11044041913942767741155373868547E+00
-0.14634886608414294015355894442193E+00 0.11758718147100345578064889139916E+00
-0.15575362732202514968762747044848E+00 0.12473011883891397882597136335295E+00
-0.16515241303104926723331760871387E+00 0.13186897616787697652053230379510E+00
-0.17454490009657256182833727619129E+00 0.13900349861025325869260383429099E+00
-0.18393076547109039264460702586386E+00 0.14613343155283258450552894364031E+00
-0.19330968618979228127016757080465E+00 0.15325852062367683106223788478589E+00
-0.20268133938597707361442593639000E+00 0.16037851169902118718087856964023E+00
-0.21204540230633004382687991698162E+00 0.16749315091022978668629339577559E+00
-0.22140155232606668380219514044305E+00 0.17460218465080181362952247203232E+00
-0.23074946696394927643686748123964E+00 0.18170535958342796865826273270451E+00
-0.24008882389717717320361971111126E+00 0.18880242264709320254470817855718E+00
-0.24941930097615940766740421609396E+00 0.19589312106422397443771480371085E+00
-0.25874057623916887535125075935200E+00 0.20297720234787917445051227608328E+00
-0.26805232792688446064353500846689E+00 0.21005441430897918396129859521023E+00
-0.27735423449682387220925717772316E+00 0.21712450506357582868242519966159E+00
-0.28664597463767006210762737916238E+00 0.22418722304015700070431241051343E+00
-0.29592722728349530597111126724827E+00 0.23124231698698606006345144949979E+00
-0.30519767162788484071406320049658E+00 0.23828953597947451269556663778433E+00
-0.31445698713796320750702733015222E+00 0.24532862942758511154776670809507E+00
-0.32370485356832709320477628864838E+00 0.25235934708326428674519546175511E+00
-0.33294095097488515239237590770866E+00 0.25938143904790207375950263183091E+00
-0.34216495972860924586370235665850E+00 0.26639465577981824077553963036034E+00
-0.35137656052919846168215090300355E+00 0.27339874810177254082799577586409E+00
-0.36057543441865790959212843933880E+00 0.28039346720849790130852280056359E+00
-0.36976126279479527881593663417857E+00 0.28737856467425550246360364028472E+00
-0.37893372742463633440362311101673E+00 0.29435379246040931565371556092943E+00
-0.38809251045776148435617782530330E+00 0.30131890292301962349261905463226E+00
-0.39723729443956588364863530516293E+00 0.30827364882045416583657261257315E+00
-0.40636776232444358345880893475032E+00 0.31521778332101483944829308594506E+00
-0.41548359748889849718825441856589E+00 0.32215106001057943480232419378299E+00
-0.42458448374458320483377466639879E+00 0.32907323290025753892968172920810E+00
-0.43367010535126709758032346336817E+00 0.33598405643405807633533070100433E+00
-0.44274014702973556327347442526949E+00 0.34288328549656845266491278302451E+00
-0.45179429397462059068191425044335E+00 0.34977067542064403641680156315672E+00
-0.46083223186716642042958426327068E+00 0.35664598199510690906089561391798E+00
-0.46985364688792799322505019327068E+00 0.36350896147245218495444386335529E+00
-0.47885822572940645342690363644029E+00 0.37035937057656148980691534766653E+00
-0.48784565560862140424578263961176E+00 0.37719696651042292247121511485165E+00
-0.49681562427962043927287190439455E+00 0.38402150696385561764521123198129E+00
-0.50576782004592870811414637862352E+00 0.39083275012123835602353172775430E+00
-0.51470193177293720955329180262253E+00 0.39763045466924229190971063759729E+00
-0.52361764890023258169890797863827E+00 0.40441437980456400002497142188895E+00
-0.53251466145386868317018910683895E+00 0.41118428524166284574442411637631E+00
-0.54139266005857906805600895926738E+00 0.41793993122049555159640494360396E+00
-0.55025133594993507991824113895088E+00 0.42468107851425359747359465766630E+00
-0.55909038098644527314033221223893E+00 0.43140748843709740378762495630158E+00
-0.56790948766160072905389142077670E+00 0.43811892285188939031447677060307E+00
-0.57670834911586568616036628746883E+00 0.44481514417792456220424689186531E+00
-0.58548665914861280926474456311719E+00 0.45149591539865695492218545200614E+00
-0.59424411223000599542785738420224E+00 0.45816100006942287747100910090162E+00
-0.60298040351282881403329670598403E+00 0.46481016232515835038800465530691E+00
-0.61169522884426130339749275345946E+00 0.47144316688811119851589248891288E+00
-0.62038828477760387631352832923542E+00 0.47805977907554708676818406810670E+00
-0.62905926858394977280876905964654E+00 0.48465976480744805156879569207712E+00
-0.63770787826380604163925759564477E+00 0.49124289061420409673822014502338E+00
-0.64633381255866339290667261055759E+00 0.49780892364429509993039072949842E+00
-0.65493677096251573459017760999282E+00 0.50435763167196542546261038263849E+00
-0.66351645373332919504019819622583E+00 0.51088878310488764517623662127772E+00
-0.67207256190446101266750881360719E+00 0.51740214699181662254644289694425E+00
-0.68060479729602908385920482645953E+00 0.52389749303023223437928677169916E+00
-0.68911286252623174255967783342575E+00 0.53037459157397133934294288241062E+00
-0.69759646102261870488371792933967E+00 0.53683321364084723012643999520908E+00
-0.70605529703331227114342617841492E+00 0.54327313092025663511837741923216E+00
-0.71448907563818088824350022306956E+00 0.54969411578077328768277836650606E+00
-0.72289750275996310145237488306228E+00 0.55609594127772839827279352133303E+00
-0.73128028517534356107876986711370E+00 0.56247838116077611600100386025924E+00
-0.73963713052598083752125804102319E+00 0.56884120988144456616260727881612E+00
-0.74796774732948674621949897550721E+00 0.57518420260067178188294186058824E+00
-0.75627184499035801217385702106718E+00 0.58150713519632513608169934578494E+00
-0.76454913381085974991860270566682E+00 0.58780978427070500002537949548579E+00
-0.77279932500186135117366559708773E+00 0.59409192715803140803665897424027E+00
-0.78102213069362433841924838142567E+00 0.60035334193191295828085748706260E+00
-0.78921726394654291611713840317966E+00 0.60659380741279861040437893766047E+00
-0.79738443876183664346452174092147E+00 0.61281310317541048157401728209619E+00
-0.80552337009219533162577768178259E+00 0.61901100955615813571481580961691E+00
-0.81363377385237694346599716212145E+00 0.62518730766053368404033308017253E+00
-0.82171536692975748620518656150115E+00 0.63134177937048709285259495662167E+00
-0.82976786719483330108625245208863E+00 0.63747420735178150337226954548485E+00
-0.83779099351167611315653684220701E+00 0.64358437506132718338002372161633E+00
-0.84578446574834059198981174759522E+00 0.64967206675449580520816669583586E+00
-0.85374800478722379200674997625106E+00 0.65573706749241194567127625014094E+00
-0.86168133253537748918578996741873E+00 0.66177916314922336393955303429189E+00
-0.86958417193477267238284876684769E+00 0.66779814041934889635366742048288E+00
-0.87745624697251625532788188866383E+00 0.67379378682470333736499501888287E+00
-0.88529728269102025723140203773060E+00 0.67976589072189956966355052452467E+00
-0.89310700519812275699275981093553E+00 0.68571424130942683734582484315862E+00
-0.90088514167716143645994351363942E+00 0.69163862863480513513052267718046E+00
-0.90863142039699870634552797545882E+00 0.69753884360171562286660458867289E+00
-0.91634557072199891796022519016044E+00 0.70341467797710544725936384314458E+00
-0.92402732312195767953869863757719E+00 0.70926592439826858286639392007492E+00
-0.93167640918198232242887935389264E+00 0.71509237637990034155645579979364E+00
-0.93929256161232464910870876138826E+00 0.72089382832112615687350995231018E+00
-0.94687551425816478210650693971001E+00 0.72667007551250473022077653528523E+00
-0.95442500210934649744013928890374E+00 0.73242091414300363448777856945816E+00
-0.96194076131006403044162570169760E+00 0.73814614130694884353063875627340E+00
-0.96942252916849981567118398035590E+00 0.74384555501094631576979630858402E+00
-0.97687004416641344654177828572402E+00 0.74951895418077634967266840574452E+00
-0.98428304596868137698816948914060E+00 0.75516613866825963168051765086749E+00
-0.99166127543278757889298569615572E+00 0.76078690925809505378310377951582E+00
-0.99900447461826465046775257084502E+00 0.76638106767466893305407375018518E+00
-0.10063123867960854248685152651427E+01 0.77194841658883500930674513706417E+00
-0.10135847564580050151959467368327E+01 0.77748875962466507247354360288525E+00
-0.10208213293258529962570153870553E+01 0.78300190136617018164587224824044E+00
-0.10280218523607754792096620806113E+01 0.78848764736399148703697580393875E+00
-0.10351860737724271789892874605137E+01 0.79394580414206107705440357942093E+00
-0.10423137430281131940556169917891E+01 0.79937617920423168524531445479057E+00
-0.10494046108618801624662546284927E+01 0.80477858104087608868656263537142E+00
-0.10564584292835569608663376506339E+01 0.81015281913545444436412656699456E+00
-0.10634749515877444994108500127959E+01 0.81549870397105079454050946006994E+00
-0.10704539323627545246307096656921E+01 0.82081604703687701066046348880810E+00
-0.10773951274994973338714181347419E+01 0.82610466083474498884402566284962E+00
-0.10842982942003180772077498326802E+01 0.83136435888550615571272477404594E+00
-0.10911631909877816837870014485032E+01 0.83659495573545808148503426507662E+00
-0.10979895777134059007304281530798E+01 0.84179626696271830820027026898116E+00
-0.11047772155663426230536587096508E+01 0.84696810918356436867064250382144E+00
-0.11115258670820071006757366626823E+01 0.85211030005874061318520143795475E+00
-0.11182352961506549476617009002370E+01 0.85722265829973058725458811046156E+00
-0.11249052680259065939266618226366E+01 0.86230500367499554582221485720115E+00
-0.11315355493332193331955519968430E+01 0.86735715701617847343222265556502E+00
-0.11381259080783063572968990577250E+01 0.87237894022427279981497784321759E+00
-0.11446761136555028623070331091790E+01 0.87737017627575674650360759744312E+00
-0.11511859368560791036732733314708E+01 0.88233068922869185044499873410113E+00
-0.11576551498764997554442292641814E+01 0.88726030422878610608014141873879E+00
-0.11640835263266300884093787387778E+01 0.89215884751542114007014938186261E+00
-0.11704708412378880693363121341369E+01 0.89702614642764328948343293963799E+00
-0.11768168710713425865622626872500E+01 0.90186202941011837383421654554214E+00
-0.11831213937257576570241257985082E+01 0.90666632601904958886946271578740E+00
-0.11893841885455819729452213567660E+01 0.91143886692805882701973924016666E+00
-0.11956050363288843644616178513696E+01 0.91617948393403049316645791169489E+00
-0.12017837193352339114708671403209E+01 0.92088800996291822947146310503750E+00
-0.12079200212935257571090991800007E+01 0.92556427907551373973996390495001E+00
-0.12140137274097512425007858951162E+01 0.93020812647317786752235312898848E+00
-0.12200646243747130815354072853090E+01 0.93481938850353350747102964275217E+00
-0.12260725003716847504783303586690E+01 0.93939790266612007281942492044891E+00
-0.12320371450840143968201288092135E+01 0.94394350761800940447640048938131E+00
-0.12379583497026725257042101772133E+01 0.94845604317938276673739615968751E+00
-0.12438359069337437932450767605807E+01 0.95293535033906890242965583884373E+00
-0.12496696110058624756935716131869E+01 0.95738127126004257901769426559930E+00
-0.12554592576775912930121165935473E+01 0.96179364928488365398150890638369E+00
-0.12612046442447435506412853643534E+01 0.96617232894119645946695730541979E+00
-0.12669055695476485536742783858275E+01 0.97051715594698905175955719026805E+00
-0.12725618339783596080308542616793E+01 0.97482797721601236416077003894520E+00
-0.12781732394878051331598031259794E+01 0.97910464086305877405267757730339E+00
-0.12837395895928817578739511796538E+01 0.98334699620922020125465968517331E+00
-0.12892606893834903848276489105628E+01 0.98755489378710517687853132187901E+00
-0.12947363455295137636927707229995E+01 0.99172818534601481506238378336411E+00
-0.13001663662877362910182199830246E+01 0.99586672385707773100883953491797E+00
-0.13055505615087057888544006327580E+01 0.99997036351834310618550353623785E+00
-0.13108887426435361358401934968971E+01 0.10040389597598322761933136077191E+01
-0.13161807227506521185604063637342E+01 0.10080723692485484052358530537303E+01
-0.13214263165024748003203480512851E+01 0.10120704498934438744477801406771E+01
-0.13266253401920481181868039425589E+01 0.10160330608503454981522603064017E+01
-0.13317776117396063965098003565485E+01 0.10199600625268371973229617153853E+01
-0.13368829506990821706834654268337E+01 0.10238513165870998880728237293971E+01
-0.13419411782645547352894866509451E+01 0.10277066859567086157024717114204E+01
-0.13469521172766387692919925508801E+01 0.10315260348273863487347983126211E+01
-0.13519155922288129587709597120244E+01 0.10353092286617148068179452210318E+01
-0.13568314292736888892307271366906E+01 0.10390561341978014779220597014288E+01
-0.13616994562292188734737279034372E+01 0.10427666194539031409055169653033E+01
-0.13665195025848441133030230446885E+01 0.10464405537330056985376407889886E+01
-0.13712913995075817872133554327382E+01 0.10500778076273596182677970935178E+01
-0.13760149798480512354820973594310E+01 0.10536782530229714731475565680740E+01
-0.13806900781464392517992333395463E+01 0.10572417631040508850157687696937E+01
-0.13853165306384042598689870936217E+01 0.10607682123574131954906715111808E+01
-0.13898941752609190028502842705183E+01 0.10642574765768370913150487697598E+01
-0.13944228516580516181331354158623E+01 0.10677094328673774150072745426414E+01
-0.13989024011866852487329546862992E+01 0.10711239596496331326847884016455E+01
-0.14033326669221755813111086428116E+01 0.10745009366639696309566288628445E+01
-0.14077134936639463291705016099375E+01 0.10778402449746960518738217734652E+01
-0.14120447279410226354919721153573E+01 0.10811417669741967831579587491857E+01
-0.14163262180175020170222485562899E+01 0.10844053863870172024611070277300E+01
-0.14205578138979626195988370460882E+01 0.10876309882739038173463680593841E+01
-0.14247393673328091648572330637311E+01 0.10908184590357979513913871871850E+01
-0.14288707318235555525864668766388E+01 0.10939676864177836063315921832218E+01
-0.14329517626280447256905872100241E+01 0.10970785595129886521291671572810E+01
-0.14369823167656053592890812845437E+01 0.11001509687664398364632232927425E+01
-0.14409622530221450727753449062352E+01 0.11031848059788707220311201719150E+01
-0.14448914319551801344041046175598E+01 0.11061799643104832471989284831500E+01
-0.14487697158988017258574888393915E+01 0.11091363382846620551560362297085E+01
-0.14525969689685781628839669246056E+01 0.11120538237916419228425004083648E+01
-0.14563730570663934117247198179837E+01 0.11149323180921276491072776506867E+01
-0.14600978478852211147951982311411E+01 0.11177717198208669056174267835793E+01
-0.14637712109138349487912005635102E+01 0.11205719289901754876791209354158E+01
-0.14673930174414540111936845927057E+01 0.11233328469934147661603396686416E+01
-0.14709631405623240978426482549019E+01 0.11260543766084214655312078696683E+01
-0.14744814551802340640575551430040E+01 0.11287364220008895811532977718652E+01
-0.14779478380129674631913833611312E+01 0.11313788887277041649028394180421E+01
-0.14813621675966893624948239878261E+01 0.11339816837402270126570184643408E+01
-0.14847243242902677267104393013229E+01 0.11365447153875338657278731241059E+01
-0.14880341902795300281955680473794E+01 0.11390678934196035619976207169729E+01
-0.14912916495814540497669828486962E+01 0.11415511289904582366292858829315E+01
-0.14944965880482935853029953315485E+01 0.11439943346612551810223774397799E+01
-0.14976488933716385581970797260872E+01 0.11463974244033296995489686791932E+01
-0.15007484550864086554692094310563E+01 0.11487603136011891428430910782348E+01
-0.15037951645747824736746715910536E+01 0.11510829190554580476255077106116E+01
-0.15067889150700591395367600496923E+01 0.11533651589857739362314735136011E+01
-0.15097296016604550797158729301024E+01 0.11556069530336340895913993120488E+01
-0.15126171212928338501275187491727E+01 0.11578082222651928271682886931674E+01
-0.15154513727763698296772895064524E+01 0.11599688891740094223877116823439E+01
-0.15182322567861456197094218107765E+01 0.11620888776837464331711297805124E+01
-0.15209596758666825301353886010774E+01 0.11641681131508184011603216852969E+01
-0.15236335344354047443509481057417E+01 0.11662065223669907547771780608571E+01
-0.15262537387860365258705781025089E+01 0.11682040335619289968495810133987E+01
-0.15288201970919323976409142163545E+01 0.11701605764056976184974414796991E+01
-0.15313328194093406834161187197380E+01 0.11720760820112093552291109501025E+01
-0.15337915176805995807682109907729E+01 0.11739504829366241302560277454369E+01
-0.15361962057372662732204981988638E+01 0.11757837131876977032449737739397E+01
-0.15385467993031785846313241288601E+01 0.11775757082200800585364639491133E+01
-0.15408432159974493603219576333818E+01 0.11793264049415634693205830377710E+01
-0.15430853753373933126052729577404E+01 0.11810357417142800107016656766531E+01
-0.15452731987413862083097256820847E+01 0.11827036583568484080217976645208E+01
-0.15474066095316565063836517772369E+01 0.11843300961464704188253867112515E+01
-0.15494855329370091458423091886428E+01 0.11859149978209763516300410679149E+01
-0.15515098960954814723674494843120E+01 0.11874583075808197658618361855801E+01
-0.15534796280569313138011505622461E+01 0.11889599710910214073910990800584E+01
-0.15553946597855569271979235017444E+01 0.11904199354830620860569826142535E+01
-0.15572549241623489477594545559393E+01 0.11918381493567245034993062897342E+01
-0.15590603559874741290705827905665E+01 0.11932145627818841179644567028866E+01
-0.15608108919825907454845505748301E+01 0.11945491273002486950676513258855E+01
-0.15625064707930958536360074329728E+01 0.11958417959270467028372817593381E+01
-0.15641470329903039737033624389335E+01 0.11970925231526643941880987197815E+01
-0.15657325210735573437773577137495E+01 0.11983012649442316221491425056369E+01
-0.15672628794722678163672072457653E+01 0.11994679787471560090060687765640E+01
-0.15687380545478898170313520931597E+01 0.12005926234866059142088059605800E+01
-0.15701579945958250404899571127155E+01 0.12016751595689417049432368302843E+01
-0.15715226498472580470731856596416E+01 0.12027155488830955138210470999503E+01
-0.15728319724709232877113908152103E+01 0.12037137548018993024029162904575E+01
-0.15740859165748033585576637853879E+01 0.12046697421833613399426971408832E+01
-0.15752844382077580970731843693190E+01 0.12055834773718908383579805513638E+01
-0.15764274953610850109227850136893E+01 0.12064549281994709064048877186969E+01
-0.15775150479700105190430536548947E+01 0.12072840639867795705176043107363E+01
-0.15785470579151121971822484596206E+01 0.12080708555442591038391253829566E+01
-0.15795234890236721262076395841143E+01 0.12088152751731332271159223143472E+01
-0.15804443070709605480472278087437E+01 0.12095172966663727650070643735730E+01
-0.15813094797814515752925005248068E+01 0.12101768953096082037823884424759E+01
-0.15821189768299667434925325944654E+01 0.12107940478819936566885695268219E+01
-0.15828727698427572422146006736841E+01 0.12113687326570086748346023658738E+01
-0.15835708323984943667900982403267E+01 0.12119009294032374276958272917698E+01
-0.15842131400292547968372038301597E+01 0.12123906193850114583840513376659E+01
-0.15847996702212534874432341082365E+01 0.12128377853632407581547221669247E+01
-0.15851596926504444856234504247363E+01 0.12131122637333569022142091435546E+01
-0.15854949103208550673982952598514E+01 0.12133678312244202834858013927161E+01
-0.15858053180103271716653820036698E+01 0.12136044838377263156374505501083E+01
-0.15860909108831916118558411062516E+01 0.12138222178705314228271426863746E+01
-0.15863516844903526296862730359462E+01 0.12140210299160995114030082184726E+01
-0.15866000535275594710305953870631E+01 0.12142103848447615827546867244586E+01
-0.15868484354635825270959955704828E+01 0.12143997496501833069909521526046E+01
-0.15870968302988270303902283969889E+01 0.12145891243326729912006715967008E+01
-0.15873452380337061672899908600526E+01 0.12147785088925285031649218891143E+01
-0.15875936586686083055959399253605E+01 0.12149679033300802908255757523036E+01
-0.15873452380337061672899908600526E+01 0.12147785088925285031649218891143E+01
-0.15870968302988270303902283969889E+01 0.12145891243326729912006715967008E+01
-0.15868484354635825270959955704828E+01 0.12143997496501833069909521526046E+01
-0.15866000535275594710305953870631E+01 0.12142103848447615827546867244586E+01
-0.15863516844903526296862730359462E+01 0.12140210299160995114030082184726E+01
-0.15860909108831916118558411062516E+01 0.12138222178705314228271426863746E+01
-0.15858053180103271716653820036698E+01 0.12136044838377263156374505501083E+01
-0.15854949103208550673982952598514E+01 0.12133678312244202834858013927161E+01
-0.15851596926504444856234504247363E+01 0.12131122637333569022142091435546E+01
-0.15847996702212534874432341082365E+01 0.12128377853632407581547221669247E+01
-0.15842131400292547968372038301597E+01 0.12123906193850114583840513376659E+01
-0.15835708323984943667900982403267E+01 0.12119009294032374276958272917698E+01
-0.15828727698427572422146006736841E+01 0.12113687326570086748346023658738E+01
-0.15821189768299667434925325944654E+01 0.12107940478819936566885695268219E+01
-0.15813094797814515752925005248068E+01 0.12101768953096082037823884424759E+01
-0.15804443070709605480472278087437E+01 0.12095172966663727650070643735730E+01
-0.15795234890236721262076395841143E+01 0.12088152751731332271159223143472E+01
-0.15785470579151121971822484596206E+01 0.12080708555442591038391253829566E+01
-0.15775150479700105190430536548947E+01 0.12072840639867795705176043107363E+01
-0.15764274953610850109227850136893E+01 0.12064549281994709064048877186969E+01
-0.15752844382077580970731843693190E+01 0.12055834773718908383579805513638E+01
-0.15740859165748033585576637853879E+01 0.12046697421833613399426971408832E+01
-0.15728319724709232877113908152103E+01 0.12037137548018993024029162904575E+01
-0.15715226498472580470731856596416E+01 0.12027155488830955138210470999503E+01
-0.15701579945958250404899571127155E+01 0.12016751595689417049432368302843E+01
-0.15687380545478898170313520931597E+01 0.12005926234866059142088059605800E+01
-0.15672628794722678163672072457653E+01 0.11994679787471560090060687765640E+01
-0.15657325210735573437773577137495E+01 0.11983012649442316221491425056369E+01
-0.15641470329903039737033624389335E+01 0.11970925231526643941880987197815E+01
-0.15625064707930958536360074329728E+01 0.11958417959270467028372817593381E+01
-0.15608108919825907454845505748301E+01 0.11945491273002486950676513258855E+01
-0.15590603559874741290705827905665E+01 0.11932145627818841179644567028866E+01
-0.15572549241623489477594545559393E+01 0.11918381493567245034993062897342E+01
-0.15553946597855569271979235017444E+01 0.11904199354830620860569826142535E+01
-0.15534796280569313138011505622461E+01 0.11889599710910214073910990800584E+01
-0.15515098960954814723674494843120E+01 0.11874583075808197658618361855801E+01
-0.15494855329370091458423091886428E+01 0.11859149978209763516300410679149E+01
-0.15474066095316565063836517772369E+01 0.11843300961464704188253867112515E+01
-0.15452731987413862083097256820847E+01 0.11827036583568484080217976645208E+01
-0.15430853753373933126052729577404E+01 0.11810357417142800107016656766531E+01
-0.15408432159974493603219576333818E+01 0.11793264049415634693205830377710E+01
-0.15385467993031785846313241288601E+01 0.11775757082200800585364639491133E+01
-0.15361962057372662732204981988638E+01 0.11757837131876977032449737739397E+01
-0.15337915176805995807682109907729E+01 0.11739504829366241302560277454369E+01
-0.15313328194093406834161187197380E+01 0.11720760820112093552291109501025E+01
-0.15288201970919323976409142163545E+01 0.11701605764056976184974414796991E+01
-0.15262537387860365258705781025089E+01 0.11682040335619289968495810133987E+01
-0.15236335344354047443509481057417E+01 0.11662065223669907547771780608571E+01
-0.15209596758666825301353886010774E+01 0.11641681131508184011603216852969E+01
-0.15182322567861456197094218107765E+01 0.11620888776837464331711297805124E+01
-0.15154513727763698296772895064524E+01 0.11599688891740094223877116823439E+01
-0.15126171212928338501275187491727E+01 0.11578082222651928271682886931674E+01
-0.15097296016604550797158729301024E+01 0.11556069530336340895913993120488E+01
-0.15067889150700591395367600496923E+01 0.11533651589857739362314735136011E+01
-0.15037951645747824736746715910536E+01 0.11510829190554580476255077106116E+01
-0.15007484550864086554692094310563E+01 0.11487603136011891428430910782348E+01
-0.14976488933716385581970797260872E+01 0.11463974244033296995489686791932E+01
-0.14944965880482935853029953315485E+01 0.11439943346612551810223774397799E+01
-0.14912916495814540497669828486962E+01 0.11415511289904582366292858829315E+01
-0.14880341902795300281955680473794E+01 0.11390678934196035619976207169729E+01
-0.14847243242902677267104393013229E+01 0.11365447153875338657278731241059E+01
-0.14813621675966893624948239878261E+01 0.11339816837402270126570184643408E+01
-0.14779478380129674631913833611312E+01 0.11313788887277041649028394180421E+01
-0.14744814551802340640575551430040E+01 0.11287364220008895811532977718652E+01
-0.14709631405623240978426482549019E+01 0.11260543766084214655312078696683E+01
-0.14673930174414540111936845927057E+01 0.11233328469934147661603396686416E+01
-0.14637712109138349487912005635102E+01 0.11205719289901754876791209354158E+01
-0.14600978478852211147951982311411E+01 0.11177717198208669056174267835793E+01
-0.14563730570663934117247198179837E+01 0.11149323180921276491072776506867E+01
-0.14525969689685781628839669246056E+01 0.11120538237916419228425004083648E+01
-0.14487697158988017258574888393915E+01 0.11091363382846620551560362297085E+01
-0.14448914319551801344041046175598E+01 0.11061799643104832471989284831500E+01
-0.14409622530221450727753449062352E+01 0.11031848059788707220311201719150E+01
-0.14369823167656053592890812845437E+01 0.11001509687664398364632232927425E+01
-0.14329517626280447256905872100241E+01 0.10970785595129886521291671572810E+01
-0.14288707318235555525864668766388E+01 0.10939676864177836063315921832218E+01
-0.14247393673328091648572330637311E+01 0.10908184590357979513913871871850E+01
-0.14205578138979626195988370460882E+01 0.10876309882739038173463680593841E+01
-0.14163262180175020170222485562899E+01 0.10844053863870172024611070277300E+01
-0.14120447279410226354919721153573E+01 0.10811417669741967831579587491857E+01
-0.14077134936639463291705016099375E+01 0.10778402449746960518738217734652E+01
-0.14033326669221755813111086428116E+01 0.10745009366639696309566288628445E+01
-0.13989024011866852487329546862992E+01 0.10711239596496331326847884016455E+01
-0.13944228516580516181331354158623E+01 0.10677094328673774150072745426414E+01
-0.13898941752609190028502842705183E+01 0.10642574765768370913150487697598E+01
-0.13853165306384042598689870936217E+01 0.10607682123574131954906715111808E+01
-0.13806900781464392517992333395463E+01 0.10572417631040508850157687696937E+01
-0.13760149798480512354820973594310E+01 0.10536782530229714731475565680740E+01
-0.13712913995075817872133554327382E+01 0.10500778076273596182677970935178E+01
-0.13665195025848441133030230446885E+01 0.10464405537330056985376407889886E+01
-0.13616994562292188734737279034372E+01 0.10427666194539031409055169653033E+01
-0.13568314292736888892307271366906E+01 0.10390561341978014779220597014288E+01
-0.13519155922288129587709597120244E+01 0.10353092286617148068179452210318E+01
-0.13469521172766387692919925508801E+01 0.10315260348273863487347983126211E+01
-0.13419411782645547352894866509451E+01 0.10277066859567086157024717114204E+01
-0.13368829506990821706834654268337E+01 0.10238513165870998880728237293971E+01
-0.13317776117396063965098003565485E+01 0.10199600625268371973229617153853E+01
-0.13266253401920481181868039425589E+01 0.10160330608503454981522603064017E+01
-0.13214263165024748003203480512851E+01 0.10120704498934438744477801406771E+01
-0.13161807227506521185604063637342E+01 0.10080723692485484052358530537303E+01
-0.13108887426435361358401934968971E+01 0.10040389597598322761933136077191E+01
-0.13055505615087057888544006327580E+01 0.99997036351834310618550353623785E+00
-0.13001663662877362910182199830246E+01 0.99586672385707773100883953491797E+00
-0.12947363455295137636927707229995E+01 0.99172818534601481506238378336411E+00
-0.12892606893834903848276489105628E+01 0.98755489378710517687853132187901E+00
-0.12837395895928817578739511796538E+01 0.98334699620922020125465968517331E+00
-0.12781732394878051331598031259794E+01 0.97910464086305877405267757730339E+00
-0.12725618339783596080308542616793E+01 0.97482797721601236416077003894520E+00
-0.12669055695476485536742783858275E+01 0.97051715594698905175955719026805E+00
-0.12612046442447435506412853643534E+01 0.96617232894119645946695730541979E+00
-0.12554592576775912930121165935473E+01 0.96179364928488365398150890638369E+00
-0.12496696110058624756935716131869E+01 0.95738127126004257901769426559930E+00
-0.12438359069337437932450767605807E+01 0.95293535033906890242965583884373E+00
-0.12379583497026725257042101772133E+01 0.94845604317938276673739615968751E+00
-0.12320371450840143968201288092135E+01 0.94394350761800940447640048938131E+00
-0.12260725003716847504783303586690E+01 0.93939790266612007281942492044891E+00
-0.12200646243747130815354072853090E+01 0.93481938850353350747102964275217E+00
-0.12140137274097512425007858951162E+01 0.93020812647317786752235312898848E+00
-0.12079200212935257571090991800007E+01 0.92556427907551373973996390495001E+00
-0.12017837193352339114708671403209E+01 0.92088800996291822947146310503750E+00
-0.11956050363288843644616178513696E+01 0.91617948393403049316645791169489E+00
-0.11893841885455819729452213567660E+01 0.91143886692805882701973924016666E+00
-0.11831213937257576570241257985082E+01 0.90666632601904958886946271578740E+00
-0.11768168710713425865622626872500E+01 0.90186202941011837383421654554214E+00
-0.11704708412378880693363121341369E+01 0.89702614642764328948343293963799E+00
-0.11640835263266300884093787387778E+01 0.89215884751542114007014938186261E+00
-0.11576551498764997554442292641814E+01 0.88726030422878610608014141873879E+00
-0.11511859368560791036732733314708E+01 0.88233068922869185044499873410113E+00
-0.11446761136555028623070331091790E+01 0.87737017627575674650360759744312E+00
-0.11381259080783063572968990577250E+01 0.87237894022427279981497784321759E+00
-0.11315355493332193331955519968430E+01 0.86735715701617847343222265556502E+00
-0.11249052680259065939266618226366E+01 0.86230500367499554582221485720115E+00
-0.11182352961506549476617009002370E+01 0.85722265829973058725458811046156E+00
-0.11115258670820071006757366626823E+01 0.85211030005874061318520143795475E+00
-0.11047772155663426230536587096508E+01 0.84696810918356436867064250382144E+00
-0.10979895777134059007304281530798E+01 0.84179626696271830820027026898116E+00
-0.10911631909877816837870014485032E+01 0.83659495573545808148503426507662E+00
-0.10842982942003180772077498326802E+01 0.83136435888550615571272477404594E+00
-0.10773951274994973338714181347419E+01 0.82610466083474498884402566284962E+00
-0.10704539323627545246307096656921E+01 0.82081604703687701066046348880810E+00
-0.10634749515877444994108500127959E+01 0.81549870397105079454050946006994E+00
-0.10564584292835569608663376506339E+01 0.81015281913545444436412656699456E+00
-0.10494046108618801624662546284927E+01 0.80477858104087608868656263537142E+00
-0.10423137430281131940556169917891E+01 0.79937617920423168524531445479057E+00
-0.10351860737724271789892874605137E+01 0.79394580414206107705440357942093E+00
-0.10280218523607754792096620806113E+01 0.78848764736399148703697580393875E+00
-0.10208213293258529962570153870553E+01 0.78300190136617018164587224824044E+00
-0.10135847564580050151959467368327E+01 0.77748875962466507247354360288525E+00
-0.10063123867960854248685152651427E+01 0.77194841658883500930674513706417E+00
-0.99900447461826465046775257084502E+00 0.76638106767466893305407375018518E+00
-0.99166127543278757889298569615572E+00 0.76078690925809505378310377951582E+00
-0.98428304596868137698816948914060E+00 0.75516613866825963168051765086749E+00
-0.97687004416641344654177828572402E+00 0.74951895418077634967266840574452E+00
-0.96942252916849981567118398035590E+00 0.74384555501094631576979630858402E+00
-0.96194076131006403044162570169760E+00 0.73814614130694884353063875627340E+00
-0.95442500210934649744013928890374E+00 0.73242091414300363448777856945816E+00
-0.94687551425816478210650693971001E+00 0.72667007551250473022077653528523E+00
-0.93929256161232464910870876138826E+00 0.72089382832112615687350995231018E+00
-0.93167640918198232242887935389264E+00 0.71509237637990034155645579979364E+00
-0.92402732312195767953869863757719E+00 0.70926592439826858286639392007492E+00
-0.91634557072199891796022519016044E+00 0.70341467797710544725936384314458E+00
-0.90863142039699870634552797545882E+00 0.69753884360171562286660458867289E+00
-0.90088514167716143645994351363942E+00 0.69163862863480513513052267718046E+00
-0.89310700519812275699275981093553E+00 0.68571424130942683734582484315862E+00
-0.88529728269102025723140203773060E+00 0.67976589072189956966355052452467E+00
-0.87745624697251625532788188866383E+00 0.67379378682470333736499501888287E+00
-0.86958417193477267238284876684769E+00 0.66779814041934889635366742048288E+00
-0.86168133253537748918578996741873E+00 0.66177916314922336393955303429189E+00
-0.85374800478722379200674997625106E+00 0.65573706749241194567127625014094E+00
-0.84578446574834059198981174759522E+00 0.64967206675449580520816669583586E+00
-0.83779099351167611315653684220701E+00 0.64358437506132718338002372161633E+00
-0.82976786719483330108625245208863E+00 0.63747420735178150337226954548485E+00
-0.82171536692975748620518656150115E+00 0.63134177937048709285259495662167E+00
-0.81363377385237694346599716212145E+00 0.62518730766053368404033308017253E+00
-0.80552337009219533162577768178259E+00 0.61901100955615813571481580961691E+00
-0.79738443876183664346452174092147E+00 0.61281310317541048157401728209619E+00
-0.78921726394654291611713840317966E+00 0.60659380741279861040437893766047E+00
-0.78102213069362433841924838142567E+00 0.60035334193191295828085748706260E+00
-0.77279932500186135117366559708773E+00 0.59409192715803140803665897424027E+00
-0.76454913381085974991860270566682E+00 0.58780978427070500002537949548579E+00
-0.75627184499035801217385702106718E+00 0.58150713519632513608169934578494E+00
-0.74796774732948674621949897550721E+00 0.57518420260067178188294186058824E+00
-0.73963713052598083752125804102319E+00 0.56884120988144456616260727881612E+00
-0.73128028517534356107876986711370E+00 0.56247838116077611600100386025924E+00
-0.72289750275996310145237488306228E+00 0.55609594127772839827279352133303E+00
-0.71448907563818088824350022306956E+00 0.54969411578077328768277836650606E+00
-0.70605529703331227114342617841492E+00 0.54327313092025663511837741923216E+00
-0.69759646102261870488371792933967E+00 0.53683321364084723012643999520908E+00
-0.68911286252623174255967783342575E+00 0.53037459157397133934294288241062E+00
-0.68060479729602908385920482645953E+00 0.52389749303023223437928677169916E+00
-0.67207256190446101266750881360719E+00 0.51740214699181662254644289694425E+00
-0.66351645373332919504019819622583E+00 0.51088878310488764517623662127772E+00
-0.65493677096251573459017760999282E+00 0.50435763167196542546261038263849E+00
-0.64633381255866339290667261055759E+00 0.49780892364429509993039072949842E+00
-0.63770787826380604163925759564477E+00 0.49124289061420409673822014502338E+00
-0.62905926858394977280876905964654E+00 0.48465976480744805156879569207712E+00
-0.62038828477760387631352832923542E+00 0.47805977907554708676818406810670E+00
-0.61169522884426130339749275345946E+00 0.47144316688811119851589248891288E+00
-0.60298040351282881403329670598403E+00 0.46481016232515835038800465530691E+00
-0.59424411223000599542785738420224E+00 0.45816100006942287747100910090162E+00
-0.58548665914861280926474456311719E+00 0.45149591539865695492218545200614E+00
-0.57670834911586568616036628746883E+00 0.44481514417792456220424689186531E+00
-0.56790948766160072905389142077670E+00 0.43811892285188939031447677060307E+00
-0.55909038098644527314033221223893E+00 0.43140748843709740378762495630158E+00
-0.55025133594993507991824113895088E+00 0.42468107851425359747359465766630E+00
-0.54139266005857906805600895926738E+00 0.41793993122049555159640494360396E+00
-0.53251466145386868317018910683895E+00 0.41118428524166284574442411637631E+00
-0.52361764890023258169890797863827E+00 0.40441437980456400002497142188895E+00
-0.51470193177293720955329180262253E+00 0.39763045466924229190971063759729E+00
-0.50576782004592870811414637862352E+00 0.39083275012123835602353172775430E+00
-0.49681562427962043927287190439455E+00 0.38402150696385561764521123198129E+00
-0.48784565560862140424578263961176E+00 0.37719696651042292247121511485165E+00
-0.47885822572940645342690363644029E+00 0.37035937057656148980691534766653E+00
-0.46985364688792799322505019327068E+00 0.36350896147245218495444386335529E+00
-0.46083223186716642042958426327068E+00 0.35664598199510690906089561391798E+00
-0.45179429397462059068191425044335E+00 0.34977067542064403641680156315672E+00
-0.44274014702973556327347442526949E+00 0.34288328549656845266491278302451E+00
-0.43367010535126709758032346336817E+00 0.33598405643405807633533070100433E+00
-0.42458448374458320483377466639879E+00 0.32907323290025753892968172920810E+00
-0.41548359748889849718825441856589E+00 0.32215106001057943480232419378299E+00
-0.40636776232444358345880893475032E+00 0.31521778332101483944829308594506E+00
-0.39723729443956588364863530516293E+00 0.30827364882045416583657261257315E+00
-0.38809251045776148435617782530330E+00 0.30131890292301962349261905463226E+00
-0.37893372742463633440362311101673E+00 0.29435379246040931565371556092943E+00
-0.36976126279479527881593663417857E+00 0.28737856467425550246360364028472E+00
-0.36057543441865790959212843933880E+00 0.28039346720849790130852280056359E+00
-0.35137656052919846168215090300355E+00 0.27339874810177254082799577586409E+00
-0.34216495972860924586370235665850E+00 0.26639465577981824077553963036034E+00
-0.33294095097488515239237590770866E+00 0.25938143904790207375950263183091E+00
-0.32370485356832709320477628864838E+00 0.25235934708326428674519546175511E+00
-0.31445698713796320750702733015222E+00 0.24532862942758511154776670809507E+00
-0.30519767162788484071406320049658E+00 0.23828953597947451269556663778433E+00
-0.29592722728349530597111126724827E+00 0.23124231698698606006345144949979E+00
-0.28664597463767006210762737916238E+00 0.22418722304015700070431241051343E+00
-0.27735423449682387220925717772316E+00 0.21712450506357582868242519966159E+00
-0.26805232792688446064353500846689E+00 0.21005441430897918396129859521023E+00
-0.25874057623916887535125075935200E+00 0.20297720234787917445051227608328E+00
-0.24941930097615940766740421609396E+00 0.19589312106422397443771480371085E+00
-0.24008882389717717320361971111126E+00 0.18880242264709320254470817855718E+00
-0.23074946696394927643686748123964E+00 0.18170535958342796865826273270451E+00
-0.22140155232606668380219514044305E+00 0.17460218465080181362952247203232E+00
-0.21204540230633004382687991698162E+00 0.16749315091022978668629339577559E+00
-0.20268133938597707361442593639000E+00 0.16037851169902118718087856964023E+00
-0.19330968618979228127016757080465E+00 0.15325852062367683106223788478589E+00
-0.18393076547109039264460702586386E+00 0.14613343155283258450552894364031E+00
-0.17454490009657256182833727619129E+00 0.13900349861025325869260383429099E+00
-0.16515241303104926723331760871387E+00 0.13186897616787697652053230379510E+00
-0.15575362732202514968762747044848E+00 0.12473011883891397882597136335295E+00
-0.14634886608414294015355894442193E+00 0.11758718147100345578064889139916E+00
-0.13693845248347803562583215095282E+00 0.11044041913942767741155373868547E+00
-0.12752270972168156847240982308504E+00 0.10329008714039089653855465134825E+00
-0.11810196101996415222789823380630E+00 0.96136440984361610817809597134697E-01
-0.10867652960291502379178514166166E+00 0.88979736389483596208661085637565E-01
-0.99246738682151444008732018311787E-01 0.81820229275059586331084011611542E-01
-0.89812911439788150688981306795507E-01 0.74658175755108192916679282169073E-01
-0.80375371011726029585855616667001E-01 0.67493832131999909897819973373068E-01
-0.70934440470745167147345483475100E-01 0.60327454890175234855834564665249E-01
-0.61490442809401787448400898335603E-01 0.53159300689947335853907671979940E-01
-0.52043700922715646032907633825799E-01 0.45989626361395500587641516049494E-01
-0.42594537590642062313874214939840E-01 0.38818688898350968192515573691386E-01
-0.33143275460319253727920460304182E-01 0.31646745452481555711393459000633E-01
-0.23690237028080449325650434950341E-01 0.24474053327477972265273729957311E-01
-0.14235744621222097939258511118781E-01 0.17300869973346788451383890150615E-01
-0.47801203795171499912259752723816E-02 0.10127452980815950462407910089691E-01
0.46763137635381794909926617704766E-02 0.29540600758563071747365682795832E-02
0.14133236099755076446552229541810E-01 -0.42190508856747143902486406204772E-02
0.23590325165573038091134167135828E-01 -0.11391621923261355031303366747216E-01
0.33047259761683349601243218565578E-01 -0.18563394936825077829497636796140E-01
0.42503718972970117491425286903053E-01 -0.25734111711679978853229109570281E-01
0.51959382188782255545690675846507E-01 -0.32903513923343399793168259617342E-01
0.61413929123551892618860833918251E-01 -0.40071343142193004574425203621339E-01
0.70867039837775707762707654343838E-01 -0.47237340837965168161385337635117E-01
0.80318394759376315390272198958008E-01 -0.54401248384086940026366861015357E-01
0.89767674705461164990368153030798E-01 -0.61562807061832665371056570228672E-01
0.99214560904498771891136014153775E-01 -0.68721758064299207678705911575914E-01
0.10865873501893225206821050349778E+00 -0.75877842500189924580231454354373E-01
0.11809987916825075698662152180254E+00 -0.83030801397398449928295796890770E-01
0.12753767595254327582359785641756E+00 -0.90180375706385220331640338970330E-01
0.13697180847655631800765699446099E+00 -0.97326306303331997134756048583343E-01
0.14640196037428322356366170838029E+00 -0.10446833399307144404708805007586E+00
0.15582781583411033187002662574776E+00 -0.11160619951177265248113400576661E+00
0.16524905962454911545784999987676E+00 -0.11873964352937789746599264701419E+00
0.17466537712058512750768680330964E+00 -0.12586840665177560986417758057245E+00
0.18407645433067386689654111310672E+00 -0.13299222942269625620788355603341E+00
0.19348197792442131062883195131873E+00 -0.14011085232532010299273641928988E+00
0.20288163526098021280720444802171E+00 -0.14722401578358055594855024138835E+00
0.21227511441820557343924209816634E+00 -0.15433146016314948347155664000866E+00
0.22166210422260710788232066799571E+00 -0.16143292577208919107238082487676E+00
0.23104229428014236624903934793473E+00 -0.16852815286115290069586109373865E+00
0.24041537500789884330849923187922E+00 -0.17561688162371798740094284058505E+00
0.24978103766671070090607780985831E+00 -0.18269885219533211764046308509933E+00
0.25913897439476644224622969395033E+00 -0.18977380465285415845743887431329E+00
0.26848887824226085661711245673198E+00 -0.19684147901316776419487348048163E+00
0.27783044320715005722813743914299E+00 -0.20390161523144686306165524498342E+00
0.28716336427207665389492619701430E+00 -0.21095395319894903736051218425467E+00
0.29648733744252805685161259278860E+00 -0.21799823274031368443926927800830E+00
0.30580205978630462103984867375362E+00 -0.22503419361033639357290255866601E+00
0.31510722947437184706935911143210E+00 -0.23206157549019486806737560618263E+00
0.32440254582318010974708086293010E+00 -0.23908011798309526451314962821048E+00
0.33368770933854133121475556413743E+00 -0.24608956060930849355859157360726E+00
0.34296242176115523613164362377223E+00 -0.25308964280056303642604497934315E+00
0.35222638611388781918259767318626E+00 -0.26008010389376027281518598403471E+00
0.36147930675091016635025172761955E+00 -0.26706068312397364693075085445040E+00
0.37072088940881333812437324653686E+00 -0.27403111961669278362076622986879E+00
0.37995084125982504670130938666306E+00 -0.28099115237927061631091460632051E+00
0.38916887096726120368686316971740E+00 -0.28794052029152757431384092579168E+00
0.39837468874335669572972460357205E+00 -0.29487896209546548379937146072637E+00
0.40756800640963038954759225149662E+00 -0.30180621638404050993777103184995E+00
0.41674853745994996654223727314500E+00 -0.30872202158893931194765641461180E+00
0.42591599712647661285264182863200E+00 -0.31562611596730131530215634519148E+00
0.43507010244868249205185023276443E+00 -0.32251823758732471392396234551401E+00
0.44421057234564857131688289870182E+00 -0.32939812431268917078163901878510E+00
0.45333712769186848091473999625180E+00 -0.33626551378572420548246502628991E+00
0.46244949139679958074601279330553E+00 -0.34312014340924758897331329817878E+00
0.47154738848842555019948703801708E+00 -0.34996175032699251725901421343483E+00
0.48063054620111156784715632965831E+00 -0.35679007140253431015151468841098E+00
0.48969869406806085395577110440525E+00 -0.36360484319662534656114517548065E+00
0.49875156401870528346741231757378E+00 -0.37040580194283609552109728129288E+00
0.50778889048138916907705796161014E+00 -0.37719268352139487682974807936125E+00
0.51681041049174005632027314276986E+00 -0.38396522343111007644118097676322E+00
0.52581586380715037374535683241983E+00 -0.39072315675925020201126237927093E+00
0.53480499302783256950653207551859E+00 -0.39746621814924712418758119085508E+00
0.54377754372495406668293612736179E+00 -0.40419414176607851672598572112363E+00
0.55273326457639515878049611816424E+00 -0.41090666125917258580790557063228E+00
0.56167190751073649629907527589900E+00 -0.41760350972266806172561394659193E+00
0.57059322786012152617555682828543E+00 -0.42428441965284700150622222079044E+00
0.57949698452271438609403198741703E+00 -0.43094912290254435476842251372011E+00
0.58838294013553288220670400324649E+00 -0.43759735063232299228042003471430E+00
0.59725086125851222558456728014407E+00 -0.44422883325818323527501073092245E+00
0.60610051857074120794744403238960E+00 -0.45084330039556015815601575326306E+00
0.61493168707990012425739105544956E+00 -0.45744048079933715480228124549047E+00
0.62374414634603675958840473109329E+00 -0.46402010229958476843764943915504E+00
0.63253768072092789084418375260488E+00 -0.47058189173270653599956469333162E+00
0.64131207960440282347650992264123E+00 -0.47712557486764701333133263020803E+00
0.65006713771914894567522746517334E+00 -0.48365087632678599917031334906599E+00
0.65880265540567687250402329841480E+00 -0.49015751950110976397356556661263E+00
0.66751843893930604177980561956022E+00 -0.49664522645921386017923093555308E+00
0.67621430087122817361534796101574E+00 -0.50311371784965065849132326878883E+00
0.68489006039593772141808196759314E+00 -0.50956271279608897132692487402563E+00
0.69354554374757055580240347544247E+00 -0.51599192878470579220528807087243E+00
0.70218058462798346546052203295907E+00 -0.52240108154317253225032324030611E+00
0.71079502466973189013635064358784E+00 -0.52878988491053923191188102578519E+00
0.71938871393747532130083175645138E+00 -0.53515805069724993998771058413197E+00
0.72796151147176058178652659238490E+00 -0.54150528853445041678468406336637E+00
0.73651328587961181630251652015447E+00 -0.54783130571166223963976024343304E+00
0.74504391597690251052076414417408E+00 -0.55413580700180691620913751289635E+00
0.75355329148811186912426194906484E+00 -0.56041849447245678635623706229697E+00
0.76204131380978083407440529145871E+00 -0.56667906728207620821029776364772E+00
0.77050789684480835441156743650256E+00 -0.57291722145988355540475627547901E+00
0.77895296791567439120242710377315E+00 -0.57913264966782093684269388424793E+00
0.78737646876576907613308896303959E+00 -0.58532504094295516775149605646621E+00
0.79577835665927325969048780282637E+00 -0.59149408041844843294481418257723E+00
0.80415860559150399131332772461263E+00 -0.59763944902103396798988120453973E+00
0.81251720762334596624329630090457E+00 -0.60376082314269732945982523228704E+00
0.82085417435538575071775076747170E+00 -0.60985787428400386449080941744620E+00
0.82916953855970007587442355843098E+00 -0.61593026866621836754431827038954E+00
0.83746335598999160825745212335361E+00 -0.62197766680902780438109128912201E+00
0.84573570739399795886712728226914E+00 -0.62799972307030276409039527496000E+00
0.85398670075592217610722636572846E+00 -0.63399608514390445677665295595194E+00
0.86221647380116969842930466973769E+00 -0.63996639351106191873606482198177E+00
0.87042519680107895266803459252384E+00 -0.64591028084029285338982251525434E+00
0.87861307572180246566124832071185E+00 -0.65182737133021869161098869444540E+00
0.88678035576925663620163187117013E+00 -0.65771727998891700963635994387748E+00
0.89492732539142992476487237711799E+00 -0.66357961184264787257548859468274E+00
0.90305432081069421490829009791264E+00 -0.66941396106587873828640107776508E+00
0.91116173117259337564707202988026E+00 -0.67521991002349394640132346937222E+00
0.91925000441451507885784246994570E+00 -0.68099702821490045918519296948584E+00
0.92731965397848792789713458060792E+00 -0.68674487110841246455472257154260E+00
0.93537126651813954110477336742012E+00 -0.69246297885280065754183018200226E+00
0.94340551078197313232024268104669E+00 -0.69815087485121603422189808814871E+00
0.95142314789537330219384399266810E+00 -0.70380806418083398945068394088959E+00
0.95942504331455448887987121475185E+00 -0.70943403183951746629301052705434E+00
0.96741218079022807425720973595461E+00 -0.71502824079859011437647358840009E+00
0.97538567876146739099269321302889E+00 -0.72059012983848881114123715920246E+00
0.98334680970706218234019902736640E+00 -0.72611911114173658861345016773262E+00
0.99129702312082661991300479597895E+00 -0.73161456761552079097731235026302E+00
0.99923797296041046462354236844734E+00 -0.73707584991449278864522919104704E+00
0.10071715506624860387719313803038E+01 -0.74250227313375631426093295500338E+00
0.10150999251441911667957141474694E+01 -0.74789311314325167194866831131444E+00
0.10230255916555010657833855944315E+01 -0.75324760253930656903538923981429E+00
0.10309514319602259101650710524836E+01 -0.75856492619933178873396034249730E+00
0.10388807891804841086812362747836E+01 -0.76384421644523701858698851005016E+00
0.10468175618572534988235354280662E+01 -0.76908454785605357253283547984939E+00
0.10547663235406991009319765848472E+01 -0.77428493182944767585679201000860E+00
0.10627324768228837458014310844926E+01 -0.77944431108711048047445264474515E+00
0.10707224546535009293194398641182E+01 -0.78456155445736570061130770506518E+00
0.10787439879027931313837706022179E+01 -0.78963545240022822824402527723597E+00
0.10868064681799028917789315967109E+01 -0.79466471341502955864321678159306E+00
0.10949214539053082968297278340144E+01 -0.79964795663660554341526407608318E+00
0.11031034632545420160495519529696E+01 -0.80458358068722838729858128586099E+00
0.11130355407008592074052422314059E+01 -0.81044303062527125720064220594333E+00
0.11231335115746308527949043035476E+01 -0.81622893988422154708166487902728E+00
0.11334569719778545242180099686889E+01 -0.82194084766984606580566850939426E+00
0.11440966889270769302356076933388E+01 -0.82757829326512216357098469342284E+00
0.11551987078535768252481946604413E+01 -0.83314638676990105807481247153464E+00
0.11663914641548566278122242650277E+01 -0.83837592378821595769420141832700E+00
0.11771730319763114220873043522913E+01 -0.84298022944009064261413492484789E+00
0.11875668184789481299831919044736E+01 -0.84694997027958388276416730658645E+00
0.11975774064565594281918662219137E+01 -0.85034953181897938349792375347149E+00
0.12073317516177486353837595595974E+01 -0.85286483713274691785289337111401E+00
0.12104798876763715739818667826566E+01 -0.86235598898218403331020531173813E+00
0.12143621004392881748354274246001E+01 -0.87194052833008213787977141011593E+00
0.12188910579352334367256005971270E+01 -0.88165053571515445209221351194910E+00
0.12240418647324710694423904488231E+01 -0.89148520589856799128028422456707E+00
0.12297681118918998883196037936062E+01 -0.90144878100437127063132574589599E+00
0.12357433310125109211125356829079E+01 -0.91108866669154450144321896765294E+00
0.12416777072608117129220886474266E+01 -0.92010730254797722539438817110211E+00
0.12475806474073503927890734888936E+01 -0.92865919578725676566213985316903E+00
0.12534552255461691878286414499732E+01 -0.93684072108034848792817489144130E+00
0.12593015106863102854032049960204E+01 -0.94471684267299431983490953227401E+00
0.12641516125193337183044018781699E+01 -0.95108014514962028850597986670838E+00
0.12689798511759289762005523330988E+01 -0.95728398140643771139695836576470E+00
0.12737858481906278853431062483477E+01 -0.96334374418587716509964764068533E+00
0.12785682603853489476186799636302E+01 -0.96927248215402502873132662290961E+00
0.12833260320980478924054804517751E+01 -0.97508070912128234897414734063622E+00
0.12880580399259519898097306858024E+01 -0.98077723015576403588349323745826E+00
0.12927632298546998625454723261673E+01 -0.98636942472562925170336942511379E+00
0.12974405847352252163365752630990E+01 -0.99186356236422795949140752855132E+00
0.13020891396367266185145346511006E+01 -0.99726500657172213388903012521059E+00
0.13067079779404790307859422097674E+01 -0.10025783829872623715394369183241E+01
0.13112962313856196883796801296569E+01 -0.10078077067029623780949307456486E+01
0.13158530775760763347926216878709E+01 -0.10129564840280470508348067665932E+01
0.13203777376385932515494461464156E+01 -0.10180277933583420580305853606781E+01
0.13248694735339610772594166528536E+01 -0.10230243505744257409559842383736E+01
0.13293275854074431011502564907266E+01 -0.10279485622771037780201027836762E+01
0.13337514089895305854983350608228E+01 -0.10328025695477581559906919444924E+01
0.13381403131221594335126695310314E+01 -0.10375882841887392214739312261626E+01
0.13424936974288265696944125368017E+01 -0.10423074189604447697010098268094E+01
0.13468109901425447584614051332522E+01 -0.10469615129776127062069831843499E+01
0.13510916460927592083237246502912E+01 -0.10515519531733744645314209461695E+01
0.13553351448477254335429435070769E+01 -0.10560799925447586898093368768996E+01
0.13595409890051475641543976973534E+01 -0.10605467657459687663556456518463E+01
0.13637087026221898418091651635539E+01 -0.10649533024820530209420201487642E+01
0.13678378297751234545768474038692E+01 -0.10693005390674760400673250900836E+01
0.13719279332386974514012662773170E+01 -0.10735893284451245376646576426464E+01
0.13759785932755223402943212622981E+01 -0.10778204489069117013547562684610E+01
0.13799894065261878126346158112904E+01 -0.10819946117139634367181263662624E+01
0.13839599849913985857450356082215E+01 -0.10861124677798451152930395451213E+01
0.13878899550980303981626881146378E+01 -0.10901746135525059339651733537830E+01
0.13917789568416476500327744493726E+01 -0.10941815962081292701556397802861E+01
0.13956266429986493861256526672495E+01 -0.10981339182517644926098059330230E+01
0.13994326784018107958472642478570E+01 -0.11020320416046301824850071587899E+01
0.14031967392735513751399844716007E+01 -0.11058763912456458879412272907259E+01
0.14069185126117844380242802749402E+01 -0.11096673584645549506274144973592E+01
0.14105976956236842751960680787159E+01 -0.11134053037755339668804136339854E+01
0.14142339952031470693950501606789E+01 -0.11170905595331211979620035677812E+01
0.14178271274481224666624210587977E+01 -0.11207234322863794716898994866730E+01
0.14213768172143556464907020766274E+01 -0.11243042049022325674053132173213E+01
0.14248827977024071854658585610423E+01 -0.11278331384847138484237087372019E+01
0.14283448100751157055493839028543E+01 -0.11313104741133061675563207942764E+01
0.14317626031029334900721814620055E+01 -0.11347364344205252647127769846144E+01
0.14351359328348078788103511185338E+01 -0.11381112250263179306574229547400E+01
0.14384645622924965396468420585294E+01 -0.11414350358446363993748334397256E+01
0.14417482611864002440107950586594E+01 -0.11447080422756528843338863653509E+01
0.14449868056511733550099007134677E+01 -0.11479304062954470160493311966764E+01
0.14481799779995290110391629868392E+01 -0.11511022774535870289132669177253E+01
0.14513275664928003185974176787393E+01 -0.11542237937878058941636631283169E+01
0.14544293651269462304797763764215E+01 -0.11572950826639140539227301186689E+01
0.14574851734328076811950020978636E+01 -0.11603162615481678189252110589312E+01
0.14604947962895241414262556215963E+01 -0.11632874387185081263246799543587E+01
0.14634580437501150663364770046585E+01 -0.11662087139203814643106784216416E+01
0.14663747308783168911194790759337E+01 -0.11690801789722374666379802685708E+01
0.14692446775958436285281619303094E+01 -0.11719019183252575430574733119779E+01
0.14720677085393087278090463422193E+01 -0.11746740095813901540793498377663E+01
0.14748436529261106857959562494152E+01 -0.11773965239733506725810458829744E+01
0.14775723444286410510533388158879E+01 -0.11800695268098700410713805698639E+01
0.14802536210562274300781514252175E+01 -0.11826930778891485916199633785596E+01
0.14828873250442710131051408278661E+01 -0.11852672318831792762799767128078E+01
0.14854733027500813983399575776893E+01 -0.11877920386953451633834628495721E+01
0.14880114045549514732437430355795E+01 -0.11902675437934655529879799402826E+01
0.14905014847720508199741475716479E+01 -0.11926937885202580891932371076958E+01
0.14929434015597492349231021448573E+01 -0.11950708103830017696541514560570E+01
0.14953370168400116333286700922941E+01 -0.11973986433240197254730066231191E+01
0.14976821962215330950350205558302E+01 -0.11996773179734538054759127889597E+01
0.14999788089273086431460379559106E+01 -0.12019068618856713754759925394338E+01
0.15022267277263539928153231695834E+01 -0.12040872997605231673336855279412E+01
0.15044258288693158724314576866345E+01 -0.12062186536505676653247050641577E+01
0.15065759920277293431259336227762E+01 -0.12083009431552769482455884793607E+01
0.15086771002366967423119393695296E+01 -0.12103341856031549374281310747187E+01
0.15107290398407806312691586374685E+01 -0.12123183962226180642931958971800E+01
0.15127317004429164833923122482119E+01 -0.12142535883024180886934701607796E+01
0.15146849748561659232765406286166E+01 -0.12161397733423218626088640347275E+01
0.15165887590581435671294635036665E+01 -0.12179769611947037490729246520318E+01
0.15184429521479622489355275301133E+01 -0.12197651601976537425347504550376E+01
0.15202474563055523599455335792145E+01 -0.12215043773001553959733107349641E+01
0.15220021767532212240828121055152E+01 -0.12231946181798432721350822849652E+01
0.15237070217193273351259123974988E+01 -0.12248358873538097454859328057790E+01
0.15253619024039534523304999450171E+01 -0.12264281882828938243565201131417E+01
0.15269667329464696273134048546122E+01 -0.12279715234698512746804837060724E+01
0.15285214303948858324323521592626E+01 -0.12294658945517740115809023262579E+01
0.15300259146768994648002170834935E+01 -0.12309113023870989958525724757260E+01
0.15314801085725503728442093924524E+01 -0.12323077471375206851028666496846E+01
0.15328839376884013966611769689869E+01 -0.12336552283450972496523849366913E+01
0.15342373304331680742817436886819E+01 -0.12349537450048188164529572303880E+01
0.15355402179947266349710028567909E+01 -0.12362032956328860552665463566868E+01
0.15367925343184335983330817532399E+01 -0.12374038783309284582227104441954E+01
0.15379942160866954580600506047847E+01 -0.12385554908463747188072536610796E+01
0.15391452026997305548622046558336E+01 -0.12396581306291716558466588064710E+01
0.15402454362574694881889810426996E+01 -0.12407117948850331697802853850223E+01
0.15412948615425444163849673913496E+01 -0.12417164806253876067302010806089E+01
0.15422934260043199014980145091142E+01 -0.12426721847141785089321796545951E+01
0.15432410797439230172857222777535E+01 -0.12435789039116625683456107938941E+01
0.15441377755002316254796834887884E+01 -0.12444366349153372534476377513952E+01
0.15449834686367840063530967709801E+01 -0.12452453743981202434780859611319E+01
0.15457781171295750167649182045581E+01 -0.12460051190438938647802808543819E+01
0.15465216815557065668254256329979E+01 -0.12467158655805178306235520730663E+01
0.15472141250828623372992782869919E+01 -0.12473776108104067734274099771794E+01
0.15478554134595768793555269424840E+01 -0.12479903516387622287186157178876E+01
0.15484455150062579792282068249405E+01 -0.12485540850995558025242885169433E+01
0.15489844006065879288867448320174E+01 -0.12490688083797045822260402348961E+01
0.15493151911526378949594738867905E+01 -0.12493847280400952111565982284897E+01
0.15496231999561207587883954607200E+01 -0.12496788634893242688707576172079E+01
0.15499084202843934945880987069516E+01 -0.12499512140285098973985631268809E+01
0.15501708459013541803767931725873E+01 -0.12502017790073321507277396875744E+01
0.15504104710737390451333220344584E+01 -0.12504305578187186412468632799513E+01
0.15506387025356614415257588653831E+01 -0.12506484442687693491254398196012E+01
0.15508669505910425735271788369790E+01 -0.12508663325516318559113599315875E+01
0.15510952152363040819016579609214E+01 -0.12510842226777023575823423190521E+01
0.15513234964678304028717040587052E+01 -0.12513021146574044494260473196284E+01
0.15515517942820550004449294808403E+01 -0.12515200085010988288833742096228E+01
0.15513234964678304028717040587052E+01 -0.12513021146574044494260473196284E+01
0.15510952152363040819016579609214E+01 -0.12510842226777023575823423190521E+01
0.15508669505910425735271788369790E+01 -0.12508663325516318559113599315875E+01
0.15506387025356614415257588653831E+01 -0.12506484442687693491254398196012E+01
0.15504104710737390451333220344584E+01 -0.12504305578187186412468632799513E+01
0.15501708459013541803767931725873E+01 -0.12502017790073321507277396875744E+01
0.15499084202843934945880987069516E+01 -0.12499512140285098973985631268809E+01
0.15496231999561207587883954607200E+01 -0.12496788634893242688707576172079E+01
0.15493151911526378949594738867905E+01 -0.12493847280400952111565982284897E+01
0.15489844006065879288867448320174E+01 -0.12490688083797045822260402348961E+01
0.15484455150062579792282068249405E+01 -0.12485540850995558025242885169433E+01
0.15478554134595768793555269424840E+01 -0.12479903516387622287186157178876E+01
0.15472141250828623372992782869919E+01 -0.12473776108104067734274099771794E+01
0.15465216815557065668254256329979E+01 -0.12467158655805178306235520730663E+01
0.15457781171295750167649182045581E+01 -0.12460051190438938647802808543819E+01
0.15449834686367840063530967709801E+01 -0.12452453743981202434780859611319E+01
0.15441377755002316254796834887884E+01 -0.12444366349153372534476377513952E+01
0.15432410797439230172857222777535E+01 -0.12435789039116625683456107938941E+01
0.15422934260043199014980145091142E+01 -0.12426721847141785089321796545951E+01
0.15412948615425444163849673913496E+01 -0.12417164806253876067302010806089E+01
0.15402454362574694881889810426996E+01 -0.12407117948850331697802853850223E+01
0.15391452026997305548622046558336E+01 -0.12396581306291716558466588064710E+01
0.15379942160866954580600506047847E+01 -0.12385554908463747188072536610796E+01
0.15367925343184335983330817532399E+01 -0.12374038783309284582227104441954E+01
0.15355402179947266349710028567909E+01 -0.12362032956328860552665463566868E+01
0.15342373304331680742817436886819E+01 -0.12349537450048188164529572303880E+01
0.15328839376884013966611769689869E+01 -0.12336552283450972496523849366913E+01
0.15314801085725503728442093924524E+01 -0.12323077471375206851028666496846E+01
0.15300259146768994648002170834935E+01 -0.12309113023870989958525724757260E+01
0.15285214303948858324323521592626E+01 -0.12294658945517740115809023262579E+01
0.15269667329464696273134048546122E+01 -0.12279715234698512746804837060724E+01
0.15253619024039534523304999450171E+01 -0.12264281882828938243565201131417E+01
0.15237070217193273351259123974988E+01 -0.12248358873538097454859328057790E+01
0.15220021767532212240828121055152E+01 -0.12231946181798432721350822849652E+01
0.15202474563055523599455335792145E+01 -0.12215043773001553959733107349641E+01
0.15184429521479622489355275301133E+01 -0.12197651601976537425347504550376E+01
0.15165887590581435671294635036665E+01 -0.12179769611947037490729246520318E+01
0.15146849748561659232765406286166E+01 -0.12161397733423218626088640347275E+01
0.15127317004429164833923122482119E+01 -0.12142535883024180886934701607796E+01
0.15107290398407806312691586374685E+01 -0.12123183962226180642931958971800E+01
0.15086771002366967423119393695296E+01 -0.12103341856031549374281310747187E+01
0.15065759920277293431259336227762E+01 -0.12083009431552769482455884793607E+01
0.15044258288693158724314576866345E+01 -0.12062186536505676653247050641577E+01
0.15022267277263539928153231695834E+01 -0.12040872997605231673336855279412E+01
0.14999788089273086431460379559106E+01 -0.12019068618856713754759925394338E+01
0.14976821962215330950350205558302E+01 -0.11996773179734538054759127889597E+01
0.14953370168400116333286700922941E+01 -0.11973986433240197254730066231191E+01
0.14929434015597492349231021448573E+01 -0.11950708103830017696541514560570E+01
0.14905014847720508199741475716479E+01 -0.11926937885202580891932371076958E+01
0.14880114045549514732437430355795E+01 -0.11902675437934655529879799402826E+01
0.14854733027500813983399575776893E+01 -0.11877920386953451633834628495721E+01
0.14828873250442710131051408278661E+01 -0.11852672318831792762799767128078E+01
0.14802536210562274300781514252175E+01 -0.11826930778891485916199633785596E+01
0.14775723444286410510533388158879E+01 -0.11800695268098700410713805698639E+01
0.14748436529261106857959562494152E+01 -0.11773965239733506725810458829744E+01
0.14720677085393087278090463422193E+01 -0.11746740095813901540793498377663E+01
0.14692446775958436285281619303094E+01 -0.11719019183252575430574733119779E+01
0.14663747308783168911194790759337E+01 -0.11690801789722374666379802685708E+01
0.14634580437501150663364770046585E+01 -0.11662087139203814643106784216416E+01
0.14604947962895241414262556215963E+01 -0.11632874387185081263246799543587E+01
0.14574851734328076811950020978636E+01 -0.11603162615481678189252110589312E+01
0.14544293651269462304797763764215E+01 -0.11572950826639140539227301186689E+01
0.14513275664928003185974176787393E+01 -0.11542237937878058941636631283169E+01
0.14481799779995290110391629868392E+01 -0.11511022774535870289132669177253E+01
0.14449868056511733550099007134677E+01 -0.11479304062954470160493311966764E+01
0.14417482611864002440107950586594E+01 -0.11447080422756528843338863653509E+01
0.14384645622924965396468420585294E+01 -0.11414350358446363993748334397256E+01
0.14351359328348078788103511185338E+01 -0.11381112250263179306574229547400E+01
0.14317626031029334900721814620055E+01 -0.11347364344205252647127769846144E+01
0.14283448100751157055493839028543E+01 -0.11313104741133061675563207942764E+01
0.14248827977024071854658585610423E+01 -0.11278331384847138484237087372019E+01
0.14213768172143556464907020766274E+01 -0.11243042049022325674053132173213E+01
0.14178271274481224666624210587977E+01 -0.11207234322863794716898994866730E+01
0.14142339952031470693950501606789E+01 -0.11170905595331211979620035677812E+01
0.14105976956236842751960680787159E+01 -0.11134053037755339668804136339854E+01
0.14069185126117844380242802749402E+01 -0.11096673584645549506274144973592E+01
0.14031967392735513751399844716007E+01 -0.11058763912456458879412272907259E+01
0.13994326784018107958472642478570E+01 -0.11020320416046301824850071587899E+01
0.13956266429986493861256526672495E+01 -0.10981339182517644926098059330230E+01
0.13917789568416476500327744493726E+01 -0.10941815962081292701556397802861E+01
0.13878899550980303981626881146378E+01 -0.10901746135525059339651733537830E+01
0.13839599849913985857450356082215E+01 -0.10861124677798451152930395451213E+01
0.13799894065261878126346158112904E+01 -0.10819946117139634367181263662624E+01
0.13759785932755223402943212622981E+01 -0.10778204489069117013547562684610E+01
0.13719279332386974514012662773170E+01 -0.10735893284451245376646576426464E+01
0.13678378297751234545768474038692E+01 -0.10693005390674760400673250900836E+01
0.13637087026221898418091651635539E+01 -0.10649533024820530209420201487642E+01
0.13595409890051475641543976973534E+01 -0.10605467657459687663556456518463E+01
0.13553351448477254335429435070769E+01 -0.10560799925447586898093368768996E+01
0.13510916460927592083237246502912E+01 -0.10515519531733744645314209461695E+01
0.13468109901425447584614051332522E+01 -0.10469615129776127062069831843499E+01
0.13424936974288265696944125368017E+01 -0.10423074189604447697010098268094E+01
0.13381403131221594335126695310314E+01 -0.10375882841887392214739312261626E+01
0.13337514089895305854983350608228E+01 -0.10328025695477581559906919444924E+01
0.13293275854074431011502564907266E+01 -0.10279485622771037780201027836762E+01
0.13248694735339610772594166528536E+01 -0.10230243505744257409559842383736E+01
0.13203777376385932515494461464156E+01 -0.10180277933583420580305853606781E+01
0.13158530775760763347926216878709E+01 -0.10129564840280470508348067665932E+01
0.13112962313856196883796801296569E+01 -0.10078077067029623780949307456486E+01
0.13067079779404790307859422097674E+01 -0.10025783829872623715394369183241E+01
0.13020891396367266185145346511006E+01 -0.99726500657172213388903012521059E+00
0.12974405847352252163365752630990E+01 -0.99186356236422795949140752855132E+00
0.12927632298546998625454723261673E+01 -0.98636942472562925170336942511379E+00
0.12880580399259519898097306858024E+01 -0.98077723015576403588349323745826E+00
0.12833260320980478924054804517751E+01 -0.97508070912128234897414734063622E+00
0.12785682603853489476186799636302E+01 -0.96927248215402502873132662290961E+00
0.12737858481906278853431062483477E+01 -0.96334374418587716509964764068533E+00
0.12689798511759289762005523330988E+01 -0.95728398140643771139695836576470E+00
0.12641516125193337183044018781699E+01 -0.95108014514962028850597986670838E+00
0.12593015106863102854032049960204E+01 -0.94471684267299431983490953227401E+00
0.12534552255461691878286414499732E+01 -0.93684072108034848792817489144130E+00
0.12475806474073503927890734888936E+01 -0.92865919578725676566213985316903E+00
0.12416777072608117129220886474266E+01 -0.92010730254797722539438817110211E+00
0.12357433310125109211125356829079E+01 -0.91108866669154450144321896765294E+00
0.12297681118918998883196037936062E+01 -0.90144878100437127063132574589599E+00
0.12240418647324710694423904488231E+01 -0.89148520589856799128028422456707E+00
0.12188910579352334367256005971270E+01 -0.88165053571515445209221351194910E+00
0.12143621004392881748354274246001E+01 -0.87194052833008213787977141011593E+00
0.12104798876763715739818667826566E+01 -0.86235598898218403331020531173813E+00
