0.18447789421300557877691026452668E+01 -0.43026987641646438187703179910496E+00
0.18462556412262727470580728348337E+01 -0.42726929660050343730039676892898E+00
0.18476888331557064670815932907621E+01 -0.42446131968643979079033356288410E+00
0.18490664676981292406076773161900E+01 -0.42185052865838908789904094257015E+00
0.18503756981160932624662209398260E+01 -0.41944284138114598221434132099083E+00
0.18516035172361488719170658337628E+01 -0.41724508175137970636171905294314E+00
0.18527437137307561042759843129627E+01 -0.41525291542367499444843618229017E+00
0.18538141003652380079874148739827E+01 -0.41342293639091793034788564424115E+00
0.18548308147792759869746578240854E+01 -0.41171887127782437979106271978016E+00
0.18558045272625095410234348609266E+01 -0.41011655945628889516057232771202E+00
0.18567427445794337853723272576630E+01 -0.40859889096080984209922023115739E+00
0.18558045272625095410234348609266E+01 -0.41011655945628889516057232771202E+00
0.18548308147792759869746578240854E+01 -0.41171887127782437979106271978016E+00
0.18538141003652380079874148739827E+01 -0.41342293639091793034788564424115E+00
0.18527437137307561042759843129627E+01 -0.41525291542367499444843618229017E+00
0.18516035172361488719170658337628E+01 -0.41724508175137970636171905294314E+00
0.18503756981160932624662209398260E+01 -0.41944284138114598221434132099083E+00
0.18490664676981292406076773161900E+01 -0.42185052865838908789904094257015E+00
0.18476888331557064670815932907621E+01 -0.42446131968643979079033356288410E+00
0.18462556412262727470580728348337E+01 -0.42726929660050343730039676892898E+00
0.18447789421300557877691026452668E+01 -0.43026987641646438187703179910496E+00
0.18399488066461483099961270573125E+01 -0.43055007208390303836507374122453E+00
0.18348136762929641340275415527737E+01 -0.43051516851756755403033574385442E+00
0.18293492817577947762785698476349E+01 -0.43031425142112353889943323490184E+00
0.18235298768492520735630192287652E+01 -0.42991529241962374747936188406614E+00
0.18173318182426274594939587711546E+01 -0.42932206066444932694129166440649E+00
0.18110337941193164202149176276676E+01 -0.42857953925174925930457680332440E+00
0.18048641835846953704123440591715E+01 -0.42774384577612560865972273950518E+00
0.17987580105333024146458081246899E+01 -0.42683109024619376497022919603647E+00
0.17926756523634127311904679290235E+01 -0.42585274985231241712057511179516E+00
0.17865912696887204607821065728361E+01 -0.42481603871087722073632115688056E+00
0.17815060590111535720112398502414E+01 -0.42391310813684124997316449761463E+00
0.17763991611264108635434408161334E+01 -0.42297688221523874055194148944477E+00
0.17712646007198945254693680424071E+01 -0.42200974310251941636929152327227E+00
0.17660976643813009708870530431525E+01 -0.42101358536756534879023490744161E+00
0.17608945705584226992526260568231E+01 -0.41998999791575995992313147723473E+00
0.17556522483315910664551871784057E+01 -0.41894033314092385051489900073436E+00
0.17503681788946588240398061050442E+01 -0.41786575447760766096630765284613E+00
0.17450402791610397864722494602835E+01 -0.41676727182616304914782819129427E+00
0.17396668146367411179124820711779E+01 -0.41564576876755208892232143660125E+00
0.17342463331111767661690141207489E+01 -0.41450202387311116052313283205751E+00
0.17287776134499042632322569096751E+01 -0.41333672763543851556385285387784E+00
0.17232596255326415596650682252790E+01 -0.41215049608468009813980506546174E+00
0.17176914985430766676304962437955E+01 -0.41094388185523519203413871147337E+00
0.17120724956034732262111670285680E+01 -0.40971738326475023034534297572964E+00
0.17064019932894050737711967362586E+01 -0.40847145182517155851896362412539E+00
0.17006794649405235234319456999512E+01 -0.40720649850402453306671140951018E+00
0.16949044669545700574478664179583E+01 -0.40592289898013216635268439397872E+00
0.16890766274480624872158881194307E+01 -0.40462099808334121120294305517477E+00
0.16831956368108642121248667776300E+01 -0.40330111356690783753376306986166E+00
0.16772612397884797968229099923247E+01 -0.40196353933018967255438482457242E+00
0.16712732288058957451442742489153E+01 -0.40060854818554984230428042522543E+00
0.16652314383073744352505206234885E+01 -0.39923639424501258106403364710499E+00
0.16591357399329646032504544018223E+01 -0.39784731498787953323162056115539E+00
0.16529860383882644513514797453222E+01 -0.39644153305923792857838890986530E+00
0.16467822678918098742639247709706E+01 -0.39501925784034678353479758132480E+00
0.16405243891062971074260815106018E+01 -0.39358068682474397409953937525926E+00
0.16342123864770920407178441424687E+01 -0.39212600682817071056223167553142E+00
0.16278462659151989721559435679528E+01 -0.39065539505575978184854014912520E+00
0.16214260527728427975399183110229E+01 -0.38916902004615130744236090703194E+00
0.16149517900686600362138855514752E+01 -0.38766704250909735077467787031914E+00
0.16084235369266615084289972012193E+01 -0.38614961607057066626085164269782E+00
0.16018413671989594961405356878448E+01 -0.38461688793728129009747628859646E+00
0.15952053682470296584093058837524E+01 -0.38306899949075390215961348414512E+00
0.15885156398602067920575469134401E+01 -0.38150608681965569988786073055142E+00
0.15817722932933565189037514377127E+01 -0.37992828119783937500744243197639E+00
0.15749754504083632257296575204657E+01 -0.37833570951453409427369734302949E+00
0.15681252429063178314822973389456E+01 -0.37672849466224571721969099848919E+00
0.15612218116391692447002226635038E+01 -0.37510675588718909759590263994675E+00
0.15542653059911823854916838028297E+01 -0.37347060910644702581830563937261E+00
0.15472558833218767414822073868034E+01 -0.37182016719551341838623124839666E+00
0.15401937084632463545561320539844E+01 -0.37015554024941906026247298403860E+00
0.15330789532650170888471199567881E+01 -0.36847683582024414885822087210587E+00
0.15259117961825130255923399240726E+01 -0.36678415913348114478299388948591E+00
0.15186924219023988973945264982225E+01 -0.36507761328541833463081932889086E+00
0.15114210210021610236047967917335E+01 -0.36335729942346045552310909799716E+00
0.15040977896397028795787953201329E+01 -0.36162331691108079229175287075409E+00
0.14967229292698720868660420213064E+01 -0.35987576347890810246241103641894E+00
0.14892966463851162662513408687259E+01 -0.35811473536328339994857383792373E+00
0.14818191522777976047201618195143E+01 -0.35634032743347479807198266870448E+00
0.14742906628219800735336018316769E+01 -0.35455263330860972787639359244864E+00
0.14667113982727554332589470553191E+01 -0.35275174546527173460110460937021E+00
0.14590815830813901427550926737158E+01 -0.35093775533660914218376375348696E+00
0.14514014457247662643925388564607E+01 -0.34911075340371382810293926073442E+00
0.14436712185477564033198187415463E+01 -0.34727082927995342767189383067041E+00
0.14358911376173188524879019042508E+01 -0.34541807178886949949034913339827E+00
0.14280614425872278950163711980786E+01 -0.34355256903619353122131237972176E+00
0.14201823765724688959232574261903E+01 -0.34167440847648044788040230882156E+00
0.14122541860324243760341823608652E+01 -0.33978367697480700061548590293833E+00
0.14042771206620728117550692017905E+01 -0.33788046086394586060934073296862E+00
0.13962514332904916008040494257377E+01 -0.33596484599738031742946243192866E+00
0.13881773797860342812247525431427E+01 -0.33403691779849656263128834304850E+00
0.13800552189676071850160990608676E+01 -0.33209676130625656345867806575760E+00
0.13718852125215296001117747191923E+01 -0.33014446121762744060065498680535E+00
0.13636676249235109233844014971775E+01 -0.32818010192701914094883276334324E+00
0.13554027233653193686846743335271E+01 -0.32620376756295914873155353600865E+00
0.13470907776857604740417108036376E+01 -0.32421554202221391339729145574655E+00
0.13387320603056146956609179930371E+01 -0.32221550900154750543569708677657E+00
0.13303268461662178686890386401172E+01 -0.32020375202729310901473881181089E+00
0.13218754126713972644913345757319E+01 -0.31818035448289541148331593182925E+00
0.13133780396324965750828588167388E+01 -0.31614539963457278004100770245498E+00
0.13048350092162553732553636407483E+01 -0.31409897065523221060574915929332E+00
0.12962466058953179074096769014138E+01 -0.31204115064676059283293478461195E+00
0.12876131164011762361526609363924E+01 -0.30997202266080661217854869487949E+00
0.12789348296793611151323444013351E+01 -0.30789166971815653233286458736183E+00
0.12702120368467138723799519132869E+01 -0.30580017482680145149788951922812E+00
0.12614450311505854521639186033622E+01 -0.30369762099878303560348742619620E+00
0.12526341079298207704920426953940E+01 -0.30158409126590047483774565648252E+00
0.12437795645773991518669585004166E+01 -0.29945966869435425774515008145621E+00
0.12348817005046113410590038182045E+01 -0.29732443639839590945196924255803E+00
0.12259408171066625608666311036722E+01 -0.29517847755304815793660382136406E+00
0.12169572177296018326863014802117E+01 -0.29302187540595593261437818712402E+00
0.12079312076384825956537132441908E+01 -0.29085471328842302733054386947730E+00
0.11988630939866702297263955507834E+01 -0.28867707462568528122504476348538E+00
0.11897531857862158839180523807005E+01 -0.28648904294646860583377727326892E+00
0.11806017938792233238554577798074E+01 -0.28429070189187564414603927000394E+00
0.11714092309101416856499784035246E+01 -0.28208213522364174336176187109753E+00
0.11621758112989204174900389436388E+01 -0.27986342683179908009633333640391E+00
0.11529018512149683694276598517283E+01 -0.27763466074178374469697693113299E+00
0.11435876685518638497951313568253E+01 -0.27539592112101906109852818067778E+00
0.11342335829027645883632550477487E+01 -0.27314729228500607574701975930562E+00
0.11248399155364718110402149365287E+01 -0.27088885870294963300919891894367E+00
0.11154069893741051549104985344713E+01 -0.26862070500294680014576756595226E+00
0.11059351289663485949769502650993E+01 -0.26634291597676263410923562176069E+00
0.10964246604712300336735259483759E+01 -0.26405557658421724335548365629370E+00
0.10868759116323990046907697033853E+01 -0.26175877195720448453972014921021E+00
0.10772892117578724905393895712465E+01 -0.25945258740336428557012791566972E+00
0.10676648916992163029262910234373E+01 -0.25713710840942630866596944349831E+00
0.10580032838311351476534800612314E+01 -0.25481242064424431614389747418298E+00
0.10483047220314465152046268952643E+01 -0.25247860996153608769291086921647E+00
0.10385695416614107652314402269901E+01 -0.25013576240234632379684578334500E+00
0.10287980795463988165179851725287E+01 -0.24778396419724622720558827814216E+00
0.10189906739568727080043072979503E+01 -0.24542330176828358515810517208555E+00
0.10091476645896607293024924405330E+01 -0.24305386173069689793299245816122E+00
0.99926939254950959148612902409445E+00 -0.24067573089440543061999191368367E+00
0.98935620033089332645508361769305E+00 -0.23828899626528615585976633974352E+00
0.97940843180006645480905917079920E+00 -0.23589374504624921495541958635129E+00
0.96942643217734321647902529517468E+00 -0.23349006463812104968848160006024E+00
0.95941054801958930380962150410640E+00 -0.23107804264034582852451674568580E+00
0.94936112720291523337999323773661E+00 -0.22865776685151308267730553118972E+00
0.93927851890555431348825561801616E+00 -0.22622932526972069094018777096318E+00
0.92916307359091832802918298315018E+00 -0.22379280609278120665496414900288E+00
0.91901514299081650969510584696343E+00 -0.22134829771827807974691199776883E+00
0.90883508008882894135070601712387E+00 -0.21889588874348045251498887977490E+00
0.89862323910382491238450508411840E+00 -0.21643566796512192572715224543798E+00
0.88837997547361637227610986185812E+00 -0.21396772437905002626803613141583E+00
0.87810564583873880021428259624004E+00 -0.21149214717975262303900332853699E+00
0.86780060802635089324474193809086E+00 -0.20900902575976673916975292025678E+00
0.85746522103424572359197345762694E+00 -0.20651844970897484070971837935897E+00
0.84709984501496675195056361603795E+00 -0.20402050881379414036060871958247E+00
0.83670484126002125038969965130420E+00 -0.20151529305626333936184251540248E+00
0.82628057218418584816654002990387E+00 -0.19900289261303190691010273632130E+00
0.81582740130989755254829385909710E+00 -0.19648339785425493539584381911749E+00
0.80534569325172523351703051832821E+00 -0.19395689934239955423452417889039E+00
0.79483581370091613149922556949844E+00 -0.19142348783096485808917738316879E+00
0.78429812941001298985240172609757E+00 -0.18888325426312022800231600167550E+00
0.77373300817753613458654487513034E+00 -0.18633628977026528770755624475418E+00
0.76314081883272790107270093781726E+00 -0.18378268567051444516241660866293E+00
0.75252193122035368998880579592148E+00 -0.18122253346710974205536904549177E+00
0.74187671618555701779465119082506E+00 -0.17865592484676406136251080989388E+00
0.73120554555876418100473321331684E+00 -0.17608295167793891175748800672312E+00
0.72050879214063574395810249152692E+00 -0.17350370600905830179862551356901E+00
0.70978682968706179168174182391046E+00 -0.17091828006666157046722944022299E+00
0.69904003289419672696474584062413E+00 -0.16832676625349815040886322612525E+00
0.68826877738353271767741394920609E+00 -0.16572925714656584880911189255747E+00
0.67747343968700785545407638285520E+00 -0.16312584549509527744277852183384E+00
0.66665439723214621677501137439325E+00 -0.16051662421848316780195671208001E+00
0.65581202832722990269899077030471E+00 -0.15790168640417432249255784679977E+00
0.64494671214649645384988352733339E+00 -0.15528112530549789629757478817210E+00
0.63405882871536563359904800453816E+00 -0.15265503433945575281128553355627E+00
0.62314875889568696927586395300850E+00 -0.15002350708446766644388851597677E+00
0.61221688437101202296851106095466E+00 -0.14738663727807396385460154658153E+00
0.60126358763188640221840008352727E+00 -0.14474451881459662527758470995856E+00
0.59028925196116036429478765208034E+00 -0.14209724574276158493126963325962E+00
0.57929426141931788197744410667007E+00 -0.13944491226328269682851117527825E+00
0.56827900082982083588897874909757E+00 -0.13678761272640948476551537549049E+00
0.55724385576446907495965022840199E+00 -0.13412544162943973235665186148811E+00
0.54618921252877347396548246956953E+00 -0.13145849361419777995979180940333E+00
0.53511545814734154857623495624662E+00 -0.12878686346448068005592919900013E+00
0.52402298034927489230780830754167E+00 -0.12611064610347247961632547280415E+00
0.51291216755357639613469509114617E+00 -0.12342993659112878839138173328465E+00
0.50178340885456815172568827916501E+00 -0.12074483012153127851630197521496E+00
0.49063709400731659970382539346655E+00 -0.11805542202021468992169257289413E+00
0.47947361341306684159814777863826E+00 -0.11536180774146647200401589145888E+00
0.46829335810468345345754357833565E+00 -0.11266408286560026070947307665077E+00
0.45709671973209826882453423105799E+00 -0.10996234309620385172386984003120E+00
0.44588409054776350022432583175410E+00 -0.10725668425736304045763536641780E+00
0.43465586339211059518571583161031E+00 -0.10454720229086200857962624208833E+00
0.42341243167901388926544303014513E+00 -0.10183399325336096766722258020059E+00
0.41215418938125855336188579649283E+00 -0.99117153313551576818543860565603E-01
0.40088153101601204940726610075311E+00 -0.96396778749291923119200893339997E-01
0.38959485163029986189338474960060E+00 -0.93672965944720573541604180509227E-01
0.37829454678648368386641164357266E+00 -0.90945811387351095382599166223838E-01
0.36698101254774263862459098451823E+00 -0.88215411665147874246131137235148E-01
0.35565464546355740833976035934321E+00 -0.85481863463583331649321502139409E-01
0.34431584255519609724423472260123E+00 -0.82745263562677558908910812405289E-01
0.33296500130120253839120436144766E+00 -0.80005708834021103613256022031713E-01
0.32160251962288669922918725358160E+00 -0.77263296237781060548056177461431E-01
0.31022879586981619382194006620012E+00 -0.74518122819691429699325147718243E-01
0.29884422880531011315263436082128E+00 -0.71770285708028360379343014676633E-01
0.28744921759193406099610818830858E+00 -0.69019882110570291433411048726974E-01
0.27604416177699666457384048678552E+00 -0.66267009311544122377064603864348E-01
0.26462946127804736981776757580452E+00 -0.63511764668557630718254914744429E-01
0.25320551636837582294343615052469E+00 -0.60754245609518945363604869742896E-01
0.24177272766251300091395258539253E+00 -0.57994549629542508671619104260152E-01
0.23033149610173243838592845281509E+00 -0.55232774287843661620676526007274E-01
0.21888222293955440040158484470957E+00 -0.52469017204621074449668949374303E-01
0.20742530972725056131716994070173E+00 -0.49703376057927446488025470770064E-01
0.19596115829935059870041153843624E+00 -0.46935948580530059751855851563809E-01
0.18449017075915028763225393798470E+00 -0.44166832556759935893844050907078E-01
0.17301274946422135529970272449890E+00 -0.41396125819351374892529920199074E-01
0.16152929701192339164547648416079E+00 -0.38623926246271892419219839038697E-01
0.15004021622491743559146753206508E+00 -0.35850331757542069079332867345705E-01
0.13854591013668182770831303839920E+00 -0.33075440312047598401540871061822E-01
0.12704678197703078059424581458872E+00 -0.30299349904341344480372542522838E-01
0.11554323515763459373686652499055E+00 -0.27522158561438186019536596650827E-01
0.10403567325754343209590574167001E+00 -0.24743964339601707760944282679919E-01
0.92524500008713569588699749243056E-01 -0.21964865321122625593788775152644E-01
0.81010119281536497356421739281122E-01 -0.19184959611091256790647617227550E-01
0.69492935070372035070099312173894E-01 -0.16404345334161576000572227564800E-01
0.57973351479084391323193292602846E-01 -0.13623120631309990221839610487444E-01
0.46451772706582312887532476416440E-01 -0.10841383656586687582135813425179E-01
0.34928603032363297829039541960741E-01 -0.80592325738618360562600898875144E-02
0.23404246802062072423910874412483E-01 -0.52767655535654638056243615805383E-02
0.11879108413003745830497519573229E-01 -0.24940807694221972081178454641756E-02
0.35359229976166133874360874420117E-03 0.28872360481931142888998013282168E-03
-0.11171897080279117584690237931093E-01 0.30715493986615804851193831095552E-02
-0.22696955261353279913332715348012E-01 0.58542984481384743144744127765709E-02
-0.34221177783741003804790662161265E-01 0.86368725990995182289625544106762E-02
-0.45744160208187045411503927784600E-01 0.11419173710498390888810018258373E-01
-0.57265498130313997477196985451062E-01 0.14201103657684946769105526198146E-01
-0.68784787195028394225086640132452E-01 0.16982564335701556807416793108970E-01
-0.80301623110920127276640533135700E-01 0.19763457662581761998944748529720E-01
-0.91815601664653934050659656678190E-01 0.22543685582653259216721747902067E-01
-0.10332631873535365581104238734303E+00 0.25323150069842402517982762111087E-01
-0.11483337030897807527250301499643E+00 0.28101753130982656520269515372933E-01
-0.12633635249268820806163030480162E+00 0.30879396809124576351544040391919E-01
-0.13783486152920607624006249672587E+00 0.33655983186848007141061440393954E-01
-0.14932849381116413550197059209285E+00 0.36431414389577203935181582906315E-01
-0.16081684589544493579442503982315E+00 0.39205592588896117430453447724889E-01
-0.17229951451751129535926627457394E+00 0.41978420005866767476536325145605E-01
-0.18377609660572579400044717399516E+00 0.44749798914348002597598035562824E-01
-0.19524618929565959603637469785656E+00 0.47519631644315575662330218514326E-01
-0.20670938994439050137396702085178E+00 0.50287820585183522735840361124215E-01
-0.21816529614478921440493044801583E+00 0.53054268189125483053712291305748E-01
-0.22961350573979378612366723700431E+00 0.55818876974397332645965762241879E-01
-0.24105361683667202865177865851837E+00 0.58581549528659783945449578517142E-01
-0.25248522782127101695456898879198E+00 0.61342188512300760727256433454731E-01
-0.26390793737225384526277104860879E+00 0.64100696661758751423318773026014E-01
-0.27532134447532220477042594273666E+00 0.66856976792844520491270950853460E-01
-0.28672504843742628320333035347644E+00 0.69610931804063431047262972847976E-01
-0.29811864890095938125352137783879E+00 0.72362464679936860191812306307492E-01
-0.30950174585793805611116588280622E+00 0.75111478494322698857413811285182E-01
-0.32087393966416745202438192757995E+00 0.77857876413734796673550319908650E-01
-0.33223483105339092916088069142850E+00 0.80601561700661448813919091164422E-01
-0.34358402115142381311356582293963E+00 0.83342437716882622221550381648173E-01
-0.35492111149027046963145213800939E+00 0.86080407926785266020346711755034E-01
-0.36624570402222522380370289688191E+00 0.88815375900677359173076193480816E-01
-0.37755740113395547940422330213405E+00 0.91547245318099979011292784370884E-01
-0.38885580566056738184806295678755E+00 0.94275919971137122827199055480909E-01
-0.40014052089965372137555529116584E+00 0.97001303767723716931996624189433E-01
-0.41141115062532281971856899565490E+00 0.99723300734951137826724170955872E-01
-0.42266729910220886784951186326088E+00 0.10244181502236982418275147026522E+00
-0.43390857109946297003790652001768E+00 0.10515675090529005073464759247875E+00
-0.44513457190472392916324321786986E+00 0.10786801278807905513677405721244E+00
-0.45634490733806935939072577312411E+00 0.11057550520745553360087656338283E+00
-0.46753918376594590248730707359975E+00 0.11327913283578104498476492030202E+00
-0.47871700811507823447823119917002E+00 0.11597880048434810116066166818727E+00
-0.48987798788635661669120615785532E+00 0.11867441310666438880462925432027E+00
-0.50102173116870275594871567054385E+00 0.12136587580173397014746912120444E+00
-0.51214784665291287280971295829854E+00 0.12405309381733423743681093577795E+00
-0.52325594364547816059349290788146E+00 0.12673597255328960495009131669216E+00
-0.53434563208238156193105190430945E+00 0.12941441756473995894960893451819E+00
-0.54541652254287169267684191151291E+00 0.13208833456540623047258522779345E+00
-0.55646822626321152210382698296568E+00 0.13475762943085069075003451216727E+00
-0.56750035515040325545633328211406E+00 0.13742220820173320331975959122405E+00
-0.57851252179588769878555374356966E+00 0.14008197708706250934609905688981E+00
-0.58950433948921837304006982571068E+00 0.14273684246744281780504373227858E+00
-0.60047542223170975909917941233244E+00 0.14538671089831587662835318304161E+00
-0.61142538475005862148593918997127E+00 0.14803148911319712581869140545114E+00
-0.62235384250993933833103069331942E+00 0.15067108402690740459620641324859E+00
-0.63326041172957112914928939645012E+00 0.15330540273879881481826995882156E+00
-0.64414470939325840543138492622446E+00 0.15593435253597504318479962800007E+00
-0.65500635326490240360189316429691E+00 0.15855784089650719785044030192485E+00
-0.66584496190148382322285469562431E+00 0.16117577549264132324455077016478E+00
-0.67666015466651805246215390689731E+00 0.16378806419400331668542093740589E+00
-0.68745155174347856240675104344033E+00 0.16639461507079475461026308458297E+00
-0.69821877414919278304666082097554E+00 0.16899533639698448758006027864983E+00
-0.70896144374720558911937286594536E+00 0.17159013665349329537322772940812E+00
-0.71967918326111339067577031766349E+00 0.17417892453137179075716497309229E+00
-0.73037161628786632114834247410342E+00 0.17676160893497233300353193342103E+00
-0.74103836731103852686282502394863E+00 0.17933809898511376054294148343218E+00
-0.75167906171406719100692587959621E+00 0.18190830402223937920551454180541E+00
-0.76229332579345803748915510792936E+00 0.18447213360956845530409029289422E+00
-0.77288078677195831688728480359922E+00 0.18702949753623974300228379891569E+00
-0.78344107281169627917104885798232E+00 0.18958030582044848648218557354215E+00
-0.79397381302728666044868204703760E+00 0.19212446871257571768929029388665E+00
-0.80447863749890207505163599134582E+00 0.19466189669831030507419510142551E+00
-0.81495517728530902152149440590931E+00 0.19719250050176325521469378601624E+00
-0.82540306443686963484184131254244E+00 0.19971619108857398902223291618984E+00
-0.83582193200850687459939634980859E+00 0.20223287966900954381950096306569E+00
-0.84621141407263427113203677054621E+00 0.20474247770105493956249221168019E+00
-0.85657114573204871344428557923023E+00 0.20724489689349593351438548185872E+00
-0.86690076313278670195862827372998E+00 0.20974004920899351427114571853686E+00
-0.87719990347694272599046824327145E+00 0.21222784686714984401951160238518E+00
-0.88746820503545036817855950669083E+00 0.21470820234756580590499920993404E+00
-0.89770530716082462794390215540111E+00 0.21718102839289005620020970341718E+00
-0.90791085029986597382647615317008E+00 0.21964623801185934873086248492419E+00
-0.91808447600632515780891620060294E+00 0.22210374448232996630572749013406E+00
-0.92822582695352830988934507874626E+00 0.22455346135430000191826191925876E+00
-0.93833454694696234497289211298631E+00 0.22699530245292320723034606758912E+00
-0.94841028093681969889030514885927E+00 0.22942918188151292583215274528554E+00
-0.95845267503050244388936626399283E+00 0.23185501402453693338472547658959E+00
-0.96846137650508538060004809204139E+00 0.23427271355060354361516798966191E+00
-0.97843603381973636129330158917433E+00 0.23668219541543686506894521367964E+00
-0.98837629662809646344685834613476E+00 0.23908337486484379251726836344845E+00
-0.99828181579061536109116453515684E+00 0.24147616743767019077465204576796E+00
-0.10081522433868455083243620945754E+01 0.24386048896874767878035192497378E+00
-0.10179872327276926107886526975182E+01 0.24623625559183053479011889552641E+00
-0.10277864383676211777925635592125E+01 0.24860338374252208749432594500470E+00
-0.10375495161168177658872902101600E+01 0.25096179016119143815243135237163E+00
-0.10472761230533077867602441479201E+01 0.25331139189587935265795419433068E+00
-0.10569659175350284540180451265026E+01 0.25565210630519362905572235731238E+00
-0.10666185592118562416883819615450E+01 0.25798385106119498146398933658402E+00
-0.10762337090375874259265490415482E+01 0.26030654415227062669569256409786E+00
-0.10858110292818740182818064014678E+01 0.26262010388599870804341975260998E+00
-0.10953501835421114411826212980240E+01 0.26492444889200074194613444619158E+00
-0.11048508367552800141130012407777E+01 0.26721949812478356200592450319135E+00
-0.11143126552097392169213699605988E+01 0.26950517086656998256109343808998E+00
-0.11237353065569727413969173929821E+01 0.27178138673011852653132917702739E+00
-0.11331184598232868587704603886699E+01 0.27404806566153173363966915011951E+00
-0.11424617854214590886709131961571E+01 0.27630512794305285947091522017466E+00
-0.11517649551623379256807208154547E+01 0.27855249419585127054540131320168E+00
-0.11610276422663932080669422200261E+01 0.28079008538279633733110047286550E+00
-0.11702495213752165911049580838467E+01 0.28301782281121936993940931460439E+00
-0.11794302685629718252543414438422E+01 0.28523562813566379281762744849135E+00
-0.11885695613477938550509676260684E+01 0.28744342336062360079947662776455E+00
-0.11976670787031374806022311385174E+01 0.28964113084326945737616469316808E+00
-0.12067225010690742480666648164058E+01 0.29182867329616288998452434991322E+00
-0.12157355103635372232310045400726E+01 0.29400597378995833290758635419803E+00
-0.12247057899935140866157098953100E+01 0.29617295575609244701214352085356E+00
-0.12336330248661872472133295256353E+01 0.29832954298946149549971375637632E+00
-0.12425169014000207006376954942381E+01 0.30047565965108601451526516080435E+00
-0.12513571075357941939319431250692E+01 0.30261123027076272410885576874315E+00
-0.12601533327475827277096744989892E+01 0.30473617974970370156594348826588E+00
-0.12689052680536827224473603352515E+01 0.30685043336316312079547454884057E+00
-0.12776126060274830714856728202993E+01 0.30895391676305078786505185995802E+00
-0.12862750408082814247312272308902E+01 0.31104655598053225878480059971745E+00
-0.12948922681120452932067229982647E+01 0.31312827742861679328071276262682E+00
-0.13034639852421174005149665808680E+01 0.31519900790473136923638203072247E+00
-0.13119898910998650309576039137863E+01 0.31725867459328146443563116050130E+00
-0.13204696861952731442940099966801E+01 0.31930720506819897057453628696033E+00
-0.13289030726574797972715889898997E+01 0.32134452729547552935246594579855E+00
-0.13372897542452563820594262801034E+01 0.32337056963568409074671635160159E+00
-0.13456294363574278153090639521584E+01 0.32538526084648454153337990504521E+00
-0.13539218260432373476673927995037E+01 0.32738853008511746610595769575539E+00
-0.13621666320126512135173398211129E+01 0.32938030691088320264784326984074E+00
-0.13703635646466057121333719544119E+01 0.33136052128760691098253292343585E+00
-0.13785123360071954423920544859854E+01 0.33332910358608982578890186598827E+00
-0.13866126598478013870569457600645E+01 0.33528598458654623168455995029112E+00
-0.13946642516231604984803559295400E+01 0.33723109548102650094776844525229E+00
-0.14026668284993741630788413508222E+01 0.33916436787582554016408880644993E+00
-0.14106201093638571655137641394439E+01 0.34108573379387708212179760562086E+00
-0.14185238148352259704317794596639E+01 0.34299512567713286442298730787434E+00
-0.14263776672731247620540787497792E+01 0.34489247638892840100167000960479E+00
-0.14341813907879923872648782641179E+01 0.34677771921633304912086763921814E+00
-0.14419347112507647607323214661697E+01 0.34865078787248570004333563399030E+00
-0.14496373563025180306621872221749E+01 0.35051161649891591920899510416199E+00
-0.14572890553640472811368452238021E+01 0.35236013966784968563895359353628E+00
-0.14648895396453834780988967199560E+01 0.35419629238450070692550898665603E+00
-0.14724385421552472751874627832028E+01 0.35602001008934592756881734547101E+00
-0.14799357977104392396130047980738E+01 0.35783122866038657920682230251830E+00
-0.14873810429451666568645786129961E+01 0.35962988441539378887560155592370E+00
-0.14947740163203060870526651530808E+01 0.36141591411413857694883797869794E+00
-0.15021144581326014904061361654534E+01 0.36318925496060667306742763411402E+00
-0.15094021105237981646955089918170E+01 0.36494984460519807640556631336549E+00
-0.15166367174897110231649552020041E+01 0.36669762114691068859301761830362E+00
-0.15238180248892282937329763237567E+01 0.36843252313550833384756085435580E+00
-0.15309457804532489715185507846492E+01 0.37015448957367339686156717350786E+00
-0.15380197337935546509214618376913E+01 0.37186345991914336814165029262997E+00
-0.15450396364116153005343815286667E+01 0.37355937408683151411886689700630E+00
-0.15520052417073280689844245946141E+01 0.37524217245093184068750163084007E+00
-0.15589163049876895128719079032861E+01 0.37691179584700772174369344225897E+00
-0.15657725834754008108471399904855E+01 0.37856818557406463050009405334288E+00
-0.15725738363174051105660191411545E+01 0.38021128339660669514498155304727E+00
-0.15793198245933574976136721859089E+01 0.38184103154667688230283775798833E+00
-0.15860103113240268230531652977427E+01 0.38345737272588092898483720750053E+00
-0.15926450614796292254722208995946E+01 0.38506025010739493532840399572593E+00
-0.15992238419880929030249337265015E+01 0.38664960733795652566048509350236E+00
-0.16057464217432539361202238496444E+01 0.38822538853983907153676166861126E+00
-0.16122125716129834875236567476360E+01 0.38978753831280992268348346397822E+00
-0.16186220644472445543574838848313E+01 0.39133600173607144967450585286260E+00
-0.16249746750860797240489180739489E+01 0.39287072437018576684245479241293E+00
-0.16312701803675288698940618333970E+01 0.39439165225898205030221002878014E+00
-0.16375083591354757156825162148556E+01 0.39589873193144763691329596747206E+00
-0.16436889922474251410639568973875E+01 0.39739191040360166923878842002761E+00
-0.16498118625822082593915649497739E+01 0.39887113518035189350968131522574E+00
-0.16558767550476172781874567640455E+01 0.40033635425733451476505865122859E+00
-0.16618834565879688681426279902192E+01 0.40178751612273667116070909493017E+00
-0.16678317561915951817239268741624E+01 0.40322456975910165736478774328869E+00
-0.16737214448982640810161623859899E+01 0.40464746464511711472966446700007E+00
-0.16795523158065260247880022209252E+01 0.40605615075738559206168593150479E+00
-0.16853241640809892034192051953497E+01 0.40745057857217799715203987815668E+00
-0.16910367869595222367785767816320E+01 0.40883069906716922562835648006249E+00
-0.16966899837603827896082708447507E+01 0.41019646372315652801396094081279E+00
-0.17022835558892744817326386045381E+01 0.41154782452576015178272691814100E+00
-0.17078173068463290905595797660260E+01 0.41288473396710619568223067372845E+00
-0.17132910422330157770584983630063E+01 0.41420714504749214718399511068779E+00
-0.17187045697589762762765901540923E+01 0.41551501127703416714742987649519E+00
-0.17240576992487857313091697770296E+01 0.41680828667729678648464614284602E+00
-0.17293502426486393648642155087377E+01 0.41808692578290472532185152884518E+00
-0.17345820140329643164393437849119E+01 0.41935088364313663948285876309948E+00
-0.17397528296109567394863985691087E+01 0.42060011582350085135200400084458E+00
-0.17448625077330438442471686305118E+01 0.42183457840729314073677563457533E+00
-0.17499108688972704474077246794039E+01 0.42305422799713629573599711415494E+00
-0.17548977357556102164262837708396E+01 0.42425902171650155581482263659699E+00
-0.17598229331202009251010953432298E+01 0.42544891721121162188946732274672E+00
-0.17646862879695038943669269007304E+01 0.42662387265092578398562255544708E+00
-0.17694876294543871647241439611062E+01 0.42778384673060620420173968329090E+00
-0.17742267889041323157287116533017E+01 0.42892879867196621124343025208108E+00
-0.17789035998323645127535515922877E+01 0.43005868822489997941016219100925E+00
-0.17835178979429060695369113116211E+01 0.43117347566889366361857644849595E+00
-0.17880695211355525596546803143940E+01 0.43227312181441809790118654513249E+00
-0.17925583095117720230089333981410E+01 0.43335758800430275311314721705274E+00
-0.17969841053803265499000971978229E+01 0.43442683611509130743378413810104E+00
-0.18013467532628163933933298825459E+01 0.43548082855837819375926760792956E+00
-0.18056460998991461693795081812048E+01 0.43651952828212658792660869615783E+00
-0.18098819942529129221507332109596E+01 0.43754289877196765535561006668910E+00
-0.18140542875167163617361447692211E+01 0.43855090405248080152201343335914E+00
-0.18181628331173903233851001368514E+01 0.43954350868845518240139590331995E+00
-0.18222074867211557992088266722845E+01 0.44052067778613226208289266702469E+00
-0.18261881062386954690506160094229E+01 0.44148237699442915227335404967831E+00
-0.18301045518301486634158895859081E+01 0.44242857250614353303197707288254E+00
-0.18339566859100282183856639678651E+01 0.44335923105913871734770153498776E+00
-0.18377443731520568430083333910725E+01 0.44427431993751032726935447027438E+00
-0.18414674804939252464311828887827E+01 0.44517380697273343510276524015910E+00
-0.18451258771419697897100409762386E+01 0.44605766054479053727226327338418E+00
-0.18487194345757706828027840161661E+01 0.44692584958328051121449196462108E+00
-0.18522480265526703864384511534479E+01 0.44777834356850810571620088826879E+00
-0.18557115291122116198267420106223E+01 0.44861511253255426578613290676223E+00
-0.18591098205804954552145822318182E+01 0.44943612706032701902757161925899E+00
-0.18624427815744586906187130671362E+01 0.45024135829059298665531714073854E+00
-0.18657102950060708818326076463610E+01 0.45103077791698960708300312157160E+00
-0.18689122460864506596020951111028E+01 0.45180435818901775639376728066664E+00
-0.18720485223299011008316059703479E+01 0.45256207191301500869786161236297E+00
-0.18751190135578643174960306263913E+01 0.45330389245310920530090666789125E+00
-0.18781236119027946100479703052939E+01 0.45402979373215271010204044265587E+00
-0.18810622118119507743725191866938E+01 0.45473975023263688450127844547321E+00
-0.18839347100511066771688072898120E+01 0.45543373699758700091593448718858E+00
-0.18867410057081805042339572590336E+01 0.45611172963143749796921927992353E+00
-0.18894810001967822488571785824900E+01 0.45677370430088761205521367922421E+00
-0.18921545972596795739547056483901E+01 0.45741963773573723310845312026805E+00
-0.18947617029721816810890341484553E+01 0.45804950722970300636324581090933E+00
-0.18973022257454411784170085009558E+01 0.45866329064121468030374697951860E+00
-0.18997760763296738374952213747412E+01 0.45926096639419173010204417306055E+00
-0.19021831678172961988170786361229E+01 0.45984251347880000039211349461284E+00
-0.19045234156459806628614835233992E+01 0.46040791145218862042067713326343E+00
-0.19067967376016282839144112403162E+01 0.46095714043920700692809629458807E+00
-0.19090030538212589603763377098526E+01 0.46149018113310190767401519344260E+00
-0.19111422867958189009597162430324E+01 0.46200701479619457661531974743691E+00
-0.19132143613729054498959695154201E+01 0.46250762326053797688446665807081E+00
-0.19152192047594089908416862783966E+01 0.46299198892855397122011972321664E+00
-0.19171567465240718789688610030025E+01 0.46346009477365056000430883723144E+00
-0.19190269185999644547313058690590E+01 0.46391192434081907245848642877786E+00
-0.19208296552868778170841759646748E+01 0.46434746174721128574308821488749E+00
-0.19225648932536334527958649536655E+01 0.46476669168269653832181598109964E+00
-0.19242325715403095777668323476669E+01 0.46516959941039871591266641713952E+00
-0.19258326315603841325106276300283E+01 0.46555617076721314117492365572742E+00
-0.19273650171027943081720209360328E+01 0.46592639216430330670260656311044E+00
-0.19288296743339125193794890769033E+01 0.46628025058757757319589474581529E+00
-0.19302265517994389680049725005203E+01 0.46661773359814558945252680111274E+00
-0.19315556004262103616126731953322E+01 0.46693882933275458348665791012879E+00
-0.19328167735239250479416548730733E+01 0.46724352650420552357296785147655E+00
-0.19340100267867843476604202971020E+01 0.46753181440174892594065467678804E+00
-0.19351353182950500373893071221984E+01 0.46780368289146071019367039610343E+00
-0.19361926085165180662975460846778E+01 0.46805912241659727961930651990472E+00
-0.19371818603079079844815755086052E+01 0.46829812399793175588327073963327E+00
-0.19381030389161694001502239515735E+01 0.46852067923406597476773520706125E+00
-0.19389561119797015800159890725796E+01 0.46872678030173377271304010905335E+00
-0.19397410495294970050200414215309E+01 0.46891641995605078238581362490452E+00
-0.19404578239901778980560608557840E+01 0.46908959153083898146479657134592E+00
-0.19408977927142876862205125856760E+01 0.46919588728433478022266322189820E+00
-0.19413074486218702056262324352109E+01 0.46929485951329788781660483960001E+00
-0.19416867853167018296869529830746E+01 0.46938650667146730736886225356154E+00
-0.19420357968759513334702351621459E+01 0.46947082732702682858375181483441E+00
-0.19423544778502734735881833165838E+01 0.46954782016262304092406347635434E+00
-0.19426579997332580995505582128553E+01 0.46962115058732879711558865967997E+00
-0.19429615374149436169854149561651E+01 0.46969448483129158631174324563385E+00
-0.19432650908958235023198236992038E+01 0.46976782289463139071575771033411E+00
-0.19435686601763922426959619778084E+01 0.46984116477746406091922223290622E+00
-0.19438722452571412170029221233063E+01 0.46991451047991835338721914350476E+00
-0.19435686601763922426959619778084E+01 0.46984116477746406091922223290622E+00
-0.19432650908958235023198236992038E+01 0.46976782289463139071575771033411E+00
-0.19429615374149436169854149561651E+01 0.46969448483129158631174324563385E+00
-0.19426579997332580995505582128553E+01 0.46962115058732879711558865967997E+00
-0.19423544778502734735881833165838E+01 0.46954782016262304092406347635434E+00
-0.19420357968759513334702351621459E+01 0.46947082732702682858375181483441E+00
-0.19416867853167018296869529830746E+01 0.46938650667146730736886225356154E+00
-0.19413074486218702056262324352109E+01 0.46929485951329788781660483960001E+00
-0.19408977927142876862205125856760E+01 0.46919588728433478022266322189820E+00
-0.19404578239901778980560608557840E+01 0.46908959153083898146479657134592E+00
-0.19397410495294970050200414215309E+01 0.46891641995605078238581362490452E+00
-0.19389561119797015800159890725796E+01 0.46872678030173377271304010905335E+00
-0.19381030389161694001502239515735E+01 0.46852067923406597476773520706125E+00
-0.19371818603079079844815755086052E+01 0.46829812399793175588327073963327E+00
-0.19361926085165180662975460846778E+01 0.46805912241659727961930651990472E+00
-0.19351353182950500373893071221984E+01 0.46780368289146071019367039610343E+00
-0.19340100267867843476604202971020E+01 0.46753181440174892594065467678804E+00
-0.19328167735239250479416548730733E+01 0.46724352650420552357296785147655E+00
-0.19315556004262103616126731953322E+01 0.46693882933275458348665791012879E+00
-0.19302265517994389680049725005203E+01 0.46661773359814558945252680111274E+00
-0.19288296743339125193794890769033E+01 0.46628025058757757319589474581529E+00
-0.19273650171027943081720209360328E+01 0.46592639216430330670260656311044E+00
-0.19258326315603841325106276300283E+01 0.46555617076721314117492365572742E+00
-0.19242325715403095777668323476669E+01 0.46516959941039871591266641713952E+00
-0.19225648932536334527958649536655E+01 0.46476669168269653832181598109964E+00
-0.19208296552868778170841759646748E+01 0.46434746174721128574308821488749E+00
-0.19190269185999644547313058690590E+01 0.46391192434081907245848642877786E+00
-0.19171567465240718789688610030025E+01 0.46346009477365056000430883723144E+00
-0.19152192047594089908416862783966E+01 0.46299198892855397122011972321664E+00
-0.19132143613729054498959695154201E+01 0.46250762326053797688446665807081E+00
-0.19111422867958189009597162430324E+01 0.46200701479619457661531974743691E+00
-0.19090030538212589603763377098526E+01 0.46149018113310190767401519344260E+00
-0.19067967376016282839144112403162E+01 0.46095714043920700692809629458807E+00
-0.19045234156459806628614835233992E+01 0.46040791145218862042067713326343E+00
-0.19021831678172961988170786361229E+01 0.45984251347880000039211349461284E+00
-0.18997760763296738374952213747412E+01 0.45926096639419173010204417306055E+00
-0.18973022257454411784170085009558E+01 0.45866329064121468030374697951860E+00
-0.18947617029721816810890341484553E+01 0.45804950722970300636324581090933E+00
-0.18921545972596795739547056483901E+01 0.45741963773573723310845312026805E+00
-0.18894810001967822488571785824900E+01 0.45677370430088761205521367922421E+00
-0.18867410057081805042339572590336E+01 0.45611172963143749796921927992353E+00
-0.18839347100511066771688072898120E+01 0.45543373699758700091593448718858E+00
-0.18810622118119507743725191866938E+01 0.45473975023263688450127844547321E+00
-0.18781236119027946100479703052939E+01 0.45402979373215271010204044265587E+00
-0.18751190135578643174960306263913E+01 0.45330389245310920530090666789125E+00
-0.18720485223299011008316059703479E+01 0.45256207191301500869786161236297E+00
-0.18689122460864506596020951111028E+01 0.45180435818901775639376728066664E+00
-0.18657102950060708818326076463610E+01 0.45103077791698960708300312157160E+00
-0.18624427815744586906187130671362E+01 0.45024135829059298665531714073854E+00
-0.18591098205804954552145822318182E+01 0.44943612706032701902757161925899E+00
-0.18557115291122116198267420106223E+01 0.44861511253255426578613290676223E+00
-0.18522480265526703864384511534479E+01 0.44777834356850810571620088826879E+00
-0.18487194345757706828027840161661E+01 0.44692584958328051121449196462108E+00
-0.18451258771419697897100409762386E+01 0.44605766054479053727226327338418E+00
-0.18414674804939252464311828887827E+01 0.44517380697273343510276524015910E+00
-0.18377443731520568430083333910725E+01 0.44427431993751032726935447027438E+00
-0.18339566859100282183856639678651E+01 0.44335923105913871734770153498776E+00
-0.18301045518301486634158895859081E+01 0.44242857250614353303197707288254E+00
-0.18261881062386954690506160094229E+01 0.44148237699442915227335404967831E+00
-0.18222074867211557992088266722845E+01 0.44052067778613226208289266702469E+00
-0.18181628331173903233851001368514E+01 0.43954350868845518240139590331995E+00
-0.18140542875167163617361447692211E+01 0.43855090405248080152201343335914E+00
-0.18098819942529129221507332109596E+01 0.43754289877196765535561006668910E+00
-0.18056460998991461693795081812048E+01 0.43651952828212658792660869615783E+00
-0.18013467532628163933933298825459E+01 0.43548082855837819375926760792956E+00
-0.17969841053803265499000971978229E+01 0.43442683611509130743378413810104E+00
-0.17925583095117720230089333981410E+01 0.43335758800430275311314721705274E+00
-0.17880695211355525596546803143940E+01 0.43227312181441809790118654513249E+00
-0.17835178979429060695369113116211E+01 0.43117347566889366361857644849595E+00
-0.17789035998323645127535515922877E+01 0.43005868822489997941016219100925E+00
-0.17742267889041323157287116533017E+01 0.42892879867196621124343025208108E+00
-0.17694876294543871647241439611062E+01 0.42778384673060620420173968329090E+00
-0.17646862879695038943669269007304E+01 0.42662387265092578398562255544708E+00
-0.17598229331202009251010953432298E+01 0.42544891721121162188946732274672E+00
-0.17548977357556102164262837708396E+01 0.42425902171650155581482263659699E+00
-0.17499108688972704474077246794039E+01 0.42305422799713629573599711415494E+00
-0.17448625077330438442471686305118E+01 0.42183457840729314073677563457533E+00
-0.17397528296109567394863985691087E+01 0.42060011582350085135200400084458E+00
-0.17345820140329643164393437849119E+01 0.41935088364313663948285876309948E+00
-0.17293502426486393648642155087377E+01 0.41808692578290472532185152884518E+00
-0.17240576992487857313091697770296E+01 0.41680828667729678648464614284602E+00
-0.17187045697589762762765901540923E+01 0.41551501127703416714742987649519E+00
-0.17132910422330157770584983630063E+01 0.41420714504749214718399511068779E+00
-0.17078173068463290905595797660260E+01 0.41288473396710619568223067372845E+00
-0.17022835558892744817326386045381E+01 0.41154782452576015178272691814100E+00
-0.16966899837603827896082708447507E+01 0.41019646372315652801396094081279E+00
-0.16910367869595222367785767816320E+01 0.40883069906716922562835648006249E+00
-0.16853241640809892034192051953497E+01 0.40745057857217799715203987815668E+00
-0.16795523158065260247880022209252E+01 0.40605615075738559206168593150479E+00
-0.16737214448982640810161623859899E+01 0.40464746464511711472966446700007E+00
-0.16678317561915951817239268741624E+01 0.40322456975910165736478774328869E+00
-0.16618834565879688681426279902192E+01 0.40178751612273667116070909493017E+00
-0.16558767550476172781874567640455E+01 0.40033635425733451476505865122859E+00
-0.16498118625822082593915649497739E+01 0.39887113518035189350968131522574E+00
-0.16436889922474251410639568973875E+01 0.39739191040360166923878842002761E+00
-0.16375083591354757156825162148556E+01 0.39589873193144763691329596747206E+00
-0.16312701803675288698940618333970E+01 0.39439165225898205030221002878014E+00
-0.16249746750860797240489180739489E+01 0.39287072437018576684245479241293E+00
-0.16186220644472445543574838848313E+01 0.39133600173607144967450585286260E+00
-0.16122125716129834875236567476360E+01 0.38978753831280992268348346397822E+00
-0.16057464217432539361202238496444E+01 0.38822538853983907153676166861126E+00
-0.15992238419880929030249337265015E+01 0.38664960733795652566048509350236E+00
-0.15926450614796292254722208995946E+01 0.38506025010739493532840399572593E+00
-0.15860103113240268230531652977427E+01 0.38345737272588092898483720750053E+00
-0.15793198245933574976136721859089E+01 0.38184103154667688230283775798833E+00
-0.15725738363174051105660191411545E+01 0.38021128339660669514498155304727E+00
-0.15657725834754008108471399904855E+01 0.37856818557406463050009405334288E+00
-0.15589163049876895128719079032861E+01 0.37691179584700772174369344225897E+00
-0.15520052417073280689844245946141E+01 0.37524217245093184068750163084007E+00
-0.15450396364116153005343815286667E+01 0.37355937408683151411886689700630E+00
-0.15380197337935546509214618376913E+01 0.37186345991914336814165029262997E+00
-0.15309457804532489715185507846492E+01 0.37015448957367339686156717350786E+00
-0.15238180248892282937329763237567E+01 0.36843252313550833384756085435580E+00
-0.15166367174897110231649552020041E+01 0.36669762114691068859301761830362E+00
-0.15094021105237981646955089918170E+01 0.36494984460519807640556631336549E+00
-0.15021144581326014904061361654534E+01 0.36318925496060667306742763411402E+00
-0.14947740163203060870526651530808E+01 0.36141591411413857694883797869794E+00
-0.14873810429451666568645786129961E+01 0.35962988441539378887560155592370E+00
-0.14799357977104392396130047980738E+01 0.35783122866038657920682230251830E+00
-0.14724385421552472751874627832028E+01 0.35602001008934592756881734547101E+00
-0.14648895396453834780988967199560E+01 0.35419629238450070692550898665603E+00
-0.14572890553640472811368452238021E+01 0.35236013966784968563895359353628E+00
-0.14496373563025180306621872221749E+01 0.35051161649891591920899510416199E+00
-0.14419347112507647607323214661697E+01 0.34865078787248570004333563399030E+00
-0.14341813907879923872648782641179E+01 0.34677771921633304912086763921814E+00
-0.14263776672731247620540787497792E+01 0.34489247638892840100167000960479E+00
-0.14185238148352259704317794596639E+01 0.34299512567713286442298730787434E+00
-0.14106201093638571655137641394439E+01 0.34108573379387708212179760562086E+00
-0.14026668284993741630788413508222E+01 0.33916436787582554016408880644993E+00
-0.13946642516231604984803559295400E+01 0.33723109548102650094776844525229E+00
-0.13866126598478013870569457600645E+01 0.33528598458654623168455995029112E+00
-0.13785123360071954423920544859854E+01 0.33332910358608982578890186598827E+00
-0.13703635646466057121333719544119E+01 0.33136052128760691098253292343585E+00
-0.13621666320126512135173398211129E+01 0.32938030691088320264784326984074E+00
-0.13539218260432373476673927995037E+01 0.32738853008511746610595769575539E+00
-0.13456294363574278153090639521584E+01 0.32538526084648454153337990504521E+00
-0.13372897542452563820594262801034E+01 0.32337056963568409074671635160159E+00
-0.13289030726574797972715889898997E+01 0.32134452729547552935246594579855E+00
-0.13204696861952731442940099966801E+01 0.31930720506819897057453628696033E+00
-0.13119898910998650309576039137863E+01 0.31725867459328146443563116050130E+00
-0.13034639852421174005149665808680E+01 0.31519900790473136923638203072247E+00
-0.12948922681120452932067229982647E+01 0.31312827742861679328071276262682E+00
-0.12862750408082814247312272308902E+01 0.31104655598053225878480059971745E+00
-0.12776126060274830714856728202993E+01 0.30895391676305078786505185995802E+00
-0.12689052680536827224473603352515E+01 0.30685043336316312079547454884057E+00
-0.12601533327475827277096744989892E+01 0.30473617974970370156594348826588E+00
-0.12513571075357941939319431250692E+01 0.30261123027076272410885576874315E+00
-0.12425169014000207006376954942381E+01 0.30047565965108601451526516080435E+00
-0.12336330248661872472133295256353E+01 0.29832954298946149549971375637632E+00
-0.12247057899935140866157098953100E+01 0.29617295575609244701214352085356E+00
-0.12157355103635372232310045400726E+01 0.29400597378995833290758635419803E+00
-0.12067225010690742480666648164058E+01 0.29182867329616288998452434991322E+00
-0.11976670787031374806022311385174E+01 0.28964113084326945737616469316808E+00
-0.11885695613477938550509676260684E+01 0.28744342336062360079947662776455E+00
-0.11794302685629718252543414438422E+01 0.28523562813566379281762744849135E+00
-0.11702495213752165911049580838467E+01 0.28301782281121936993940931460439E+00
-0.11610276422663932080669422200261E+01 0.28079008538279633733110047286550E+00
-0.11517649551623379256807208154547E+01 0.27855249419585127054540131320168E+00
-0.11424617854214590886709131961571E+01 0.27630512794305285947091522017466E+00
-0.11331184598232868587704603886699E+01 0.27404806566153173363966915011951E+00
-0.11237353065569727413969173929821E+01 0.27178138673011852653132917702739E+00
-0.11143126552097392169213699605988E+01 0.26950517086656998256109343808998E+00
-0.11048508367552800141130012407777E+01 0.26721949812478356200592450319135E+00
-0.10953501835421114411826212980240E+01 0.26492444889200074194613444619158E+00
-0.10858110292818740182818064014678E+01 0.26262010388599870804341975260998E+00
-0.10762337090375874259265490415482E+01 0.26030654415227062669569256409786E+00
-0.10666185592118562416883819615450E+01 0.25798385106119498146398933658402E+00
-0.10569659175350284540180451265026E+01 0.25565210630519362905572235731238E+00
-0.10472761230533077867602441479201E+01 0.25331139189587935265795419433068E+00
-0.10375495161168177658872902101600E+01 0.25096179016119143815243135237163E+00
-0.10277864383676211777925635592125E+01 0.24860338374252208749432594500470E+00
-0.10179872327276926107886526975182E+01 0.24623625559183053479011889552641E+00
-0.10081522433868455083243620945754E+01 0.24386048896874767878035192497378E+00
-0.99828181579061536109116453515684E+00 0.24147616743767019077465204576796E+00
-0.98837629662809646344685834613476E+00 0.23908337486484379251726836344845E+00
-0.97843603381973636129330158917433E+00 0.23668219541543686506894521367964E+00
-0.96846137650508538060004809204139E+00 0.23427271355060354361516798966191E+00
-0.95845267503050244388936626399283E+00 0.23185501402453693338472547658959E+00
-0.94841028093681969889030514885927E+00 0.22942918188151292583215274528554E+00
-0.93833454694696234497289211298631E+00 0.22699530245292320723034606758912E+00
-0.92822582695352830988934507874626E+00 0.22455346135430000191826191925876E+00
-0.91808447600632515780891620060294E+00 0.22210374448232996630572749013406E+00
-0.90791085029986597382647615317008E+00 0.21964623801185934873086248492419E+00
-0.89770530716082462794390215540111E+00 0.21718102839289005620020970341718E+00
-0.88746820503545036817855950669083E+00 0.21470820234756580590499920993404E+00
-0.87719990347694272599046824327145E+00 0.21222784686714984401951160238518E+00
-0.86690076313278670195862827372998E+00 0.20974004920899351427114571853686E+00
-0.85657114573204871344428557923023E+00 0.20724489689349593351438548185872E+00
-0.84621141407263427113203677054621E+00 0.20474247770105493956249221168019E+00
-0.83582193200850687459939634980859E+00 0.20223287966900954381950096306569E+00
-0.82540306443686963484184131254244E+00 0.19971619108857398902223291618984E+00
-0.81495517728530902152149440590931E+00 0.19719250050176325521469378601624E+00
-0.80447863749890207505163599134582E+00 0.19466189669831030507419510142551E+00
-0.79397381302728666044868204703760E+00 0.19212446871257571768929029388665E+00
-0.78344107281169627917104885798232E+00 0.18958030582044848648218557354215E+00
-0.77288078677195831688728480359922E+00 0.18702949753623974300228379891569E+00
-0.76229332579345803748915510792936E+00 0.18447213360956845530409029289422E+00
-0.75167906171406719100692587959621E+00 0.18190830402223937920551454180541E+00
-0.74103836731103852686282502394863E+00 0.17933809898511376054294148343218E+00
-0.73037161628786632114834247410342E+00 0.17676160893497233300353193342103E+00
-0.71967918326111339067577031766349E+00 0.17417892453137179075716497309229E+00
-0.70896144374720558911937286594536E+00 0.17159013665349329537322772940812E+00
-0.69821877414919278304666082097554E+00 0.16899533639698448758006027864983E+00
-0.68745155174347856240675104344033E+00 0.16639461507079475461026308458297E+00
-0.67666015466651805246215390689731E+00 0.16378806419400331668542093740589E+00
-0.66584496190148382322285469562431E+00 0.16117577549264132324455077016478E+00
-0.65500635326490240360189316429691E+00 0.15855784089650719785044030192485E+00
-0.64414470939325840543138492622446E+00 0.15593435253597504318479962800007E+00
-0.63326041172957112914928939645012E+00 0.15330540273879881481826995882156E+00
-0.62235384250993933833103069331942E+00 0.15067108402690740459620641324859E+00
-0.61142538475005862148593918997127E+00 0.14803148911319712581869140545114E+00
-0.60047542223170975909917941233244E+00 0.14538671089831587662835318304161E+00
-0.58950433948921837304006982571068E+00 0.14273684246744281780504373227858E+00
-0.57851252179588769878555374356966E+00 0.14008197708706250934609905688981E+00
-0.56750035515040325545633328211406E+00 0.13742220820173320331975959122405E+00
-0.55646822626321152210382698296568E+00 0.13475762943085069075003451216727E+00
-0.54541652254287169267684191151291E+00 0.13208833456540623047258522779345E+00
-0.53434563208238156193105190430945E+00 0.12941441756473995894960893451819E+00
-0.52325594364547816059349290788146E+00 0.12673597255328960495009131669216E+00
-0.51214784665291287280971295829854E+00 0.12405309381733423743681093577795E+00
-0.50102173116870275594871567054385E+00 0.12136587580173397014746912120444E+00
-0.48987798788635661669120615785532E+00 0.11867441310666438880462925432027E+00
-0.47871700811507823447823119917002E+00 0.11597880048434810116066166818727E+00
-0.46753918376594590248730707359975E+00 0.11327913283578104498476492030202E+00
-0.45634490733806935939072577312411E+00 0.11057550520745553360087656338283E+00
-0.44513457190472392916324321786986E+00 0.10786801278807905513677405721244E+00
-0.43390857109946297003790652001768E+00 0.10515675090529005073464759247875E+00
-0.42266729910220886784951186326088E+00 0.10244181502236982418275147026522E+00
-0.41141115062532281971856899565490E+00 0.99723300734951137826724170955872E-01
-0.40014052089965372137555529116584E+00 0.97001303767723716931996624189433E-01
-0.38885580566056738184806295678755E+00 0.94275919971137122827199055480909E-01
-0.37755740113395547940422330213405E+00 0.91547245318099979011292784370884E-01
-0.36624570402222522380370289688191E+00 0.88815375900677359173076193480816E-01
-0.35492111149027046963145213800939E+00 0.86080407926785266020346711755034E-01
-0.34358402115142381311356582293963E+00 0.83342437716882622221550381648173E-01
-0.33223483105339092916088069142850E+00 0.80601561700661448813919091164422E-01
-0.32087393966416745202438192757995E+00 0.77857876413734796673550319908650E-01
-0.30950174585793805611116588280622E+00 0.75111478494322698857413811285182E-01
-0.29811864890095938125352137783879E+00 0.72362464679936860191812306307492E-01
-0.28672504843742628320333035347644E+00 0.69610931804063431047262972847976E-01
-0.27532134447532220477042594273666E+00 0.66856976792844520491270950853460E-01
-0.26390793737225384526277104860879E+00 0.64100696661758751423318773026014E-01
-0.25248522782127101695456898879198E+00 0.61342188512300760727256433454731E-01
-0.24105361683667202865177865851837E+00 0.58581549528659783945449578517142E-01
-0.22961350573979378612366723700431E+00 0.55818876974397332645965762241879E-01
-0.21816529614478921440493044801583E+00 0.53054268189125483053712291305748E-01
-0.20670938994439050137396702085178E+00 0.50287820585183522735840361124215E-01
-0.19524618929565959603637469785656E+00 0.47519631644315575662330218514326E-01
-0.18377609660572579400044717399516E+00 0.44749798914348002597598035562824E-01
-0.17229951451751129535926627457394E+00 0.41978420005866767476536325145605E-01
-0.16081684589544493579442503982315E+00 0.39205592588896117430453447724889E-01
-0.14932849381116413550197059209285E+00 0.36431414389577203935181582906315E-01
-0.13783486152920607624006249672587E+00 0.33655983186848007141061440393954E-01
-0.12633635249268820806163030480162E+00 0.30879396809124576351544040391919E-01
-0.11483337030897807527250301499643E+00 0.28101753130982656520269515372933E-01
-0.10332631873535365581104238734303E+00 0.25323150069842402517982762111087E-01
-0.91815601664653934050659656678190E-01 0.22543685582653259216721747902067E-01
-0.80301623110920127276640533135700E-01 0.19763457662581761998944748529720E-01
-0.68784787195028394225086640132452E-01 0.16982564335701556807416793108970E-01
-0.57265498130313997477196985451062E-01 0.14201103657684946769105526198146E-01
-0.45744160208187045411503927784600E-01 0.11419173710498390888810018258373E-01
-0.34221177783741003804790662161265E-01 0.86368725990995182289625544106762E-02
-0.22696955261353279913332715348012E-01 0.58542984481384743144744127765709E-02
-0.11171897080279117584690237931093E-01 0.30715493986615804851193831095552E-02
0.35359229976166133874360874420117E-03 0.28872360481931142888998013282168E-03
0.11879108413003745830497519573229E-01 -0.24940807694221972081178454641756E-02
0.23404246802062072423910874412483E-01 -0.52767655535654638056243615805383E-02
0.34928603032363297829039541960741E-01 -0.80592325738618360562600898875144E-02
0.46451772706582312887532476416440E-01 -0.10841383656586687582135813425179E-01
0.57973351479084391323193292602846E-01 -0.13623120631309990221839610487444E-01
0.69492935070372035070099312173894E-01 -0.16404345334161576000572227564800E-01
0.81010119281536497356421739281122E-01 -0.19184959611091256790647617227550E-01
0.92524500008713569588699749243056E-01 -0.21964865321122625593788775152644E-01
0.10403567325754343209590574167001E+00 -0.24743964339601707760944282679919E-01
0.11554323515763459373686652499055E+00 -0.27522158561438186019536596650827E-01
0.12704678197703078059424581458872E+00 -0.30299349904341344480372542522838E-01
0.13854591013668182770831303839920E+00 -0.33075440312047598401540871061822E-01
0.15004021622491743559146753206508E+00 -0.35850331757542069079332867345705E-01
0.16152929701192339164547648416079E+00 -0.38623926246271892419219839038697E-01
0.17301274946422135529970272449890E+00 -0.41396125819351374892529920199074E-01
0.18449017075915028763225393798470E+00 -0.44166832556759935893844050907078E-01
0.19596115829935059870041153843624E+00 -0.46935948580530059751855851563809E-01
0.20742530972725056131716994070173E+00 -0.49703376057927446488025470770064E-01
0.21888222293955440040158484470957E+00 -0.52469017204621074449668949374303E-01
0.23033149610173243838592845281509E+00 -0.55232774287843661620676526007274E-01
0.24177272766251300091395258539253E+00 -0.57994549629542508671619104260152E-01
0.25320551636837582294343615052469E+00 -0.60754245609518945363604869742896E-01
0.26462946127804736981776757580452E+00 -0.63511764668557630718254914744429E-01
0.27604416177699666457384048678552E+00 -0.66267009311544122377064603864348E-01
0.28744921759193406099610818830858E+00 -0.69019882110570291433411048726974E-01
0.29884422880531011315263436082128E+00 -0.71770285708028360379343014676633E-01
0.31022879586981619382194006620012E+00 -0.74518122819691429699325147718243E-01
0.32160251962288669922918725358160E+00 -0.77263296237781060548056177461431E-01
0.33296500130120253839120436144766E+00 -0.80005708834021103613256022031713E-01
0.34431584255519609724423472260123E+00 -0.82745263562677558908910812405289E-01
0.35565464546355740833976035934321E+00 -0.85481863463583331649321502139409E-01
0.36698101254774263862459098451823E+00 -0.88215411665147874246131137235148E-01
0.37829454678648368386641164357266E+00 -0.90945811387351095382599166223838E-01
0.38959485163029986189338474960060E+00 -0.93672965944720573541604180509227E-01
0.40088153101601204940726610075311E+00 -0.96396778749291923119200893339997E-01
0.41215418938125855336188579649283E+00 -0.99117153313551576818543860565603E-01
0.42341243167901388926544303014513E+00 -0.10183399325336096766722258020059E+00
0.43465586339211059518571583161031E+00 -0.10454720229086200857962624208833E+00
0.44588409054776350022432583175410E+00 -0.10725668425736304045763536641780E+00
0.45709671973209826882453423105799E+00 -0.10996234309620385172386984003120E+00
0.46829335810468345345754357833565E+00 -0.11266408286560026070947307665077E+00
0.47947361341306684159814777863826E+00 -0.11536180774146647200401589145888E+00
0.49063709400731659970382539346655E+00 -0.11805542202021468992169257289413E+00
0.50178340885456815172568827916501E+00 -0.12074483012153127851630197521496E+00
0.51291216755357639613469509114617E+00 -0.12342993659112878839138173328465E+00
0.52402298034927489230780830754167E+00 -0.12611064610347247961632547280415E+00
0.53511545814734154857623495624662E+00 -0.12878686346448068005592919900013E+00
0.54618921252877347396548246956953E+00 -0.13145849361419777995979180940333E+00
0.55724385576446907495965022840199E+00 -0.13412544162943973235665186148811E+00
0.56827900082982083588897874909757E+00 -0.13678761272640948476551537549049E+00
0.57929426141931788197744410667007E+00 -0.13944491226328269682851117527825E+00
0.59028925196116036429478765208034E+00 -0.14209724574276158493126963325962E+00
0.60126358763188640221840008352727E+00 -0.14474451881459662527758470995856E+00
0.61221688437101202296851106095466E+00 -0.14738663727807396385460154658153E+00
0.62314875889568696927586395300850E+00 -0.15002350708446766644388851597677E+00
0.63405882871536563359904800453816E+00 -0.15265503433945575281128553355627E+00
0.64494671214649645384988352733339E+00 -0.15528112530549789629757478817210E+00
0.65581202832722990269899077030471E+00 -0.15790168640417432249255784679977E+00
0.66665439723214621677501137439325E+00 -0.16051662421848316780195671208001E+00
0.67747343968700785545407638285520E+00 -0.16312584549509527744277852183384E+00
0.68826877738353271767741394920609E+00 -0.16572925714656584880911189255747E+00
0.69904003289419672696474584062413E+00 -0.16832676625349815040886322612525E+00
0.70978682968706179168174182391046E+00 -0.17091828006666157046722944022299E+00
0.72050879214063574395810249152692E+00 -0.17350370600905830179862551356901E+00
0.73120554555876418100473321331684E+00 -0.17608295167793891175748800672312E+00
0.74187671618555701779465119082506E+00 -0.17865592484676406136251080989388E+00
0.75252193122035368998880579592148E+00 -0.18122253346710974205536904549177E+00
0.76314081883272790107270093781726E+00 -0.18378268567051444516241660866293E+00
0.77373300817753613458654487513034E+00 -0.18633628977026528770755624475418E+00
0.78429812941001298985240172609757E+00 -0.18888325426312022800231600167550E+00
0.79483581370091613149922556949844E+00 -0.19142348783096485808917738316879E+00
0.80534569325172523351703051832821E+00 -0.19395689934239955423452417889039E+00
0.81582740130989755254829385909710E+00 -0.19648339785425493539584381911749E+00
0.82628057218418584816654002990387E+00 -0.19900289261303190691010273632130E+00
0.83670484126002125038969965130420E+00 -0.20151529305626333936184251540248E+00
0.84709984501496675195056361603795E+00 -0.20402050881379414036060871958247E+00
0.85746522103424572359197345762694E+00 -0.20651844970897484070971837935897E+00
0.86780060802635089324474193809086E+00 -0.20900902575976673916975292025678E+00
0.87810564583873880021428259624004E+00 -0.21149214717975262303900332853699E+00
0.88837997547361637227610986185812E+00 -0.21396772437905002626803613141583E+00
0.89862323910382491238450508411840E+00 -0.21643566796512192572715224543798E+00
0.90883508008882894135070601712387E+00 -0.21889588874348045251498887977490E+00
0.91901514299081650969510584696343E+00 -0.22134829771827807974691199776883E+00
0.92916307359091832802918298315018E+00 -0.22379280609278120665496414900288E+00
0.93927851890555431348825561801616E+00 -0.22622932526972069094018777096318E+00
0.94936112720291523337999323773661E+00 -0.22865776685151308267730553118972E+00
0.95941054801958930380962150410640E+00 -0.23107804264034582852451674568580E+00
0.96942643217734321647902529517468E+00 -0.23349006463812104968848160006024E+00
0.97940843180006645480905917079920E+00 -0.23589374504624921495541958635129E+00
0.98935620033089332645508361769305E+00 -0.23828899626528615585976633974352E+00
0.99926939254950959148612902409445E+00 -0.24067573089440543061999191368367E+00
0.10091476645896607293024924405330E+01 -0.24305386173069689793299245816122E+00
0.10189906739568727080043072979503E+01 -0.24542330176828358515810517208555E+00
0.10287980795463988165179851725287E+01 -0.24778396419724622720558827814216E+00
0.10385695416614107652314402269901E+01 -0.25013576240234632379684578334500E+00
0.10483047220314465152046268952643E+01 -0.25247860996153608769291086921647E+00
0.10580032838311351476534800612314E+01 -0.25481242064424431614389747418298E+00
0.10676648916992163029262910234373E+01 -0.25713710840942630866596944349831E+00
0.10772892117578724905393895712465E+01 -0.25945258740336428557012791566972E+00
0.10868759116323990046907697033853E+01 -0.26175877195720448453972014921021E+00
0.10964246604712300336735259483759E+01 -0.26405557658421724335548365629370E+00
0.11059351289663485949769502650993E+01 -0.26634291597676263410923562176069E+00
0.11154069893741051549104985344713E+01 -0.26862070500294680014576756595226E+00
0.11248399155364718110402149365287E+01 -0.27088885870294963300919891894367E+00
0.11342335829027645883632550477487E+01 -0.27314729228500607574701975930562E+00
0.11435876685518638497951313568253E+01 -0.27539592112101906109852818067778E+00
0.11529018512149683694276598517283E+01 -0.27763466074178374469697693113299E+00
0.11621758112989204174900389436388E+01 -0.27986342683179908009633333640391E+00
0.11714092309101416856499784035246E+01 -0.28208213522364174336176187109753E+00
0.11806017938792233238554577798074E+01 -0.28429070189187564414603927000394E+00
0.11897531857862158839180523807005E+01 -0.28648904294646860583377727326892E+00
0.11988630939866702297263955507834E+01 -0.28867707462568528122504476348538E+00
0.12079312076384825956537132441908E+01 -0.29085471328842302733054386947730E+00
0.12169572177296018326863014802117E+01 -0.29302187540595593261437818712402E+00
0.12259408171066625608666311036722E+01 -0.29517847755304815793660382136406E+00
0.12348817005046113410590038182045E+01 -0.29732443639839590945196924255803E+00
0.12437795645773991518669585004166E+01 -0.29945966869435425774515008145621E+00
0.12526341079298207704920426953940E+01 -0.30158409126590047483774565648252E+00
0.12614450311505854521639186033622E+01 -0.30369762099878303560348742619620E+00
0.12702120368467138723799519132869E+01 -0.30580017482680145149788951922812E+00
0.12789348296793611151323444013351E+01 -0.30789166971815653233286458736183E+00
0.12876131164011762361526609363924E+01 -0.30997202266080661217854869487949E+00
0.12962466058953179074096769014138E+01 -0.31204115064676059283293478461195E+00
0.13048350092162553732553636407483E+01 -0.31409897065523221060574915929332E+00
0.13133780396324965750828588167388E+01 -0.31614539963457278004100770245498E+00
0.13218754126713972644913345757319E+01 -0.31818035448289541148331593182925E+00
0.13303268461662178686890386401172E+01 -0.32020375202729310901473881181089E+00
0.13387320603056146956609179930371E+01 -0.32221550900154750543569708677657E+00
0.13470907776857604740417108036376E+01 -0.32421554202221391339729145574655E+00
0.13554027233653193686846743335271E+01 -0.32620376756295914873155353600865E+00
0.13636676249235109233844014971775E+01 -0.32818010192701914094883276334324E+00
0.13718852125215296001117747191923E+01 -0.33014446121762744060065498680535E+00
0.13800552189676071850160990608676E+01 -0.33209676130625656345867806575760E+00
0.13881773797860342812247525431427E+01 -0.33403691779849656263128834304850E+00
0.13962514332904916008040494257377E+01 -0.33596484599738031742946243192866E+00
0.14042771206620728117550692017905E+01 -0.33788046086394586060934073296862E+00
0.14122541860324243760341823608652E+01 -0.33978367697480700061548590293833E+00
0.14201823765724688959232574261903E+01 -0.34167440847648044788040230882156E+00
0.14280614425872278950163711980786E+01 -0.34355256903619353122131237972176E+00
0.14358911376173188524879019042508E+01 -0.34541807178886949949034913339827E+00
0.14436712185477564033198187415463E+01 -0.34727082927995342767189383067041E+00
0.14514014457247662643925388564607E+01 -0.34911075340371382810293926073442E+00
0.14590815830813901427550926737158E+01 -0.35093775533660914218376375348696E+00
0.14667113982727554332589470553191E+01 -0.35275174546527173460110460937021E+00
0.14742906628219800735336018316769E+01 -0.35455263330860972787639359244864E+00
0.14818191522777976047201618195143E+01 -0.35634032743347479807198266870448E+00
0.14892966463851162662513408687259E+01 -0.35811473536328339994857383792373E+00
0.14967229292698720868660420213064E+01 -0.35987576347890810246241103641894E+00
0.15040977896397028795787953201329E+01 -0.36162331691108079229175287075409E+00
0.15114210210021610236047967917335E+01 -0.36335729942346045552310909799716E+00
0.15186924219023988973945264982225E+01 -0.36507761328541833463081932889086E+00
0.15259117961825130255923399240726E+01 -0.36678415913348114478299388948591E+00
0.15330789532650170888471199567881E+01 -0.36847683582024414885822087210587E+00
0.15401937084632463545561320539844E+01 -0.37015554024941906026247298403860E+00
0.15472558833218767414822073868034E+01 -0.37182016719551341838623124839666E+00
0.15542653059911823854916838028297E+01 -0.37347060910644702581830563937261E+00
0.15612218116391692447002226635038E+01 -0.37510675588718909759590263994675E+00
0.15681252429063178314822973389456E+01 -0.37672849466224571721969099848919E+00
0.15749754504083632257296575204657E+01 -0.37833570951453409427369734302949E+00
0.15817722932933565189037514377127E+01 -0.37992828119783937500744243197639E+00
0.15885156398602067920575469134401E+01 -0.38150608681965569988786073055142E+00
0.15952053682470296584093058837524E+01 -0.38306899949075390215961348414512E+00
0.16018413671989594961405356878448E+01 -0.38461688793728129009747628859646E+00
0.16084235369266615084289972012193E+01 -0.38614961607057066626085164269782E+00
0.16149517900686600362138855514752E+01 -0.38766704250909735077467787031914E+00
0.16214260527728427975399183110229E+01 -0.38916902004615130744236090703194E+00
0.16278462659151989721559435679528E+01 -0.39065539505575978184854014912520E+00
0.16342123864770920407178441424687E+01 -0.39212600682817071056223167553142E+00
0.16405243891062971074260815106018E+01 -0.39358068682474397409953937525926E+00
0.16467822678918098742639247709706E+01 -0.39501925784034678353479758132480E+00
0.16529860383882644513514797453222E+01 -0.39644153305923792857838890986530E+00
0.16591357399329646032504544018223E+01 -0.39784731498787953323162056115539E+00
0.16652314383073744352505206234885E+01 -0.39923639424501258106403364710499E+00
0.16712732288058957451442742489153E+01 -0.40060854818554984230428042522543E+00
0.16772612397884797968229099923247E+01 -0.40196353933018967255438482457242E+00
0.16831956368108642121248667776300E+01 -0.40330111356690783753376306986166E+00
0.16890766274480624872158881194307E+01 -0.40462099808334121120294305517477E+00
0.16949044669545700574478664179583E+01 -0.40592289898013216635268439397872E+00
0.17006794649405235234319456999512E+01 -0.40720649850402453306671140951018E+00
0.17064019932894050737711967362586E+01 -0.40847145182517155851896362412539E+00
0.17120724956034732262111670285680E+01 -0.40971738326475023034534297572964E+00
0.17176914985430766676304962437955E+01 -0.41094388185523519203413871147337E+00
0.17232596255326415596650682252790E+01 -0.41215049608468009813980506546174E+00
0.17287776134499042632322569096751E+01 -0.41333672763543851556385285387784E+00
0.17342463331111767661690141207489E+01 -0.41450202387311116052313283205751E+00
0.17396668146367411179124820711779E+01 -0.41564576876755208892232143660125E+00
0.17450402791610397864722494602835E+01 -0.41676727182616304914782819129427E+00
0.17503681788946588240398061050442E+01 -0.41786575447760766096630765284613E+00
0.17556522483315910664551871784057E+01 -0.41894033314092385051489900073436E+00
0.17608945705584226992526260568231E+01 -0.41998999791575995992313147723473E+00
0.17660976643813009708870530431525E+01 -0.42101358536756534879023490744161E+00
0.17712646007198945254693680424071E+01 -0.42200974310251941636929152327227E+00
0.17763991611264108635434408161334E+01 -0.42297688221523874055194148944477E+00
0.17815060590111535720112398502414E+01 -0.42391310813684124997316449761463E+00
0.17865912696887204607821065728361E+01 -0.42481603871087722073632115688056E+00
0.17926756523634127311904679290235E+01 -0.42585274985231241712057511179516E+00
0.17987580105333024146458081246899E+01 -0.42683109024619376497022919603647E+00
0.18048641835846953704123440591715E+01 -0.42774384577612560865972273950518E+00
0.18110337941193164202149176276676E+01 -0.42857953925174925930457680332440E+00
0.18173318182426274594939587711546E+01 -0.42932206066444932694129166440649E+00
0.18235298768492520735630192287652E+01 -0.42991529241962374747936188406614E+00
0.18293492817577947762785698476349E+01 -0.43031425142112353889943323490184E+00
0.18348136762929641340275415527737E+01 -0.43051516851756755403033574385442E+00
0.18399488066461483099961270573125E+01 -0.43055007208390303836507374122453E+00
0.18447789421300557877691026452668E+01 -0.43026987641646438187703179910496E+00
0.18475824281134554438297882396727E+01 -0.43409869716261218864109709324284E+00
0.18506914719701558771237842133844E+01 -0.43781046951022958644537571235287E+00
0.18540714302807300108482677225403E+01 -0.44141489277607152471651005886739E+00
0.18576907889621754609188722998467E+01 -0.44491638700423796419264374116724E+00
0.18615162265825276920144594782740E+01 -0.44831862053551873846783895338769E+00
0.18653343358533095131802472208309E+01 -0.45147876439679868265318655962627E+00
0.18689821728545682562448307306824E+01 -0.45432358802643575441013915454771E+00
0.18724871976858368482362348140525E+01 -0.45692549030641428873272820522706E+00
0.18758653438675767818049424491580E+01 -0.45933033982387871640875107365899E+00
0.18791264882718101928606354427739E+01 -0.46156953901902590451851650754012E+00
0.18817596018827533711582515200214E+01 -0.46332529918987615054066784661810E+00
0.18843185380955657988750901964451E+01 -0.46499190509290795384416140621091E+00
0.18868053835209667340812721784297E+01 -0.46657714163533568026858325957205E+00
0.18892215671170756254161846985898E+01 -0.46808759775816222818520585673861E+00
0.18915682238499883833727632250024E+01 -0.46952866088358872408928124320104E+00
0.18938462152752285013163500036774E+01 -0.47090487376533052361275946260137E+00
0.18960562151927456671076164367494E+01 -0.47222008091125500003621815354687E+00
0.18981987488410956052039655185569E+01 -0.47347757465929244630578313233287E+00
0.19002742285593712561406885127763E+01 -0.47468019464235630790742364066345E+00
0.19022829781473640477432376425903E+01 -0.47583040835692097923801478106092E+00
0.19042252519349453588572631331080E+01 -0.47693037314316534561876933672540E+00
0.19061012491538566811328038315044E+01 -0.47798198574731780314200704070408E+00
0.19079111251208893561785554522733E+01 -0.47898692198763641721880020839118E+00
0.19096549999584425774393044715278E+01 -0.47994666895331819527466202504317E+00
0.19113329654809931706441111083968E+01 -0.48086255134069019733729122279303E+00
0.19129450906726389371524551719483E+01 -0.48173575318623003780163985580296E+00
0.19144914260799881421821338210791E+01 -0.48256733593218065113135007851385E+00
0.19159720073594981953171220235688E+01 -0.48335825354777791285627509804536E+00
0.19173868581608140264384726593646E+01 -0.48410936526430917049522433499162E+00
0.19187359924842566865675160588478E+01 -0.48482144636115022796369692173209E+00
0.19200194166188673426699016088057E+01 -0.48549519734755924132544586611622E+00
0.19212371307435457264515744754619E+01 -0.48613125181458641407475109563551E+00
0.19223891302558354187851557984621E+01 -0.48673018317701601532791293046302E+00
0.19234754068791918143964644698227E+01 -0.48729251048286527900837076897498E+00
0.19244959495890324975358059861132E+01 -0.48781870343465538373119677371028E+00
0.19254507453897068917556534847596E+01 -0.48830918674029954975990563508047E+00
0.19263397799681409550553784055423E+01 -0.48876434389043558430188101126059E+00
0.19271630382448394415112194982098E+01 -0.48918452044225458846209424162804E+00
0.19279205048384719322217040609217E+01 -0.48957002687716833695380718112366E+00
0.19286121644446404488464001553584E+01 -0.48992114111312372145221985988769E+00
0.19290367041782638646790030774985E+01 -0.49013623362161714833156927491160E+00
0.19294319853805260569542452513649E+01 -0.49033621770645157196113333248893E+00
0.19297980041482724297445022187574E+01 -0.49052115381631100106194151329629E+00
0.19301347565728772017963897162432E+01 -0.49069109758168810784336268882098E+00
0.19304422390287522700630666678207E+01 -0.49084609947175422884201959364230E+00
0.19307350909856062311517031434056E+01 -0.49099357556887827393453011623923E+00
0.19310279542988161418568922083466E+01 -0.49114091128945750907063182560545E+00
0.19313208290795905823963724417334E+01 -0.49128810745562127100629443795490E+00
0.19316137154360493975424905120818E+01 -0.49143516488514659967395061254477E+00
0.19319066134763047988140776150463E+01 -0.49158208438546755004995427021096E+00
0.19316137154360493975424905120818E+01 -0.49143516488514659967395061254477E+00
0.19313208290795905823963724417334E+01 -0.49128810745562127100629443795490E+00
0.19310279542988161418568922083466E+01 -0.49114091128945750907063182560545E+00
0.19307350909856062311517031434056E+01 -0.49099357556887827393453011623923E+00
0.19304422390287522700630666678207E+01 -0.49084609947175422884201959364230E+00
0.19301347565728772017963897162432E+01 -0.49069109758168810784336268882098E+00
0.19297980041482724297445022187574E+01 -0.49052115381631100106194151329629E+00
0.19294319853805260569542452513649E+01 -0.49033621770645157196113333248893E+00
0.19290367041782638646790030774985E+01 -0.49013623362161714833156927491160E+00
0.19286121644446404488464001553584E+01 -0.48992114111312372145221985988769E+00
0.19279205048384719322217040609217E+01 -0.48957002687716833695380718112366E+00
0.19271630382448394415112194982098E+01 -0.48918452044225458846209424162804E+00
0.19263397799681409550553784055423E+01 -0.48876434389043558430188101126059E+00
0.19254507453897068917556534847596E+01 -0.48830918674029954975990563508047E+00
0.19244959495890324975358059861132E+01 -0.48781870343465538373119677371028E+00
0.19234754068791918143964644698227E+01 -0.48729251048286527900837076897498E+00
0.19223891302558354187851557984621E+01 -0.48673018317701601532791293046302E+00
0.19212371307435457264515744754619E+01 -0.48613125181458641407475109563551E+00
0.19200194166188673426699016088057E+01 -0.48549519734755924132544586611622E+00
0.19187359924842566865675160588478E+01 -0.48482144636115022796369692173209E+00
0.19173868581608140264384726593646E+01 -0.48410936526430917049522433499162E+00
0.19159720073594981953171220235688E+01 -0.48335825354777791285627509804536E+00
0.19144914260799881421821338210791E+01 -0.48256733593218065113135007851385E+00
0.19129450906726389371524551719483E+01 -0.48173575318623003780163985580296E+00
0.19113329654809931706441111083968E+01 -0.48086255134069019733729122279303E+00
0.19096549999584425774393044715278E+01 -0.47994666895331819527466202504317E+00
0.19079111251208893561785554522733E+01 -0.47898692198763641721880020839118E+00
0.19061012491538566811328038315044E+01 -0.47798198574731780314200704070408E+00
0.19042252519349453588572631331080E+01 -0.47693037314316534561876933672540E+00
0.19022829781473640477432376425903E+01 -0.47583040835692097923801478106092E+00
0.19002742285593712561406885127763E+01 -0.47468019464235630790742364066345E+00
0.18981987488410956052039655185569E+01 -0.47347757465929244630578313233287E+00
0.18960562151927456671076164367494E+01 -0.47222008091125500003621815354687E+00
0.18938462152752285013163500036774E+01 -0.47090487376533052361275946260137E+00
0.18915682238499883833727632250024E+01 -0.46952866088358872408928124320104E+00
0.18892215671170756254161846985898E+01 -0.46808759775816222818520585673861E+00
0.18868053835209667340812721784297E+01 -0.46657714163533568026858325957205E+00
0.18843185380955657988750901964451E+01 -0.46499190509290795384416140621091E+00
0.18817596018827533711582515200214E+01 -0.46332529918987615054066784661810E+00
0.18791264882718101928606354427739E+01 -0.46156953901902590451851650754012E+00
0.18758653438675767818049424491580E+01 -0.45933033982387871640875107365899E+00
0.18724871976858368482362348140525E+01 -0.45692549030641428873272820522706E+00
0.18689821728545682562448307306824E+01 -0.45432358802643575441013915454771E+00
0.18653343358533095131802472208309E+01 -0.45147876439679868265318655962627E+00
0.18615162265825276920144594782740E+01 -0.44831862053551873846783895338769E+00
0.18576907889621754609188722998467E+01 -0.44491638700423796419264374116724E+00
0.18540714302807300108482677225403E+01 -0.44141489277607152471651005886739E+00
0.18506914719701558771237842133844E+01 -0.43781046951022958644537571235287E+00
0.18475824281134554438297882396727E+01 -0.43409869716261218864109709324284E+00
