0.76773307194721459650529132940328E+00 0.94545386005200417020502722544465E+00
0.77478400703003688971902074723981E+00 0.94126259759109024839243310218133E+00
0.78144266647385323173419580121205E+00 0.93733943005799554923190223165186E+00
0.78767687271835348975107974466190E+00 0.93369480742959114184677662344628E+00
0.79346254789695564448990739004093E+00 0.93033732029300569246746496783435E+00
0.79877444187590986724195886031525E+00 0.92727596977772407762609253298112E+00
0.80361490821648006473279138899611E+00 0.92450395879365269572501680125451E+00
0.80808281833018857404967571388857E+00 0.92196018556416376345121993938703E+00
0.81226197477074597867695107099547E+00 0.91959369283539746453329422500913E+00
0.81620812368289713884948232241260E+00 0.91737052233827460541836549126368E+00
0.81996069725298571191223522323870E+00 0.91526661582634219569977873944541E+00
0.81620812368289713884948232241260E+00 0.91737052233827460541836549126368E+00
0.81226197477074597867695107099547E+00 0.91959369283539746453329422500913E+00
0.80808281833018857404967571388857E+00 0.92196018556416376345121993938703E+00
0.80361490821648006473279138899611E+00 0.92450395879365269572501680125451E+00
0.79877444187590986724195886031525E+00 0.92727596977772407762609253298112E+00
0.79346254789695564448990739004093E+00 0.93033732029300569246746496783435E+00
0.78767687271835348975107974466190E+00 0.93369480742959114184677662344628E+00
0.78144266647385323173419580121205E+00 0.93733943005799554923190223165186E+00
0.77478400703003688971902074723981E+00 0.94126259759109024839243310218133E+00
0.76773307194721459650529132940328E+00 0.94545386005200417020502722544465E+00
0.76815122619387221478612915637143E+00 0.95723055183428622755458200936822E+00
0.76958664797175246327995952866596E+00 0.96935942879919152341047308650985E+00
0.77162090063041433670413706052386E+00 0.98187894034690429367872010470655E+00
0.77430809253205474157277710045942E+00 0.99477942803813450048962405222605E+00
0.77761254514543271563938151933037E+00 0.10080541409851402156433805336483E+01
0.78130862982131263891373423096689E+00 0.10210819994414497332046622006484E+01
0.78516588280229024823404835399267E+00 0.10334232802975277895982564325308E+01
0.78914790340787574554781708597761E+00 0.10452541853798249384494038015041E+01
0.79322751424427120553570815173668E+00 0.10566840017928961010347870317553E+01
0.79738593306433814122061013481035E+00 0.10677850197750010595151915881460E+01
0.80089821820053161988417836879633E+00 0.10768227954572152710194032083885E+01
0.80444649698497271965907715767209E+00 0.10856903357059600211191767492416E+01
0.80802436490062054504452596626005E+00 0.10944051757557154461832489909865E+01
0.81162650313001977999678961282219E+00 0.11029813463065230151833916865268E+01
0.81524833933732842073668395993023E+00 0.11114302802526099036204422932178E+01
0.81888589652989556911032158965774E+00 0.11197614167603454678612586908239E+01
0.82253568439319249102833240102133E+00 0.11279826361551815724083436699379E+01
0.82619461618085768779702989000997E+00 0.11361005809987547079213601812597E+01
0.82985994353038531639696045150887E+00 0.11441208977897939184226206227381E+01
0.83352920449072542750077964069044E+00 0.11520484219568052226309133834148E+01
0.83720018154347699657495719706343E+00 0.11598873215264423907683147575765E+01
0.84087086732110733384588344766266E+00 0.11676412101550553580662758321101E+01
0.84453943633954040064215184879604E+00 0.11753132370973158942965565886979E+01
0.84820422148838930989634726758058E+00 0.11829061595740927877082924952052E+01
0.85186369432555696275590393612198E+00 0.11904224015409599959451782875278E+01
0.85551644844346549951673747484277E+00 0.11978641018303235828123392364649E+01
0.85916118533707582668794834537436E+00 0.12052331539046125659170743452250E+01
0.86279670232587884484254404341461E+00 0.12125312389242899027278756894767E+01
0.86642188217457421987731757428977E+00 0.12197598534420859767998274120489E+01
0.87003568412810437394843497066264E+00 0.12269203327429187812055091992645E+01
0.87363713613167216099574408472657E+00 0.12340138706293091709310952954577E+01
0.87722532804933338374018603542568E+00 0.12410415362851299595261953334587E+01
0.88079940572863095727826329175285E+00 0.12480042887223860920599250621286E+01
0.88435856578565965807771702733138E+00 0.12549029892165047285087633975227E+01
0.88790205100650027642825103576892E+00 0.12617384120581571763572956260818E+01
0.89142914627833651656813811652906E+00 0.12685112538886869376903464079631E+01
0.89493917497766024065669940146580E+00 0.12752221418379212266643230322931E+01
0.89843149575447337044804020757756E+00 0.12818716406446033020344542091912E+01
0.90190549966083613112749553610974E+00 0.12884602589087322534959093251480E+01
0.90536060757990160702585898816700E+00 0.12949884546000921512883446186998E+01
0.90879626791803730506737464810127E+00 0.13014566399269318945160677733278E+01
0.91221195452801887881974791929752E+00 0.13078651856521572749494866770401E+01
0.91560716483578679962358796868257E+00 0.13142144249307648209506233797097E+01
0.91898141814704637399411401829729E+00 0.13205046567309959394826919243750E+01
0.92233425411318841526318960056269E+00 0.13267361488923673277882846133352E+01
0.92566523133871720336601322711252E+00 0.13329091408659648334056631288256E+01
0.92897392611467796597194876567858E+00 0.13390238461758969348533485594755E+01
0.93225993126454177682343227772752E+00 0.13450804546353520948039383729299E+01
0.93552285509069030267741137719759E+00 0.13510791343461103830451546571581E+01
0.93876232041108976141031575672510E+00 0.13570200335064739402270407279327E+01
0.94197796367699050451760092337283E+00 0.13629032820492824545614400381387E+01
0.94516943416356593130549030735594E+00 0.13687289931288719604538753947927E+01
0.94833639322633844962749556827706E+00 0.13744972644734341447151637309301E+01
0.95147851361705250727624454891331E+00 0.13802081796171774984574267915189E+01
0.95459547885336123847161738276488E+00 0.13858618090249238718233249328533E+01
0.95768698263731161186893891580029E+00 0.13914582111202493156096122411417E+01
0.96075272831815423860797558517156E+00 0.13969974332269615304050124708515E+01
0.96379242839547801288754512772879E+00 0.14024795124325648035859586421407E+01
0.96680580405908844533003962950300E+00 0.14079044763813701531733008618170E+01
0.96979258476241627761654353823232E+00 0.14132723440040461879812248169304E+01
0.97275250782656825374365048752996E+00 0.14185831261896505442366691563039E+01
0.97568531807242000631477770647124E+00 0.14238368264055221826983331763511E+01
0.97859076747840675156850997557416E+00 0.14290334412698358584012137061682E+01
0.98146861486189365216673858217502E+00 0.14341729610811117798496170028063E+01
0.98431862558221052896653975383171E+00 0.14392553703085243996685151437412E+01
0.98714057126361512088387410234210E+00 0.14442806480464600136185545376357E+01
0.98993422953661080693365259965748E+00 0.14492487684364219175534097553038E+01
0.99269938379618790447039444540174E+00 0.14541597010590742610754558647508E+01
0.99543582297568711311116021558528E+00 0.14590134112989380689960394241911E+01
0.99814334133509979824766280784054E+00 0.14638098606840113135095338325269E+01
0.10008217382627233822533794295794E+01 0.14685490072023653911939548111696E+01
0.10034708180891845498970342110132E+01 0.14732308055975774167725477265245E+01
0.10060903899129267441070857456525E+01 0.14778552076446838677388151117825E+01
0.10086802674363356470214108069463E+01 0.14824221624081855031469748672910E+01
0.10112402688117447393915238062933E+01 0.14869316164834957968253521671819E+01
0.10137702164966256460751104926168E+01 0.14913835142230984557635366093860E+01
0.10162699371173251083243870252656E+01 0.14957777979485689458621860236255E+01
0.10187392613407603129527686487603E+01 0.15001144081495133301782207737546E+01
0.10211780237535339167833633672947E+01 0.15043932836703856080657971841878E+01
0.10235860627479689756344791860950E+01 0.15086143618860658804785159980547E+01
0.10259632204146056303419477916760E+01 0.15127775788670022551153487302798E+01
0.10283093424407355083594399250568E+01 0.15168828695346580271264226188023E+01
0.10306242780145814863735233594381E+01 0.15209301678079396609786991037455E+01
0.10329078797347614973694875873481E+01 0.15249194067412293754806338579830E+01
0.10351600035247001540376670199274E+01 0.15288505186545943450175840752542E+01
0.10373805085516781316910291124610E+01 0.15327234352566990913126180442581E+01
0.10395692571502311772998933783377E+01 0.15365380877609068011070290620307E+01
0.10417261147496310074100555012067E+01 0.15402944069950167106866124799552E+01
0.10438509498052007056265837395401E+01 0.15439923235050504192851105072798E+01
0.10459436337332330403182904038574E+01 0.15476317676534689597373413782938E+01
0.10480040408492979367128214142599E+01 0.15512126697121729352270233661586E+01
0.10500320483097386420919807119745E+01 0.15547349599506121968711436196116E+01
0.10520275360561712053880568849821E+01 0.15581985687193070153912211725551E+01
0.10539903867628135293119006926579E+01 0.15616034265290609882174004161761E+01
0.10559204857864823694293962306422E+01 0.15649494641261253199522686596290E+01
0.10578177211191072741925544441571E+01 0.15682366125635552961704334056357E+01
0.10596819833426206940273155954911E+01 0.15714648032689832344379477527783E+01
0.10615131655860923616221123636722E+01 0.15746339681090157323047974358470E+01
0.10633111634849848329777496143997E+01 0.15777440394504487349127642491147E+01
0.10650758751424149485208468055410E+01 0.15807949502184808878534689243821E+01
0.10668072010923134347711033185790E+01 0.15837866339520926747581666766227E+01
0.10685050442643813983448146745676E+01 0.15867190248567478411558869892578E+01
0.10701693099507493320786324089426E+01 0.15895920578545629312328051420311E+01
0.10717999057742495166524446382199E+01 0.15924056686320808791895414211687E+01
0.10733967416582189618502997115050E+01 0.15951597936857759741635599486696E+01
0.10749597297977542831827812240330E+01 0.15978543703654083178491133534219E+01
0.10764887846323456088044733920409E+01 0.16004893369153392591432716076594E+01
0.10779838228198202756654839585501E+01 0.16030646325139112521498025177213E+01
0.10794447632115316459512113025194E+01 0.16055801973109886240260452300395E+01
0.10808715268287324018105155478169E+01 0.16080359724637512443143334204686E+01
0.10822640368400747016845373009708E+01 0.16104319001708246141206401180704E+01
0.10836222185401838086691689884915E+01 0.16127679237048271466265663645477E+01
0.10849459993292541700823415035506E+01 0.16150439874434088102187131693148E+01
0.10862353086936205131805859712157E+01 0.16172600368988507451828293314418E+01
0.10874900781872590706386312690512E+01 0.16194160187462921276815933549884E+01
0.10887102414141766013754110683041E+01 0.16215118808506450151100891437717E+01
0.10898957340116476195000505684980E+01 0.16235475722922553712148713434895E+01
0.10910464936342622151662039418869E+01 0.16255230433913643818891770456123E+01
0.10921624599387491540141975972031E+01 0.16274382457314202309886486734262E+01
0.10932435745695413214009826827085E+01 0.16292931321812890995271977733796E+01
0.10942897811450518961920953234771E+01 0.16310876569164089690093189695872E+01
0.10953010252446320318296103153400E+01 0.16328217754389289764017236362174E+01
0.10962772543961821180735483475823E+01 0.16344954445968735807636924036111E+01
0.10972184180643906541673580308294E+01 0.16361086226023683230577065295115E+01
0.10981244676395761315638874925425E+01 0.16376612690489620922384590277442E+01
0.10989953564271086704246607495600E+01 0.16391533449280783402308632567299E+01
0.10998310396373898579750039087437E+01 0.16405848126446258587499379818745E+01
0.11006314743763702808293656903785E+01 0.16419556360317975852801029115509E+01
0.11013966196365853208883570026541E+01 0.16432657803650844519156937446480E+01
0.11021264362886920796059546493563E+01 0.16445152123755289260017496930136E+01
0.11028208870734880767854511923472E+01 0.16457039002622429442535608475253E+01
0.11034799365944028872972622974195E+01 0.16468318137042082602221872531711E+01
0.11041035513104278114425216158807E+01 0.16478989238713914067698307578878E+01
0.11046916995295283871678331207343E+01 0.16489052034351578802177429683778E+01
0.11052443514023565072483819397431E+01 0.16498506265781031135248823222641E+01
0.11057614789167444394604797178445E+01 0.16507351690030276389927375348945E+01
0.11062430558915430763533688856782E+01 0.16515588079419056183706982613924E+01
0.11066890579739029459753582917353E+01 0.16523215221624586516898493709136E+01
0.11070994626282202553805351661746E+01 0.16530232919792290855725946315682E+01
0.11074742491503427333423618678519E+01 0.16536640992495136295314918911641E+01
0.11077043095618456117944815105204E+01 0.16540574277693710203128963432506E+01
0.11079185261001576776302249222152E+01 0.16544236498972320590128464247940E+01
0.11081168939683285170868540495186E+01 0.16547627614161221687517311783091E+01
0.11082994087272525295092113978411E+01 0.16550747584183925188239385385406E+01
0.11084660662941815838858704846448E+01 0.16553596373069547156608343567035E+01
0.11086247999039559622097618450570E+01 0.16556309612404067060624108842422E+01
0.11087835453337765713275404970792E+01 0.16559022956220261878447820720932E+01
0.11089423025819820594967825202828E+01 0.16561736404547047464581194915560E+01
0.11091010716458432872269011103159E+01 0.16564449957419570360888079133564E+01
0.11092598525259712590301045235021E+01 0.16567163614853416706993888400059E+01
0.11091010716458432872269011103159E+01 0.16564449957419570360888079133564E+01
0.11089423025819820594967825202828E+01 0.16561736404547047464581194915560E+01
0.11087835453337765713275404970792E+01 0.16559022956220261878447820720932E+01
0.11086247999039559622097618450570E+01 0.16556309612404067060624108842422E+01
0.11084660662941815838858704846448E+01 0.16553596373069547156608343567035E+01
0.11082994087272525295092113978411E+01 0.16550747584183925188239385385406E+01
0.11081168939683285170868540495186E+01 0.16547627614161221687517311783091E+01
0.11079185261001576776302249222152E+01 0.16544236498972320590128464247940E+01
0.11077043095618456117944815105204E+01 0.16540574277693710203128963432506E+01
0.11074742491503427333423618678519E+01 0.16536640992495136295314918911641E+01
0.11070994626282202553805351661746E+01 0.16530232919792290855725946315682E+01
0.11066890579739029459753582917353E+01 0.16523215221624586516898493709136E+01
0.11062430558915430763533688856782E+01 0.16515588079419056183706982613924E+01
0.11057614789167444394604797178445E+01 0.16507351690030276389927375348945E+01
0.11052443514023565072483819397431E+01 0.16498506265781031135248823222641E+01
0.11046916995295283871678331207343E+01 0.16489052034351578802177429683778E+01
0.11041035513104278114425216158807E+01 0.16478989238713914067698307578878E+01
0.11034799365944028872972622974195E+01 0.16468318137042082602221872531711E+01
0.11028208870734880767854511923472E+01 0.16457039002622429442535608475253E+01
0.11021264362886920796059546493563E+01 0.16445152123755289260017496930136E+01
0.11013966196365853208883570026541E+01 0.16432657803650844519156937446480E+01
0.11006314743763702808293656903785E+01 0.16419556360317975852801029115509E+01
0.10998310396373898579750039087437E+01 0.16405848126446258587499379818745E+01
0.10989953564271086704246607495600E+01 0.16391533449280783402308632567299E+01
0.10981244676395761315638874925425E+01 0.16376612690489620922384590277442E+01
0.10972184180643906541673580308294E+01 0.16361086226023683230577065295115E+01
0.10962772543961821180735483475823E+01 0.16344954445968735807636924036111E+01
0.10953010252446320318296103153400E+01 0.16328217754389289764017236362174E+01
0.10942897811450518961920953234771E+01 0.16310876569164089690093189695872E+01
0.10932435745695413214009826827085E+01 0.16292931321812890995271977733796E+01
0.10921624599387491540141975972031E+01 0.16274382457314202309886486734262E+01
0.10910464936342622151662039418869E+01 0.16255230433913643818891770456123E+01
0.10898957340116476195000505684980E+01 0.16235475722922553712148713434895E+01
0.10887102414141766013754110683041E+01 0.16215118808506450151100891437717E+01
0.10874900781872590706386312690512E+01 0.16194160187462921276815933549884E+01
0.10862353086936205131805859712157E+01 0.16172600368988507451828293314418E+01
0.10849459993292541700823415035506E+01 0.16150439874434088102187131693148E+01
0.10836222185401838086691689884915E+01 0.16127679237048271466265663645477E+01
0.10822640368400747016845373009708E+01 0.16104319001708246141206401180704E+01
0.10808715268287324018105155478169E+01 0.16080359724637512443143334204686E+01
0.10794447632115316459512113025194E+01 0.16055801973109886240260452300395E+01
0.10779838228198202756654839585501E+01 0.16030646325139112521498025177213E+01
0.10764887846323456088044733920409E+01 0.16004893369153392591432716076594E+01
0.10749597297977542831827812240330E+01 0.15978543703654083178491133534219E+01
0.10733967416582189618502997115050E+01 0.15951597936857759741635599486696E+01
0.10717999057742495166524446382199E+01 0.15924056686320808791895414211687E+01
0.10701693099507493320786324089426E+01 0.15895920578545629312328051420311E+01
0.10685050442643813983448146745676E+01 0.15867190248567478411558869892578E+01
0.10668072010923134347711033185790E+01 0.15837866339520926747581666766227E+01
0.10650758751424149485208468055410E+01 0.15807949502184808878534689243821E+01
0.10633111634849848329777496143997E+01 0.15777440394504487349127642491147E+01
0.10615131655860923616221123636722E+01 0.15746339681090157323047974358470E+01
0.10596819833426206940273155954911E+01 0.15714648032689832344379477527783E+01
0.10578177211191072741925544441571E+01 0.15682366125635552961704334056357E+01
0.10559204857864823694293962306422E+01 0.15649494641261253199522686596290E+01
0.10539903867628135293119006926579E+01 0.15616034265290609882174004161761E+01
0.10520275360561712053880568849821E+01 0.15581985687193070153912211725551E+01
0.10500320483097386420919807119745E+01 0.15547349599506121968711436196116E+01
0.10480040408492979367128214142599E+01 0.15512126697121729352270233661586E+01
0.10459436337332330403182904038574E+01 0.15476317676534689597373413782938E+01
0.10438509498052007056265837395401E+01 0.15439923235050504192851105072798E+01
0.10417261147496310074100555012067E+01 0.15402944069950167106866124799552E+01
0.10395692571502311772998933783377E+01 0.15365380877609068011070290620307E+01
0.10373805085516781316910291124610E+01 0.15327234352566990913126180442581E+01
0.10351600035247001540376670199274E+01 0.15288505186545943450175840752542E+01
0.10329078797347614973694875873481E+01 0.15249194067412293754806338579830E+01
0.10306242780145814863735233594381E+01 0.15209301678079396609786991037455E+01
0.10283093424407355083594399250568E+01 0.15168828695346580271264226188023E+01
0.10259632204146056303419477916760E+01 0.15127775788670022551153487302798E+01
0.10235860627479689756344791860950E+01 0.15086143618860658804785159980547E+01
0.10211780237535339167833633672947E+01 0.15043932836703856080657971841878E+01
0.10187392613407603129527686487603E+01 0.15001144081495133301782207737546E+01
0.10162699371173251083243870252656E+01 0.14957777979485689458621860236255E+01
0.10137702164966256460751104926168E+01 0.14913835142230984557635366093860E+01
0.10112402688117447393915238062933E+01 0.14869316164834957968253521671819E+01
0.10086802674363356470214108069463E+01 0.14824221624081855031469748672910E+01
0.10060903899129267441070857456525E+01 0.14778552076446838677388151117825E+01
0.10034708180891845498970342110132E+01 0.14732308055975774167725477265245E+01
0.10008217382627233822533794295794E+01 0.14685490072023653911939548111696E+01
0.99814334133509979824766280784054E+00 0.14638098606840113135095338325269E+01
0.99543582297568711311116021558528E+00 0.14590134112989380689960394241911E+01
0.99269938379618790447039444540174E+00 0.14541597010590742610754558647508E+01
0.98993422953661080693365259965748E+00 0.14492487684364219175534097553038E+01
0.98714057126361512088387410234210E+00 0.14442806480464600136185545376357E+01
0.98431862558221052896653975383171E+00 0.14392553703085243996685151437412E+01
0.98146861486189365216673858217502E+00 0.14341729610811117798496170028063E+01
0.97859076747840675156850997557416E+00 0.14290334412698358584012137061682E+01
0.97568531807242000631477770647124E+00 0.14238368264055221826983331763511E+01
0.97275250782656825374365048752996E+00 0.14185831261896505442366691563039E+01
0.96979258476241627761654353823232E+00 0.14132723440040461879812248169304E+01
0.96680580405908844533003962950300E+00 0.14079044763813701531733008618170E+01
0.96379242839547801288754512772879E+00 0.14024795124325648035859586421407E+01
0.96075272831815423860797558517156E+00 0.13969974332269615304050124708515E+01
0.95768698263731161186893891580029E+00 0.13914582111202493156096122411417E+01
0.95459547885336123847161738276488E+00 0.13858618090249238718233249328533E+01
0.95147851361705250727624454891331E+00 0.13802081796171774984574267915189E+01
0.94833639322633844962749556827706E+00 0.13744972644734341447151637309301E+01
0.94516943416356593130549030735594E+00 0.13687289931288719604538753947927E+01
0.94197796367699050451760092337283E+00 0.13629032820492824545614400381387E+01
0.93876232041108976141031575672510E+00 0.13570200335064739402270407279327E+01
0.93552285509069030267741137719759E+00 0.13510791343461103830451546571581E+01
0.93225993126454177682343227772752E+00 0.13450804546353520948039383729299E+01
0.92897392611467796597194876567858E+00 0.13390238461758969348533485594755E+01
0.92566523133871720336601322711252E+00 0.13329091408659648334056631288256E+01
0.92233425411318841526318960056269E+00 0.13267361488923673277882846133352E+01
0.91898141814704637399411401829729E+00 0.13205046567309959394826919243750E+01
0.91560716483578679962358796868257E+00 0.13142144249307648209506233797097E+01
0.91221195452801887881974791929752E+00 0.13078651856521572749494866770401E+01
0.90879626791803730506737464810127E+00 0.13014566399269318945160677733278E+01
0.90536060757990160702585898816700E+00 0.12949884546000921512883446186998E+01
0.90190549966083613112749553610974E+00 0.12884602589087322534959093251480E+01
0.89843149575447337044804020757756E+00 0.12818716406446033020344542091912E+01
0.89493917497766024065669940146580E+00 0.12752221418379212266643230322931E+01
0.89142914627833651656813811652906E+00 0.12685112538886869376903464079631E+01
0.88790205100650027642825103576892E+00 0.12617384120581571763572956260818E+01
0.88435856578565965807771702733138E+00 0.12549029892165047285087633975227E+01
0.88079940572863095727826329175285E+00 0.12480042887223860920599250621286E+01
0.87722532804933338374018603542568E+00 0.12410415362851299595261953334587E+01
0.87363713613167216099574408472657E+00 0.12340138706293091709310952954577E+01
0.87003568412810437394843497066264E+00 0.12269203327429187812055091992645E+01
0.86642188217457421987731757428977E+00 0.12197598534420859767998274120489E+01
0.86279670232587884484254404341461E+00 0.12125312389242899027278756894767E+01
0.85916118533707582668794834537436E+00 0.12052331539046125659170743452250E+01
0.85551644844346549951673747484277E+00 0.11978641018303235828123392364649E+01
0.85186369432555696275590393612198E+00 0.11904224015409599959451782875278E+01
0.84820422148838930989634726758058E+00 0.11829061595740927877082924952052E+01
0.84453943633954040064215184879604E+00 0.11753132370973158942965565886979E+01
0.84087086732110733384588344766266E+00 0.11676412101550553580662758321101E+01
0.83720018154347699657495719706343E+00 0.11598873215264423907683147575765E+01
0.83352920449072542750077964069044E+00 0.11520484219568052226309133834148E+01
0.82985994353038531639696045150887E+00 0.11441208977897939184226206227381E+01
0.82619461618085768779702989000997E+00 0.11361005809987547079213601812597E+01
0.82253568439319249102833240102133E+00 0.11279826361551815724083436699379E+01
0.81888589652989556911032158965774E+00 0.11197614167603454678612586908239E+01
0.81524833933732842073668395993023E+00 0.11114302802526099036204422932178E+01
0.81162650313001977999678961282219E+00 0.11029813463065230151833916865268E+01
0.80802436490062054504452596626005E+00 0.10944051757557154461832489909865E+01
0.80444649698497271965907715767209E+00 0.10856903357059600211191767492416E+01
0.80089821820053161988417836879633E+00 0.10768227954572152710194032083885E+01
0.79738593306433814122061013481035E+00 0.10677850197750010595151915881460E+01
0.79322751424427120553570815173668E+00 0.10566840017928961010347870317553E+01
0.78914790340787574554781708597761E+00 0.10452541853798249384494038015041E+01
0.78516588280229024823404835399267E+00 0.10334232802975277895982564325308E+01
0.78130862982131263891373423096689E+00 0.10210819994414497332046622006484E+01
0.77761254514543271563938151933037E+00 0.10080541409851402156433805336483E+01
0.77430809253205474157277710045942E+00 0.99477942803813450048962405222605E+00
0.77162090063041433670413706052386E+00 0.98187894034690429367872010470655E+00
0.76958664797175246327995952866596E+00 0.96935942879919152341047308650985E+00
0.76815122619387221478612915637143E+00 0.95723055183428622755458200936822E+00
0.76773307194721459650529132940328E+00 0.94545386005200417020502722544465E+00
0.75755158126104658317349783101233E+00 0.93941073240524597836974972540180E+00
0.74728969496704637394571780299877E+00 0.93245552742705653049906269085317E+00
0.73685626504531401947698720667265E+00 0.92466772521219330405370210303778E+00
0.72623315350567387063196145607658E+00 0.91603680035620117387675393058641E+00
0.71538444070958802458037271821986E+00 0.90658538771972419178003080053774E+00
0.70478447808543458669684858908940E+00 0.89679619613433919263238918800272E+00
0.69475701089577770579396141580772E+00 0.88709276758895248227408393571560E+00
0.68513564084285016587094512793773E+00 0.87742431182261344021111102019627E+00
0.67581669807830208309971235146442E+00 0.86776227793029915737490364637300E+00
0.66673033783666856196203147588944E+00 0.85808967286574303959311760707249E+00
0.65930081982966977451076076782420E+00 0.85001242388262024978595201444160E+00
0.65197613272745635952596378208271E+00 0.84191675322694121907764370535279E+00
0.64474025745732192375665643863802E+00 0.83379878917985628643064344319255E+00
0.63757915106872462893031440128246E+00 0.82565670775639783417119110215352E+00
0.63048168499460256225056571556879E+00 0.81748890749272393333310293441382E+00
0.62343851071202249526320013055638E+00 0.80929435191967444406929619972532E+00
0.61644183643197508628939629814003E+00 0.80107228802183270446557427881026E+00
0.60948505896958081532056356066062E+00 0.79282221917798292081386548818777E+00
0.60256255300334435935384525590363E+00 0.78454382878427336436835616035245E+00
0.59566948653183699509250980006622E+00 0.77623694310243140273537030670831E+00
0.58880168459939471219995634113877E+00 0.76790149743271504269894526786204E+00
0.58195551921636385336816997702670E+00 0.75953751271139389285875537919570E+00
0.57512782231239489525097414348903E+00 0.75114507702676835597376681709663E+00
0.56831581523938891387693671162070E+00 0.74272433164097238597936815503268E+00
0.56151705146026346822964412258246E+00 0.73427546008170322216278669099482E+00
0.55472936944948876503406717654268E+00 0.72579867964521171683600102089082E+00
0.54795085371667843713718610834463E+00 0.71729423470370086485465799321533E+00
0.54117980230663980596443468429259E+00 0.70876239140963031181406470635564E+00
0.53441469952252454935125375061401E+00 0.70020343347859408129911631088022E+00
0.52765419288962040413747681742168E+00 0.69161765881503531666028301068208E+00
0.52089707358909924588684507865801E+00 0.68300537679979055234679103765758E+00
0.51414225974991031819189802333227E+00 0.67436690610100077140835575886740E+00
0.50738878211002845300221173813556E+00 0.66570257290112211692581493100377E+00
0.50063577165345634155285461366317E+00 0.65701270945653934576966182087267E+00
0.49388244890393542473192474770854E+00 0.64829765292430522826094927198554E+00
0.48712811461507680722820718041003E+00 0.63955774440436785852704793692380E+00
0.48037214164328410735585253318297E+00 0.63079332815633187143704588506805E+00
0.47361396782714663963171044439882E+00 0.62200475095809902374744312695494E+00
0.46685308972699429020968196675769E+00 0.61319236158023079004082226737145E+00
0.46008905710259970246010621176234E+00 0.60435651035497817004534111506132E+00
0.45332146802679191136698157647586E+00 0.59549754882296548112868902902394E+00
0.44654996454892698540350860711670E+00 0.58661582944372174774701495764150E+00
0.43977422883547782403512793132803E+00 0.57771170535881773113090119709623E+00
0.43299397972600761393566508215084E+00 0.56878553019842317041740841441462E+00
0.42620896965192641519069245718320E+00 0.55983765792375095244401952031501E+00
0.41941898187305755331369231523530E+00 0.55086844269919988462065794567897E+00
0.41262382799340997557922179449910E+00 0.54187823878909073065447792441542E+00
0.40582334572293170948596186678081E+00 0.53286740047477716973959377325824E+00
0.39901739685653487416953889626708E+00 0.52383628198863949504554221678217E+00
0.39220586544552647548599716318630E+00 0.51478523746205815993021719308179E+00
0.38538865613983474273881392489508E+00 0.50571462088495855278638097680503E+00
0.37856569268220096681868311631739E+00 0.49662478607491473854765846816066E+00
0.37173691653788570099287477865590E+00 0.48751608665413802019962689774401E+00
0.36490228564547803621008083629357E+00 0.47838887603295058586141352595410E+00
0.35806177327615168662362639695457E+00 0.46924350739857134721679755378905E+00
0.35121536699022906671795690752096E+00 0.46008033370823729213968860424924E+00
0.34436306768122442927449556514090E+00 0.45089970768583750206770087921066E+00
0.33750488869867552447556023732775E+00 0.44170198182137438659955297621002E+00
0.33064085504206222939411994125723E+00 0.43248750837267603644794668673490E+00
0.32377100261897497980094254612121E+00 0.42325663936887695331338755953571E+00
0.31689537756144840435404502037712E+00 0.41400972661526516741088025568718E+00
0.31001403559503674261524585164343E+00 0.40474712169915698542550502822185E+00
0.30312704145578759035910701923543E+00 0.39546917599651785808224499485451E+00
0.29623446835078088024726484937939E+00 0.38617624067909566344706546048730E+00
0.28933639745834847384049319863821E+00 0.37686866672186823207344004308820E+00
0.28243291746448787369607173627419E+00 0.36754680491064624427375686015516E+00
0.27552412413233531694327220684457E+00 0.35821100584969544308394477789535E+00
0.26861011990187381671411493476786E+00 0.34886161996926866694859660947462E+00
0.26169101351732914081459220950212E+00 0.33949899753295785313904487377008E+00
0.25476691967995263865840747406972E+00 0.33012348864479275667447374270062E+00
0.24783795872411029663539711302979E+00 0.32073544325602819591720401057306E+00
0.24090425631479057061577468401289E+00 0.31133521117157222508403570262374E+00
0.23396594316482164063583880653873E+00 0.30192314205601963716655440646425E+00
0.22702315477024458959662977309977E+00 0.29249958543926339699675855089203E+00
0.22007603116242633609689991241498E+00 0.28306489072166171596707521295624E+00
0.21312471667562975902992656583541E+00 0.27361940717874848469202096552375E+00
0.20616935972886282250527601744438E+00 0.26416348396547619375685570210510E+00
0.19921011262093861990550197775272E+00 0.25469747011998567801146642174548E+00
0.19224713133776652544262977748219E+00 0.24522171456690352740245839037891E+00
0.18528057537097751400034534464331E+00 0.23573656612016514734740721500065E+00
0.17831060754706526023168975968831E+00 0.22624237348536974209695044762941E+00
0.17133739386628842066560093577273E+00 0.21673948526167195745023548465262E+00
0.16436110335064553900365281275362E+00 0.20722824994321652485368174792975E+00
0.15738190790028797271702023133817E+00 0.19770901592012606401221620091080E+00
0.15039998215778473372305209502749E+00 0.18818213147905046440782975210396E+00
0.14341550337970677171509962391269E+00 0.17864794480328836706759534752805E+00
0.13642865131503111139034300161311E+00 0.16910680397249270606583585883056E+00
0.12943960808991115539672613962444E+00 0.15955905696196876654826047098715E+00
0.12244855809839081769602056845342E+00 0.15000505164158061381564876181888E+00
0.11545568789867303331905095779368E+00 0.14044513577427385067180874108611E+00
0.10846118611458285980826420368411E+00 0.13087965701422908029276681172068E+00
0.10146524334189175577535097774481E+00 0.12130896290465665396891379778347E+00
0.94468052059194058384116089701329E-01 0.11173340087524520551361184821912E+00
0.87469806543050249656855211333244E-01 0.10215331823927601488210256319957E+00
0.80470702787130744219525423763082E-01 0.92569062190413218300978261662066E-01
0.73470938425114264454316245862754E-01 0.82980979799183571978183279849303E-01
0.66470712657111413876876284823983E-01 0.73389418009154740778484613791377E-01
0.59470226179400075836469531393807E-01 0.63794723632824436563361110231861E-01
0.52469681117276333501280273938750E-01 0.54197243347231392603253851501862E-01
0.45469280960833685893233743086458E-01 0.44597323689295503436645985018381E-01
0.38469230503500320218838305128559E-01 0.34995311050902887612290759162410E-01
0.31469735783174847567987063297225E-01 0.25391551673738656232212188513659E-01
0.24471004025807940305611746295336E-01 0.15786391643883811748858083892932E-01
0.17473243591294005836668769215980E-01 0.61801768861801830492700265138307E-02
0.10476663921538905036162830225930E-01 -0.34267468416249544597209956072788E-02
0.34814754905847236423952873757286E-02 -0.13034033954946231568527293886469E-01
-0.35121102433246654334503543403138E-02 -0.22641339048632058753085384286968E-01
-0.10503880883843629951675287927532E-01 -0.32248316903432117105084326325440E-01
-0.17493623140888775072567229199693E-01 -0.41854622492652729492506398524622E-01
-0.24481122873363056398879095074100E-01 -0.51459910988993293652985998176689E-01
-0.31466165130326268209884954948505E-01 -0.61063837771555808043501547211617E-01
-0.38448534190694312181128074041197E-01 -0.70666058433020342257488563972561E-01
-0.45428013601546713851557243725997E-01 -0.80266228786980712173668309870987E-01
-0.52404386215110203847834326211587E-01 -0.89864004875432631218548222031533E-01
-0.59377434224494198237745911110024E-01 -0.99459042976409039987667174230859E-01
-0.66346939198233654330383869206797E-01 -0.10905099961175599962140603971364E+00
-0.73312682113706791491542210750752E-01 -0.11863953155504314849204478955579E+00
-0.80274443389480847894444454356986E-01 -0.12822429583960405456209428823850E+00
-0.87232002916639630115974341067997E-01 -0.13780494976669973734757294830477E+00
-0.94185140089144632134916028378271E-01 -0.14738115091380156196951343362686E+00
-0.10113363383327528345786885381700E+00 -0.15695255714298713619912120138652E+00
-0.10807726263619499615902424235746E+00 -0.16651882660944509306667698114205E+00
-0.11501580457368385783509970556898E+00 -0.17607961777008422166724407462047E+00
-0.12194903733707802901797417847562E+00 -0.18563458939224183656112804769671E+00
-0.12887673825945418099142169396053E+00 -0.19518340056248794813967817686693E+00
-0.13579868434109303883934996072260E+00 -0.20472571069551942267061155892263E+00
-0.14271465227425761398505778355254E+00 -0.21426117954314251558392931693465E+00
-0.14962441846731561048566179376949E+00 -0.22378946720333796644698132678800E+00
-0.15652775906823756299598693178645E+00 -0.23331023412940456890989295537522E+00
-0.16342444998749820958451553955472E+00 -0.24282314113918054134185536426161E+00
-0.17031426692040906232104168500376E+00 -0.25232784942433477208912844277918E+00
-0.17719698536890526762108463193204E+00 -0.26182402055972925946608073740365E+00
-0.18407238066281383012910664127479E+00 -0.27131131651284580862279131497012E+00
-0.19094022798062359642238253124842E+00 -0.28078939965327506009709849964904E+00
-0.19780030236977983626486900965167E+00 -0.29025793276226650430041468861527E+00
-0.20465237876652309443287142762288E+00 -0.29971657904233305058105121810765E+00
-0.21149623201529249755171480918654E+00 -0.30916500212691088810516134636848E+00
-0.21833163688771175555827353224370E+00 -0.31860286609007012390834718004991E+00
-0.22515836810117454907559546870051E+00 -0.32802983545627228124641918423388E+00
-0.23197620033704709365680684186992E+00 -0.33744557521017606751800950026908E+00
-0.23878490825850294522593934892302E+00 -0.34684975080648393881711255779030E+00
-0.24558426652800444404652593375861E+00 -0.35624202817983124470341203697132E+00
-0.25237404982444692278271919225545E+00 -0.36562207375471354866662439409184E+00
-0.25915403285997679457260971292075E+00 -0.37498955445544985346686652704372E+00
-0.26592399039649808507887908263213E+00 -0.38434413771618054288873170236165E+00
-0.27268369726187914847448174080608E+00 -0.39368549149089707821096325158256E+00
-0.27943292836587081639918548074650E+00 -0.40301328426350200104579335599152E+00
-0.28617145871574732601765536813558E+00 -0.41232718505789682582135012471046E+00
-0.29289906343168060405173501883980E+00 -0.42162686344809573171844794866820E+00
-0.29961551776185852887368928003911E+00 -0.43091198956836445070951008578555E+00
-0.30632059709735463965864174391592E+00 -0.44018223412338071050940469773275E+00
-0.31301407698676113972476309585363E+00 -0.44943726839841575528127211702714E+00
-0.31969573315059180067608537314750E+00 -0.45867676426953520941798097841492E+00
-0.32636534149546389826900141791142E+00 -0.46790039421381661287871532559204E+00
-0.33302267812806687580225327386132E+00 -0.47710783131958344766426506078338E+00
-0.33966751936892514049816041723776E+00 -0.48629874929665314766975678196305E+00
-0.34629964176596247956618066354758E+00 -0.49547282248659733815961886707604E+00
-0.35291882210787428896128260458111E+00 -0.50462972587301420290348386557565E+00
-0.35952483743731443209810839060057E+00 -0.51376913509180960555766997601117E+00
-0.36611746506390383413384421000865E+00 -0.52289072644148775694086283352736E+00
-0.37269648257706465264406693230496E+00 -0.53199417689344787903976534187859E+00
-0.37926166785868774049270778411552E+00 -0.54107916410228694128804794640803E+00
-0.38581279909563786849002690558902E+00 -0.55014536641610754842214618629950E+00
-0.39234965479210150844213074312741E+00 -0.55919246288682763642182884766621E+00
-0.39887201378178320412267863585601E+00 -0.56822013328049330823302266465470E+00
-0.40537965523995408436644030951786E+00 -0.57722805808759197639950015369585E+00
-0.41187235869535765197436542888542E+00 -0.58621591853336451030194861052495E+00
-0.41834990404197701398595715698284E+00 -0.59518339658811770750177431765018E+00
-0.42481207155066782251618987067774E+00 -0.60413017497753097399445009780759E+00
-0.43125864188066000045102146962721E+00 -0.61305593719296321617744531737785E+00
-0.43768939609093372088499049206472E+00 -0.62196036750175122097043261290264E+00
-0.44410411565147091942979249375297E+00 -0.63084315095750447322694452334967E+00
-0.45050258245438807256216374680796E+00 -0.63970397341039271767781713436810E+00
-0.45688457882495168557867990950591E+00 -0.64854252151742507441056364304377E+00
-0.46324988753248089848362289493150E+00 -0.65735848275272127938402214789222E+00
-0.46959829180113941605239453787248E+00 -0.66615154541777209318914209044893E+00
-0.47592957532061993501584720245705E+00 -0.67492139865169011476001491013482E+00
-0.48224352225672365175948315037531E+00 -0.68366773244144843495537618976470E+00
-0.48853991726183810958058329404797E+00 -0.69239023763210693269476310284219E+00
-0.49481854548531463214093616000044E+00 -0.70108860593702550265350312418820E+00
-0.50107919258374915685372830457576E+00 -0.70976252994806238652032742333669E+00
-0.50732164473116751659901196464463E+00 -0.71841170314575885039016722188920E+00
-0.51354568862911867799852289484594E+00 -0.72703581990950643070535699894040E+00
-0.51975111151667664406232380026187E+00 -0.73563457552769881512788191672845E+00
-0.52593770118035388364262895789272E+00 -0.74420766620786548083431393880015E+00
-0.53210524596392835281210329106307E+00 -0.75275478908678792450321161966935E+00
-0.53825353477818531764706614375254E+00 -0.76127564224059622300037799450172E+00
-0.54438235711057631068915276768782E+00 -0.76976992469484621049748432544232E+00
-0.55049150303479631382082985545334E+00 -0.77823733643457640913673623648009E+00
-0.55658076322028146772355403179208E+00 -0.78667757841434365804861634521515E+00
-0.56264992894162865012661315287916E+00 -0.79509035256823659504332135438978E+00
-0.56869879208793767365568971837989E+00 -0.80347536181986735329948614290918E+00
-0.57472714517207894166068073479850E+00 -0.81183231009233936240532212419833E+00
-0.58073478133988648213680411296111E+00 -0.82016090231819140808926077914015E+00
-0.58672149437927861405291974093746E+00 -0.82846084444931751462128604605048E+00
-0.59268707872930714376809781897062E+00 -0.83673184346686118725187256737876E+00
-0.59863132948913612920143134737262E+00 -0.84497360739108390031597916223955E+00
-0.60455404242695177660100280556912E+00 -0.85318584529120753061298808799985E+00
-0.61045501398880420843412415582886E+00 -0.86136826729522907897074752184432E+00
-0.61633404130738218167966316119985E+00 -0.86952058459970816530686383378927E+00
-0.62219092221072184276839569909907E+00 -0.87764250947952611917350189470478E+00
-0.62802545523085071648355444349129E+00 -0.88573375529761618850879909852491E+00
-0.63383743961236729435309428292650E+00 -0.89379403651466414531469023272330E+00
-0.63962667532095726123253505594879E+00 -0.90182306869877882613934217007855E+00
-0.64539296305184773682766598200679E+00 -0.90982056853513280590139555058608E+00
-0.65113610423819975644815471210942E+00 -0.91778625383557056686549244231123E+00
-0.65685590105943960972530361750755E+00 -0.92571984354818621754804311337880E+00
-0.66255215644953050512639710738923E+00 -0.93362105776686824717843994931706E+00
-0.66822467410518451721609048042037E+00 -0.94148961774081165953598953150557E+00
-0.67387325849401590676904597935515E+00 -0.94932524588399698928901294158767E+00
-0.67949771486263634838815097918994E+00 -0.95712766578463507507368180341947E+00
-0.68509784924469249141264546479659E+00 -0.96489660221457788580177494054086E+00
-0.69067346846884686811557636395993E+00 -0.97263178113869429680164181242417E+00
-0.69622438016670208327005221200905E+00 -0.98033292972421023416484584565052E+00
-0.70175039278066936265754105335503E+00 -0.98799977635001378568747888833616E+00
-0.70725131557178189075366524841216E+00 -0.99563205061592283279778245070783E+00
-0.71272695862745278574870697156281E+00 -0.10032294833519167855902156072433E+01
-0.71817713286917929019855210685513E+00 -0.10107918066273307084738886896486E+01
-0.72360165006019251507214846959760E+00 -0.10183187537600112428944552757637E+01
-0.72900032281305378600848628120783E+00 -0.10258100593254351327154006368347E+01
-0.73437296459719788728318721295185E+00 -0.10332654591657882077505784317399E+01
-0.73971938974642332382358179058548E+00 -0.10406846903990058105089310057988E+01
-0.74503941346633041227174612963712E+00 -0.10480674914277732059869319893784E+01
-0.75033285184170692698967678556304E+00 -0.10554136019484862486831716717662E+01
-0.75559952184386236203476790456608E+00 -0.10627227629601713861313063909030E+01
-0.76083924133791037716976664191272E+00 -0.10699947167733646589305737079924E+01
-0.76605182909000021429649565627907E+00 -0.10772292070189495404346032302205E+01
-0.77123710477449720948969474912284E+00 -0.10844259786569530078352538325890E+01
-0.77639488898111261928977466468645E+00 -0.10915847779852990909746639120949E+01
-0.78152500322198305999327090097813E+00 -0.10987053526485201989534649319399E+01
-0.78662726993869970916536088371896E+00 -0.11057874516464250984957289957480E+01
-0.79170151250928766077344231855314E+00 -0.11128308253427238423079685109892E+01
-0.79674755525513535623566549897113E+00 -0.11198352254736082333890338316525E+01
-0.80176522344787475358721407529527E+00 -0.11268004051562888979362392220574E+01
-0.80675434331621175388677216313385E+00 -0.11337261188974869036595114329507E+01
-0.81171474205270763241826141895472E+00 -0.11406121226018809318899012784541E+01
-0.81664624782051156131823838677213E+00 -0.11474581735805087580993569853358E+01
-0.82154868976004381357919266447563E+00 -0.11542640305591230467371490314494E+01
-0.82642189799563077981505815364019E+00 -0.11610294536865010454613920032898E+01
-0.83126570364209079355511027358753E+00 -0.11677542045427075183217377128245E+01
-0.83607993881127189983055288834552E+00 -0.11744380461473110897276130267104E+01
-0.84086443661854103459477624000268E+00 -0.11810807429675529997314418775265E+01
-0.84561903118922485036647769620527E+00 -0.11876820609264684854189992864532E+01
-0.85034355766500274084340254357738E+00 -0.11942417674109600696838766047995E+01
-0.85503785221025112721076976322136E+00 -0.12007596312798222917192505858965E+01
-0.85970175201834045197483027124527E+00 -0.12072354228717182393560804350299E+01
-0.86433509531788361779510149477371E+00 -0.12136689140131064974302695044751E+01
-0.86893772137893704680605914306204E+00 -0.12200598780261190452978428253835E+01
-0.87350947051915352726466590903624E+00 -0.12264080897363892897748560071495E+01
-0.87805018410988762639883047061236E+00 -0.12327133254808301235975152224870E+01
-0.88255970458225312966297345018234E+00 -0.12389753631153614133396436169452E+01
-0.88703787543313308215139564698111E+00 -0.12451939820225868663766469340357E+01
-0.89148454123114201086789994165973E+00 -0.12513689631194199535742679247890E+01
-0.89589954762254055164982218143125E+00 -0.12575000888646581884577901033099E+01
-0.90028274133710264385095533034731E+00 -0.12635871432665058774267495588338E+01
-0.90463397019393511826720145613374E+00 -0.12696299118900447925677939384489E+01
-0.90895308310724963105838226204152E+00 -0.12756281818646525480097230365520E+01
-0.91323993009208737407253344877119E+00 -0.12815817418913682887747072203517E+01
-0.91749436226999585375029445148047E+00 -0.12874903822502053578277207513070E+01
-0.92171623187465871839855677669027E+00 -0.12933538948074109238812619322797E+01
-0.92590539225747739524124478191614E+00 -0.12991720730226717849872891901183E+01
-0.93006169789310592340258840789443E+00 -0.13049447119562663989600645889124E+01
-0.93418500438493783403688327623336E+00 -0.13106716082761629457489974888770E+01
-0.93827516847054541643606858164837E+00 -0.13163525602650625774385800220091E+01
-0.94233204802707205638999382209822E+00 -0.13219873678273882533606073649399E+01
-0.94635550207657616541121118510358E+00 -0.13275758324962184398056196718686E+01
-0.95034539079132822998233878959566E+00 -0.13331177574401653787253282675519E+01
-0.95430157549905993015377911744903E+00 -0.13386129474701979889265610048578E+01
-0.95822391868816561752295576468695E+00 -0.13440612090464087031149170959566E+01
-0.96211228401285635671412209240208E+00 -0.13494623502847242744272421885866E+01
-0.96596653629826599641357924017239E+00 -0.13548161809635601690541160457620E+01
-0.96978654154550973583055749181655E+00 -0.13601225125304181554717553280234E+01
-0.97357216693669491198118314084324E+00 -0.13653811581084272171615816483157E+01
-0.97732328083988363477648099765212E+00 -0.13705919325028268240143883393270E+01
-0.98103975281400836912479172331385E+00 -0.13757546522073931209838119861134E+01
-0.98472145361373879000685412635839E+00 -0.13808691354108073138111568782979E+01
-0.98836825519430115458761308738335E+00 -0.13859352020029658403225553700020E+01
-0.99198003071624969142325535097504E+00 -0.13909526735812325358687434571692E+01
-0.99555665455018995548875370897953E+00 -0.13959213734566322078616830787906E+01
-0.99909800228145402670627067247354E+00 -0.14008411266599856073103919893509E+01
-0.10026039507147276129558663503737E+01 -0.14057117599479851688679275346542E+01
-0.10060743778786291886299506180870E+01 -0.14105331018092118136035457802839E+01
-0.10095091630302406272047194622012E+01 -0.14153049824700921573594430271091E+01
-0.10129081866595897331682381242556E+01 -0.14200272339007959457951288843512E+01
-0.10162713304940845043057147629283E+01 -0.14246996898210737905203639261799E+01
-0.10195984775028987923253150747521E+01 -0.14293221857060345723705466297286E+01
-0.10228895119013097692954534652717E+01 -0.14338945587918624710935954737539E+01
-0.10261443191549868317876453587412E+01 -0.14384166480814734912440245805897E+01
-0.10293627859842317193670555386292E+01 -0.14428882943501111653788947421649E+01
-0.10325448003681705037552298546323E+01 -0.14473093401508809873303440908679E+01
-0.10356902515488964268716710060698E+01 -0.14516796298202238936582286739180E+01
-0.10387990300355642465406132905424E+01 -0.14559990094833281426337294962766E+01
-0.10418710276084357379796536249410E+01 -0.14602673270594793084489793173201E+01
-0.10449061373228764650657459393652E+01 -0.14644844322673487754090117160851E+01
-0.10479042535133034241345513604985E+01 -0.14686501766302197852408854884565E+01
-0.10508652717970838475398096780909E+01 -0.14727644134811514333112991402840E+01
-0.10537890890783848349979683983146E+01 -0.14768269979680798896756368401356E+01
-0.10566756035519742612908448715033E+01 -0.14808377870588571631699903555778E+01
-0.10595247147069719195016621369019E+01 -0.14847966395462269624042931994439E+01
-0.10623363233305520071310469139321E+01 -0.14887034160527371823903237704258E+01
-0.10651103315115959080599056302386E+01 -0.14925579790355895413903291497846E+01
-0.10678466426442959567587182897279E+01 -0.14963601927914253063234000212479E+01
-0.10705451614317095332711274941767E+01 -0.15001099234610478497431729826589E+01
-0.10732057938892637086461082672587E+01 -0.15038070390340808894732284888928E+01
-0.10758284473482106031186435678173E+01 -0.15074514093535630878692337863955E+01
-0.10784130304590327546650309063211E+01 -0.15110429061204782043567380928376E+01
-0.10809594531947991915475571382101E+01 -0.15145814028982211073271849581213E+01
-0.10834676268544715513418982687360E+01 -0.15180667751169992598385223853111E+01
-0.10859374640661602774510703900052E+01 -0.15214989000781690776401527217489E+01
-0.10883688787903316399356406244808E+01 -0.15248776569585080780352265685232E+01
-0.10907617863229636853796340673791E+01 -0.15282029268144214989521378212060E+01
-0.10931161032986535848768551651552E+01 -0.15314745925860838844023357044334E+01
-0.10954317476936737260272014109992E+01 -0.15346925391015154908565836697678E+01
-0.10977086388289785221282077182606E+01 -0.15378566530805927977195038411839E+01
-0.10999466973731607226729320321914E+01 -0.15409668231389938886243821404871E+01
-0.11021458453453575293086426153399E+01 -0.15440229397920774383656537175218E+01
-0.11043060061181065637501840704405E+01 -0.15470248954586962466184518133777E+01
-0.11064271044201514280950490970986E+01 -0.15499725844649444963576771294353E+01
-0.11085090663391967990218118406795E+01 -0.15528659030478385308786204154620E+01
-0.11105518193246132790175731375344E+01 -0.15557047493589317318348946934486E+01
-0.11125552921900916181028499321825E+01 -0.15584890234678624090173938985123E+01
-0.11145194151162463901906083250402E+01 -0.15612186273658353745850778040095E+01
-0.11164441196531690398246472789871E+01 -0.15638934649690365536354888582920E+01
-0.11183293387229303980636405185371E+01 -0.15665134421219806772347499208945E+01
-0.11201750066220323400619795026333E+01 -0.15690784666007921175159256662889E+01
-0.11219810590238087211731829986893E+01 -0.15715884481164183216353043589411E+01
-0.11237474329807755283560480820260E+01 -0.15740432983177761021890013420560E+01
-0.11254740669269301628481024592773E+01 -0.15764429307948305663344639765626E+01
-0.11271609006799997092014731131335E+01 -0.15787872610816062518493357107877E+01
-0.11288078754436383358789406306116E+01 -0.15810762066591310630153897221934E+01
-0.11304149338095737103618458376709E+01 -0.15833096869583120763154955397440E+01
-0.11319820197597022375195935681526E+01 -0.15854876233627436587221137953253E+01
-0.11335090786681332349684787555058E+01 -0.15876099392114476341541796150422E+01
-0.11349960573031819728781529483605E+01 -0.15896765598015453571579169298540E+01
-0.11364429038293115571294124553046E+01 -0.15916874123908616466327725663474E+01
-0.11378495678090234106922982435082E+01 -0.15936424262004603705901215165280E+01
-0.11392160002046966709386491114295E+01 -0.15955415324171118080117563904265E+01
-0.11405421533803761688099306912032E+01 -0.15973846641956915127780087346860E+01
-0.11418279811035088897437441723335E+01 -0.15991717566615105223630883888540E+01
-0.11430734385466294088083921807984E+01 -0.16009027469125771666048908897813E+01
-0.11442784822889934089160476691295E+01 -0.16025775740217899433979907296911E+01
-0.11454430703181601150131203930159E+01 -0.16041961790390616848338827623032E+01
-0.11465671620315230154407031201526E+01 -0.16057585049933749822279015204111E+01
-0.11476507182377889955694246893984E+01 -0.16072644968947683791243968585606E+01
-0.11486937011584060349103580248247E+01 -0.16087141017362538156362402387521E+01
-0.11496960744289391057462367888751E+01 -0.16101072684956648091845165201379E+01
-0.11506578031003945994728554715741E+01 -0.16114439481374354737850924108754E+01
-0.11515788536404929502567761976268E+01 -0.16127240936143104248979342177190E+01
-0.11524591939348894813606180825737E+01 -0.16139476598689852675989632336709E+01
-0.11532987932883437724589131211654E+01 -0.16151146038356777798898869171438E+01
-0.11540976224258369202347974669477E+01 -0.16162248844416296810038636194352E+01
-0.11548556534936372538092323064392E+01 -0.16172784626085388292842267324407E+01
-0.11555728600603141252550553747950E+01 -0.16182753012539221108060036861364E+01
-0.11562492171176998627039065957924E+01 -0.16192153652924084971999941434501E+01
-0.11568847010817998735859109213169E+01 -0.16200986216369626544694020485400E+01
-0.11574792897936508422475323636081E+01 -0.16209250392000387891889084438543E+01
-0.11580329625201270240182927249494E+01 -0.16216945888946648236393243004068E+01
-0.11585456999546946397978818058390E+01 -0.16224072436354567916345465177088E+01
-0.11590174842181143244515498546309E+01 -0.16230629783395633805637793012301E+01
-0.11594482988590923685941755258192E+01 -0.16236617699275401990714857890277E+01
-0.11597127402409337174139581865413E+01 -0.16240293187649910288018341097423E+01
-0.11599589620971677567756125368354E+01 -0.16243715443933079383229004814063E+01
-0.11601869606117976684065915965575E+01 -0.16246884414591340499837523652918E+01
-0.11603967322512555985277005217320E+01 -0.16249800050053171599389329377305E+01
-0.11605882737644460800545829890112E+01 -0.16252462304709964077202962606134E+01
-0.11607707039141434496696540542640E+01 -0.16254997920864823089424546387246E+01
-0.11609531434894622748503459120104E+01 -0.16257533669247599244993261333938E+01
-0.11611355924907072147542571327075E+01 -0.16260069549862392623570830695923E+01
-0.11613180509181829952847817031523E+01 -0.16262605562713302982487065426398E+01
-0.11615005187721942732216363895326E+01 -0.16265141707804430684005490704706E+01
-0.11613180509181829952847817031523E+01 -0.16262605562713302982487065426398E+01
-0.11611355924907072147542571327075E+01 -0.16260069549862392623570830695923E+01
-0.11609531434894622748503459120104E+01 -0.16257533669247599244993261333938E+01
-0.11607707039141434496696540542640E+01 -0.16254997920864823089424546387246E+01
-0.11605882737644460800545829890112E+01 -0.16252462304709964077202962606134E+01
-0.11603967322512555985277005217320E+01 -0.16249800050053171599389329377305E+01
-0.11601869606117976684065915965575E+01 -0.16246884414591340499837523652918E+01
-0.11599589620971677567756125368354E+01 -0.16243715443933079383229004814063E+01
-0.11597127402409337174139581865413E+01 -0.16240293187649910288018341097423E+01
-0.11594482988590923685941755258192E+01 -0.16236617699275401990714857890277E+01
-0.11590174842181143244515498546309E+01 -0.16230629783395633805637793012301E+01
-0.11585456999546946397978818058390E+01 -0.16224072436354567916345465177088E+01
-0.11580329625201270240182927249494E+01 -0.16216945888946648236393243004068E+01
-0.11574792897936508422475323636081E+01 -0.16209250392000387891889084438543E+01
-0.11568847010817998735859109213169E+01 -0.16200986216369626544694020485400E+01
-0.11562492171176998627039065957924E+01 -0.16192153652924084971999941434501E+01
-0.11555728600603141252550553747950E+01 -0.16182753012539221108060036861364E+01
-0.11548556534936372538092323064392E+01 -0.16172784626085388292842267324407E+01
-0.11540976224258369202347974669477E+01 -0.16162248844416296810038636194352E+01
-0.11532987932883437724589131211654E+01 -0.16151146038356777798898869171438E+01
-0.11524591939348894813606180825737E+01 -0.16139476598689852675989632336709E+01
-0.11515788536404929502567761976268E+01 -0.16127240936143104248979342177190E+01
-0.11506578031003945994728554715741E+01 -0.16114439481374354737850924108754E+01
-0.11496960744289391057462367888751E+01 -0.16101072684956648091845165201379E+01
-0.11486937011584060349103580248247E+01 -0.16087141017362538156362402387521E+01
-0.11476507182377889955694246893984E+01 -0.16072644968947683791243968585606E+01
-0.11465671620315230154407031201526E+01 -0.16057585049933749822279015204111E+01
-0.11454430703181601150131203930159E+01 -0.16041961790390616848338827623032E+01
-0.11442784822889934089160476691295E+01 -0.16025775740217899433979907296911E+01
-0.11430734385466294088083921807984E+01 -0.16009027469125771666048908897813E+01
-0.11418279811035088897437441723335E+01 -0.15991717566615105223630883888540E+01
-0.11405421533803761688099306912032E+01 -0.15973846641956915127780087346860E+01
-0.11392160002046966709386491114295E+01 -0.15955415324171118080117563904265E+01
-0.11378495678090234106922982435082E+01 -0.15936424262004603705901215165280E+01
-0.11364429038293115571294124553046E+01 -0.15916874123908616466327725663474E+01
-0.11349960573031819728781529483605E+01 -0.15896765598015453571579169298540E+01
-0.11335090786681332349684787555058E+01 -0.15876099392114476341541796150422E+01
-0.11319820197597022375195935681526E+01 -0.15854876233627436587221137953253E+01
-0.11304149338095737103618458376709E+01 -0.15833096869583120763154955397440E+01
-0.11288078754436383358789406306116E+01 -0.15810762066591310630153897221934E+01
-0.11271609006799997092014731131335E+01 -0.15787872610816062518493357107877E+01
-0.11254740669269301628481024592773E+01 -0.15764429307948305663344639765626E+01
-0.11237474329807755283560480820260E+01 -0.15740432983177761021890013420560E+01
-0.11219810590238087211731829986893E+01 -0.15715884481164183216353043589411E+01
-0.11201750066220323400619795026333E+01 -0.15690784666007921175159256662889E+01
-0.11183293387229303980636405185371E+01 -0.15665134421219806772347499208945E+01
-0.11164441196531690398246472789871E+01 -0.15638934649690365536354888582920E+01
-0.11145194151162463901906083250402E+01 -0.15612186273658353745850778040095E+01
-0.11125552921900916181028499321825E+01 -0.15584890234678624090173938985123E+01
-0.11105518193246132790175731375344E+01 -0.15557047493589317318348946934486E+01
-0.11085090663391967990218118406795E+01 -0.15528659030478385308786204154620E+01
-0.11064271044201514280950490970986E+01 -0.15499725844649444963576771294353E+01
-0.11043060061181065637501840704405E+01 -0.15470248954586962466184518133777E+01
-0.11021458453453575293086426153399E+01 -0.15440229397920774383656537175218E+01
-0.10999466973731607226729320321914E+01 -0.15409668231389938886243821404871E+01
-0.10977086388289785221282077182606E+01 -0.15378566530805927977195038411839E+01
-0.10954317476936737260272014109992E+01 -0.15346925391015154908565836697678E+01
-0.10931161032986535848768551651552E+01 -0.15314745925860838844023357044334E+01
-0.10907617863229636853796340673791E+01 -0.15282029268144214989521378212060E+01
-0.10883688787903316399356406244808E+01 -0.15248776569585080780352265685232E+01
-0.10859374640661602774510703900052E+01 -0.15214989000781690776401527217489E+01
-0.10834676268544715513418982687360E+01 -0.15180667751169992598385223853111E+01
-0.10809594531947991915475571382101E+01 -0.15145814028982211073271849581213E+01
-0.10784130304590327546650309063211E+01 -0.15110429061204782043567380928376E+01
-0.10758284473482106031186435678173E+01 -0.15074514093535630878692337863955E+01
-0.10732057938892637086461082672587E+01 -0.15038070390340808894732284888928E+01
-0.10705451614317095332711274941767E+01 -0.15001099234610478497431729826589E+01
-0.10678466426442959567587182897279E+01 -0.14963601927914253063234000212479E+01
-0.10651103315115959080599056302386E+01 -0.14925579790355895413903291497846E+01
-0.10623363233305520071310469139321E+01 -0.14887034160527371823903237704258E+01
-0.10595247147069719195016621369019E+01 -0.14847966395462269624042931994439E+01
-0.10566756035519742612908448715033E+01 -0.14808377870588571631699903555778E+01
-0.10537890890783848349979683983146E+01 -0.14768269979680798896756368401356E+01
-0.10508652717970838475398096780909E+01 -0.14727644134811514333112991402840E+01
-0.10479042535133034241345513604985E+01 -0.14686501766302197852408854884565E+01
-0.10449061373228764650657459393652E+01 -0.14644844322673487754090117160851E+01
-0.10418710276084357379796536249410E+01 -0.14602673270594793084489793173201E+01
-0.10387990300355642465406132905424E+01 -0.14559990094833281426337294962766E+01
-0.10356902515488964268716710060698E+01 -0.14516796298202238936582286739180E+01
-0.10325448003681705037552298546323E+01 -0.14473093401508809873303440908679E+01
-0.10293627859842317193670555386292E+01 -0.14428882943501111653788947421649E+01
-0.10261443191549868317876453587412E+01 -0.14384166480814734912440245805897E+01
-0.10228895119013097692954534652717E+01 -0.14338945587918624710935954737539E+01
-0.10195984775028987923253150747521E+01 -0.14293221857060345723705466297286E+01
-0.10162713304940845043057147629283E+01 -0.14246996898210737905203639261799E+01
-0.10129081866595897331682381242556E+01 -0.14200272339007959457951288843512E+01
-0.10095091630302406272047194622012E+01 -0.14153049824700921573594430271091E+01
-0.10060743778786291886299506180870E+01 -0.14105331018092118136035457802839E+01
-0.10026039507147276129558663503737E+01 -0.14057117599479851688679275346542E+01
-0.99909800228145402670627067247354E+00 -0.14008411266599856073103919893509E+01
-0.99555665455018995548875370897953E+00 -0.13959213734566322078616830787906E+01
-0.99198003071624969142325535097504E+00 -0.13909526735812325358687434571692E+01
-0.98836825519430115458761308738335E+00 -0.13859352020029658403225553700020E+01
-0.98472145361373879000685412635839E+00 -0.13808691354108073138111568782979E+01
-0.98103975281400836912479172331385E+00 -0.13757546522073931209838119861134E+01
-0.97732328083988363477648099765212E+00 -0.13705919325028268240143883393270E+01
-0.97357216693669491198118314084324E+00 -0.13653811581084272171615816483157E+01
-0.96978654154550973583055749181655E+00 -0.13601225125304181554717553280234E+01
-0.96596653629826599641357924017239E+00 -0.13548161809635601690541160457620E+01
-0.96211228401285635671412209240208E+00 -0.13494623502847242744272421885866E+01
-0.95822391868816561752295576468695E+00 -0.13440612090464087031149170959566E+01
-0.95430157549905993015377911744903E+00 -0.13386129474701979889265610048578E+01
-0.95034539079132822998233878959566E+00 -0.13331177574401653787253282675519E+01
-0.94635550207657616541121118510358E+00 -0.13275758324962184398056196718686E+01
-0.94233204802707205638999382209822E+00 -0.13219873678273882533606073649399E+01
-0.93827516847054541643606858164837E+00 -0.13163525602650625774385800220091E+01
-0.93418500438493783403688327623336E+00 -0.13106716082761629457489974888770E+01
-0.93006169789310592340258840789443E+00 -0.13049447119562663989600645889124E+01
-0.92590539225747739524124478191614E+00 -0.12991720730226717849872891901183E+01
-0.92171623187465871839855677669027E+00 -0.12933538948074109238812619322797E+01
-0.91749436226999585375029445148047E+00 -0.12874903822502053578277207513070E+01
-0.91323993009208737407253344877119E+00 -0.12815817418913682887747072203517E+01
-0.90895308310724963105838226204152E+00 -0.12756281818646525480097230365520E+01
-0.90463397019393511826720145613374E+00 -0.12696299118900447925677939384489E+01
-0.90028274133710264385095533034731E+00 -0.12635871432665058774267495588338E+01
-0.89589954762254055164982218143125E+00 -0.12575000888646581884577901033099E+01
-0.89148454123114201086789994165973E+00 -0.12513689631194199535742679247890E+01
-0.88703787543313308215139564698111E+00 -0.12451939820225868663766469340357E+01
-0.88255970458225312966297345018234E+00 -0.12389753631153614133396436169452E+01
-0.87805018410988762639883047061236E+00 -0.12327133254808301235975152224870E+01
-0.87350947051915352726466590903624E+00 -0.12264080897363892897748560071495E+01
-0.86893772137893704680605914306204E+00 -0.12200598780261190452978428253835E+01
-0.86433509531788361779510149477371E+00 -0.12136689140131064974302695044751E+01
-0.85970175201834045197483027124527E+00 -0.12072354228717182393560804350299E+01
-0.85503785221025112721076976322136E+00 -0.12007596312798222917192505858965E+01
-0.85034355766500274084340254357738E+00 -0.11942417674109600696838766047995E+01
-0.84561903118922485036647769620527E+00 -0.11876820609264684854189992864532E+01
-0.84086443661854103459477624000268E+00 -0.11810807429675529997314418775265E+01
-0.83607993881127189983055288834552E+00 -0.11744380461473110897276130267104E+01
-0.83126570364209079355511027358753E+00 -0.11677542045427075183217377128245E+01
-0.82642189799563077981505815364019E+00 -0.11610294536865010454613920032898E+01
-0.82154868976004381357919266447563E+00 -0.11542640305591230467371490314494E+01
-0.81664624782051156131823838677213E+00 -0.11474581735805087580993569853358E+01
-0.81171474205270763241826141895472E+00 -0.11406121226018809318899012784541E+01
-0.80675434331621175388677216313385E+00 -0.11337261188974869036595114329507E+01
-0.80176522344787475358721407529527E+00 -0.11268004051562888979362392220574E+01
-0.79674755525513535623566549897113E+00 -0.11198352254736082333890338316525E+01
-0.79170151250928766077344231855314E+00 -0.11128308253427238423079685109892E+01
-0.78662726993869970916536088371896E+00 -0.11057874516464250984957289957480E+01
-0.78152500322198305999327090097813E+00 -0.10987053526485201989534649319399E+01
-0.77639488898111261928977466468645E+00 -0.10915847779852990909746639120949E+01
-0.77123710477449720948969474912284E+00 -0.10844259786569530078352538325890E+01
-0.76605182909000021429649565627907E+00 -0.10772292070189495404346032302205E+01
-0.76083924133791037716976664191272E+00 -0.10699947167733646589305737079924E+01
-0.75559952184386236203476790456608E+00 -0.10627227629601713861313063909030E+01
-0.75033285184170692698967678556304E+00 -0.10554136019484862486831716717662E+01
-0.74503941346633041227174612963712E+00 -0.10480674914277732059869319893784E+01
-0.73971938974642332382358179058548E+00 -0.10406846903990058105089310057988E+01
-0.73437296459719788728318721295185E+00 -0.10332654591657882077505784317399E+01
-0.72900032281305378600848628120783E+00 -0.10258100593254351327154006368347E+01
-0.72360165006019251507214846959760E+00 -0.10183187537600112428944552757637E+01
-0.71817713286917929019855210685513E+00 -0.10107918066273307084738886896486E+01
-0.71272695862745278574870697156281E+00 -0.10032294833519167855902156072433E+01
-0.70725131557178189075366524841216E+00 -0.99563205061592283279778245070783E+00
-0.70175039278066936265754105335503E+00 -0.98799977635001378568747888833616E+00
-0.69622438016670208327005221200905E+00 -0.98033292972421023416484584565052E+00
-0.69067346846884686811557636395993E+00 -0.97263178113869429680164181242417E+00
-0.68509784924469249141264546479659E+00 -0.96489660221457788580177494054086E+00
-0.67949771486263634838815097918994E+00 -0.95712766578463507507368180341947E+00
-0.67387325849401590676904597935515E+00 -0.94932524588399698928901294158767E+00
-0.66822467410518451721609048042037E+00 -0.94148961774081165953598953150557E+00
-0.66255215644953050512639710738923E+00 -0.93362105776686824717843994931706E+00
-0.65685590105943960972530361750755E+00 -0.92571984354818621754804311337880E+00
-0.65113610423819975644815471210942E+00 -0.91778625383557056686549244231123E+00
-0.64539296305184773682766598200679E+00 -0.90982056853513280590139555058608E+00
-0.63962667532095726123253505594879E+00 -0.90182306869877882613934217007855E+00
-0.63383743961236729435309428292650E+00 -0.89379403651466414531469023272330E+00
-0.62802545523085071648355444349129E+00 -0.88573375529761618850879909852491E+00
-0.62219092221072184276839569909907E+00 -0.87764250947952611917350189470478E+00
-0.61633404130738218167966316119985E+00 -0.86952058459970816530686383378927E+00
-0.61045501398880420843412415582886E+00 -0.86136826729522907897074752184432E+00
-0.60455404242695177660100280556912E+00 -0.85318584529120753061298808799985E+00
-0.59863132948913612920143134737262E+00 -0.84497360739108390031597916223955E+00
-0.59268707872930714376809781897062E+00 -0.83673184346686118725187256737876E+00
-0.58672149437927861405291974093746E+00 -0.82846084444931751462128604605048E+00
-0.58073478133988648213680411296111E+00 -0.82016090231819140808926077914015E+00
-0.57472714517207894166068073479850E+00 -0.81183231009233936240532212419833E+00
-0.56869879208793767365568971837989E+00 -0.80347536181986735329948614290918E+00
-0.56264992894162865012661315287916E+00 -0.79509035256823659504332135438978E+00
-0.55658076322028146772355403179208E+00 -0.78667757841434365804861634521515E+00
-0.55049150303479631382082985545334E+00 -0.77823733643457640913673623648009E+00
-0.54438235711057631068915276768782E+00 -0.76976992469484621049748432544232E+00
-0.53825353477818531764706614375254E+00 -0.76127564224059622300037799450172E+00
-0.53210524596392835281210329106307E+00 -0.75275478908678792450321161966935E+00
-0.52593770118035388364262895789272E+00 -0.74420766620786548083431393880015E+00
-0.51975111151667664406232380026187E+00 -0.73563457552769881512788191672845E+00
-0.51354568862911867799852289484594E+00 -0.72703581990950643070535699894040E+00
-0.50732164473116751659901196464463E+00 -0.71841170314575885039016722188920E+00
-0.50107919258374915685372830457576E+00 -0.70976252994806238652032742333669E+00
-0.49481854548531463214093616000044E+00 -0.70108860593702550265350312418820E+00
-0.48853991726183810958058329404797E+00 -0.69239023763210693269476310284219E+00
-0.48224352225672365175948315037531E+00 -0.68366773244144843495537618976470E+00
-0.47592957532061993501584720245705E+00 -0.67492139865169011476001491013482E+00
-0.46959829180113941605239453787248E+00 -0.66615154541777209318914209044893E+00
-0.46324988753248089848362289493150E+00 -0.65735848275272127938402214789222E+00
-0.45688457882495168557867990950591E+00 -0.64854252151742507441056364304377E+00
-0.45050258245438807256216374680796E+00 -0.63970397341039271767781713436810E+00
-0.44410411565147091942979249375297E+00 -0.63084315095750447322694452334967E+00
-0.43768939609093372088499049206472E+00 -0.62196036750175122097043261290264E+00
-0.43125864188066000045102146962721E+00 -0.61305593719296321617744531737785E+00
-0.42481207155066782251618987067774E+00 -0.60413017497753097399445009780759E+00
-0.41834990404197701398595715698284E+00 -0.59518339658811770750177431765018E+00
-0.41187235869535765197436542888542E+00 -0.58621591853336451030194861052495E+00
-0.40537965523995408436644030951786E+00 -0.57722805808759197639950015369585E+00
-0.39887201378178320412267863585601E+00 -0.56822013328049330823302266465470E+00
-0.39234965479210150844213074312741E+00 -0.55919246288682763642182884766621E+00
-0.38581279909563786849002690558902E+00 -0.55014536641610754842214618629950E+00
-0.37926166785868774049270778411552E+00 -0.54107916410228694128804794640803E+00
-0.37269648257706465264406693230496E+00 -0.53199417689344787903976534187859E+00
-0.36611746506390383413384421000865E+00 -0.52289072644148775694086283352736E+00
-0.35952483743731443209810839060057E+00 -0.51376913509180960555766997601117E+00
-0.35291882210787428896128260458111E+00 -0.50462972587301420290348386557565E+00
-0.34629964176596247956618066354758E+00 -0.49547282248659733815961886707604E+00
-0.33966751936892514049816041723776E+00 -0.48629874929665314766975678196305E+00
-0.33302267812806687580225327386132E+00 -0.47710783131958344766426506078338E+00
-0.32636534149546389826900141791142E+00 -0.46790039421381661287871532559204E+00
-0.31969573315059180067608537314750E+00 -0.45867676426953520941798097841492E+00
-0.31301407698676113972476309585363E+00 -0.44943726839841575528127211702714E+00
-0.30632059709735463965864174391592E+00 -0.44018223412338071050940469773275E+00
-0.29961551776185852887368928003911E+00 -0.43091198956836445070951008578555E+00
-0.29289906343168060405173501883980E+00 -0.42162686344809573171844794866820E+00
-0.28617145871574732601765536813558E+00 -0.41232718505789682582135012471046E+00
-0.27943292836587081639918548074650E+00 -0.40301328426350200104579335599152E+00
-0.27268369726187914847448174080608E+00 -0.39368549149089707821096325158256E+00
-0.26592399039649808507887908263213E+00 -0.38434413771618054288873170236165E+00
-0.25915403285997679457260971292075E+00 -0.37498955445544985346686652704372E+00
-0.25237404982444692278271919225545E+00 -0.36562207375471354866662439409184E+00
-0.24558426652800444404652593375861E+00 -0.35624202817983124470341203697132E+00
-0.23878490825850294522593934892302E+00 -0.34684975080648393881711255779030E+00
-0.23197620033704709365680684186992E+00 -0.33744557521017606751800950026908E+00
-0.22515836810117454907559546870051E+00 -0.32802983545627228124641918423388E+00
-0.21833163688771175555827353224370E+00 -0.31860286609007012390834718004991E+00
-0.21149623201529249755171480918654E+00 -0.30916500212691088810516134636848E+00
-0.20465237876652309443287142762288E+00 -0.29971657904233305058105121810765E+00
-0.19780030236977983626486900965167E+00 -0.29025793276226650430041468861527E+00
-0.19094022798062359642238253124842E+00 -0.28078939965327506009709849964904E+00
-0.18407238066281383012910664127479E+00 -0.27131131651284580862279131497012E+00
-0.17719698536890526762108463193204E+00 -0.26182402055972925946608073740365E+00
-0.17031426692040906232104168500376E+00 -0.25232784942433477208912844277918E+00
-0.16342444998749820958451553955472E+00 -0.24282314113918054134185536426161E+00
-0.15652775906823756299598693178645E+00 -0.23331023412940456890989295537522E+00
-0.14962441846731561048566179376949E+00 -0.22378946720333796644698132678800E+00
-0.14271465227425761398505778355254E+00 -0.21426117954314251558392931693465E+00
-0.13579868434109303883934996072260E+00 -0.20472571069551942267061155892263E+00
-0.12887673825945418099142169396053E+00 -0.19518340056248794813967817686693E+00
-0.12194903733707802901797417847562E+00 -0.18563458939224183656112804769671E+00
-0.11501580457368385783509970556898E+00 -0.17607961777008422166724407462047E+00
-0.10807726263619499615902424235746E+00 -0.16651882660944509306667698114205E+00
-0.10113363383327528345786885381700E+00 -0.15695255714298713619912120138652E+00
-0.94185140089144632134916028378271E-01 -0.14738115091380156196951343362686E+00
-0.87232002916639630115974341067997E-01 -0.13780494976669973734757294830477E+00
-0.80274443389480847894444454356986E-01 -0.12822429583960405456209428823850E+00
-0.73312682113706791491542210750752E-01 -0.11863953155504314849204478955579E+00
-0.66346939198233654330383869206797E-01 -0.10905099961175599962140603971364E+00
-0.59377434224494198237745911110024E-01 -0.99459042976409039987667174230859E-01
-0.52404386215110203847834326211587E-01 -0.89864004875432631218548222031533E-01
-0.45428013601546713851557243725997E-01 -0.80266228786980712173668309870987E-01
-0.38448534190694312181128074041197E-01 -0.70666058433020342257488563972561E-01
-0.31466165130326268209884954948505E-01 -0.61063837771555808043501547211617E-01
-0.24481122873363056398879095074100E-01 -0.51459910988993293652985998176689E-01
-0.17493623140888775072567229199693E-01 -0.41854622492652729492506398524622E-01
-0.10503880883843629951675287927532E-01 -0.32248316903432117105084326325440E-01
-0.35121102433246654334503543403138E-02 -0.22641339048632058753085384286968E-01
0.34814754905847236423952873757286E-02 -0.13034033954946231568527293886469E-01
0.10476663921538905036162830225930E-01 -0.34267468416249544597209956072788E-02
0.17473243591294005836668769215980E-01 0.61801768861801830492700265138307E-02
0.24471004025807940305611746295336E-01 0.15786391643883811748858083892932E-01
0.31469735783174847567987063297225E-01 0.25391551673738656232212188513659E-01
0.38469230503500320218838305128559E-01 0.34995311050902887612290759162410E-01
0.45469280960833685893233743086458E-01 0.44597323689295503436645985018381E-01
0.52469681117276333501280273938750E-01 0.54197243347231392603253851501862E-01
0.59470226179400075836469531393807E-01 0.63794723632824436563361110231861E-01
0.66470712657111413876876284823983E-01 0.73389418009154740778484613791377E-01
0.73470938425114264454316245862754E-01 0.82980979799183571978183279849303E-01
0.80470702787130744219525423763082E-01 0.92569062190413218300978261662066E-01
0.87469806543050249656855211333244E-01 0.10215331823927601488210256319957E+00
0.94468052059194058384116089701329E-01 0.11173340087524520551361184821912E+00
0.10146524334189175577535097774481E+00 0.12130896290465665396891379778347E+00
0.10846118611458285980826420368411E+00 0.13087965701422908029276681172068E+00
0.11545568789867303331905095779368E+00 0.14044513577427385067180874108611E+00
0.12244855809839081769602056845342E+00 0.15000505164158061381564876181888E+00
0.12943960808991115539672613962444E+00 0.15955905696196876654826047098715E+00
0.13642865131503111139034300161311E+00 0.16910680397249270606583585883056E+00
0.14341550337970677171509962391269E+00 0.17864794480328836706759534752805E+00
0.15039998215778473372305209502749E+00 0.18818213147905046440782975210396E+00
0.15738190790028797271702023133817E+00 0.19770901592012606401221620091080E+00
0.16436110335064553900365281275362E+00 0.20722824994321652485368174792975E+00
0.17133739386628842066560093577273E+00 0.21673948526167195745023548465262E+00
0.17831060754706526023168975968831E+00 0.22624237348536974209695044762941E+00
0.18528057537097751400034534464331E+00 0.23573656612016514734740721500065E+00
0.19224713133776652544262977748219E+00 0.24522171456690352740245839037891E+00
0.19921011262093861990550197775272E+00 0.25469747011998567801146642174548E+00
0.20616935972886282250527601744438E+00 0.26416348396547619375685570210510E+00
0.21312471667562975902992656583541E+00 0.27361940717874848469202096552375E+00
0.22007603116242633609689991241498E+00 0.28306489072166171596707521295624E+00
0.22702315477024458959662977309977E+00 0.29249958543926339699675855089203E+00
0.23396594316482164063583880653873E+00 0.30192314205601963716655440646425E+00
0.24090425631479057061577468401289E+00 0.31133521117157222508403570262374E+00
0.24783795872411029663539711302979E+00 0.32073544325602819591720401057306E+00
0.25476691967995263865840747406972E+00 0.33012348864479275667447374270062E+00
0.26169101351732914081459220950212E+00 0.33949899753295785313904487377008E+00
0.26861011990187381671411493476786E+00 0.34886161996926866694859660947462E+00
0.27552412413233531694327220684457E+00 0.35821100584969544308394477789535E+00
0.28243291746448787369607173627419E+00 0.36754680491064624427375686015516E+00
0.28933639745834847384049319863821E+00 0.37686866672186823207344004308820E+00
0.29623446835078088024726484937939E+00 0.38617624067909566344706546048730E+00
0.30312704145578759035910701923543E+00 0.39546917599651785808224499485451E+00
0.31001403559503674261524585164343E+00 0.40474712169915698542550502822185E+00
0.31689537756144840435404502037712E+00 0.41400972661526516741088025568718E+00
0.32377100261897497980094254612121E+00 0.42325663936887695331338755953571E+00
0.33064085504206222939411994125723E+00 0.43248750837267603644794668673490E+00
0.33750488869867552447556023732775E+00 0.44170198182137438659955297621002E+00
0.34436306768122442927449556514090E+00 0.45089970768583750206770087921066E+00
0.35121536699022906671795690752096E+00 0.46008033370823729213968860424924E+00
0.35806177327615168662362639695457E+00 0.46924350739857134721679755378905E+00
0.36490228564547803621008083629357E+00 0.47838887603295058586141352595410E+00
0.37173691653788570099287477865590E+00 0.48751608665413802019962689774401E+00
0.37856569268220096681868311631739E+00 0.49662478607491473854765846816066E+00
0.38538865613983474273881392489508E+00 0.50571462088495855278638097680503E+00
0.39220586544552647548599716318630E+00 0.51478523746205815993021719308179E+00
0.39901739685653487416953889626708E+00 0.52383628198863949504554221678217E+00
0.40582334572293170948596186678081E+00 0.53286740047477716973959377325824E+00
0.41262382799340997557922179449910E+00 0.54187823878909073065447792441542E+00
0.41941898187305755331369231523530E+00 0.55086844269919988462065794567897E+00
0.42620896965192641519069245718320E+00 0.55983765792375095244401952031501E+00
0.43299397972600761393566508215084E+00 0.56878553019842317041740841441462E+00
0.43977422883547782403512793132803E+00 0.57771170535881773113090119709623E+00
0.44654996454892698540350860711670E+00 0.58661582944372174774701495764150E+00
0.45332146802679191136698157647586E+00 0.59549754882296548112868902902394E+00
0.46008905710259970246010621176234E+00 0.60435651035497817004534111506132E+00
0.46685308972699429020968196675769E+00 0.61319236158023079004082226737145E+00
0.47361396782714663963171044439882E+00 0.62200475095809902374744312695494E+00
0.48037214164328410735585253318297E+00 0.63079332815633187143704588506805E+00
0.48712811461507680722820718041003E+00 0.63955774440436785852704793692380E+00
0.49388244890393542473192474770854E+00 0.64829765292430522826094927198554E+00
0.50063577165345634155285461366317E+00 0.65701270945653934576966182087267E+00
0.50738878211002845300221173813556E+00 0.66570257290112211692581493100377E+00
0.51414225974991031819189802333227E+00 0.67436690610100077140835575886740E+00
0.52089707358909924588684507865801E+00 0.68300537679979055234679103765758E+00
0.52765419288962040413747681742168E+00 0.69161765881503531666028301068208E+00
0.53441469952252454935125375061401E+00 0.70020343347859408129911631088022E+00
0.54117980230663980596443468429259E+00 0.70876239140963031181406470635564E+00
0.54795085371667843713718610834463E+00 0.71729423470370086485465799321533E+00
0.55472936944948876503406717654268E+00 0.72579867964521171683600102089082E+00
0.56151705146026346822964412258246E+00 0.73427546008170322216278669099482E+00
0.56831581523938891387693671162070E+00 0.74272433164097238597936815503268E+00
0.57512782231239489525097414348903E+00 0.75114507702676835597376681709663E+00
0.58195551921636385336816997702670E+00 0.75953751271139389285875537919570E+00
0.58880168459939471219995634113877E+00 0.76790149743271504269894526786204E+00
0.59566948653183699509250980006622E+00 0.77623694310243140273537030670831E+00
0.60256255300334435935384525590363E+00 0.78454382878427336436835616035245E+00
0.60948505896958081532056356066062E+00 0.79282221917798292081386548818777E+00
0.61644183643197508628939629814003E+00 0.80107228802183270446557427881026E+00
0.62343851071202249526320013055638E+00 0.80929435191967444406929619972532E+00
0.63048168499460256225056571556879E+00 0.81748890749272393333310293441382E+00
0.63757915106872462893031440128246E+00 0.82565670775639783417119110215352E+00
0.64474025745732192375665643863802E+00 0.83379878917985628643064344319255E+00
0.65197613272745635952596378208271E+00 0.84191675322694121907764370535279E+00
0.65930081982966977451076076782420E+00 0.85001242388262024978595201444160E+00
0.66673033783666856196203147588944E+00 0.85808967286574303959311760707249E+00
0.67581669807830208309971235146442E+00 0.86776227793029915737490364637300E+00
0.68513564084285016587094512793773E+00 0.87742431182261344021111102019627E+00
0.69475701089577770579396141580772E+00 0.88709276758895248227408393571560E+00
0.70478447808543458669684858908940E+00 0.89679619613433919263238918800272E+00
0.71538444070958802458037271821986E+00 0.90658538771972419178003080053774E+00
0.72623315350567387063196145607658E+00 0.91603680035620117387675393058641E+00
0.73685626504531401947698720667265E+00 0.92466772521219330405370210303778E+00
0.74728969496704637394571780299877E+00 0.93245552742705653049906269085317E+00
0.75755158126104658317349783101233E+00 0.93941073240524597836974972540180E+00
