0.13163724119923996629014240957435E+01 -0.82791305466692968128391446761436E+00
0.13206233161421575774483065328577E+01 -0.82297265638295421178644822332729E+00
0.13246553921358964181812314686735E+01 -0.81834388506218670910763877048559E+00
0.13284490285664975748426253965909E+01 -0.81403998148239570129851507869328E+00
0.13319854778824288542683400261695E+01 -0.81007103950833707686874491619851E+00
0.13352454519216566711583633229974E+01 -0.80644832559888648207954094006159E+00
0.13382269100889204890083333103170E+01 -0.80316466489086700826944647157258E+00
0.13409879560745563180116666957542E+01 -0.80014847757508410258177233670192E+00
0.13435783765969308856140110430510E+01 -0.79733995038017182359198859697452E+00
0.13460312607209649256112444656185E+01 -0.79469924240497694956887814388209E+00
0.13483699950851635908006322153808E+01 -0.79219813873067063052150270421042E+00
0.13460312607209649256112444656185E+01 -0.79469924240497694956887814388209E+00
0.13435783765969308856140110430510E+01 -0.79733995038017182359198859697452E+00
0.13409879560745563180116666957542E+01 -0.80014847757508410258177233670192E+00
0.13382269100889204890083333103170E+01 -0.80316466489086700826944647157258E+00
0.13352454519216566711583633229974E+01 -0.80644832559888648207954094006159E+00
0.13319854778824288542683400261695E+01 -0.81007103950833707686874491619851E+00
0.13284490285664975748426253965909E+01 -0.81403998148239570129851507869328E+00
0.13246553921358964181812314686735E+01 -0.81834388506218670910763877048559E+00
0.13206233161421575774483065328577E+01 -0.82297265638295421178644822332729E+00
0.13163724119923996629014240957435E+01 -0.82791305466692968128391446761436E+00
0.13071523629254767125870662858010E+01 -0.82602583674569373439696339825837E+00
0.12976412309674338530230134251300E+01 -0.82332995597704355087584358698879E+00
0.12877341383862869406345283606512E+01 -0.82012212864640014469698860476709E+00
0.12774219689298588277323754913834E+01 -0.81634136035311339809673511706236E+00
0.12666815269501023080947077656820E+01 -0.81199623565421846128135928521555E+00
0.12559962145725988810129997952363E+01 -0.80732918498345867282574684703130E+00
0.12457286176382269134938648149337E+01 -0.80257304624724966348393722858802E+00
0.12357427205309557589403736992784E+01 -0.79772963975480027318175288018219E+00
0.12259542023914879323431294953925E+01 -0.79280347141025163988431324171509E+00
0.12163077463914965458584871534102E+01 -0.78779759957426518295269561284714E+00
0.12083479962904483536105058981192E+01 -0.78356980111233107279398022424310E+00
0.12004423476463770576175224874142E+01 -0.77929200268866429151290007990554E+00
0.11925774120926471843140695901533E+01 -0.77496633433438555986056680514169E+00
0.11847425420009018140746710490560E+01 -0.77059458479269284197683136062280E+00
0.11769290984522724042693035386598E+01 -0.76617836255392245686597631449926E+00
0.11691299810537694501005341359929E+01 -0.76171912586170761843761756115355E+00
0.11613392908700992794744106280960E+01 -0.75721820247240351697364234251234E+00
0.11535520819910305626452183859728E+01 -0.75267680587581989934622276207246E+00
0.11457641747340746703282439167021E+01 -0.74809604919496666100348619623306E+00
0.11379720128187426166539355975817E+01 -0.74347695720148094497144904754553E+00
0.11301725525536358563642315477051E+01 -0.73882047672211252236535988983430E+00
0.11223631757388630356714794839631E+01 -0.73412748566001702273273361242502E+00
0.11145416204084457040876917623572E+01 -0.72939880082451738302726038197898E+00
0.11067059251782390096204025116737E+01 -0.72463518473782553748391315925795E+00
0.10988543840990845055216491785957E+01 -0.71983735156431958830950537817089E+00
0.10909855097129231178034245795813E+01 -0.71500597228728475141601807271214E+00
0.10830980025800793569187194855556E+01 -0.71014167923972875350188349960538E+00
0.10751907259596741923821099817528E+01 -0.70524507007998410349007892315833E+00
0.10672626846291749471576196998951E+01 -0.70031671128917299829616045656488E+00
0.10593130070552329581870544908599E+01 -0.69535714125601285558872826241809E+00
0.10513409302980445744838426163117E+01 -0.69036687300462641550775555749787E+00
0.10433457871607050892509447347499E+01 -0.68534639661274054692985639583422E+00
0.10353269951941682588866299753928E+01 -0.68029618136068258176843429961968E+00
0.10272840472451562520456550227273E+01 -0.67521667764570391293463489723336E+00
0.10192165032942411633116979595624E+01 -0.67010831869120605771673686713723E+00
0.10111239833784150356451025133823E+01 -0.66497152207626104538009472952172E+00
0.10030061614297659327033499173532E+01 -0.65980669110727900152331689458876E+00
0.99486275989163158483295734792084E+00 -0.65461421605067997238266755680818E+00
0.98669354499748413294630529425323E+00 -0.64939447524288030320357088206359E+00
0.97849832261708436839861786966412E+00 -0.64414783609173781104669813660522E+00
0.97027693459010875055707067885699E+00 -0.63887465598175203258249867414802E+00
0.96202925548024203948870027242609E+00 -0.63357528309373388381362560597133E+00
0.95375518969322549301517121546704E+00 -0.62825005714830559952040013746569E+00
0.94545466891101114369581147474310E+00 -0.62289931008142483374409228340041E+00
0.93712764980134203697744899453108E+00 -0.61752336665912502520169743535807E+00
0.92877411196805261023034703678122E+00 -0.61212254503779734593572851338481E+00
0.92039405611236990054434089953483E+00 -0.60669715727558845046590439829766E+00
0.91198750237968264799142454752208E+00 -0.60124750979983830911579339464416E+00
0.90355448886977119309764676516636E+00 -0.59577390383491626083500473376943E+00
0.89509507029147111359477744354540E+00 -0.59027663579432044012048062609821E+00
0.88660931674527193819280177903484E+00 -0.58475599764047408037588703971019E+00
0.87809731261950242337413971573213E+00 -0.57921227721527621742728156216057E+00
0.86955915558759265184836252095056E+00 -0.57364575854413318643082991482930E+00
0.86099495569547550029960681968719E+00 -0.56805672211590636732768083153326E+00
0.85240483452954102523252666251685E+00 -0.56244544514095634785141774985018E+00
0.84378892445672300383401149634978E+00 -0.55681220178923772923457601802160E+00
0.83514736792930106051148961861265E+00 -0.55115726341019884131844895890752E+00
0.82648031684787250881638377722474E+00 -0.54548089873606474928327184934972E+00
0.81778793197670629607999212887732E+00 -0.53978337406992479352000945637643E+00
0.80907038240634647076669777499002E+00 -0.53406495345990623487704894408286E+00
0.80032784505890914347176228058286E+00 -0.52832589886059292322994475035157E+00
0.79156050423201789428106295009404E+00 -0.52256647028273624923426409289979E+00
0.78276855117776309450703188004927E+00 -0.51678692593220720047161550821172E+00
0.77395218371345565479629346866430E+00 -0.51098752233905105979541056165674E+00
0.76511160586128783734323893484882E+00 -0.50516851447742606591731357552580E+00
0.75624702751431128279447684391434E+00 -0.49933015587713786440219580509690E+00
0.74735866412641002748242873177195E+00 -0.49347269872741594214490380851246E+00
0.73844673642417648219908849150456E+00 -0.48759639397352387964166109427768E+00
0.72951147013881142373497489704403E+00 -0.48170149140674088482578700831218E+00
0.72055309575634941750399659132097E+00 -0.47578823974820750451817510731253E+00
0.71157184828467761766642191388775E+00 -0.46985688672708592864961430396023E+00
0.70256796703596149763570217821915E+00 -0.46390767915344629634105054211826E+00
0.69354169542322178981992696016590E+00 -0.45794086298625879136373496572994E+00
0.68449328076992492852956008865134E+00 -0.45195668339683648753058151654364E+00
0.67542297413155146343461769142363E+00 -0.44595538482804908103821328390688E+00
0.66633103012820363345096081207411E+00 -0.43993721104960000417078015372770E+00
0.65721770678739535962147489746702E+00 -0.43390240520963602333117091717428E+00
0.64808326539624409075668084173450E+00 -0.42785120988294007941374026186216E+00
0.63892797036235545964893043809781E+00 -0.42178386711593267471595436016264E+00
0.62975208908274487668844912174309E+00 -0.41570061846869761305806675325132E+00
0.62055589182020816401298669890952E+00 -0.40960170505422397817971337712191E+00
0.61133965158659034221903244782817E+00 -0.40348736757504700202088898530561E+00
0.60210364403245784622755000966410E+00 -0.39735784635745438306488168493265E+00
0.59284814734271428030892328495180E+00 -0.39121338138341259133341242606056E+00
0.58357344213773921770058019699384E+00 -0.38505421232035709906941665733555E+00
0.57427981137966475764904342847231E+00 -0.37888057854897957619621880725363E+00
0.56496754028343226051950086550874E+00 -0.37269271918913514969747803901795E+00
0.55563691623230306512897606046633E+00 -0.36649087312398526720198455498688E+00
0.54628822869752130959957330545894E+00 -0.36027527902248231818047438273798E+00
0.53692176916184879500973400578208E+00 -0.35404617536029566831544671732378E+00
0.52753783104671621717132847994675E+00 -0.34780380043927108555736648082271E+00
0.51813670964275169015477271385627E+00 -0.34154839240551074263175332256079E+00
0.50871870204346782653844508848953E+00 -0.33528018926615271000443652617727E+00
0.49928410708190262808157832939247E+00 -0.32899942890492630771452019045683E+00
0.48983322527002579236712292728884E+00 -0.32270634909655196220314442433469E+00
0.48036635874073655985920830907691E+00 -0.31640118752005238048875044741724E+00
0.47088381119228899254742078938728E+00 -0.31008418177103501784810182302497E+00
0.46138588783499544900537434276214E+00 -0.30375556937300310028143788077504E+00
0.45187289534006794174477461443175E+00 -0.29741558778775013323654755362071E+00
0.44234514179046617693997269988760E+00 -0.29106447442488562510979235447855E+00
0.43280293663363265621063815943881E+00 -0.28470246665054128836742325258571E+00
0.42324659063600063364387212576608E+00 -0.27832980179530058975074590312927E+00
0.41367641583917051559499301299535E+00 -0.27194671716139307573894060457655E+00
0.40409272551765678273645981902181E+00 -0.26555345002919272976252345075422E+00
0.39449583413811299029471568956698E+00 -0.25915023766305637377086738387670E+00
0.38488605731995113240303589714094E+00 -0.25273731731653672030214764380123E+00
0.37526371179727402700569619666419E+00 -0.24631492623700195497346820643752E+00
0.36562911538204636443550550884891E+00 -0.23988330166969240352823209841442E+00
0.35598258692843712421883786356463E+00 -0.23344268086124336255760991723405E+00
0.34632444629826308505945447960386E+00 -0.22699330106269954970385025611532E+00
0.33665501432747833595685487798109E+00 -0.22053539953204812028109350466462E+00
0.32697461279364827247662264568349E+00 -0.21406921353629279084186661537352E+00
0.31728356438435537651307981049162E+00 -0.20759498035309311098198360895162E+00
0.30758219266648829506711497302327E+00 -0.20111293727198860958355720155613E+00
0.29787082205636434309200172299692E+00 -0.19462332159522866343632019712405E+00
0.28814977779064361862655849533384E+00 -0.18812637063822784954656192739058E+00
0.27841938589799147914337985644569E+00 -0.18162232172966241728382728896768E+00
0.26867997317145007460263507405344E+00 -0.17511141221122777555213074316135E+00
0.25893186714148490611448654486537E+00 -0.16859387943707099504811993249967E+00
0.24917539604966734059006382430656E+00 -0.16206996077291392059889446911334E+00
0.23941088882296534523431386162555E+00 -0.15553989359488219360693799323668E+00
0.22963867504860842952133916722648E+00 -0.14900391528805267386223492713474E+00
0.21985908494949893759640035449470E+00 -0.14246226324473247338457108173057E+00
0.21007244936014374825901179707663E+00 -0.13591517486248282459020408235936E+00
0.20027909970307872100667888797838E+00 -0.12936288754189800392079722790744E+00
0.19047936796576333158086287689816E+00 -0.12280563868415121458001374075083E+00
0.18067358667792228875378785570948E+00 -0.11624366568831762517799677561087E+00
0.17086208888931223738678735435338E+00 -0.10967720594848509675332401059427E+00
0.16104520814789377869891177120688E+00 -0.10310649685066075978793476240946E+00
0.15122327847838928030847735425800E+00 -0.96531775769484006092343140518443E-01
0.14139663436120900472467798163182E+00 -0.89953280064753058699522830535840E-01
0.13156561071172788964463648737054E+00 -0.83371247077774982438628829890291E-01
0.12173054285989637561857331537141E+00 -0.76785914127544428800040116868797E-01
0.11189176653017163260492267054519E+00 -0.70197518506761275144181287927817E-01
0.10204961782175310997264368359786E+00 -0.63606297477691776889191187599156E-01
0.92204433189109174135793291925094E-01 -0.57012488267881811695120057120391E-01
0.82356549422782484465721105289537E-01 -0.50416328065727609679851263180489E-01
0.72506303630461124681985711340991E-01 -0.43818054015909789113665082341634E-01
0.62654033218304682462901744290541E-01 -0.37217903214697975691817794016739E-01
0.52800075872512847987557776940448E-01 -0.30616112705129653579322063503928E-01
0.42944769541127991294270498541084E-01 -0.24012919472070600427176913697568E-01
0.33088452416060410324571493648060E-01 -0.17408560437160171012375323153982E-01
0.23231462915327531495567078029078E-01 -0.10803272453646366245591054866816E-01
0.13374139665498236780970292922678E-01 -0.41972923011189353492351087372717E-02
0.35168214843332588228998187943012E-02 0.24091433198625064450493680600094E-02
-0.63401526363855810994069860534190E-02 0.90157977932315281881796349792089E-02
-0.16196443547844555973670710671818E-01 0.15622434592974409149955471789908E-01
-0.26051711961015402988692517541498E-01 0.22228817288774917041818344387579E-01
-0.35905618463302636377144465404964E-01 0.28834709551744685232669398303494E-01
-0.45757823535033656272565095017662E-01 0.35439875160235008012824069904707E-01
-0.55607987565792146117097953039927E-01 0.42044078005724366651564808541528E-01
-0.65455770870603952970913994974676E-01 0.48647082098781804492097396912507E-01
-0.75300833705980146296865952821882E-01 0.55248651575100585406002707953053E-01
-0.85142836285821601026263704470307E-01 0.61848550701599441757601485148169E-01
-0.94981438797192156255584087223768E-01 0.68446543882589401156123245126417E-01
-0.10481630141596272526394974383280E+00 0.75042395666002108083598020846723E-01
-0.11464708432233246580483457882449E+00 0.81635870749678634204384771895826E-01
-0.12447344771623094531899099876894E+00 0.88226733987714087546762510815284E-01
-0.13429505183260509509031211266702E+00 0.94814750396857332516622704145472E-01
-0.14411155695659560196148942714513E+00 0.10139968516296239631341698896009E+00
-0.15392262343860449057586435137280E+00 0.10798130364748961866046935428741E+00
-0.16372791170926066219166157533039E+00 0.11455937139405429832039264852047E+00
-0.17352708229428332959362767745582E+00 0.12113365413502055427126390474738E+00
-0.18331979582924873107094310065170E+00 0.12770391779813815908920289778207E+00
-0.19310571307426208867903818154035E+00 0.13426992851322105626424064055338E+00
-0.20288449492853845888734948970762E+00 0.14083145261886494501053300555463E+00
-0.21265580244489450617754052381077E+00 0.14738825666920211238585462661405E+00
-0.22241929684415391554070515856399E+00 0.15394010744069207297332242088099E+00
-0.23217463952946907795877182740176E+00 0.16048677193894607091256204459062E+00
-0.24192149210056191791947228787022E+00 0.16702801740558392760375280820481E+00
-0.25165951636788432170748555225626E+00 0.17356361132512103320313393780894E+00
-0.26138837436670280660678148721186E+00 0.18009332143188463522948176102576E+00
-0.27110772837110732876891150135819E+00 0.18661691571695828322751304682240E+00
-0.28081724090794668336200243953576E+00 0.19313416243515042208252268480795E+00
-0.29051657477069352284997643866224E+00 0.19964483011199012317464066822727E+00
-0.30020539303323856309631757962665E+00 0.20614868755074375460470699874149E+00
-0.30988335906361760126886263123151E+00 0.21264550383945462267084706071067E+00
-0.31955013653767192935386974559055E+00 0.21913504835800373680670897407021E+00
-0.32920538945264332134469888841818E+00 0.22561709078518829309169672092467E+00
-0.33884878214070594046790961211593E+00 0.23209140110582000689579964130566E+00
-0.34847997928243537856399659884122E+00 0.23855774961783929911363973815458E+00
-0.35809864592021761375587133043069E+00 0.24501590693944516899319340722158E+00
-0.36770444747159746812615224568428E+00 0.25146564401624088911438528748031E+00
-0.37729704974256766063479533644653E+00 0.25790673212839161779722495151484E+00
-0.38687611894080238244967148232826E+00 0.26433894289779637453540685144708E+00
-0.39644132168883169538539179154647E+00 0.27076204829526985404919656013012E+00
-0.40599232503716204230042758931993E+00 0.27717582064773556835407964957238E+00
-0.41552879647734145000853818511447E+00 0.28358003264542867458270602414979E+00
-0.42505040395497038798157219350422E+00 0.28997445734910687461513832399197E+00
-0.43455681588266031745697074655299E+00 0.29635886819726935213571991411934E+00
-0.44404770115293920730590235344477E+00 0.30273303901338224522199103513026E+00
-0.45352272915110568309944583967827E+00 0.30909674401311028346109813329535E+00
-0.46298156976803252590648187657292E+00 0.31544975781155307679137920468893E+00
-0.47242389341291889831591315358810E+00 0.32179185543048593479935691584445E+00
-0.48184937102599421908359167373337E+00 0.32812281230560416899134016942650E+00
-0.49125767409117155407744428657666E+00 0.33444240429376951497129394533161E+00
-0.50064847464865295776416771315575E+00 0.34075040768025890224083869539608E+00
-0.51002144530748710569525743709518E+00 0.34704659918601405188737624650082E+00
-0.51937625925807797417160152656004E+00 0.35333075597489142932532860171012E+00
-0.52871259028464767439425695197077E+00 0.35960265566091167767584192678736E+00
-0.53803011277765139867762965317415E+00 0.36586207631550849456852918894132E+00
-0.54732850174614630895003639549085E+00 0.37210879647477502969577276839981E+00
-0.55660743283011407000890487939186E+00 0.37834259514670834992919307918195E+00
-0.56586658231273767349807613270120E+00 0.38456325181845040135428077002486E+00
-0.57510562713263289223602841266447E+00 0.39077054646352563594514170633649E+00
-0.58432424489603383988828749161293E+00 0.39696425954907391921878740818176E+00
-0.59352211388893395117630417827497E+00 0.40314417204307830135641611310057E+00
-0.60269891308918242711895982409333E+00 0.40931006542158772631945599435437E+00
-0.61185432217853520742740630594933E+00 0.41546172167593296448376652552805E+00
-0.62098802155466253937709196815025E+00 0.42159892331993564547041191022959E+00
-0.63009969234311118769668716554691E+00 0.42772145339711112832837336933592E+00
-0.63918901640922363335351215257391E+00 0.43382909548786088990798446771270E+00
-0.64825567637001245812104166222801E+00 0.43992163371665999363383821340359E+00
-0.65729935560599106512359565567668E+00 0.44599885275923162390328757528801E+00
-0.66631973827296108248319744042366E+00 0.45206053784971522351183433698308E+00
-0.67531650931375517922787710340672E+00 0.45810647478782289534097042777276E+00
-0.68428935446993695535517768701556E+00 0.46413644994598515197590390615235E+00
-0.69323796029345696594559437135840E+00 0.47015025027648652970715960477814E+00
-0.70216201415826532321600746399062E+00 0.47614766331858837292771088366895E+00
-0.71106120427188053831930470271333E+00 0.48212847720564067650060595721266E+00
-0.71993521968691496782931760964421E+00 0.48809248067218046299112487306292E+00
-0.72878375031255669931686936760097E+00 0.49403946306101728286783812143276E+00
-0.73760648692600799039527670004190E+00 0.49996921433030567477105192442448E+00
-0.74640312118388021410236514847986E+00 0.50588152506060271987358872976518E+00
-0.75517334563354470972047759906836E+00 0.51177618646191233652419573525914E+00
-0.76391685372444055470165813528643E+00 0.51765299038071327493348051480685E+00
-0.77263333981933856447417939386546E+00 0.52351172930697313132161147284322E+00
-0.78132249920556116414259511651387E+00 0.52935219638114568666137185767293E+00
-0.78998402810615865117481420153589E+00 0.53517418540115254852060469079482E+00
-0.79861762369104159158515467605205E+00 0.54097749082934772216126669693586E+00
-0.80722298408806927340349071620036E+00 0.54676190779946560899128253626215E+00
-0.81579980839409372886322107721334E+00 0.55252723212355144781063059490697E+00
-0.82434779668595976422012916361184E+00 0.55827326029887378423331241565502E+00
-0.83286665003146067999410716614041E+00 0.56399978951481859438249268876090E+00
-0.84135607050024959158990927024261E+00 0.56970661765976536379439058879166E+00
-0.84981576117470578647240622872906E+00 0.57539354332794337727710100816800E+00
-0.85824542616075700379796955931335E+00 0.58106036582626912584383590207632E+00
-0.86664477059865637309840408599526E+00 0.58670688518116391207414885370801E+00
-0.87501350067371443407315300937565E+00 0.59233290214535096878821691725037E+00
-0.88335132362698632157092188923033E+00 0.59793821820463240713509558608524E+00
-0.89165794776591324027127767729630E+00 0.60352263558464525750865674062095E+00
-0.89993308247491874645669436084156E+00 0.60908595725759588248475527736969E+00
-0.90817643822595941844145331695383E+00 0.61462798694897336130652012353817E+00
-0.91638772658902952849609962522168E+00 0.62014852914424055720111594358162E+00
-0.92456666024261991637868756542153E+00 0.62564738909550289866946152774507E+00
-0.93271295298413075352569802555473E+00 0.63112437282815465257382460430692E+00
-0.94082631974023793178785473036309E+00 0.63657928714750222699982814684356E+00
-0.94890647657721269317484687164181E+00 0.64201193964536427767420232113016E+00
-0.95695314071119493871514158627527E+00 0.64742213870664739767493425305880E+00
-0.96496603051841962591289744478284E+00 0.65280969351589918618757013791237E+00
-0.97294486554539563526122155541269E+00 0.65817441406383582964519852509781E+00
-0.98088936651903784275547752820248E+00 0.66351611115384560802075425879612E+00
-0.98879925535675144532693984188591E+00 0.66883459640846747459685585277565E+00
-0.99667425517646859977157106133996E+00 0.67412968227584409644181526618119E+00
-0.10045140903066372984634360372894E+01 0.67940118203614975990890620761873E+00
-0.10123184862961619237805340250335E+01 0.68464890980799201336394686627170E+00
-0.10200871699242956404336935176884E+01 0.68987268055478727246948025306620E+00
-0.10278198692104841690172474858387E+01 0.69507231009111031392902346427670E+00
-0.10355163134241606954357454190535E+01 0.70024761508901610786941804598038E+00
-0.10431762330944922083931345670691E+01 0.70539841308433567503555772745478E+00
-0.10507993600200759624083955122981E+01 0.71052452248294381507200495647375E+00
-0.10583854272785871987958133497118E+01 0.71562576256699930712080097811293E+00
-0.10659341692363768726478860903225E+01 0.72070195350115767848435669464899E+00
-0.10734453215580193871865274942443E+01 0.72575291633875492928572521174793E+00
-0.10809186212158106315148399629692E+01 0.73077847302796355463923914214405E+00
-0.10883538064992152876814466390653E+01 0.73577844641791922750272817230573E+00
-0.10957506170242639601617004299149E+01 0.74075266026481872152241782081118E+00
-0.11031087937428990306212158951261E+01 0.74570093923798839522384343359947E+00
-0.11104280789522701194230322042111E+01 0.75062310892592312713693393115625E+00
-0.11177082163039778399922750646304E+01 0.75551899584229533669277508584595E+00
-0.11249489508132660327114866814696E+01 0.76038842743193396787196890081024E+00
-0.11321500288681627652870392803928E+01 0.76523123207677283637398714637104E+00
-0.11393111982385688554767370035119E+01 0.77004723910176873613580882864846E+00
-0.11464322080852945983544232130656E+01 0.77483627878078821920436060067726E+00
-0.11535128089690437921226765409473E+01 0.77959818234246348887144413349027E+00
-0.11605527528593452864938203686197E+01 0.78433278197601662160691122908682E+00
-0.11675517931434316993004208256565E+01 0.78903991083705247029389288627226E+00
-0.11745096846350646612236612648572E+01 0.79371940305331919141353128257024E+00
-0.11814261835833073461391418604414E+01 0.79837109373043707455770005353452E+00
-0.11883010476812425386314440835354E+01 0.80299481895759455107602171203761E+00
-0.11951340360746378113924758496104E+01 0.80759041581321184480935048159183E+00
-0.12019249093705557962250624193447E+01 0.81215772237057156978889390145485E+00
-0.12086734296459108003465424716698E+01 0.81669657770341618971552523303073E+00
-0.12153793604559704519977773811160E+01 0.82120682189151232776618876028482E+00
-0.12220424668428028552414457018981E+01 0.82568829602618105465535185794384E+00
-0.12286625153436685203685336460196E+01 0.83014084221579480251853125358847E+00
-0.12352392739993571417503063437297E+01 0.83456430359123993865047720002094E+00
-0.12417725123624690897177379978290E+01 0.83895852431134510616849337597113E+00
-0.12482620015056408317984367711964E+01 0.84332334956827516002285164327426E+00
-0.12547075140297145500668256007751E+01 0.84765862559289014340728925885958E+00
-0.12611088240718518436236721744412E+01 0.85196419966006955647692259035600E+00
-0.12674657073135905317753238982000E+01 0.85623992009400132877506389799621E+00
-0.12737779409888453419249204071733E+01 0.86048563627343534616396649345547E+00
-0.12800453038918511472295979395714E+01 0.86470119863690150723092570283252E+00
-0.12862675763850498106724745904835E+01 0.86888645868789188003119501624826E+00
-0.12924445404069189672578254470106E+01 0.87304126900000675710636452051857E+00
-0.12985759794797436442836845471891E+01 0.87716548322206471788527574114270E+00
-0.13046616787173303057902556488358E+01 0.88125895608317592391083315961613E+00
-0.13107014248326621321562704014199E+01 0.88532154339777898591915812801066E+00
-0.13166950061454969724904045418220E+01 0.88935310207064101892244455007112E+00
-0.13226422125899061414058852623990E+01 0.89335349010182033428610412360728E+00
-0.13285428357217548125982207206028E+01 0.89732256659159227073808211855091E+00
-0.13343966687261235415508420273703E+01 0.90126019174533731085382465784099E+00
-0.13402035064246704166704934572226E+01 0.90516622687839162227252411004382E+00
-0.13459631452829341418547509600823E+01 0.90904053442085985223936691279573E+00
-0.13516753834175773642761358873945E+01 0.91288297792238968577121923335913E+00
-0.13573400206035701272525680745454E+01 0.91669342205690850823994473980273E+00
-0.13629568582813137715932612590018E+01 0.92047173262732123030144326863677E+00
-0.13685256995637037718915117071447E+01 0.92421777657016986995703796282020E+00
-0.13740463492431330066695262321430E+01 0.92793142196025434315852588133672E+00
-0.13795186137984339222206703593794E+01 0.93161253801521403278837345732592E+00
-0.13849423014017598059724817877097E+01 0.93526099510007040556667104284561E+00
-0.13903172219254050818609914074661E+01 0.93887666473173033163592650663287E+00
-0.13956431869485643434427722197157E+01 0.94245941958344990855129240062111E+00
-0.14009200097640299236255542573343E+01 0.94600913348925844472652473002307E+00
-0.14061475053848275117863989480950E+01 0.94952568144834281267847064387326E+00
-0.14113254905507902039433829141467E+01 0.95300893962939171194455031453018E+00
-0.14164537837350702451645388226563E+01 0.95645878537489966740644304678176E+00
-0.14215322051505883793214303623078E+01 0.95987509720543080064694494895781E+00
-0.14265605767564209725165698997721E+01 0.96325775482384204517342078222663E+00
-0.14315387222641241494796600630968E+01 0.96660663911946559987739055566515E+00
-0.14364664671439950228230817931955E+01 0.96992163217225068458244036861901E+00
-0.14413436386312701707696761304447E+01 0.97320261725686420259214133921108E+00
-0.14461700657322602937620666418532E+01 0.97644947884675017445799999184029E+00
-0.14509455792304217580246102687095E+01 0.97966210261814807184789760159312E+00
-0.14556700116923643480033547278247E+01 0.98284037545406945663994181123954E+00
-0.14603431974737951565783656045727E+01 0.98598418544823302749940149142785E+00
-0.14649649727253982353106707813711E+01 0.98909342190895805314151574238727E+00
-0.14695351753986503381848266429561E+01 0.99216797536301569710918076061708E+00
-0.14740536452515719419478230944906E+01 0.99520773755943840212355629946266E+00
-0.14785202238544139544485363203483E+01 0.99821260147328680682011222537520E+00
-0.14829347545952790722767086054087E+01 0.10011824613093747018427730728982E+01
-0.14872970826856789307702074514563E+01 0.10041172125059510833423003971590E+01
-0.14916070551660255139659891446468E+01 0.10070167517383398004574868810015E+01
-0.14958645209110574851493370273523E+01 0.10098809769225363411289809887669E+01
-0.15000693306352009557786474855364E+01 0.10127097872187615734639169343455E+01
-0.15042213368978646188688293884231E+01 0.10155030830349727656447230206529E+01
-0.15083203941086691661500930273387E+01 0.10182607660303309240765820774763E+01
-0.15123663585326103706723610440537E+01 0.10209827391186252411992985466979E+01
-0.15163590882951563709440630267007E+01 0.10236689064716538471775240119466E+01
-0.15202984433872783559743032101360E+01 0.10263191735225609950874654857201E+01
-0.15241842856704148668736804093476E+01 0.10289334469691308175677332423874E+01
-0.15280164788813697321211450251126E+01 0.10315116347770365522107310588249E+01
-0.15317948886371422650137528744553E+01 0.10340536461830467603418436496846E+01
-0.15355193824396919194466081900182E+01 0.10365593916981865833655622467263E+01
-0.15391898296806343402220561035265E+01 0.10390287831108553830606787998048E+01
-0.15428061016458713044483916706723E+01 0.10414617334898998138895139526588E+01
-0.15463680715201525909303372728193E+01 0.10438581571876424569846848885340E+01
-0.15498756143915704562209321582876E+01 0.10462179698428660113717451304358E+01
-0.15533286072559865442666176253216E+01 0.10485410883837527514724206763288E+01
-0.15567269290213906016184070432848E+01 0.10508274310307791702335267065741E+01
-0.15600704605121915695887264075063E+01 0.10530769172995658763810725571325E+01
-0.15633590844734403788580452813655E+01 0.10552894680036823600079157788426E+01
-0.15665926855749842899717794305908E+01 0.10574650052574067394057258738037E+01
-0.15697711504155531522878861719327E+01 0.10596034524784402633624640015524E+01
-0.15728943675267768690207659192127E+01 0.10617047343905766319742509082586E+01
-0.15759622273771343850731690119319E+01 0.10637687770263256905245406525467E+01
-0.15789746223758336508831464706793E+01 0.10657955077294918774309300051715E+01
-0.15819314468766228160332513766940E+01 0.10677848551577068588572614822855E+01
-0.15848325971815324264627842693488E+01 0.10697367492849166918616562720786E+01
-0.15876779715445481858784442590361E+01 0.10716511214038229653145912369761E+01
-0.15904674701752147250194500435379E+01 0.10735279041282781998929719606718E+01
-0.15932009952421697978636166856480E+01 0.10753670313956353743527818954447E+01
-0.15958784508766088891952784477641E+01 0.10771684384690510849626910098695E+01
-0.15984997431756803940247662492013E+01 0.10789320619397429569796670312209E+01
-0.16010647802058108124367599515557E+01 0.10806578397292005567537726631761E+01
-0.16035734720059602422535120859931E+01 0.10823457110913500751264270303471E+01
-0.16060257305908078542044658711520E+01 0.10839956166146726684610573517425E+01
-0.16084214699538672263989579295144E+01 0.10856074982242762617480855144884E+01
-0.16107606060705316853675640183404E+01 0.10871812991839208581997433827977E+01
-0.16130430569010491315753304493947E+01 0.10887169640979971913126470913020E+01
-0.16152687423934266565169749655656E+01 0.10902144389134587341465476549016E+01
-0.16174375844862647865337971775790E+01 0.10916736709217069343566770347614E+01
-0.16195495071115207183147591106422E+01 0.10930946087604294888347787181473E+01
-0.16216044361972015979308682221969E+01 0.10944772024153919209083485268067E+01
-0.16236022996699864029576106229566E+01 0.10958214032221820220759953378420E+01
-0.16255430274577773168474313680595E+01 0.10971271638679073969945318837587E+01
-0.16274265514921802749723421938787E+01 0.10983944383928457336925868486783E+01
-0.16292528057109142457797000984990E+01 0.10996231821920480600705584227809E+01
-0.16310217260601497081226923499440E+01 0.11008133520168947648814202422093E+01
-0.16327332504967757605574676634668E+01 0.11019649059766041912165219234883E+01
-0.16343873189905961123209631815210E+01 0.11030778035396941680598729729878E+01
-0.16359838735264538966164163996877E+01 0.11041520055353958933359561123534E+01
-0.16375228581062847847504399702506E+01 0.11051874741550204920743540215566E+01
-0.16390042187510990884388106148092E+01 0.11061841729532781186728804405815E+01
-0.16404279035028919953609272707867E+01 0.11071420668495494107152268999907E+01
-0.16417938624264824351285098816348E+01 0.11080611221291094359551488452191E+01
-0.16431020476112803391564754007141E+01 0.11089413064443040291577421409020E+01
-0.16443524131729820780373255508650E+01 0.11097825888156783442004817148617E+01
-0.16455449152551943039503021344196E+01 0.11105849396330577873837119584384E+01
-0.16466795120309859364568941222827E+01 0.11113483306565811458065580440923E+01
-0.16477561637043682694884772553835E+01 0.11120727350176859727031691441173E+01
-0.16487748325117033146393253970563E+01 0.11127581272200459561280417957898E+01
-0.16497354827230399254973869006124E+01 0.11134044831404608952581350870150E+01
-0.16506380806433787070685307010094E+01 0.11140117800296975820154672136726E+01
-0.16514825946138626880928520926669E+01 0.11145799965132860444449576179194E+01
-0.16522689950129022084932883072243E+01 0.11151091125922584341664110816199E+01
-0.16529972542572097266148122773490E+01 0.11155991096438668401678359977142E+01
-0.16536673468028139357157218685621E+01 0.11160499704221763864525696319943E+01
-0.16542792491458546761455613608675E+01 0.11164616790588289886170347392062E+01
-0.16546548454680468059592263390540E+01 0.11167143930808661713001465578602E+01
-0.16550045640417490530758183839862E+01 0.11169496957293730605878605992699E+01
-0.16553283994151505792183276499904E+01 0.11171675833235932121462621680112E+01
-0.16556263465399286183938267726955E+01 0.11173680524551981527770846767963E+01
-0.16558984007713345595497911268199E+01 0.11175510999883303279696829460530E+01
-0.16561575138415929230642436718820E+01 0.11177254402906920070483048006615E+01
-0.16564166403778939201199610009385E+01 0.11178997896844885116702871007666E+01
-0.16566757803806596942389516515502E+01 0.11180741481700039390776186688944E+01
-0.16569349338503188036442131799925E+01 0.11182485157475128682744799666850E+01
-0.16571941007872798667139292198906E+01 0.11184228924173195484453485791634E+01
-0.16569349338503188036442131799925E+01 0.11182485157475128682744799666850E+01
-0.16566757803806596942389516515502E+01 0.11180741481700039390776186688944E+01
-0.16564166403778939201199610009385E+01 0.11178997896844885116702871007666E+01
-0.16561575138415929230642436718820E+01 0.11177254402906920070483048006615E+01
-0.16558984007713345595497911268199E+01 0.11175510999883303279696829460530E+01
-0.16556263465399286183938267726955E+01 0.11173680524551981527770846767963E+01
-0.16553283994151505792183276499904E+01 0.11171675833235932121462621680112E+01
-0.16550045640417490530758183839862E+01 0.11169496957293730605878605992699E+01
-0.16546548454680468059592263390540E+01 0.11167143930808661713001465578602E+01
-0.16542792491458546761455613608675E+01 0.11164616790588289886170347392062E+01
-0.16536673468028139357157218685621E+01 0.11160499704221763864525696319943E+01
-0.16529972542572097266148122773490E+01 0.11155991096438668401678359977142E+01
-0.16522689950129022084932883072243E+01 0.11151091125922584341664110816199E+01
-0.16514825946138626880928520926669E+01 0.11145799965132860444449576179194E+01
-0.16506380806433787070685307010094E+01 0.11140117800296975820154672136726E+01
-0.16497354827230399254973869006124E+01 0.11134044831404608952581350870150E+01
-0.16487748325117033146393253970563E+01 0.11127581272200459561280417957898E+01
-0.16477561637043682694884772553835E+01 0.11120727350176859727031691441173E+01
-0.16466795120309859364568941222827E+01 0.11113483306565811458065580440923E+01
-0.16455449152551943039503021344196E+01 0.11105849396330577873837119584384E+01
-0.16443524131729820780373255508650E+01 0.11097825888156783442004817148617E+01
-0.16431020476112803391564754007141E+01 0.11089413064443040291577421409020E+01
-0.16417938624264824351285098816348E+01 0.11080611221291094359551488452191E+01
-0.16404279035028919953609272707867E+01 0.11071420668495494107152268999907E+01
-0.16390042187510990884388106148092E+01 0.11061841729532781186728804405815E+01
-0.16375228581062847847504399702506E+01 0.11051874741550204920743540215566E+01
-0.16359838735264538966164163996877E+01 0.11041520055353958933359561123534E+01
-0.16343873189905961123209631815210E+01 0.11030778035396941680598729729878E+01
-0.16327332504967757605574676634668E+01 0.11019649059766041912165219234883E+01
-0.16310217260601497081226923499440E+01 0.11008133520168947648814202422093E+01
-0.16292528057109142457797000984990E+01 0.10996231821920480600705584227809E+01
-0.16274265514921802749723421938787E+01 0.10983944383928457336925868486783E+01
-0.16255430274577773168474313680595E+01 0.10971271638679073969945318837587E+01
-0.16236022996699864029576106229566E+01 0.10958214032221820220759953378420E+01
-0.16216044361972015979308682221969E+01 0.10944772024153919209083485268067E+01
-0.16195495071115207183147591106422E+01 0.10930946087604294888347787181473E+01
-0.16174375844862647865337971775790E+01 0.10916736709217069343566770347614E+01
-0.16152687423934266565169749655656E+01 0.10902144389134587341465476549016E+01
-0.16130430569010491315753304493947E+01 0.10887169640979971913126470913020E+01
-0.16107606060705316853675640183404E+01 0.10871812991839208581997433827977E+01
-0.16084214699538672263989579295144E+01 0.10856074982242762617480855144884E+01
-0.16060257305908078542044658711520E+01 0.10839956166146726684610573517425E+01
-0.16035734720059602422535120859931E+01 0.10823457110913500751264270303471E+01
-0.16010647802058108124367599515557E+01 0.10806578397292005567537726631761E+01
-0.15984997431756803940247662492013E+01 0.10789320619397429569796670312209E+01
-0.15958784508766088891952784477641E+01 0.10771684384690510849626910098695E+01
-0.15932009952421697978636166856480E+01 0.10753670313956353743527818954447E+01
-0.15904674701752147250194500435379E+01 0.10735279041282781998929719606718E+01
-0.15876779715445481858784442590361E+01 0.10716511214038229653145912369761E+01
-0.15848325971815324264627842693488E+01 0.10697367492849166918616562720786E+01
-0.15819314468766228160332513766940E+01 0.10677848551577068588572614822855E+01
-0.15789746223758336508831464706793E+01 0.10657955077294918774309300051715E+01
-0.15759622273771343850731690119319E+01 0.10637687770263256905245406525467E+01
-0.15728943675267768690207659192127E+01 0.10617047343905766319742509082586E+01
-0.15697711504155531522878861719327E+01 0.10596034524784402633624640015524E+01
-0.15665926855749842899717794305908E+01 0.10574650052574067394057258738037E+01
-0.15633590844734403788580452813655E+01 0.10552894680036823600079157788426E+01
-0.15600704605121915695887264075063E+01 0.10530769172995658763810725571325E+01
-0.15567269290213906016184070432848E+01 0.10508274310307791702335267065741E+01
-0.15533286072559865442666176253216E+01 0.10485410883837527514724206763288E+01
-0.15498756143915704562209321582876E+01 0.10462179698428660113717451304358E+01
-0.15463680715201525909303372728193E+01 0.10438581571876424569846848885340E+01
-0.15428061016458713044483916706723E+01 0.10414617334898998138895139526588E+01
-0.15391898296806343402220561035265E+01 0.10390287831108553830606787998048E+01
-0.15355193824396919194466081900182E+01 0.10365593916981865833655622467263E+01
-0.15317948886371422650137528744553E+01 0.10340536461830467603418436496846E+01
-0.15280164788813697321211450251126E+01 0.10315116347770365522107310588249E+01
-0.15241842856704148668736804093476E+01 0.10289334469691308175677332423874E+01
-0.15202984433872783559743032101360E+01 0.10263191735225609950874654857201E+01
-0.15163590882951563709440630267007E+01 0.10236689064716538471775240119466E+01
-0.15123663585326103706723610440537E+01 0.10209827391186252411992985466979E+01
-0.15083203941086691661500930273387E+01 0.10182607660303309240765820774763E+01
-0.15042213368978646188688293884231E+01 0.10155030830349727656447230206529E+01
-0.15000693306352009557786474855364E+01 0.10127097872187615734639169343455E+01
-0.14958645209110574851493370273523E+01 0.10098809769225363411289809887669E+01
-0.14916070551660255139659891446468E+01 0.10070167517383398004574868810015E+01
-0.14872970826856789307702074514563E+01 0.10041172125059510833423003971590E+01
-0.14829347545952790722767086054087E+01 0.10011824613093747018427730728982E+01
-0.14785202238544139544485363203483E+01 0.99821260147328680682011222537520E+00
-0.14740536452515719419478230944906E+01 0.99520773755943840212355629946266E+00
-0.14695351753986503381848266429561E+01 0.99216797536301569710918076061708E+00
-0.14649649727253982353106707813711E+01 0.98909342190895805314151574238727E+00
-0.14603431974737951565783656045727E+01 0.98598418544823302749940149142785E+00
-0.14556700116923643480033547278247E+01 0.98284037545406945663994181123954E+00
-0.14509455792304217580246102687095E+01 0.97966210261814807184789760159312E+00
-0.14461700657322602937620666418532E+01 0.97644947884675017445799999184029E+00
-0.14413436386312701707696761304447E+01 0.97320261725686420259214133921108E+00
-0.14364664671439950228230817931955E+01 0.96992163217225068458244036861901E+00
-0.14315387222641241494796600630968E+01 0.96660663911946559987739055566515E+00
-0.14265605767564209725165698997721E+01 0.96325775482384204517342078222663E+00
-0.14215322051505883793214303623078E+01 0.95987509720543080064694494895781E+00
-0.14164537837350702451645388226563E+01 0.95645878537489966740644304678176E+00
-0.14113254905507902039433829141467E+01 0.95300893962939171194455031453018E+00
-0.14061475053848275117863989480950E+01 0.94952568144834281267847064387326E+00
-0.14009200097640299236255542573343E+01 0.94600913348925844472652473002307E+00
-0.13956431869485643434427722197157E+01 0.94245941958344990855129240062111E+00
-0.13903172219254050818609914074661E+01 0.93887666473173033163592650663287E+00
-0.13849423014017598059724817877097E+01 0.93526099510007040556667104284561E+00
-0.13795186137984339222206703593794E+01 0.93161253801521403278837345732592E+00
-0.13740463492431330066695262321430E+01 0.92793142196025434315852588133672E+00
-0.13685256995637037718915117071447E+01 0.92421777657016986995703796282020E+00
-0.13629568582813137715932612590018E+01 0.92047173262732123030144326863677E+00
-0.13573400206035701272525680745454E+01 0.91669342205690850823994473980273E+00
-0.13516753834175773642761358873945E+01 0.91288297792238968577121923335913E+00
-0.13459631452829341418547509600823E+01 0.90904053442085985223936691279573E+00
-0.13402035064246704166704934572226E+01 0.90516622687839162227252411004382E+00
-0.13343966687261235415508420273703E+01 0.90126019174533731085382465784099E+00
-0.13285428357217548125982207206028E+01 0.89732256659159227073808211855091E+00
-0.13226422125899061414058852623990E+01 0.89335349010182033428610412360728E+00
-0.13166950061454969724904045418220E+01 0.88935310207064101892244455007112E+00
-0.13107014248326621321562704014199E+01 0.88532154339777898591915812801066E+00
-0.13046616787173303057902556488358E+01 0.88125895608317592391083315961613E+00
-0.12985759794797436442836845471891E+01 0.87716548322206471788527574114270E+00
-0.12924445404069189672578254470106E+01 0.87304126900000675710636452051857E+00
-0.12862675763850498106724745904835E+01 0.86888645868789188003119501624826E+00
-0.12800453038918511472295979395714E+01 0.86470119863690150723092570283252E+00
-0.12737779409888453419249204071733E+01 0.86048563627343534616396649345547E+00
-0.12674657073135905317753238982000E+01 0.85623992009400132877506389799621E+00
-0.12611088240718518436236721744412E+01 0.85196419966006955647692259035600E+00
-0.12547075140297145500668256007751E+01 0.84765862559289014340728925885958E+00
-0.12482620015056408317984367711964E+01 0.84332334956827516002285164327426E+00
-0.12417725123624690897177379978290E+01 0.83895852431134510616849337597113E+00
-0.12352392739993571417503063437297E+01 0.83456430359123993865047720002094E+00
-0.12286625153436685203685336460196E+01 0.83014084221579480251853125358847E+00
-0.12220424668428028552414457018981E+01 0.82568829602618105465535185794384E+00
-0.12153793604559704519977773811160E+01 0.82120682189151232776618876028482E+00
-0.12086734296459108003465424716698E+01 0.81669657770341618971552523303073E+00
-0.12019249093705557962250624193447E+01 0.81215772237057156978889390145485E+00
-0.11951340360746378113924758496104E+01 0.80759041581321184480935048159183E+00
-0.11883010476812425386314440835354E+01 0.80299481895759455107602171203761E+00
-0.11814261835833073461391418604414E+01 0.79837109373043707455770005353452E+00
-0.11745096846350646612236612648572E+01 0.79371940305331919141353128257024E+00
-0.11675517931434316993004208256565E+01 0.78903991083705247029389288627226E+00
-0.11605527528593452864938203686197E+01 0.78433278197601662160691122908682E+00
-0.11535128089690437921226765409473E+01 0.77959818234246348887144413349027E+00
-0.11464322080852945983544232130656E+01 0.77483627878078821920436060067726E+00
-0.11393111982385688554767370035119E+01 0.77004723910176873613580882864846E+00
-0.11321500288681627652870392803928E+01 0.76523123207677283637398714637104E+00
-0.11249489508132660327114866814696E+01 0.76038842743193396787196890081024E+00
-0.11177082163039778399922750646304E+01 0.75551899584229533669277508584595E+00
-0.11104280789522701194230322042111E+01 0.75062310892592312713693393115625E+00
-0.11031087937428990306212158951261E+01 0.74570093923798839522384343359947E+00
-0.10957506170242639601617004299149E+01 0.74075266026481872152241782081118E+00
-0.10883538064992152876814466390653E+01 0.73577844641791922750272817230573E+00
-0.10809186212158106315148399629692E+01 0.73077847302796355463923914214405E+00
-0.10734453215580193871865274942443E+01 0.72575291633875492928572521174793E+00
-0.10659341692363768726478860903225E+01 0.72070195350115767848435669464899E+00
-0.10583854272785871987958133497118E+01 0.71562576256699930712080097811293E+00
-0.10507993600200759624083955122981E+01 0.71052452248294381507200495647375E+00
-0.10431762330944922083931345670691E+01 0.70539841308433567503555772745478E+00
-0.10355163134241606954357454190535E+01 0.70024761508901610786941804598038E+00
-0.10278198692104841690172474858387E+01 0.69507231009111031392902346427670E+00
-0.10200871699242956404336935176884E+01 0.68987268055478727246948025306620E+00
-0.10123184862961619237805340250335E+01 0.68464890980799201336394686627170E+00
-0.10045140903066372984634360372894E+01 0.67940118203614975990890620761873E+00
-0.99667425517646859977157106133996E+00 0.67412968227584409644181526618119E+00
-0.98879925535675144532693984188591E+00 0.66883459640846747459685585277565E+00
-0.98088936651903784275547752820248E+00 0.66351611115384560802075425879612E+00
-0.97294486554539563526122155541269E+00 0.65817441406383582964519852509781E+00
-0.96496603051841962591289744478284E+00 0.65280969351589918618757013791237E+00
-0.95695314071119493871514158627527E+00 0.64742213870664739767493425305880E+00
-0.94890647657721269317484687164181E+00 0.64201193964536427767420232113016E+00
-0.94082631974023793178785473036309E+00 0.63657928714750222699982814684356E+00
-0.93271295298413075352569802555473E+00 0.63112437282815465257382460430692E+00
-0.92456666024261991637868756542153E+00 0.62564738909550289866946152774507E+00
-0.91638772658902952849609962522168E+00 0.62014852914424055720111594358162E+00
-0.90817643822595941844145331695383E+00 0.61462798694897336130652012353817E+00
-0.89993308247491874645669436084156E+00 0.60908595725759588248475527736969E+00
-0.89165794776591324027127767729630E+00 0.60352263558464525750865674062095E+00
-0.88335132362698632157092188923033E+00 0.59793821820463240713509558608524E+00
-0.87501350067371443407315300937565E+00 0.59233290214535096878821691725037E+00
-0.86664477059865637309840408599526E+00 0.58670688518116391207414885370801E+00
-0.85824542616075700379796955931335E+00 0.58106036582626912584383590207632E+00
-0.84981576117470578647240622872906E+00 0.57539354332794337727710100816800E+00
-0.84135607050024959158990927024261E+00 0.56970661765976536379439058879166E+00
-0.83286665003146067999410716614041E+00 0.56399978951481859438249268876090E+00
-0.82434779668595976422012916361184E+00 0.55827326029887378423331241565502E+00
-0.81579980839409372886322107721334E+00 0.55252723212355144781063059490697E+00
-0.80722298408806927340349071620036E+00 0.54676190779946560899128253626215E+00
-0.79861762369104159158515467605205E+00 0.54097749082934772216126669693586E+00
-0.78998402810615865117481420153589E+00 0.53517418540115254852060469079482E+00
-0.78132249920556116414259511651387E+00 0.52935219638114568666137185767293E+00
-0.77263333981933856447417939386546E+00 0.52351172930697313132161147284322E+00
-0.76391685372444055470165813528643E+00 0.51765299038071327493348051480685E+00
-0.75517334563354470972047759906836E+00 0.51177618646191233652419573525914E+00
-0.74640312118388021410236514847986E+00 0.50588152506060271987358872976518E+00
-0.73760648692600799039527670004190E+00 0.49996921433030567477105192442448E+00
-0.72878375031255669931686936760097E+00 0.49403946306101728286783812143276E+00
-0.71993521968691496782931760964421E+00 0.48809248067218046299112487306292E+00
-0.71106120427188053831930470271333E+00 0.48212847720564067650060595721266E+00
-0.70216201415826532321600746399062E+00 0.47614766331858837292771088366895E+00
-0.69323796029345696594559437135840E+00 0.47015025027648652970715960477814E+00
-0.68428935446993695535517768701556E+00 0.46413644994598515197590390615235E+00
-0.67531650931375517922787710340672E+00 0.45810647478782289534097042777276E+00
-0.66631973827296108248319744042366E+00 0.45206053784971522351183433698308E+00
-0.65729935560599106512359565567668E+00 0.44599885275923162390328757528801E+00
-0.64825567637001245812104166222801E+00 0.43992163371665999363383821340359E+00
-0.63918901640922363335351215257391E+00 0.43382909548786088990798446771270E+00
-0.63009969234311118769668716554691E+00 0.42772145339711112832837336933592E+00
-0.62098802155466253937709196815025E+00 0.42159892331993564547041191022959E+00
-0.61185432217853520742740630594933E+00 0.41546172167593296448376652552805E+00
-0.60269891308918242711895982409333E+00 0.40931006542158772631945599435437E+00
-0.59352211388893395117630417827497E+00 0.40314417204307830135641611310057E+00
-0.58432424489603383988828749161293E+00 0.39696425954907391921878740818176E+00
-0.57510562713263289223602841266447E+00 0.39077054646352563594514170633649E+00
-0.56586658231273767349807613270120E+00 0.38456325181845040135428077002486E+00
-0.55660743283011407000890487939186E+00 0.37834259514670834992919307918195E+00
-0.54732850174614630895003639549085E+00 0.37210879647477502969577276839981E+00
-0.53803011277765139867762965317415E+00 0.36586207631550849456852918894132E+00
-0.52871259028464767439425695197077E+00 0.35960265566091167767584192678736E+00
-0.51937625925807797417160152656004E+00 0.35333075597489142932532860171012E+00
-0.51002144530748710569525743709518E+00 0.34704659918601405188737624650082E+00
-0.50064847464865295776416771315575E+00 0.34075040768025890224083869539608E+00
-0.49125767409117155407744428657666E+00 0.33444240429376951497129394533161E+00
-0.48184937102599421908359167373337E+00 0.32812281230560416899134016942650E+00
-0.47242389341291889831591315358810E+00 0.32179185543048593479935691584445E+00
-0.46298156976803252590648187657292E+00 0.31544975781155307679137920468893E+00
-0.45352272915110568309944583967827E+00 0.30909674401311028346109813329535E+00
-0.44404770115293920730590235344477E+00 0.30273303901338224522199103513026E+00
-0.43455681588266031745697074655299E+00 0.29635886819726935213571991411934E+00
-0.42505040395497038798157219350422E+00 0.28997445734910687461513832399197E+00
-0.41552879647734145000853818511447E+00 0.28358003264542867458270602414979E+00
-0.40599232503716204230042758931993E+00 0.27717582064773556835407964957238E+00
-0.39644132168883169538539179154647E+00 0.27076204829526985404919656013012E+00
-0.38687611894080238244967148232826E+00 0.26433894289779637453540685144708E+00
-0.37729704974256766063479533644653E+00 0.25790673212839161779722495151484E+00
-0.36770444747159746812615224568428E+00 0.25146564401624088911438528748031E+00
-0.35809864592021761375587133043069E+00 0.24501590693944516899319340722158E+00
-0.34847997928243537856399659884122E+00 0.23855774961783929911363973815458E+00
-0.33884878214070594046790961211593E+00 0.23209140110582000689579964130566E+00
-0.32920538945264332134469888841818E+00 0.22561709078518829309169672092467E+00
-0.31955013653767192935386974559055E+00 0.21913504835800373680670897407021E+00
-0.30988335906361760126886263123151E+00 0.21264550383945462267084706071067E+00
-0.30020539303323856309631757962665E+00 0.20614868755074375460470699874149E+00
-0.29051657477069352284997643866224E+00 0.19964483011199012317464066822727E+00
-0.28081724090794668336200243953576E+00 0.19313416243515042208252268480795E+00
-0.27110772837110732876891150135819E+00 0.18661691571695828322751304682240E+00
-0.26138837436670280660678148721186E+00 0.18009332143188463522948176102576E+00
-0.25165951636788432170748555225626E+00 0.17356361132512103320313393780894E+00
-0.24192149210056191791947228787022E+00 0.16702801740558392760375280820481E+00
-0.23217463952946907795877182740176E+00 0.16048677193894607091256204459062E+00
-0.22241929684415391554070515856399E+00 0.15394010744069207297332242088099E+00
-0.21265580244489450617754052381077E+00 0.14738825666920211238585462661405E+00
-0.20288449492853845888734948970762E+00 0.14083145261886494501053300555463E+00
-0.19310571307426208867903818154035E+00 0.13426992851322105626424064055338E+00
-0.18331979582924873107094310065170E+00 0.12770391779813815908920289778207E+00
-0.17352708229428332959362767745582E+00 0.12113365413502055427126390474738E+00
-0.16372791170926066219166157533039E+00 0.11455937139405429832039264852047E+00
-0.15392262343860449057586435137280E+00 0.10798130364748961866046935428741E+00
-0.14411155695659560196148942714513E+00 0.10139968516296239631341698896009E+00
-0.13429505183260509509031211266702E+00 0.94814750396857332516622704145472E-01
-0.12447344771623094531899099876894E+00 0.88226733987714087546762510815284E-01
-0.11464708432233246580483457882449E+00 0.81635870749678634204384771895826E-01
-0.10481630141596272526394974383280E+00 0.75042395666002108083598020846723E-01
-0.94981438797192156255584087223768E-01 0.68446543882589401156123245126417E-01
-0.85142836285821601026263704470307E-01 0.61848550701599441757601485148169E-01
-0.75300833705980146296865952821882E-01 0.55248651575100585406002707953053E-01
-0.65455770870603952970913994974676E-01 0.48647082098781804492097396912507E-01
-0.55607987565792146117097953039927E-01 0.42044078005724366651564808541528E-01
-0.45757823535033656272565095017662E-01 0.35439875160235008012824069904707E-01
-0.35905618463302636377144465404964E-01 0.28834709551744685232669398303494E-01
-0.26051711961015402988692517541498E-01 0.22228817288774917041818344387579E-01
-0.16196443547844555973670710671818E-01 0.15622434592974409149955471789908E-01
-0.63401526363855810994069860534190E-02 0.90157977932315281881796349792089E-02
0.35168214843332588228998187943012E-02 0.24091433198625064450493680600094E-02
0.13374139665498236780970292922678E-01 -0.41972923011189353492351087372717E-02
0.23231462915327531495567078029078E-01 -0.10803272453646366245591054866816E-01
0.33088452416060410324571493648060E-01 -0.17408560437160171012375323153982E-01
0.42944769541127991294270498541084E-01 -0.24012919472070600427176913697568E-01
0.52800075872512847987557776940448E-01 -0.30616112705129653579322063503928E-01
0.62654033218304682462901744290541E-01 -0.37217903214697975691817794016739E-01
0.72506303630461124681985711340991E-01 -0.43818054015909789113665082341634E-01
0.82356549422782484465721105289537E-01 -0.50416328065727609679851263180489E-01
0.92204433189109174135793291925094E-01 -0.57012488267881811695120057120391E-01
0.10204961782175310997264368359786E+00 -0.63606297477691776889191187599156E-01
0.11189176653017163260492267054519E+00 -0.70197518506761275144181287927817E-01
0.12173054285989637561857331537141E+00 -0.76785914127544428800040116868797E-01
0.13156561071172788964463648737054E+00 -0.83371247077774982438628829890291E-01
0.14139663436120900472467798163182E+00 -0.89953280064753058699522830535840E-01
0.15122327847838928030847735425800E+00 -0.96531775769484006092343140518443E-01
0.16104520814789377869891177120688E+00 -0.10310649685066075978793476240946E+00
0.17086208888931223738678735435338E+00 -0.10967720594848509675332401059427E+00
0.18067358667792228875378785570948E+00 -0.11624366568831762517799677561087E+00
0.19047936796576333158086287689816E+00 -0.12280563868415121458001374075083E+00
0.20027909970307872100667888797838E+00 -0.12936288754189800392079722790744E+00
0.21007244936014374825901179707663E+00 -0.13591517486248282459020408235936E+00
0.21985908494949893759640035449470E+00 -0.14246226324473247338457108173057E+00
0.22963867504860842952133916722648E+00 -0.14900391528805267386223492713474E+00
0.23941088882296534523431386162555E+00 -0.15553989359488219360693799323668E+00
0.24917539604966734059006382430656E+00 -0.16206996077291392059889446911334E+00
0.25893186714148490611448654486537E+00 -0.16859387943707099504811993249967E+00
0.26867997317145007460263507405344E+00 -0.17511141221122777555213074316135E+00
0.27841938589799147914337985644569E+00 -0.18162232172966241728382728896768E+00
0.28814977779064361862655849533384E+00 -0.18812637063822784954656192739058E+00
0.29787082205636434309200172299692E+00 -0.19462332159522866343632019712405E+00
0.30758219266648829506711497302327E+00 -0.20111293727198860958355720155613E+00
0.31728356438435537651307981049162E+00 -0.20759498035309311098198360895162E+00
0.32697461279364827247662264568349E+00 -0.21406921353629279084186661537352E+00
0.33665501432747833595685487798109E+00 -0.22053539953204812028109350466462E+00
0.34632444629826308505945447960386E+00 -0.22699330106269954970385025611532E+00
0.35598258692843712421883786356463E+00 -0.23344268086124336255760991723405E+00
0.36562911538204636443550550884891E+00 -0.23988330166969240352823209841442E+00
0.37526371179727402700569619666419E+00 -0.24631492623700195497346820643752E+00
0.38488605731995113240303589714094E+00 -0.25273731731653672030214764380123E+00
0.39449583413811299029471568956698E+00 -0.25915023766305637377086738387670E+00
0.40409272551765678273645981902181E+00 -0.26555345002919272976252345075422E+00
0.41367641583917051559499301299535E+00 -0.27194671716139307573894060457655E+00
0.42324659063600063364387212576608E+00 -0.27832980179530058975074590312927E+00
0.43280293663363265621063815943881E+00 -0.28470246665054128836742325258571E+00
0.44234514179046617693997269988760E+00 -0.29106447442488562510979235447855E+00
0.45187289534006794174477461443175E+00 -0.29741558778775013323654755362071E+00
0.46138588783499544900537434276214E+00 -0.30375556937300310028143788077504E+00
0.47088381119228899254742078938728E+00 -0.31008418177103501784810182302497E+00
0.48036635874073655985920830907691E+00 -0.31640118752005238048875044741724E+00
0.48983322527002579236712292728884E+00 -0.32270634909655196220314442433469E+00
0.49928410708190262808157832939247E+00 -0.32899942890492630771452019045683E+00
0.50871870204346782653844508848953E+00 -0.33528018926615271000443652617727E+00
0.51813670964275169015477271385627E+00 -0.34154839240551074263175332256079E+00
0.52753783104671621717132847994675E+00 -0.34780380043927108555736648082271E+00
0.53692176916184879500973400578208E+00 -0.35404617536029566831544671732378E+00
0.54628822869752130959957330545894E+00 -0.36027527902248231818047438273798E+00
0.55563691623230306512897606046633E+00 -0.36649087312398526720198455498688E+00
0.56496754028343226051950086550874E+00 -0.37269271918913514969747803901795E+00
0.57427981137966475764904342847231E+00 -0.37888057854897957619621880725363E+00
0.58357344213773921770058019699384E+00 -0.38505421232035709906941665733555E+00
0.59284814734271428030892328495180E+00 -0.39121338138341259133341242606056E+00
0.60210364403245784622755000966410E+00 -0.39735784635745438306488168493265E+00
0.61133965158659034221903244782817E+00 -0.40348736757504700202088898530561E+00
0.62055589182020816401298669890952E+00 -0.40960170505422397817971337712191E+00
0.62975208908274487668844912174309E+00 -0.41570061846869761305806675325132E+00
0.63892797036235545964893043809781E+00 -0.42178386711593267471595436016264E+00
0.64808326539624409075668084173450E+00 -0.42785120988294007941374026186216E+00
0.65721770678739535962147489746702E+00 -0.43390240520963602333117091717428E+00
0.66633103012820363345096081207411E+00 -0.43993721104960000417078015372770E+00
0.67542297413155146343461769142363E+00 -0.44595538482804908103821328390688E+00
0.68449328076992492852956008865134E+00 -0.45195668339683648753058151654364E+00
0.69354169542322178981992696016590E+00 -0.45794086298625879136373496572994E+00
0.70256796703596149763570217821915E+00 -0.46390767915344629634105054211826E+00
0.71157184828467761766642191388775E+00 -0.46985688672708592864961430396023E+00
0.72055309575634941750399659132097E+00 -0.47578823974820750451817510731253E+00
0.72951147013881142373497489704403E+00 -0.48170149140674088482578700831218E+00
0.73844673642417648219908849150456E+00 -0.48759639397352387964166109427768E+00
0.74735866412641002748242873177195E+00 -0.49347269872741594214490380851246E+00
0.75624702751431128279447684391434E+00 -0.49933015587713786440219580509690E+00
0.76511160586128783734323893484882E+00 -0.50516851447742606591731357552580E+00
0.77395218371345565479629346866430E+00 -0.51098752233905105979541056165674E+00
0.78276855117776309450703188004927E+00 -0.51678692593220720047161550821172E+00
0.79156050423201789428106295009404E+00 -0.52256647028273624923426409289979E+00
0.80032784505890914347176228058286E+00 -0.52832589886059292322994475035157E+00
0.80907038240634647076669777499002E+00 -0.53406495345990623487704894408286E+00
0.81778793197670629607999212887732E+00 -0.53978337406992479352000945637643E+00
0.82648031684787250881638377722474E+00 -0.54548089873606474928327184934972E+00
0.83514736792930106051148961861265E+00 -0.55115726341019884131844895890752E+00
0.84378892445672300383401149634978E+00 -0.55681220178923772923457601802160E+00
0.85240483452954102523252666251685E+00 -0.56244544514095634785141774985018E+00
0.86099495569547550029960681968719E+00 -0.56805672211590636732768083153326E+00
0.86955915558759265184836252095056E+00 -0.57364575854413318643082991482930E+00
0.87809731261950242337413971573213E+00 -0.57921227721527621742728156216057E+00
0.88660931674527193819280177903484E+00 -0.58475599764047408037588703971019E+00
0.89509507029147111359477744354540E+00 -0.59027663579432044012048062609821E+00
0.90355448886977119309764676516636E+00 -0.59577390383491626083500473376943E+00
0.91198750237968264799142454752208E+00 -0.60124750979983830911579339464416E+00
0.92039405611236990054434089953483E+00 -0.60669715727558845046590439829766E+00
0.92877411196805261023034703678122E+00 -0.61212254503779734593572851338481E+00
0.93712764980134203697744899453108E+00 -0.61752336665912502520169743535807E+00
0.94545466891101114369581147474310E+00 -0.62289931008142483374409228340041E+00
0.95375518969322549301517121546704E+00 -0.62825005714830559952040013746569E+00
0.96202925548024203948870027242609E+00 -0.63357528309373388381362560597133E+00
0.97027693459010875055707067885699E+00 -0.63887465598175203258249867414802E+00
0.97849832261708436839861786966412E+00 -0.64414783609173781104669813660522E+00
0.98669354499748413294630529425323E+00 -0.64939447524288030320357088206359E+00
0.99486275989163158483295734792084E+00 -0.65461421605067997238266755680818E+00
0.10030061614297659327033499173532E+01 -0.65980669110727900152331689458876E+00
0.10111239833784150356451025133823E+01 -0.66497152207626104538009472952172E+00
0.10192165032942411633116979595624E+01 -0.67010831869120605771673686713723E+00
0.10272840472451562520456550227273E+01 -0.67521667764570391293463489723336E+00
0.10353269951941682588866299753928E+01 -0.68029618136068258176843429961968E+00
0.10433457871607050892509447347499E+01 -0.68534639661274054692985639583422E+00
0.10513409302980445744838426163117E+01 -0.69036687300462641550775555749787E+00
0.10593130070552329581870544908599E+01 -0.69535714125601285558872826241809E+00
0.10672626846291749471576196998951E+01 -0.70031671128917299829616045656488E+00
0.10751907259596741923821099817528E+01 -0.70524507007998410349007892315833E+00
0.10830980025800793569187194855556E+01 -0.71014167923972875350188349960538E+00
0.10909855097129231178034245795813E+01 -0.71500597228728475141601807271214E+00
0.10988543840990845055216491785957E+01 -0.71983735156431958830950537817089E+00
0.11067059251782390096204025116737E+01 -0.72463518473782553748391315925795E+00
0.11145416204084457040876917623572E+01 -0.72939880082451738302726038197898E+00
0.11223631757388630356714794839631E+01 -0.73412748566001702273273361242502E+00
0.11301725525536358563642315477051E+01 -0.73882047672211252236535988983430E+00
0.11379720128187426166539355975817E+01 -0.74347695720148094497144904754553E+00
0.11457641747340746703282439167021E+01 -0.74809604919496666100348619623306E+00
0.11535520819910305626452183859728E+01 -0.75267680587581989934622276207246E+00
0.11613392908700992794744106280960E+01 -0.75721820247240351697364234251234E+00
0.11691299810537694501005341359929E+01 -0.76171912586170761843761756115355E+00
0.11769290984522724042693035386598E+01 -0.76617836255392245686597631449926E+00
0.11847425420009018140746710490560E+01 -0.77059458479269284197683136062280E+00
0.11925774120926471843140695901533E+01 -0.77496633433438555986056680514169E+00
0.12004423476463770576175224874142E+01 -0.77929200268866429151290007990554E+00
0.12083479962904483536105058981192E+01 -0.78356980111233107279398022424310E+00
0.12163077463914965458584871534102E+01 -0.78779759957426518295269561284714E+00
0.12259542023914879323431294953925E+01 -0.79280347141025163988431324171509E+00
0.12357427205309557589403736992784E+01 -0.79772963975480027318175288018219E+00
0.12457286176382269134938648149337E+01 -0.80257304624724966348393722858802E+00
0.12559962145725988810129997952363E+01 -0.80732918498345867282574684703130E+00
0.12666815269501023080947077656820E+01 -0.81199623565421846128135928521555E+00
0.12774219689298588277323754913834E+01 -0.81634136035311339809673511706236E+00
0.12877341383862869406345283606512E+01 -0.82012212864640014469698860476709E+00
0.12976412309674338530230134251300E+01 -0.82332995597704355087584358698879E+00
0.13071523629254767125870662858010E+01 -0.82602583674569373439696339825837E+00
0.13163724119923996629014240957435E+01 -0.82791305466692968128391446761436E+00
0.13197553654992865365267443236286E+01 -0.83661223553607673396806258157097E+00
0.13238242626096521187686571264477E+01 -0.84535474688734175568987410210794E+00
0.13284997714000318937126597796456E+01 -0.85417214067963167034229805756850E+00
0.13337558733148992436423061492587E+01 -0.86306410221667967461003110683208E+00
0.13395479213818357988522716862339E+01 -0.87203547144238293379519631011924E+00
0.13455495173061291693651181370195E+01 -0.88068170481105629455018186034156E+00
0.13514770915696854463503678846752E+01 -0.88874225323149478742372254486489E+00
0.13573466196666411305124045980163E+01 -0.89636129876670801785742887972843E+00
0.13631654559012420109701723790377E+01 -0.90362895500898768922158106878175E+00
0.13689366854809919051821162952895E+01 -0.91060609141241397793547619052812E+00
0.13737110198034909185936888586998E+01 -0.91622956227028319464798873233889E+00
0.13784526825785007208499073392644E+01 -0.92170071690326663095980385306485E+00
0.13831620102787458380836327031559E+01 -0.92703403751449666899965558906463E+00
0.13878383602336459500429768494819E+01 -0.93224183157592107453028271868365E+00
0.13924812305709996209722491387648E+01 -0.93733402639578901283482417552162E+00
0.13970899804276547062170426510348E+01 -0.94231894825079895200085647847463E+00
0.14016639666259391492616400994444E+01 -0.94720358481965343624565691247324E+00
0.14062025295276935093372417994464E+01 -0.95199388103734221332583764906004E+00
0.14107050163477272212395642442193E+01 -0.95669492980227561377531755857792E+00
0.14151707855037269422816066277693E+01 -0.96131112955944468571862234321188E+00
0.14195992125226230362444853497055E+01 -0.96584630364510291744972663929661E+00
0.14239896924628055063210955659659E+01 -0.97030379575927569747584022727414E+00
0.14283416414781713625574418677466E+01 -0.97468654588649270281906787150727E+00
0.14326544973464050022732308562874E+01 -0.97899715173393626531799186801711E+00
0.14369277194646390036577320531277E+01 -0.98323791877663090502042566580558E+00
0.14411607884520425072271178350291E+01 -0.98741090142188885976426115507038E+00
0.14453532055193355872601964409292E+01 -0.99151793712145378494764207828516E+00
0.14495044916935591785693451135495E+01 -0.99556067485041017871702422976866E+00
0.14536141869651387500781483291816E+01 -0.99954059904118238650421301407822E+00
0.14576818494006614200357031819842E+01 -0.10034590498235919756181638927165E+01
0.14617070542513189568344471503243E+01 -0.10073172402397765131162682673370E+01
0.14656893930766652419499099529519E+01 -0.10111162709649304226283230817278E+01
0.14696284728964544607463436559721E+01 -0.10148571429584311870664562505947E+01
0.14735239153784281438047597050281E+01 -0.10185407683874260880899361672648E+01
0.14773753560665424824211388030077E+01 -0.10221679801003553670988446523584E+01
0.14811824436517815560183236616171E+01 -0.10257395398769435269216714439396E+01
0.14849448392860947476395749987148E+01 -0.10292561456407144435067248772675E+01
0.14886622159389142278922189160740E+01 -0.10327184377877096530294740207696E+01
0.14923342577949930529880504251862E+01 -0.10361270047590262395582353345860E+01
0.14959606596918536252328357433387E+01 -0.10394823879636822689850447242725E+01
0.14995411265948688118576043052892E+01 -0.10427850861411267623982097692276E+01
0.15030753731078617541737755209412E+01 -0.10460355592386320208564823348501E+01
0.15065631230170633103024058056424E+01 -0.10492342318672201914903649855977E+01
0.15100041088662809609888250971839E+01 -0.10523814963901905321064340836884E+01
0.15133980715611894520001420537496E+01 -0.10554777156903541013627364430491E+01
0.15167447600007363175050307769843E+01 -0.10585232256554356362595123064289E+01
0.15200439307337542692627078426282E+01 -0.10615183374155356016074373394689E+01
0.15232953476389810193108965513167E+01 -0.10644633393618598996574356624902E+01
0.15264987816267975207111585043866E+01 -0.10673584989719685801997873778913E+01
0.15296540103611087063653689984529E+01 -0.10702040644634420508463455998035E+01
0.15327608179998981785545551076990E+01 -0.10730002662950096620296581195533E+01
0.15358189949530951341095931768863E+01 -0.10757473185317530140583631245461E+01
0.15388283376564905232894764972741E+01 -0.10784454200889113348354360822295E+01
0.15417886483605339500196989172850E+01 -0.10810947558670269615679087717005E+01
0.15446997349329331100993157509795E+01 -0.10836954977896290779067975932759E+01
0.15475614106740572243499108816871E+01 -0.10862478057533195244278917349606E+01
0.15503734941442256590918475309265E+01 -0.10887518284989759872215086956643E+01
0.15531358090020324085129324898754E+01 -0.10912077044117821458295795517197E+01
0.15558481838529231144296441709358E+01 -0.10936155622569267270205440639565E+01
0.15585104521073030217979809096962E+01 -0.10959755218570502851956170260250E+01
0.15611224518475088300423962733532E+01 -0.10982876947168544785428212561354E+01
0.15636840257030302796562497039812E+01 -0.11005521845997052441528593855600E+01
0.15661950207334140311567713846652E+01 -0.11027690880605483466550131725944E+01
0.15686552883183257732163778717541E+01 -0.11049384949390049140059831146131E+01
0.15710646840542879165900507936185E+01 -0.11070604888161165960345278361746E+01
0.15734230676576452004088757007443E+01 -0.11091351474378574544833444649507E+01
0.15757303028733461212454116575943E+01 -0.11111625431082182246186281153146E+01
0.15779862573891582860802936409609E+01 -0.11131427430543917393311084029271E+01
0.15801908027549647828398539154975E+01 -0.11150758097663426136967142685794E+01
0.15823438143068149766508980982744E+01 -0.11169618013128244757877894105344E+01
0.15844451710954272240328136623332E+01 -0.11188007716357129511115642945014E+01
0.15864947558188637240680564294067E+01 -0.11205927708243479510835352649277E+01
0.15884924547591177225677330495742E+01 -0.11223378453714219405282598418271E+01
0.15904381577223726806207626170514E+01 -0.11240360384118108128827482376362E+01
0.15923317579827103469246176150125E+01 -0.11256873899456181957661297122435E+01
0.15941731522290605818645684343482E+01 -0.11272919370465902300222242191737E+01
0.15959622405152010155770539289960E+01 -0.11288497140569561360049093612671E+01
0.15976989262126281040711020138259E+01 -0.11303607527696577172130867152912E+01
0.15993831159661337330541583447402E+01 -0.11318250825988475461262647506672E+01
0.16010147196519338378753533168765E+01 -0.11332427307394604907646738082571E+01
0.16025936503382055831762061120077E+01 -0.11346137223165948431322296677267E+01
0.16041198242479003573291435077184E+01 -0.11359380805253775734511144271419E+01
0.16055931607237090244490652212340E+01 -0.11372158267619316370206092304221E+01
0.16070135821950643044366062359901E+01 -0.11384469807460123023682975971993E+01
0.16083810141470735666570866533522E+01 -0.11396315606358330427205496437688E+01
0.16096953850912826307412934532278E+01 -0.11407695831355579208864146377822E+01
0.16109566265381780632333416649941E+01 -0.11418610635958998850816206046021E+01
0.16121646729713425172580634088860E+01 -0.11429060161082274775247530480996E+01
0.16133194618231826530769751789443E+01 -0.11439044535925504334627709062234E+01
0.16144209334521561755999493722811E+01 -0.11448563878797245709838058438962E+01
0.16154690311214287334865678456694E+01 -0.11457618297881883852736045320916E+01
0.16164637009788970574155942385593E+01 -0.11466207891955188875269856414574E+01
0.16174048920385191601388235181442E+01 -0.11474332751050702353471599492379E+01
0.16182925561628965696089999435084E+01 -0.11481992957079371001918241281756E+01
0.16191266480470581870873104119906E+01 -0.11489188584404651297692218538386E+01
0.16199071252033984076285056436205E+01 -0.11495919700375114928832060008311E+01
0.16206339479477257123740269134120E+01 -0.11502186365816427752875926055113E+01
0.16213070793863783226876294663590E+01 -0.11507988635484438371088309358128E+01
0.16219264854043475376010150281712E+01 -0.11513326558481186347554992321863E+01
0.16224921346538731067819694732302E+01 -0.11518200178641069128127935601312E+01
0.16228393550559661438137611111888E+01 -0.11521191332069946941216373985861E+01
0.16231626630017750048093751228846E+01 -0.11523976156491528623530694249340E+01
0.16234620512477351077473656744427E+01 -0.11526554661332010130058583749671E+01
0.16237375130833914068045785454830E+01 -0.11528926855268776298838637643667E+01
0.16239890423404851050367672861094E+01 -0.11531092746146117297396750624620E+01
0.16242286123116460475842719431155E+01 -0.11533155477070618259526553910615E+01
0.16244682001294721641476988435744E+01 -0.11535218186413996202342118005327E+01
0.16247078057892657588374401065003E+01 -0.11537280874340331094934350301163E+01
0.16249474292862760708882658943761E+01 -0.11539343541014084367851373792683E+01
0.16251870706158223030034571380293E+01 -0.11541406186598670806597075128225E+01
0.16249474292862760708882658943761E+01 -0.11539343541014084367851373792683E+01
0.16247078057892657588374401065003E+01 -0.11537280874340331094934350301163E+01
0.16244682001294721641476988435744E+01 -0.11535218186413996202342118005327E+01
0.16242286123116460475842719431155E+01 -0.11533155477070618259526553910615E+01
0.16239890423404851050367672861094E+01 -0.11531092746146117297396750624620E+01
0.16237375130833914068045785454830E+01 -0.11528926855268776298838637643667E+01
0.16234620512477351077473656744427E+01 -0.11526554661332010130058583749671E+01
0.16231626630017750048093751228846E+01 -0.11523976156491528623530694249340E+01
0.16228393550559661438137611111888E+01 -0.11521191332069946941216373985861E+01
0.16224921346538731067819694732302E+01 -0.11518200178641069128127935601312E+01
0.16219264854043475376010150281712E+01 -0.11513326558481186347554992321863E+01
0.16213070793863783226876294663590E+01 -0.11507988635484438371088309358128E+01
0.16206339479477257123740269134120E+01 -0.11502186365816427752875926055113E+01
0.16199071252033984076285056436205E+01 -0.11495919700375114928832060008311E+01
0.16191266480470581870873104119906E+01 -0.11489188584404651297692218538386E+01
0.16182925561628965696089999435084E+01 -0.11481992957079371001918241281756E+01
0.16174048920385191601388235181442E+01 -0.11474332751050702353471599492379E+01
0.16164637009788970574155942385593E+01 -0.11466207891955188875269856414574E+01
0.16154690311214287334865678456694E+01 -0.11457618297881883852736045320916E+01
0.16144209334521561755999493722811E+01 -0.11448563878797245709838058438962E+01
0.16133194618231826530769751789443E+01 -0.11439044535925504334627709062234E+01
0.16121646729713425172580634088860E+01 -0.11429060161082274775247530480996E+01
0.16109566265381780632333416649941E+01 -0.11418610635958998850816206046021E+01
0.16096953850912826307412934532278E+01 -0.11407695831355579208864146377822E+01
0.16083810141470735666570866533522E+01 -0.11396315606358330427205496437688E+01
0.16070135821950643044366062359901E+01 -0.11384469807460123023682975971993E+01
0.16055931607237090244490652212340E+01 -0.11372158267619316370206092304221E+01
0.16041198242479003573291435077184E+01 -0.11359380805253775734511144271419E+01
0.16025936503382055831762061120077E+01 -0.11346137223165948431322296677267E+01
0.16010147196519338378753533168765E+01 -0.11332427307394604907646738082571E+01
0.15993831159661337330541583447402E+01 -0.11318250825988475461262647506672E+01
0.15976989262126281040711020138259E+01 -0.11303607527696577172130867152912E+01
0.15959622405152010155770539289960E+01 -0.11288497140569561360049093612671E+01
0.15941731522290605818645684343482E+01 -0.11272919370465902300222242191737E+01
0.15923317579827103469246176150125E+01 -0.11256873899456181957661297122435E+01
0.15904381577223726806207626170514E+01 -0.11240360384118108128827482376362E+01
0.15884924547591177225677330495742E+01 -0.11223378453714219405282598418271E+01
0.15864947558188637240680564294067E+01 -0.11205927708243479510835352649277E+01
0.15844451710954272240328136623332E+01 -0.11188007716357129511115642945014E+01
0.15823438143068149766508980982744E+01 -0.11169618013128244757877894105344E+01
0.15801908027549647828398539154975E+01 -0.11150758097663426136967142685794E+01
0.15779862573891582860802936409609E+01 -0.11131427430543917393311084029271E+01
0.15757303028733461212454116575943E+01 -0.11111625431082182246186281153146E+01
0.15734230676576452004088757007443E+01 -0.11091351474378574544833444649507E+01
0.15710646840542879165900507936185E+01 -0.11070604888161165960345278361746E+01
0.15686552883183257732163778717541E+01 -0.11049384949390049140059831146131E+01
0.15661950207334140311567713846652E+01 -0.11027690880605483466550131725944E+01
0.15636840257030302796562497039812E+01 -0.11005521845997052441528593855600E+01
0.15611224518475088300423962733532E+01 -0.10982876947168544785428212561354E+01
0.15585104521073030217979809096962E+01 -0.10959755218570502851956170260250E+01
0.15558481838529231144296441709358E+01 -0.10936155622569267270205440639565E+01
0.15531358090020324085129324898754E+01 -0.10912077044117821458295795517197E+01
0.15503734941442256590918475309265E+01 -0.10887518284989759872215086956643E+01
0.15475614106740572243499108816871E+01 -0.10862478057533195244278917349606E+01
0.15446997349329331100993157509795E+01 -0.10836954977896290779067975932759E+01
0.15417886483605339500196989172850E+01 -0.10810947558670269615679087717005E+01
0.15388283376564905232894764972741E+01 -0.10784454200889113348354360822295E+01
0.15358189949530951341095931768863E+01 -0.10757473185317530140583631245461E+01
0.15327608179998981785545551076990E+01 -0.10730002662950096620296581195533E+01
0.15296540103611087063653689984529E+01 -0.10702040644634420508463455998035E+01
0.15264987816267975207111585043866E+01 -0.10673584989719685801997873778913E+01
0.15232953476389810193108965513167E+01 -0.10644633393618598996574356624902E+01
0.15200439307337542692627078426282E+01 -0.10615183374155356016074373394689E+01
0.15167447600007363175050307769843E+01 -0.10585232256554356362595123064289E+01
0.15133980715611894520001420537496E+01 -0.10554777156903541013627364430491E+01
0.15100041088662809609888250971839E+01 -0.10523814963901905321064340836884E+01
0.15065631230170633103024058056424E+01 -0.10492342318672201914903649855977E+01
0.15030753731078617541737755209412E+01 -0.10460355592386320208564823348501E+01
0.14995411265948688118576043052892E+01 -0.10427850861411267623982097692276E+01
0.14959606596918536252328357433387E+01 -0.10394823879636822689850447242725E+01
0.14923342577949930529880504251862E+01 -0.10361270047590262395582353345860E+01
0.14886622159389142278922189160740E+01 -0.10327184377877096530294740207696E+01
0.14849448392860947476395749987148E+01 -0.10292561456407144435067248772675E+01
0.14811824436517815560183236616171E+01 -0.10257395398769435269216714439396E+01
0.14773753560665424824211388030077E+01 -0.10221679801003553670988446523584E+01
0.14735239153784281438047597050281E+01 -0.10185407683874260880899361672648E+01
0.14696284728964544607463436559721E+01 -0.10148571429584311870664562505947E+01
0.14656893930766652419499099529519E+01 -0.10111162709649304226283230817278E+01
0.14617070542513189568344471503243E+01 -0.10073172402397765131162682673370E+01
0.14576818494006614200357031819842E+01 -0.10034590498235919756181638927165E+01
0.14536141869651387500781483291816E+01 -0.99954059904118238650421301407822E+00
0.14495044916935591785693451135495E+01 -0.99556067485041017871702422976866E+00
0.14453532055193355872601964409292E+01 -0.99151793712145378494764207828516E+00
0.14411607884520425072271178350291E+01 -0.98741090142188885976426115507038E+00
0.14369277194646390036577320531277E+01 -0.98323791877663090502042566580558E+00
0.14326544973464050022732308562874E+01 -0.97899715173393626531799186801711E+00
0.14283416414781713625574418677466E+01 -0.97468654588649270281906787150727E+00
0.14239896924628055063210955659659E+01 -0.97030379575927569747584022727414E+00
0.14195992125226230362444853497055E+01 -0.96584630364510291744972663929661E+00
0.14151707855037269422816066277693E+01 -0.96131112955944468571862234321188E+00
0.14107050163477272212395642442193E+01 -0.95669492980227561377531755857792E+00
0.14062025295276935093372417994464E+01 -0.95199388103734221332583764906004E+00
0.14016639666259391492616400994444E+01 -0.94720358481965343624565691247324E+00
0.13970899804276547062170426510348E+01 -0.94231894825079895200085647847463E+00
0.13924812305709996209722491387648E+01 -0.93733402639578901283482417552162E+00
0.13878383602336459500429768494819E+01 -0.93224183157592107453028271868365E+00
0.13831620102787458380836327031559E+01 -0.92703403751449666899965558906463E+00
0.13784526825785007208499073392644E+01 -0.92170071690326663095980385306485E+00
0.13737110198034909185936888586998E+01 -0.91622956227028319464798873233889E+00
0.13689366854809919051821162952895E+01 -0.91060609141241397793547619052812E+00
0.13631654559012420109701723790377E+01 -0.90362895500898768922158106878175E+00
0.13573466196666411305124045980163E+01 -0.89636129876670801785742887972843E+00
0.13514770915696854463503678846752E+01 -0.88874225323149478742372254486489E+00
0.13455495173061291693651181370195E+01 -0.88068170481105629455018186034156E+00
0.13395479213818357988522716862339E+01 -0.87203547144238293379519631011924E+00
0.13337558733148992436423061492587E+01 -0.86306410221667967461003110683208E+00
0.13284997714000318937126597796456E+01 -0.85417214067963167034229805756850E+00
0.13238242626096521187686571264477E+01 -0.84535474688734175568987410210794E+00
0.13197553654992865365267443236286E+01 -0.83661223553607673396806258157097E+00
