0.66399153935027450588318937057710E+00 0.90489369294856346971321834783525E+00
0.67156801822781884720711900332216E+00 0.90091609545123082862750181355173E+00
0.67871910815856470949993288054356E+00 0.89719314124035153595330214034235E+00
0.68541106835811139062767949240546E+00 0.89373452754794123632945729709215E+00
0.69161871320214610752868511952719E+00 0.89054844975313889530606301356998E+00
0.69731561043067904700531653644592E+00 0.88764345780362824987217171702452E+00
0.70250490855016769353438001124189E+00 0.88501309270243951121940774493498E+00
0.70729311503701737717183842928861E+00 0.88259936192092855185173380210825E+00
0.71177040897468464689744603053091E+00 0.88035390208278352709050198031418E+00
0.71599678480448587678859888551600E+00 0.87824448271850251607336999925347E+00
0.72001468385841912887215519717877E+00 0.87624826924260428432748483939910E+00
0.71599678480448587678859888551600E+00 0.87824448271850251607336999925347E+00
0.71177040897468464689744603053091E+00 0.88035390208278352709050198031418E+00
0.70729311503701737717183842928861E+00 0.88259936192092855185173380210825E+00
0.70250490855016769353438001124189E+00 0.88501309270243951121940774493498E+00
0.69731561043067904700531653644592E+00 0.88764345780362824987217171702452E+00
0.69161871320214610752868511952719E+00 0.89054844975313889530606301356998E+00
0.68541106835811139062767949240546E+00 0.89373452754794123632945729709215E+00
0.67871910815856470949993288054356E+00 0.89719314124035153595330214034235E+00
0.67156801822781884720711900332216E+00 0.90091609545123082862750181355173E+00
0.66399153935027450588318937057710E+00 0.90489369294856346971321834783525E+00
0.66377334542533986054937798831146E+00 0.91718927972252747605076207692823E+00
0.66459307921306563942538887363581E+00 0.92991664429809317765487725387094E+00
0.66601343867752754109376512677911E+00 0.94309411250618989315431687836501E+00
0.66809240721120588382592823283873E+00 0.95671615652615832146626336644351E+00
0.67079424101095998725319395483056E+00 0.97077529252595935693015167842340E+00
0.67391945509349998683395978680084E+00 0.98461047424781285414059956721440E+00
0.67725297248636303090578291838726E+00 0.99774797282727753585471839933759E+00
0.68074733651282564670713062016012E+00 0.10103689595486056600092525055588E+01
0.68436833962971807279555636192661E+00 0.10225855109482565788274656991992E+01
0.68809254675213101247797253770071E+00 0.10344716897802178558004179335279E+01
0.69125901708362801801336180364892E+00 0.10441633030950560497450429836914E+01
0.69447453577712796372836375402192E+00 0.10536847858005892844509779129974E+01
0.69773149914709995166653275634130E+00 0.10630539842122161860261954838042E+01
0.70102362479651136054067513470551E+00 0.10722851624544187171717283113493E+01
0.70434554768332542323033396382829E+00 0.10813899266360121315822752552627E+01
0.70769262984271895200031347031842E+00 0.10903778444870078271042257116022E+01
0.71106082364085979005500607486832E+00 0.10992568913901253514086086555486E+01
0.71444656784972934604993041015824E+00 0.11080337794838684507675732849299E+01
0.71784670670754159424324375672924E+00 0.11167142052292233293339741129697E+01
0.72125842581758422311349213507134E+00 0.11253030387533449941062550690535E+01
0.72467920069541887204503781242932E+00 0.11338044707896027237972298197442E+01
0.72810675499111901187056111040692E+00 0.11422221281996806814043546140480E+01
0.73153902622249307637072092524011E+00 0.11505591658592519808907129260952E+01
0.73497413741391135001951377706188E+00 0.11588183405162714734147678811920E+01
0.73841037343091663378826799547952E+00 0.11670020707287214424586089241579E+01
0.74184616108640792440250673660180E+00 0.11751124859315392905854214209431E+01
0.74528005230381658170255066030583E+00 0.11831514669267280418125199452063E+01
0.74871070977875177497101039092488E+00 0.11911206795425586495271854273928E+01
0.75213689469824755103536068997319E+00 0.11990216028050185750564508900686E+01
0.75555745616646767900149730045134E+00 0.12068555526651206037618247569100E+01
0.75897132205485794336822746866483E+00 0.12146237021004108134638339917216E+01
0.76237749104852029236465882675935E+00 0.12223270982378542507671324933636E+01
0.76577502570279063138998335418931E+00 0.12299666770139746378936701820882E+01
0.76916304635740337654798702759708E+00 0.12375432757865072512974485358072E+01
0.77254072578225138120136355259109E+00 0.12450576442325268942881857549393E+01
0.77590728445013124948139103980405E+00 0.12525104538056457739120833324275E+01
0.77926198634914570036386777030288E+00 0.12599023059754762726509064660238E+01
0.78260413526148916266863594317204E+00 0.12672337394331485724338413678403E+01
0.78593307144684070751318297823082E+00 0.12745052364150427351927597126488E+01
0.78924816867804698699084842564872E+00 0.12817172282713513309164758926717E+01
0.79254883158459706351402189559103E+00 0.12888701003853385777451498297609E+01
0.79583449326589108098459028793834E+00 0.12959641965322185716488302277816E+01
0.79910461314172594030733872111475E+00 0.13029998227526664328887535394533E+01
0.80235867501197355778235834168297E+00 0.13099772508045021080987500787611E+01
0.80559618530125274054877446783823E+00 0.13168967212465815773827418375647E+01
0.80881667146763549326038022419367E+00 0.13237584462010143914426077886267E+01
0.81201968055717462377131018684927E+00 0.13305626118332131770258705937046E+01
0.81520477788837875520171399753380E+00 0.13373093805837302817516760707682E+01
0.81837154585276020167545542213782E+00 0.13439988931811598841955512213440E+01
0.82151958281929417201254006497281E+00 0.13506312704614304870698111242303E+01
0.82464850213210366538952968794312E+00 0.13572066150154580333127404193501E+01
0.82775793119195400823302871801676E+00 0.13637250126842745056388445869770E+01
0.83084751061324265023504340178153E+00 0.13701865339183071899979429395476E+01
0.83391689344912424063732765063596E+00 0.13765912350153943176421693859219E+01
0.83696574447824030503116122969193E+00 0.13829391592503280505199463544919E+01
0.83999373954724862523298899880735E+00 0.13892303379071676503481908854374E+01
0.84300056496397957093197879574826E+00 0.13954647912242291911712915509226E+01
0.84598591693660150123014093993198E+00 0.14016425292605007095763624799976E+01
0.84894950105466538560786950453623E+00 0.14077635526912239859484057632589E+01
0.85189103180832760190173440334853E+00 0.14138278535395103316157543365727E+01
0.85481023214242807765261132016117E+00 0.14198354158500916510384889334732E+01
0.85770683304243595660002621665543E+00 0.14257862163106400938338676842433E+01
0.86058057314957177136226280810429E+00 0.14316802248255030470058148939913E+01
0.86343119840267709757723641297607E+00 0.14375174050461856547184904651997E+01
0.86625846170463779143351971052806E+00 0.14432977148624585251682479951951E+01
0.86906212261137410230710841715277E+00 0.14490211068575694259066870532785E+01
0.87184194704159841150256858881326E+00 0.14546875287306827842809313751961E+01
0.87459770700570572088057597737812E+00 0.14602969236893597375939587771148E+01
0.87732918035231209478971418839332E+00 0.14658492308146109225666660626873E+01
0.88003615053108935435179283590196E+00 0.14713443854008100007371953902235E+01
0.88271840637066383824147638923238E+00 0.14767823192725341533045256161624E+01
0.88537574187045533056020347777587E+00 0.14821629610802029737247012340537E+01
0.88800795600542853261506048407842E+00 0.14874862365762116896591783388250E+01
0.89061485254281818617291562554192E+00 0.14927520688730974937646873220664E+01
0.89319623986996690608228233737739E+00 0.14979603786851389724508465688934E+01
0.89575193083248700270949751563064E+00 0.15031110845546607881387894338715E+01
0.89828174258202238794290206919694E+00 0.15082041030642043082364689006202E+01
0.90078549643294434173210439913343E+00 0.15132393490356223245955866292088E+01
0.90326301772737072603865663264831E+00 0.15182167357170631174110978633241E+01
0.90571413570794331592539306747245E+00 0.15231361749587302327822339174772E+01
0.90813868339784528042890179120128E+00 0.15279975773782233532158747325998E+01
0.91053649748757897368268539740170E+00 0.15328008525162049316301461222140E+01
0.91290741822806157923802832414844E+00 0.15375459089830700949241836494104E+01
0.91525128932963000303834013327425E+00 0.15422326545972455350515086641969E+01
0.91756795786657618081309206032078E+00 0.15468609965156911956483723702749E+01
0.91985727418686290211269539979942E+00 0.15514308413571323676530518759501E+01
0.92211909182669521891414560497993E+00 0.15559420953185094013291129156139E+01
0.92435326742964631577252026795353E+00 0.15603946642850929524773580111547E+01
0.92655966067005850367404450782304E+00 0.15647884539346784104156589829117E+01
0.92873813418045954805633730629802E+00 0.15691233698362422072964619040325E+01
0.93088855348275288332934619649992E+00 0.15733993175434125724208210593987E+01
0.93301078692295708143482283672130E+00 0.15776162026830820454437569278389E+01
0.93510470560928554082541964835377E+00 0.15817739310394636956393186505254E+01
0.93717018335337144111878038450751E+00 0.15858724086338719424412837401762E+01
0.93920709661445616759912089801664E+00 0.15899115418004877314614937341745E+01
0.94121532444637174955784894175677E+00 0.15938912372583491634104672641430E+01
0.94319474844715911089137704755736E+00 0.15978114021797919819379894650449E+01
0.94514525271117379870416008729656E+00 0.16016719442555480474487083033555E+01
0.94706672378354149448685755318036E+00 0.16054727717566955130946643035134E+01
0.94895905061683349937002375271423E+00 0.16092137935936410655338966961291E+01
0.95082212452984116176871155328574E+00 0.16128949193723022080466751862198E+01
0.95265583916833611337360255121647E+00 0.16165160594476461002200546444306E+01
0.95446009046770956027434137275661E+00 0.16200771249747308986873121936033E+01
0.95623477661739150755674333963697E+00 0.16235780279573858857914664338609E+01
0.95797979802695589352499258643482E+00 0.16270186812946576685707154778631E+01
0.95969505729382417679422585544148E+00 0.16303989988251411173826098394589E+01
0.96138045917248510633970502186772E+00 0.16337188953693063670610542112360E+01
0.96303591054515248376996947485612E+00 0.16369782867699259835970591734186E+01
0.96466132039378925696974572201794E+00 0.16401770899306988286711689912324E+01
0.96625659977342829253731118699613E+00 0.16433152228531629714672669153139E+01
0.96782166178672627001457238017578E+00 0.16463926046719817261033710187461E+01
0.96935642155968967449216808768817E+00 0.16494091556886836697347303721228E+01
0.97086079621851569763693887476315E+00 0.16523647974039315839394928581996E+01
0.97233470486749448337268950729385E+00 0.16552594525483901256987167818210E+01
0.97377806856792189013006879208678E+00 0.16580930451122592230471174628181E+01
0.97519081031797482714181540341938E+00 0.16608655003735343763061839032788E+01
0.97657285503350451493170878216187E+00 0.16635767449250527637628361704152E+01
0.97792412952970452332211197036459E+00 0.16662267067003799323834895294572E+01
0.97924456250361402343770898736389E+00 0.16688153149985878222035707822469E+01
0.98053408451741797167457960413947E+00 0.16713425005079738158030660211709E+01
0.98179262798250867469468631345037E+00 0.16738081953287651720040384334746E+01
0.98302012714427492406471437884432E+00 0.16762123329948524594218708599995E+01
0.98421651806758678177946317029212E+00 0.16785548484945922124696086635141E+01
0.98538173862294573608894127777032E+00 0.16808356782907165272714545328271E+01
0.98651572847327214029797606984103E+00 0.16830547603393857822450143518341E+01
0.98761842906130256009053300631264E+00 0.16852120341084177957499639529520E+01
0.98868978359757191766094643472728E+00 0.16873074405947254912248493157342E+01
0.98972973704895643781440675074416E+00 0.16893409223409927360077011390932E+01
0.99073823612775436003837174104812E+00 0.16913124234516165535630470471664E+01
0.99171522928128343240591330509144E+00 0.16932218896079424506454914333920E+01
0.99266066668197452622219355107869E+00 0.16950692680828174817166664736171E+01
0.99357450021794246893179134308454E+00 0.16968545077544849131620983975689E+01
0.99445668348401595868222715325275E+00 0.16985775591198425543632422176805E+01
0.99530717177320940215306047835137E+00 0.17002383743070855288126352188480E+01
0.99612592206862077574789066674924E+00 0.17018369070877532878376011352527E+01
0.99691289303574010486590818069771E+00 0.17033731128881992950398539161985E+01
0.99766804501515430065212600356353E+00 0.17048469488005007032050400017826E+01
0.99839134001563507429080903873739E+00 0.17062583735928244638100489674512E+01
0.99908274170759668689854079902350E+00 0.17076073477192651534848288618952E+01
0.99974221541691256069363391214703E+00 0.17088938333291689010387357394522E+01
0.10003697281190774574589288748703E+01 0.17101177942759574833800668073322E+01
0.10009652484337101222328435924121E+01 0.17112791961254627436843542403948E+01
0.10015287466193709939898864517511E+01 0.17123780061637911467958417104640E+01
0.10020601945687307794522011193206E+01 0.17134141934047062565624330665382E+01
0.10025595658039507976244123412039E+01 0.17143877285966065014307188264788E+01
0.10030268354726451864026135915731E+01 0.17152985842289137844374561896670E+01
0.10034619803433261018515372699538E+01 0.17161467345384416895775044775856E+01
0.10038649788034690532899314063285E+01 0.17169321555141386864558278336155E+01
0.10042358108511860297003744340951E+01 0.17176548249048343299079859057693E+01
0.10045744581062172403591523464575E+01 0.17183147222168000531900717991243E+01
0.10047823341420056397572879361837E+01 0.17187197710666679203081166072727E+01
0.10049758937582102363257720374704E+01 0.17190969077477850698814830562995E+01
0.10051551326956111622386755529491E+01 0.17194461275007278576806226587726E+01
0.10053200470123700109960370536513E+01 0.17197674259164626285594971530857E+01
0.10054706330829013017709343514163E+01 0.17200607989372014796920862862074E+01
0.10056140591506205837451468399312E+01 0.17203402138836695878005937785834E+01
0.10057574957169135304511693298078E+01 0.17206196406075248955350429565069E+01
0.10059009427805578830906063369514E+01 0.17208990791108547060367044458465E+01
0.10060444003395127016930306558202E+01 0.17211785293961655934841693329465E+01
0.10061878683942970727423429480659E+01 0.17214579914646489181320964161512E+01
0.10060444003395127016930306558202E+01 0.17211785293961655934841693329465E+01
0.10059009427805578830906063369514E+01 0.17208990791108547060367044458465E+01
0.10057574957169135304511693298078E+01 0.17206196406075248955350429565069E+01
0.10056140591506205837451468399312E+01 0.17203402138836695878005937785834E+01
0.10054706330829013017709343514163E+01 0.17200607989372014796920862862074E+01
0.10053200470123700109960370536513E+01 0.17197674259164626285594971530857E+01
0.10051551326956111622386755529491E+01 0.17194461275007278576806226587726E+01
0.10049758937582102363257720374704E+01 0.17190969077477850698814830562995E+01
0.10047823341420056397572879361837E+01 0.17187197710666679203081166072727E+01
0.10045744581062172403591523464575E+01 0.17183147222168000531900717991243E+01
0.10042358108511860297003744340951E+01 0.17176548249048343299079859057693E+01
0.10038649788034690532899314063285E+01 0.17169321555141386864558278336155E+01
0.10034619803433261018515372699538E+01 0.17161467345384416895775044775856E+01
0.10030268354726451864026135915731E+01 0.17152985842289137844374561896670E+01
0.10025595658039507976244123412039E+01 0.17143877285966065014307188264788E+01
0.10020601945687307794522011193206E+01 0.17134141934047062565624330665382E+01
0.10015287466193709939898864517511E+01 0.17123780061637911467958417104640E+01
0.10009652484337101222328435924121E+01 0.17112791961254627436843542403948E+01
0.10003697281190774574589288748703E+01 0.17101177942759574833800668073322E+01
0.99974221541691256069363391214703E+00 0.17088938333291689010387357394522E+01
0.99908274170759668689854079902350E+00 0.17076073477192651534848288618952E+01
0.99839134001563507429080903873739E+00 0.17062583735928244638100489674512E+01
0.99766804501515430065212600356353E+00 0.17048469488005007032050400017826E+01
0.99691289303574010486590818069771E+00 0.17033731128881992950398539161985E+01
0.99612592206862077574789066674924E+00 0.17018369070877532878376011352527E+01
0.99530717177320940215306047835137E+00 0.17002383743070855288126352188480E+01
0.99445668348401595868222715325275E+00 0.16985775591198425543632422176805E+01
0.99357450021794246893179134308454E+00 0.16968545077544849131620983975689E+01
0.99266066668197452622219355107869E+00 0.16950692680828174817166664736171E+01
0.99171522928128343240591330509144E+00 0.16932218896079424506454914333920E+01
0.99073823612775436003837174104812E+00 0.16913124234516165535630470471664E+01
0.98972973704895643781440675074416E+00 0.16893409223409927360077011390932E+01
0.98868978359757191766094643472728E+00 0.16873074405947254912248493157342E+01
0.98761842906130256009053300631264E+00 0.16852120341084177957499639529520E+01
0.98651572847327214029797606984103E+00 0.16830547603393857822450143518341E+01
0.98538173862294573608894127777032E+00 0.16808356782907165272714545328271E+01
0.98421651806758678177946317029212E+00 0.16785548484945922124696086635141E+01
0.98302012714427492406471437884432E+00 0.16762123329948524594218708599995E+01
0.98179262798250867469468631345037E+00 0.16738081953287651720040384334746E+01
0.98053408451741797167457960413947E+00 0.16713425005079738158030660211709E+01
0.97924456250361402343770898736389E+00 0.16688153149985878222035707822469E+01
0.97792412952970452332211197036459E+00 0.16662267067003799323834895294572E+01
0.97657285503350451493170878216187E+00 0.16635767449250527637628361704152E+01
0.97519081031797482714181540341938E+00 0.16608655003735343763061839032788E+01
0.97377806856792189013006879208678E+00 0.16580930451122592230471174628181E+01
0.97233470486749448337268950729385E+00 0.16552594525483901256987167818210E+01
0.97086079621851569763693887476315E+00 0.16523647974039315839394928581996E+01
0.96935642155968967449216808768817E+00 0.16494091556886836697347303721228E+01
0.96782166178672627001457238017578E+00 0.16463926046719817261033710187461E+01
0.96625659977342829253731118699613E+00 0.16433152228531629714672669153139E+01
0.96466132039378925696974572201794E+00 0.16401770899306988286711689912324E+01
0.96303591054515248376996947485612E+00 0.16369782867699259835970591734186E+01
0.96138045917248510633970502186772E+00 0.16337188953693063670610542112360E+01
0.95969505729382417679422585544148E+00 0.16303989988251411173826098394589E+01
0.95797979802695589352499258643482E+00 0.16270186812946576685707154778631E+01
0.95623477661739150755674333963697E+00 0.16235780279573858857914664338609E+01
0.95446009046770956027434137275661E+00 0.16200771249747308986873121936033E+01
0.95265583916833611337360255121647E+00 0.16165160594476461002200546444306E+01
0.95082212452984116176871155328574E+00 0.16128949193723022080466751862198E+01
0.94895905061683349937002375271423E+00 0.16092137935936410655338966961291E+01
0.94706672378354149448685755318036E+00 0.16054727717566955130946643035134E+01
0.94514525271117379870416008729656E+00 0.16016719442555480474487083033555E+01
0.94319474844715911089137704755736E+00 0.15978114021797919819379894650449E+01
0.94121532444637174955784894175677E+00 0.15938912372583491634104672641430E+01
0.93920709661445616759912089801664E+00 0.15899115418004877314614937341745E+01
0.93717018335337144111878038450751E+00 0.15858724086338719424412837401762E+01
0.93510470560928554082541964835377E+00 0.15817739310394636956393186505254E+01
0.93301078692295708143482283672130E+00 0.15776162026830820454437569278389E+01
0.93088855348275288332934619649992E+00 0.15733993175434125724208210593987E+01
0.92873813418045954805633730629802E+00 0.15691233698362422072964619040325E+01
0.92655966067005850367404450782304E+00 0.15647884539346784104156589829117E+01
0.92435326742964631577252026795353E+00 0.15603946642850929524773580111547E+01
0.92211909182669521891414560497993E+00 0.15559420953185094013291129156139E+01
0.91985727418686290211269539979942E+00 0.15514308413571323676530518759501E+01
0.91756795786657618081309206032078E+00 0.15468609965156911956483723702749E+01
0.91525128932963000303834013327425E+00 0.15422326545972455350515086641969E+01
0.91290741822806157923802832414844E+00 0.15375459089830700949241836494104E+01
0.91053649748757897368268539740170E+00 0.15328008525162049316301461222140E+01
0.90813868339784528042890179120128E+00 0.15279975773782233532158747325998E+01
0.90571413570794331592539306747245E+00 0.15231361749587302327822339174772E+01
0.90326301772737072603865663264831E+00 0.15182167357170631174110978633241E+01
0.90078549643294434173210439913343E+00 0.15132393490356223245955866292088E+01
0.89828174258202238794290206919694E+00 0.15082041030642043082364689006202E+01
0.89575193083248700270949751563064E+00 0.15031110845546607881387894338715E+01
0.89319623986996690608228233737739E+00 0.14979603786851389724508465688934E+01
0.89061485254281818617291562554192E+00 0.14927520688730974937646873220664E+01
0.88800795600542853261506048407842E+00 0.14874862365762116896591783388250E+01
0.88537574187045533056020347777587E+00 0.14821629610802029737247012340537E+01
0.88271840637066383824147638923238E+00 0.14767823192725341533045256161624E+01
0.88003615053108935435179283590196E+00 0.14713443854008100007371953902235E+01
0.87732918035231209478971418839332E+00 0.14658492308146109225666660626873E+01
0.87459770700570572088057597737812E+00 0.14602969236893597375939587771148E+01
0.87184194704159841150256858881326E+00 0.14546875287306827842809313751961E+01
0.86906212261137410230710841715277E+00 0.14490211068575694259066870532785E+01
0.86625846170463779143351971052806E+00 0.14432977148624585251682479951951E+01
0.86343119840267709757723641297607E+00 0.14375174050461856547184904651997E+01
0.86058057314957177136226280810429E+00 0.14316802248255030470058148939913E+01
0.85770683304243595660002621665543E+00 0.14257862163106400938338676842433E+01
0.85481023214242807765261132016117E+00 0.14198354158500916510384889334732E+01
0.85189103180832760190173440334853E+00 0.14138278535395103316157543365727E+01
0.84894950105466538560786950453623E+00 0.14077635526912239859484057632589E+01
0.84598591693660150123014093993198E+00 0.14016425292605007095763624799976E+01
0.84300056496397957093197879574826E+00 0.13954647912242291911712915509226E+01
0.83999373954724862523298899880735E+00 0.13892303379071676503481908854374E+01
0.83696574447824030503116122969193E+00 0.13829391592503280505199463544919E+01
0.83391689344912424063732765063596E+00 0.13765912350153943176421693859219E+01
0.83084751061324265023504340178153E+00 0.13701865339183071899979429395476E+01
0.82775793119195400823302871801676E+00 0.13637250126842745056388445869770E+01
0.82464850213210366538952968794312E+00 0.13572066150154580333127404193501E+01
0.82151958281929417201254006497281E+00 0.13506312704614304870698111242303E+01
0.81837154585276020167545542213782E+00 0.13439988931811598841955512213440E+01
0.81520477788837875520171399753380E+00 0.13373093805837302817516760707682E+01
0.81201968055717462377131018684927E+00 0.13305626118332131770258705937046E+01
0.80881667146763549326038022419367E+00 0.13237584462010143914426077886267E+01
0.80559618530125274054877446783823E+00 0.13168967212465815773827418375647E+01
0.80235867501197355778235834168297E+00 0.13099772508045021080987500787611E+01
0.79910461314172594030733872111475E+00 0.13029998227526664328887535394533E+01
0.79583449326589108098459028793834E+00 0.12959641965322185716488302277816E+01
0.79254883158459706351402189559103E+00 0.12888701003853385777451498297609E+01
0.78924816867804698699084842564872E+00 0.12817172282713513309164758926717E+01
0.78593307144684070751318297823082E+00 0.12745052364150427351927597126488E+01
0.78260413526148916266863594317204E+00 0.12672337394331485724338413678403E+01
0.77926198634914570036386777030288E+00 0.12599023059754762726509064660238E+01
0.77590728445013124948139103980405E+00 0.12525104538056457739120833324275E+01
0.77254072578225138120136355259109E+00 0.12450576442325268942881857549393E+01
0.76916304635740337654798702759708E+00 0.12375432757865072512974485358072E+01
0.76577502570279063138998335418931E+00 0.12299666770139746378936701820882E+01
0.76237749104852029236465882675935E+00 0.12223270982378542507671324933636E+01
0.75897132205485794336822746866483E+00 0.12146237021004108134638339917216E+01
0.75555745616646767900149730045134E+00 0.12068555526651206037618247569100E+01
0.75213689469824755103536068997319E+00 0.11990216028050185750564508900686E+01
0.74871070977875177497101039092488E+00 0.11911206795425586495271854273928E+01
0.74528005230381658170255066030583E+00 0.11831514669267280418125199452063E+01
0.74184616108640792440250673660180E+00 0.11751124859315392905854214209431E+01
0.73841037343091663378826799547952E+00 0.11670020707287214424586089241579E+01
0.73497413741391135001951377706188E+00 0.11588183405162714734147678811920E+01
0.73153902622249307637072092524011E+00 0.11505591658592519808907129260952E+01
0.72810675499111901187056111040692E+00 0.11422221281996806814043546140480E+01
0.72467920069541887204503781242932E+00 0.11338044707896027237972298197442E+01
0.72125842581758422311349213507134E+00 0.11253030387533449941062550690535E+01
0.71784670670754159424324375672924E+00 0.11167142052292233293339741129697E+01
0.71444656784972934604993041015824E+00 0.11080337794838684507675732849299E+01
0.71106082364085979005500607486832E+00 0.10992568913901253514086086555486E+01
0.70769262984271895200031347031842E+00 0.10903778444870078271042257116022E+01
0.70434554768332542323033396382829E+00 0.10813899266360121315822752552627E+01
0.70102362479651136054067513470551E+00 0.10722851624544187171717283113493E+01
0.69773149914709995166653275634130E+00 0.10630539842122161860261954838042E+01
0.69447453577712796372836375402192E+00 0.10536847858005892844509779129974E+01
0.69125901708362801801336180364892E+00 0.10441633030950560497450429836914E+01
0.68809254675213101247797253770071E+00 0.10344716897802178558004179335279E+01
0.68436833962971807279555636192661E+00 0.10225855109482565788274656991992E+01
0.68074733651282564670713062016012E+00 0.10103689595486056600092525055588E+01
0.67725297248636303090578291838726E+00 0.99774797282727753585471839933759E+00
0.67391945509349998683395978680084E+00 0.98461047424781285414059956721440E+00
0.67079424101095998725319395483056E+00 0.97077529252595935693015167842340E+00
0.66809240721120588382592823283873E+00 0.95671615652615832146626336644351E+00
0.66601343867752754109376512677911E+00 0.94309411250618989315431687836501E+00
0.66459307921306563942538887363581E+00 0.92991664429809317765487725387094E+00
0.66377334542533986054937798831146E+00 0.91718927972252747605076207692823E+00
0.66399153935027450588318937057710E+00 0.90489369294856346971321834783525E+00
0.65372331217505661248525810613171E+00 0.89803442089274501127744448612171E+00
0.64343070621834921748082709252555E+00 0.89022156302684434832134416826444E+00
0.63301525281781752117122229660007E+00 0.88153447119595615205179579771622E+00
0.62245963733030302239258743013616E+00 0.87196272410037797159381456354788E+00
0.61172614949944467048321522074626E+00 0.86152947430837778350848323006649E+00
0.60128035828383845241572772586775E+00 0.85076433861608621735193460957451E+00
0.59143318093522986731371024190430E+00 0.84012593118951908881688063971250E+00
0.58201364660876860633170881064666E+00 0.82955217063788507707201987000623E+00
0.57291502192086044482409451523049E+00 0.81900760842862796773893385848040E+00
0.56406524566662526066078936938454E+00 0.80847070248700246976434502086979E+00
0.55684417640130299219778782678643E+00 0.79968483611381349409132067941709E+00
0.54973725610371636477632651255543E+00 0.79088962945122350157074717270023E+00
0.54272793183666644301758753224524E+00 0.78208017794504671358662233755403E+00
0.53580160732638013610288800677849E+00 0.77325381110896121992267785784736E+00
0.52894671762569263425518817837523E+00 0.76440825315223703893866151175511E+00
0.52215352781999075152553555011889E+00 0.75554191353478124912490333544142E+00
0.51541391443737819548234609604221E+00 0.74665358268211678118581060221064E+00
0.50872098269710121020308202793938E+00 0.73774238305161610116922500213485E+00
0.50206885041778512941409866605598E+00 0.72880767812737402751292552991202E+00
0.49545245727158458022013658621837E+00 0.71984902350393353512966484012416E+00
0.48886742421366665940332399022327E+00 0.71086612417132967065894633928032E+00
0.48230993971844139591469208610026E+00 0.70185880407708295474249122066350E+00
0.47577666979926824716813237947786E+00 0.69282698209041075592242706980598E+00
0.46926468507310235064800280183200E+00 0.68377065356869231246263685812427E+00
0.46277140143281375926177123162295E+00 0.67468987584911805616613320444827E+00
0.45629453125833479830519059730170E+00 0.66558475681391343827695112777376E+00
0.44983204301785011018897062723662E+00 0.65645544578231558586625852659405E+00
0.44338212756149687834807939393125E+00 0.64730212621387692902331291063160E+00
0.43694316981560008815490523146399E+00 0.63812500982248472955411388501553E+00
0.43051372486392428342695251612930E+00 0.62892433180138890600266146367492E+00
0.42409249762058166042087711428340E+00 0.61970034692825111635857235560512E+00
0.41767832546285538288650390532461E+00 0.61045332637229479066497210185231E+00
0.41127016331899624107540776040215E+00 0.60118355506491962854652087889236E+00
0.40486707080418393650364681026248E+00 0.59189132952514862138803934258352E+00
0.39846820107475559532077267919606E+00 0.58257695605415530895530735431115E+00
0.39207279113143300306043800551675E+00 0.57324074923077231040049559598654E+00
0.38568015335045312192566435640420E+00 0.56388303065358004776659156506648E+00
0.37928966806003671768022939573250E+00 0.55450412788587503621851232555344E+00
0.37290077701063888610901148931351E+00 0.54510437356823516547570362990690E+00
0.36651297761254079618773997457569E+00 0.53568410467005341762879476987163E+00
0.36012581783478923394664147819439E+00 0.52624366185670837851842567804257E+00
0.35373889167623409967009555508143E+00 0.51678338895327016192733754151970E+00
0.34735183513319194996881492689421E+00 0.50730363248904426698074062320422E+00
0.34096432259965536085464333373518E+00 0.49780474131000124672999660870019E+00
0.33457606364543024423586812288048E+00 0.48828706624836634339458441471304E+00
0.32818680012547865610579582783864E+00 0.47875095984045807558311961146330E+00
0.32179630358035755759588783780201E+00 0.46919677608534743338192596185975E+00
0.31540437289320689733705171373704E+00 0.45962487023812557407372070919687E+00
0.30901083217343621602208322591052E+00 0.45003559863257248348257788383323E+00
0.30261552884123778975729854703994E+00 0.44042931852884493647941441117675E+00
0.29621833189043818628938629448270E+00 0.43080638798249375056060576871738E+00
0.28981913031008457916674046553004E+00 0.42116716573168703429383400868685E+00
0.28341783164763286547601778383978E+00 0.41151201109999724643905965891723E+00
0.27701436069872526133041731321203E+00 0.40184128391250908244088427307236E+00
0.27060865831036599733607538904936E+00 0.39215534442333552745004405721369E+00
0.26420068028588598577229872873452E+00 0.38245455325291904898177854166719E+00
0.25779039638144318053309977085081E+00 0.37273927133372523445068061947620E+00
0.25137778938499565196158128729718E+00 0.36300985986314099369621299289081E+00
0.24496285426971074791659765556228E+00 0.35326668026256035794581507235705E+00
0.23854559741467122159358990642741E+00 0.34351009414178179497197832723172E+00
0.23212603588652821540212843195151E+00 0.33374046326796832870031424069480E+00
0.22570419677643389011415630631891E+00 0.32395814953852338253280497350861E+00
0.21928011658719471816319257553828E+00 0.31416351495732530512041435629807E+00
0.21285384066611728287947604930485E+00 0.30435692161384374169954243554253E+00
0.20642542267948324815107412164197E+00 0.29453873166471921098019457416611E+00
0.19999492412501121773626655622504E+00 0.28470930731745274096122575129654E+00
0.19356241387902250107355637501901E+00 0.27486901081589385763044471181093E+00
0.18712796777535835117282919203159E+00 0.26501820442725931040451098479052E+00
0.18069166821338201547671484127146E+00 0.25515725043045231820369712706972E+00
0.17425360379265601195213800545321E+00 0.24528651110548117697580956482193E+00
0.16781386897211622459434768011715E+00 0.23540634872380389429000454071151E+00
0.16137256375176619925310713869315E+00 0.22551712553944803789713824707927E+00
0.15492979337509957561658790035978E+00 0.21561920378077656368960931355590E+00
0.14848566805062246756558777930566E+00 0.20571294564278612932050547541906E+00
0.14204030269099323407950101620789E+00 0.19579871327984022386646095820835E+00
0.13559381666843081053877289639066E+00 0.18587686879875371416651395502827E+00
0.12914633358516017815789039539942E+00 0.17594777425215481611920083127868E+00
0.12269798105777079078776044184851E+00 0.16601179163206149628547782199206E+00
0.11624889051446130471546727882744E+00 0.15606928286361933458039546317140E+00
0.10979919700422953676103667395364E+00 0.14612060979895211766592121620502E+00
0.10334903901714617148292628263014E+00 0.13616613421108619811912430797186E+00
0.96898558314923071590137374629374E-01 0.12620621778791420897570758724484E+00
0.90447899771049517698249677984690E-01 0.11624122212616812939665347311951E+00
0.83997211219830716766463657512884E-01 0.10627150872537651598983082668651E+00
0.77546643313714265261097394198330E-01 0.96297438981785286680934584358349E-01
0.71096349388341356325698623680699E-01 0.86319374182223354327302328902852E-01
0.64646485334800850008463825207893E-01 0.76337675497899212491023338062864E-01
0.58197209478606358208822306491148E-01 0.66352703978113222273373776544997E-01
0.51748682464953582530589069433775E-01 0.56364820543879103259791609718281E-01
0.45301067149847371612933640591402E-01 0.46374385981442684080942486657461E-01
0.38854528496719848736625827878050E-01 0.36381760935693015033149061249184E-01
0.32409233478189349908659230535997E-01 0.26387305903460348372825660714551E-01
0.25965350982632444960264990335182E-01 0.16391381226695429520953265029257E-01
0.19523051725272984187399858615879E-01 0.63943470855301443213936293054803E-02
0.13082508163501034091475240886455E-01 -0.36034365087865242247786696075720E-02
0.66438944161697366606771844761275E-02 -0.13601609721074997836229136115359E-01
0.20738618662243247428784181962848E-03 -0.23599812899536417331782421981665E-01
-0.62268393107716093877179356062151E-02 -0.33597686583188520651970218147124E-01
-0.12658603420781018334447045209754E-01 -0.43594871509423988288743532072192E-01
-0.19087726114373117912026609821023E-01 -0.53591008621694274984444340459816E-01
-0.25514026052850513462602007931424E-01 -0.63585739077310689797104292517257E-01
-0.31937320649233860180068163160262E-01 -0.73578704255368991564604858388859E-01
-0.38357426127049421615675446992560E-01 -0.83569545764788545701406573777888E-01
-0.44774157576666539933056547486597E-01 -0.93557905452468493621878427650567E-01
-0.51187329009325726880657957743826E-01 -0.10354342541155640852739877877040E+00
-0.57596753408983459202924884266640E-01 -0.11352574798982652738853301233323E+00
-0.64002242782096950191265663253557E-01 -0.12350451579816710419823866697531E+00
-0.70403608205459077962636408103321E-01 -0.13347937171917156581740770289997E+00
-0.76800659872191224918377534023643E-01 -0.14344995891583177375320011323827E+00
-0.83193207135991839648223688807698E-01 -0.15341592084033100990540149007934E+00
-0.89581058553734881540204420468418E-01 -0.16337690124293269603969230176552E+00
-0.95964021926503765284712085229287E-01 -0.17333254418096287929591609207379E+00
-0.10234190433914390770840372776971E+00 -0.18328249402788215696630957119113E+00
-0.10871451219841018297907759371641E+00 -0.19322639548244581311460764788482E+00
-0.11508165126978215088708521644818E+00 -0.20316389357794815469586943577524E+00
-0.12144312671301365349715895016792E+00 -0.21309463369154775194231093857110E+00
-0.12779874311648256107155200323511E+00 -0.22301826155367192019086547362035E+00
-0.13414830453039926074307119080245E+00 -0.23293442325749670054062019078621E+00
-0.14049161449893112700449024497041E+00 -0.24284276526849926693088343341603E+00
-0.14682847609129673788920878399298E+00 -0.25274293443408105701647832015042E+00
-0.15315869193187935516864032475707E+00 -0.26263457799325783369824967151449E+00
-0.15948206422940763541171514751275E+00 -0.27251734358641429876199770628188E+00
-0.16579839480524853540521265893152E+00 -0.28239087926512094610999964004209E+00
-0.17210748512085359312605990237744E+00 -0.29225483350201003866811828018073E+00
-0.17840913630439989700730412099835E+00 -0.30210885520070855713030017677765E+00
-0.18470314917666246307533920822426E+00 -0.31195259370582506821445743063968E+00
-0.19098932427615361944455476830429E+00 -0.32178569881298923662467595628862E+00
-0.19726746188356380452926963064265E+00 -0.33160782077894036301741949345747E+00
-0.20353736204553458323672678037372E+00 -0.34141861033166199607409061156419E+00
-0.20979882459779539481064595401308E+00 -0.35121771868056406570649581846298E+00
-0.21605164918769065325093974177210E+00 -0.36100479752670450968340002864356E+00
-0.22229563529612587323670003694573E+00 -0.37077949907305365404164612278557E+00
-0.22853058225895799231726612779763E+00 -0.38054147603479609134119739759576E+00
-0.23475628928785338462037645434209E+00 -0.39029038164966810982926390790393E+00
-0.24097255549063746922529960175657E+00 -0.40002586968833085921448494883885E+00
-0.24717917989115710471468505492019E+00 -0.40974759446477399365038604989698E+00
-0.25337596144867647661043339967029E+00 -0.41945521084675095246690042961267E+00
-0.25956269907682691578406351250927E+00 -0.42914837426624253838986917202947E+00
-0.26573919166212766797024504822336E+00 -0.43882674072994544527809585543825E+00
-0.27190523808209719695455296544073E+00 -0.44848996682978835285268109203158E+00
-0.27806063722297004585469565518100E+00 -0.45813770975346820812271146464152E+00
-0.28420518799703625956968436882661E+00 -0.46776962729500961594795401816248E+00
-0.29033868935961868427204648159545E+00 -0.47738537786534366254823725078586E+00
-0.29646094032570135155278061429522E+00 -0.48698462050290384078381916595981E+00
-0.30257173998622435013584874855473E+00 -0.49656701488423950676606488739440E+00
-0.30867088752405655014686123343136E+00 -0.50613222133464353885988062584420E+00
-0.31475818222966002226694477969069E+00 -0.51567990083879365885598808259740E+00
-0.32083342351645679199088902804184E+00 -0.52520971505140559276094655072138E+00
-0.32689641093591014438228973772105E+00 -0.53472132630789662065912198878309E+00
-0.33294694419233051540216468643733E+00 -0.54421439763505852244330541688079E+00
-0.33898482315741643215996126255600E+00 -0.55368859276173764214487724378651E+00
-0.34500984788454023789771552982081E+00 -0.56314357612952166769979775418536E+00
-0.35102181862278801677719786392027E+00 -0.57257901290343164601443876476751E+00
-0.35702053583076202011998446447835E+00 -0.58199456898261717629985951712234E+00
-0.36300580019015460645427967553663E+00 -0.59138991101105463371268346988315E+00
-0.36897741261910148409465810134687E+00 -0.60076470638824655606622536208271E+00
-0.37493517428532215105853120901768E+00 -0.61011862327992083685300415950681E+00
-0.38087888661905394132684252003348E+00 -0.61945133062872920746006635730646E+00
-0.38680835132578831298795934237569E+00 -0.62876249816494326635631061367749E+00
-0.39272337039881411770379298402067E+00 -0.63805179641714750641224760607241E+00
-0.39862374613157621442881237805934E+00 -0.64731889672292731441250549089072E+00
-0.40450928112985333147451591640080E+00 -0.65656347123955194337821178980467E+00
-0.41037977832376302997249168169727E+00 -0.66578519295465105341884537154042E+00
-0.41623504097959813462417490822827E+00 -0.67498373569688310863749018641791E+00
-0.42207487271149978855578803385969E+00 -0.68415877414659572470080875186463E+00
-0.42789907749297354006489012265898E+00 -0.69330998384647639149288530800663E+00
-0.43370745966825119625325062682857E+00 -0.70243704121219189463488490283321E+00
-0.43949982396350536997349654350760E+00 -0.71153962354301818379598554737086E+00
-0.44527597549791945299332027363456E+00 -0.72061740903245490050233168648586E+00
-0.45103571979461739951027202980219E+00 -0.72967007677882999368118810465276E+00
-0.45677886279145936408881993634428E+00 -0.73869730679588708545812040578026E+00
-0.46250521085170342962201069741759E+00 -0.74769878002335971190876581437098E+00
-0.46821457077454080582017152475003E+00 -0.75667417833752907706520150894733E+00
-0.47390674980550573714884962573246E+00 -0.76562318456176465874289352903097E+00
-0.47958155564676446288398238184808E+00 -0.77454548247704804449587803831293E+00
-0.48523879646728623510293480327030E+00 -0.78344075683247734372061719045274E+00
-0.49087828091289922845065277323447E+00 -0.79230869335575319955852819344429E+00
-0.49649981811623509499168017788125E+00 -0.80114897876364460234048710336023E+00
-0.50210321770656415435909844249453E+00 -0.80996130077243370006735170674184E+00
-0.50768828981952463845316931210669E+00 -0.81874534810833958090893832324255E+00
-0.51325484510674794890065563696295E+00 -0.82750081051791897070245826750974E+00
-0.51880269474538305775398028928753E+00 -0.83622737877844527579067031235920E+00
-0.52433165044752230199500196136283E+00 -0.84492474470826249449023423865100E+00
-0.52984152446953035925832373229298E+00 -0.85359260117711566773262984548663E+00
-0.53533212962127932426591017109312E+00 -0.86223064211645574803138178421894E+00
-0.54080327927529149963830927542939E+00 -0.87083856252971917830511025619635E+00
-0.54625478737579243236811596812397E+00 -0.87941605850258047077539833344548E+00
-0.55168646844767541699841068933678E+00 -0.88796282721317787977110253197854E+00
-0.55709813760537987576031872028913E+00 -0.89647856694231137630623138314377E+00
-0.56248961056168538000529175890551E+00 -0.90496297708361232522448347562883E+00
-0.56786070363642277591960937663369E+00 -0.91341575815368352665345135946317E+00
-0.57321123376510400109170306803687E+00 -0.92183661180221040779118559095510E+00
-0.57854101850747273480126670190520E+00 -0.93022524082204133595109389856138E+00
-0.58384987605597658733416550843621E+00 -0.93858134915923710805529417758903E+00
-0.58913762524416278463514552499558E+00 -0.94690464192308928733638467611596E+00
-0.59440408555499879650491154701086E+00 -0.95519482539610607628257361545362E+00
-0.59964907712911869278572141345700E+00 -0.96345160704396561498696577828084E+00
-0.60487242077299712418486063113752E+00 -0.97167469552543637847121315202471E+00
-0.61007393796705184602126798996743E+00 -0.97986380070226321314308896333177E+00
-0.61525345087367582108239338201787E+00 -0.98801863364901943544803901477914E+00
-0.62041078234520027441141115046398E+00 -0.99613890666292397911372335717904E+00
-0.62554575593178975820122148697836E+00 -0.10042243332736229744644588638078E+01
-0.63065819588927020756621441979278E+00 -0.10122746282529353168149061777595E+01
-0.63574792718689049558997357132455E+00 -0.10202895076245616578890660765872E+01
-0.64081477551501946267523638667738E+00 -0.10282686886737570575512547505419E+01
-0.64585856729277854678012744206790E+00 -0.10362118899569648048752010193540E+01
-0.65087912967561081488044851805138E+00 -0.10441188313114133835703965782308E+01
-0.65587629056278786144631273253091E+00 -0.10519892338646742421962189060687E+01
-0.66084987860485470231747036854319E+00 -0.10598228200441805650830947803754E+01
-0.66579972321101394741440995136714E+00 -0.10676193135867067747886690353823E+01
-0.67072565455644964585386659603349E+00 -0.10753784395478075853453530449066E+01
-0.67562750358959156394205202193237E+00 -0.10830999243112169481032701174780E+01
-0.68050510203932074572001139965207E+00 -0.10907834955982057240243991483741E+01
-0.68535828242211687323298685213474E+00 -0.10984288824768978220369912322855E+01
-0.69018687804914772451005157433539E+00 -0.11060358153715451045567050796531E+01
-0.69499072303330220323386739482238E+00 -0.11136040260717587388987479019409E+01
-0.69976965229616636426241701525645E+00 -0.11211332477416988310741291695424E+01
-0.70452350157494387739032789062931E+00 -0.11286232149292202857937382394772E+01
-0.70925210742932114758825495198038E+00 -0.11360736635749747123431870674993E+01
-0.71395530724827711126051367855286E+00 -0.11434843310214688562363766898752E+01
-0.71863293925683923641195487447482E+00 -0.11508549560220776523421290847956E+01
-0.72328484252278504777155001350270E+00 -0.11581852787500129825946853179756E+01
-0.72791085696329035779946712425154E+00 -0.11654750408072463571734423231460E+01
-0.73251082335152438701913688920666E+00 -0.11727239852333863100167004516827E+01
-0.73708458332319192755783200364454E+00 -0.11799318565145090834498326683053E+01
-0.74163197938302361949766506073198E+00 -0.11870984005919428126692810918227E+01
-0.74615285491121349243782183960544E+00 -0.11942233648710046167684133672918E+01
-0.75064705416980567998574671397089E+00 -0.12013064982296902830936730477569E+01
-0.75511442230902918502197785483906E+00 -0.12083475510273158199966780595651E+01
-0.75955480537358195428678339295530E+00 -0.12153462751131110405192762485505E+01
-0.76396805030886397362606387928650E+00 -0.12223024238347641295553424394359E+01
-0.76835400496716027495501708444561E+00 -0.12292157520469175616872857264456E+01
-0.77271251811377348207689140897905E+00 -0.12360860161196141771091685457771E+01
-0.77704343943310642745558181730406E+00 -0.12429129739466939127573436547838E+01
-0.78134661953469537533235822755006E+00 -0.12496963849541397216833690563015E+01
-0.78562190995919351821616032199930E+00 -0.12564360101083736655003743154772E+01
-0.78986916318430537607900276617951E+00 -0.12631316119245014719230468911749E+01
-0.79408823263067221771997702331871E+00 -0.12697829544745062359565236761574E+01
-0.79827897266770848645917196104792E+00 -0.12763898033953902386890315520285E+01
-0.80244123861938999020551830700264E+00 -0.12829519258972648799372581336604E+01
-0.80657488676999296715362477982899E+00 -0.12894690907713883396526546486725E+01
-0.81067977436978568589917687095543E+00 -0.12959410683981502237219791844399E+01
-0.81475575964067130604916294284949E+00 -0.13023676307550038050932565981965E+01
-0.81880270178178290137355998014125E+00 -0.13087485514243441735112524775862E+01
-0.82282046097503105174797076559879E+00 -0.13150836056013331121928024999010E+01
-0.82680889839060295143238488586480E+00 -0.13213725701016700208167086870277E+01
-0.83076787619241476085780814831631E+00 -0.13276152233693080187931460863818E+01
-0.83469725754351599367953250949632E+00 -0.13338113454841158388379356613805E+01
-0.83859690661144665244640891998761E+00 -0.13399607181694843450368182362658E+01
-0.84246668857354732576145494633256E+00 -0.13460631247998779673625150889691E+01
-0.84630646962222186304289106107740E+00 -0.13521183504083303234277792995420E+01
-0.85011611697015317051159576536015E+00 -0.13581261816938838661558563001485E+01
-0.85389549885547206385017875673243E+00 -0.13640864070289735309799526954381E+01
-0.85764448454687884776549881985925E+00 -0.13699988164667532686212370517888E+01
-0.86136294434871889870123215609957E+00 -0.13758632017483662137629983018312E+01
-0.86505074960601055686055755921130E+00 -0.13816793563101574681695166829884E+01
-0.86870777270942685515659514684468E+00 -0.13874470752908293277517425656504E+01
-0.87233388710023059389844183583280E+00 -0.13931661555385387503321162346191E+01
-0.87592896727516273992989312577434E+00 -0.13988363956179368619429072889617E+01
-0.87949288879128427020259490780288E+00 -0.14044575958171501077458908606722E+01
-0.88302552827077151283623225488046E+00 -0.14100295581547025563879256559152E+01
-0.88652676340566525664914569040928E+00 -0.14155520863863795360756859021527E+01
-0.88999647296257309396211727320284E+00 -0.14210249860120319475903765293753E+01
-0.89343453678732562121319780861266E+00 -0.14264480642823210437150951405494E+01
-0.89684083580958630723723996757116E+00 -0.14318211302054036112441946758291E+01
-0.90021525204741476441821458301770E+00 -0.14371439945535570296214789795586E+01
-0.90355766861178398819456779846684E+00 -0.14424164698697439829725039864104E+01
-0.90686796971105124664408359518518E+00 -0.14476383704741168564342938849666E+01
-0.91014604065538239186391196281344E+00 -0.14528095124704610624832447579649E+01
-0.91339176786113037800721660147851E+00 -0.14579297137525774018312026234822E+01
-0.91660503885516713112486516062954E+00 -0.14629987940106032123034225760266E+01
-0.91978574227916926114371636905955E+00 -0.14680165747372717758007277653591E+01
-0.92293376789385753628981191907991E+00 -0.14729828792341099147420492518871E+01
-0.92604900658319021917330286684584E+00 -0.14778975326175736335162037448862E+01
-0.92913135035850984919367405091630E+00 -0.14827603618251214112399638703422E+01
-0.93218069236264403119963935589121E+00 -0.14875711956212249251113617593994E+01
-0.93519692687395963693091800214333E+00 -0.14923298646033168031807233807729E+01
-0.93817994931037127515519977155499E+00 -0.14970362012076757420462991858615E+01
-0.94112965623330271166304686856746E+00 -0.15016900397152480292758039447455E+01
-0.94404594535160264592418686284629E+00 -0.15062912162574057313995140624701E+01
-0.94692871552541372044211791338972E+00 -0.15108395688216410925848237923002E+01
-0.94977786676999547536522993085853E+00 -0.15153349372571970745412487259159E+01
-0.95259330025950080339348143592762E+00 -0.15197771632806337751360210790690E+01
-0.95537491833070589261411884853795E+00 -0.15241660904813302552222338417186E+01
-0.95812262448669415727252963237674E+00 -0.15285015643269220414522266152467E+01
-0.96083632340049328993480700177540E+00 -0.15327834321686736392360097689758E+01
-0.96351592091866632392808233967973E+00 -0.15370115432467861507204331874928E+01
-0.96616132406485581848978204430168E+00 -0.15411857486956397105056604117164E+01
-0.96877244104328155100538905284189E+00 -0.15453059015489702235847277356945E+01
-0.97134918124219247370155581117175E+00 -0.15493718567449809180448755751355E+01
-0.97389145523727060686592582895089E+00 -0.15533834711313876294961719906794E+01
-0.97639917479499011452725707957827E+00 -0.15573406034703984384313997971198E+01
-0.97887225287592826620876955126250E+00 -0.15612431144436268885863732830140E+01
-0.98131060363803072906208480159129E+00 -0.15650908666569388675692412762276E+01
-0.98371414243982979576525398546365E+00 -0.15688837246452329210604698335617E+01
-0.98608278584361584212853342224287E+00 -0.15726215548771537402652725792782E+01
-0.98841645161856241183865571473669E+00 -0.15763042257597387756319262973135E+01
-0.99071505874380412560482591946006E+00 -0.15799316076429976977228358853091E+01
-0.99297852741146799432647031940826E+00 -0.15835035728244245317310186938153E+01
-0.99520677902965799578007072072994E+00 -0.15870199955534422320137012184268E+01
-0.99739973622539254205434260045706E+00 -0.15904807520357798678027680923861E+01
-0.99955732284749530999891591757512E+00 -0.15938857204377816834639703118593E+01
-0.10016794639694388329030330528684E+01 -0.15972347808906484047045399764344E+01
-0.10037660858921414943367184137623E+01 -0.16005278154946102222917505098130E+01
-0.10058171161467172405497911425735E+01 -0.16037647083230316924916435624276E+01
-0.10078324834971783141177764457709E+01 -0.16069453454264479121712985164667E+01
-0.10098121179430909943274984484740E+01 -0.16100696148365323110533661011782E+01
-0.10117559507221841918392360485999E+01 -0.16131374065699955922572241046100E+01
-0.10136639143129108577396409523139E+01 -0.16161486126324156662029688461747E+01
-0.10155359424369622949453049128607E+01 -0.16191031270219986596242298509102E+01
-0.10173719700617352069327985482439E+01 -0.16220008457332706929901155878159E+01
-0.10191719334027515352129957641312E+01 -0.16248416667607002342549117258596E+01
-0.10209357699260309941118661821100E+01 -0.16276254901022511091889616608269E+01
-0.10226634183504162957212411320688E+01 -0.16303522177628656922782819429597E+01
-0.10243548186498510811445938928708E+01 -0.16330217537578786581475356756489E+01
-0.10260099120556103671272841368689E+01 -0.16356340041163604517288954991712E+01
-0.10276286410584836838905485065757E+01 -0.16381888768843910956411053316715E+01
-0.10292109494109107860835332503322E+01 -0.16406862821282638264655619886569E+01
-0.10307567821290696365326997234483E+01 -0.16431261319376181374284292832183E+01
-0.10322660854949173361252023983630E+01 -0.16455083404285030241922647766119E+01
-0.10337388070581829907632497367322E+01 -0.16478328237463692047731682638033E+01
-0.10351748956383134497605473766203E+01 -0.16500995000689910233349092661322E+01
-0.10365743013263712048634263525797E+01 -0.16523082896093176996491022659919E+01
-0.10379369754868846094323576405423E+01 -0.16544591146182535097060609373817E+01
-0.10392628707596506715701594743153E+01 -0.16565518993873673205078742079267E+01
-0.10405519410614898551344132751594E+01 -0.16585865702515308905398484464440E+01
-0.10418041415879534199255769318011E+01 -0.16605630555914861128925405732056E+01
-0.10430194288149829314375707470706E+01 -0.16624812858363412108903048924535E+01
-0.10441977605005217859477044321980E+01 -0.16643411934659952163920056584653E+01
-0.10453390956860793072916955872488E+01 -0.16661427130134915511048833514419E+01
-0.10464433946982466502519738436408E+01 -0.16678857810672997161562065024053E+01
-0.10475106191501651070200316926709E+01 -0.16695703362735255174643018346092E+01
-0.10485407319429463856561413881728E+01 -0.16711963193380497354058172675911E+01
-0.10495336972670449876824278775384E+01 -0.16727636730285949401942821926093E+01
-0.10504894806035827574640499456726E+01 -0.16742723421767205131638913132336E+01
-0.10514080487256253460225439932731E+01 -0.16757222736797457574344477551341E+01
-0.10522893696994107708464571204139E+01 -0.16771134165026011015529029115683E+01
-0.10531334128855299810969691106251E+01 -0.16784457216796071852220098048265E+01
-0.10539401489400593486677402502430E+01 -0.16797191423161818772823585407723E+01
-0.10547095498156451816785334183802E+01 -0.16809336335904751671075098924981E+01
-0.10554415887625401269555193717281E+01 -0.16820891527549317390779455222231E+01
-0.10561362403295915088595106847897E+01 -0.16831856591377813107153767334744E+01
-0.10567934803651816048828031978218E+01 -0.16842231141444566628138935228350E+01
-0.10574132860181197519735021888002E+01 -0.16852014812589391635557819175756E+01
-0.10579956357384863560795730605892E+01 -0.16861207260450319503761148071907E+01
-0.10585405092784287773696730108222E+01 -0.16869808161475605808157967833098E+01
-0.10590478876929089968720755358092E+01 -0.16877817212935011103704018823038E+01
-0.10595177533404031725169225489046E+01 -0.16885234132930356066036089985843E+01
-0.10599500898835530292027547852774E+01 -0.16892058660405350259391069417314E+01
-0.10603448822897700580019314934605E+01 -0.16898290555154687885923687495158E+01
-0.10605872125407577962061704895197E+01 -0.16902115802073537994219011852751E+01
-0.10608128466358661519498344540388E+01 -0.16905677498914045368402723888012E+01
-0.10610217810881576250647647739849E+01 -0.16908975589959771091714445733917E+01
-0.10612140126687702367587657812364E+01 -0.16912010023617869909086920009816E+01
-0.10613895384069523211611519718042E+01 -0.16914780752420004682949156905824E+01
-0.10615567146045498524364806946058E+01 -0.16917419682811030001393319422876E+01
-0.10617238994150201768215493203936E+01 -0.16920058750821669812970305878660E+01
-0.10618910928386457107792102005245E+01 -0.16922697956456190490553450708734E+01
-0.10620582948757089804029476514343E+01 -0.16925337299718858008729191855378E+01
-0.10622255055264924152819059439361E+01 -0.16927976780613939053822368213677E+01
-0.10620582948757089804029476514343E+01 -0.16925337299718858008729191855378E+01
-0.10618910928386457107792102005245E+01 -0.16922697956456190490553450708734E+01
-0.10617238994150201768215493203936E+01 -0.16920058750821669812970305878660E+01
-0.10615567146045498524364806946058E+01 -0.16917419682811030001393319422876E+01
-0.10613895384069523211611519718042E+01 -0.16914780752420004682949156905824E+01
-0.10612140126687702367587657812364E+01 -0.16912010023617869909086920009816E+01
-0.10610217810881576250647647739849E+01 -0.16908975589959771091714445733917E+01
-0.10608128466358661519498344540388E+01 -0.16905677498914045368402723888012E+01
-0.10605872125407577962061704895197E+01 -0.16902115802073537994219011852751E+01
-0.10603448822897700580019314934605E+01 -0.16898290555154687885923687495158E+01
-0.10599500898835530292027547852774E+01 -0.16892058660405350259391069417314E+01
-0.10595177533404031725169225489046E+01 -0.16885234132930356066036089985843E+01
-0.10590478876929089968720755358092E+01 -0.16877817212935011103704018823038E+01
-0.10585405092784287773696730108222E+01 -0.16869808161475605808157967833098E+01
-0.10579956357384863560795730605892E+01 -0.16861207260450319503761148071907E+01
-0.10574132860181197519735021888002E+01 -0.16852014812589391635557819175756E+01
-0.10567934803651816048828031978218E+01 -0.16842231141444566628138935228350E+01
-0.10561362403295915088595106847897E+01 -0.16831856591377813107153767334744E+01
-0.10554415887625401269555193717281E+01 -0.16820891527549317390779455222231E+01
-0.10547095498156451816785334183802E+01 -0.16809336335904751671075098924981E+01
-0.10539401489400593486677402502430E+01 -0.16797191423161818772823585407723E+01
-0.10531334128855299810969691106251E+01 -0.16784457216796071852220098048265E+01
-0.10522893696994107708464571204139E+01 -0.16771134165026011015529029115683E+01
-0.10514080487256253460225439932731E+01 -0.16757222736797457574344477551341E+01
-0.10504894806035827574640499456726E+01 -0.16742723421767205131638913132336E+01
-0.10495336972670449876824278775384E+01 -0.16727636730285949401942821926093E+01
-0.10485407319429463856561413881728E+01 -0.16711963193380497354058172675911E+01
-0.10475106191501651070200316926709E+01 -0.16695703362735255174643018346092E+01
-0.10464433946982466502519738436408E+01 -0.16678857810672997161562065024053E+01
-0.10453390956860793072916955872488E+01 -0.16661427130134915511048833514419E+01
-0.10441977605005217859477044321980E+01 -0.16643411934659952163920056584653E+01
-0.10430194288149829314375707470706E+01 -0.16624812858363412108903048924535E+01
-0.10418041415879534199255769318011E+01 -0.16605630555914861128925405732056E+01
-0.10405519410614898551344132751594E+01 -0.16585865702515308905398484464440E+01
-0.10392628707596506715701594743153E+01 -0.16565518993873673205078742079267E+01
-0.10379369754868846094323576405423E+01 -0.16544591146182535097060609373817E+01
-0.10365743013263712048634263525797E+01 -0.16523082896093176996491022659919E+01
-0.10351748956383134497605473766203E+01 -0.16500995000689910233349092661322E+01
-0.10337388070581829907632497367322E+01 -0.16478328237463692047731682638033E+01
-0.10322660854949173361252023983630E+01 -0.16455083404285030241922647766119E+01
-0.10307567821290696365326997234483E+01 -0.16431261319376181374284292832183E+01
-0.10292109494109107860835332503322E+01 -0.16406862821282638264655619886569E+01
-0.10276286410584836838905485065757E+01 -0.16381888768843910956411053316715E+01
-0.10260099120556103671272841368689E+01 -0.16356340041163604517288954991712E+01
-0.10243548186498510811445938928708E+01 -0.16330217537578786581475356756489E+01
-0.10226634183504162957212411320688E+01 -0.16303522177628656922782819429597E+01
-0.10209357699260309941118661821100E+01 -0.16276254901022511091889616608269E+01
-0.10191719334027515352129957641312E+01 -0.16248416667607002342549117258596E+01
-0.10173719700617352069327985482439E+01 -0.16220008457332706929901155878159E+01
-0.10155359424369622949453049128607E+01 -0.16191031270219986596242298509102E+01
-0.10136639143129108577396409523139E+01 -0.16161486126324156662029688461747E+01
-0.10117559507221841918392360485999E+01 -0.16131374065699955922572241046100E+01
-0.10098121179430909943274984484740E+01 -0.16100696148365323110533661011782E+01
-0.10078324834971783141177764457709E+01 -0.16069453454264479121712985164667E+01
-0.10058171161467172405497911425735E+01 -0.16037647083230316924916435624276E+01
-0.10037660858921414943367184137623E+01 -0.16005278154946102222917505098130E+01
-0.10016794639694388329030330528684E+01 -0.15972347808906484047045399764344E+01
-0.99955732284749530999891591757512E+00 -0.15938857204377816834639703118593E+01
-0.99739973622539254205434260045706E+00 -0.15904807520357798678027680923861E+01
-0.99520677902965799578007072072994E+00 -0.15870199955534422320137012184268E+01
-0.99297852741146799432647031940826E+00 -0.15835035728244245317310186938153E+01
-0.99071505874380412560482591946006E+00 -0.15799316076429976977228358853091E+01
-0.98841645161856241183865571473669E+00 -0.15763042257597387756319262973135E+01
-0.98608278584361584212853342224287E+00 -0.15726215548771537402652725792782E+01
-0.98371414243982979576525398546365E+00 -0.15688837246452329210604698335617E+01
-0.98131060363803072906208480159129E+00 -0.15650908666569388675692412762276E+01
-0.97887225287592826620876955126250E+00 -0.15612431144436268885863732830140E+01
-0.97639917479499011452725707957827E+00 -0.15573406034703984384313997971198E+01
-0.97389145523727060686592582895089E+00 -0.15533834711313876294961719906794E+01
-0.97134918124219247370155581117175E+00 -0.15493718567449809180448755751355E+01
-0.96877244104328155100538905284189E+00 -0.15453059015489702235847277356945E+01
-0.96616132406485581848978204430168E+00 -0.15411857486956397105056604117164E+01
-0.96351592091866632392808233967973E+00 -0.15370115432467861507204331874928E+01
-0.96083632340049328993480700177540E+00 -0.15327834321686736392360097689758E+01
-0.95812262448669415727252963237674E+00 -0.15285015643269220414522266152467E+01
-0.95537491833070589261411884853795E+00 -0.15241660904813302552222338417186E+01
-0.95259330025950080339348143592762E+00 -0.15197771632806337751360210790690E+01
-0.94977786676999547536522993085853E+00 -0.15153349372571970745412487259159E+01
-0.94692871552541372044211791338972E+00 -0.15108395688216410925848237923002E+01
-0.94404594535160264592418686284629E+00 -0.15062912162574057313995140624701E+01
-0.94112965623330271166304686856746E+00 -0.15016900397152480292758039447455E+01
-0.93817994931037127515519977155499E+00 -0.14970362012076757420462991858615E+01
-0.93519692687395963693091800214333E+00 -0.14923298646033168031807233807729E+01
-0.93218069236264403119963935589121E+00 -0.14875711956212249251113617593994E+01
-0.92913135035850984919367405091630E+00 -0.14827603618251214112399638703422E+01
-0.92604900658319021917330286684584E+00 -0.14778975326175736335162037448862E+01
-0.92293376789385753628981191907991E+00 -0.14729828792341099147420492518871E+01
-0.91978574227916926114371636905955E+00 -0.14680165747372717758007277653591E+01
-0.91660503885516713112486516062954E+00 -0.14629987940106032123034225760266E+01
-0.91339176786113037800721660147851E+00 -0.14579297137525774018312026234822E+01
-0.91014604065538239186391196281344E+00 -0.14528095124704610624832447579649E+01
-0.90686796971105124664408359518518E+00 -0.14476383704741168564342938849666E+01
-0.90355766861178398819456779846684E+00 -0.14424164698697439829725039864104E+01
-0.90021525204741476441821458301770E+00 -0.14371439945535570296214789795586E+01
-0.89684083580958630723723996757116E+00 -0.14318211302054036112441946758291E+01
-0.89343453678732562121319780861266E+00 -0.14264480642823210437150951405494E+01
-0.88999647296257309396211727320284E+00 -0.14210249860120319475903765293753E+01
-0.88652676340566525664914569040928E+00 -0.14155520863863795360756859021527E+01
-0.88302552827077151283623225488046E+00 -0.14100295581547025563879256559152E+01
-0.87949288879128427020259490780288E+00 -0.14044575958171501077458908606722E+01
-0.87592896727516273992989312577434E+00 -0.13988363956179368619429072889617E+01
-0.87233388710023059389844183583280E+00 -0.13931661555385387503321162346191E+01
-0.86870777270942685515659514684468E+00 -0.13874470752908293277517425656504E+01
-0.86505074960601055686055755921130E+00 -0.13816793563101574681695166829884E+01
-0.86136294434871889870123215609957E+00 -0.13758632017483662137629983018312E+01
-0.85764448454687884776549881985925E+00 -0.13699988164667532686212370517888E+01
-0.85389549885547206385017875673243E+00 -0.13640864070289735309799526954381E+01
-0.85011611697015317051159576536015E+00 -0.13581261816938838661558563001485E+01
-0.84630646962222186304289106107740E+00 -0.13521183504083303234277792995420E+01
-0.84246668857354732576145494633256E+00 -0.13460631247998779673625150889691E+01
-0.83859690661144665244640891998761E+00 -0.13399607181694843450368182362658E+01
-0.83469725754351599367953250949632E+00 -0.13338113454841158388379356613805E+01
-0.83076787619241476085780814831631E+00 -0.13276152233693080187931460863818E+01
-0.82680889839060295143238488586480E+00 -0.13213725701016700208167086870277E+01
-0.82282046097503105174797076559879E+00 -0.13150836056013331121928024999010E+01
-0.81880270178178290137355998014125E+00 -0.13087485514243441735112524775862E+01
-0.81475575964067130604916294284949E+00 -0.13023676307550038050932565981965E+01
-0.81067977436978568589917687095543E+00 -0.12959410683981502237219791844399E+01
-0.80657488676999296715362477982899E+00 -0.12894690907713883396526546486725E+01
-0.80244123861938999020551830700264E+00 -0.12829519258972648799372581336604E+01
-0.79827897266770848645917196104792E+00 -0.12763898033953902386890315520285E+01
-0.79408823263067221771997702331871E+00 -0.12697829544745062359565236761574E+01
-0.78986916318430537607900276617951E+00 -0.12631316119245014719230468911749E+01
-0.78562190995919351821616032199930E+00 -0.12564360101083736655003743154772E+01
-0.78134661953469537533235822755006E+00 -0.12496963849541397216833690563015E+01
-0.77704343943310642745558181730406E+00 -0.12429129739466939127573436547838E+01
-0.77271251811377348207689140897905E+00 -0.12360860161196141771091685457771E+01
-0.76835400496716027495501708444561E+00 -0.12292157520469175616872857264456E+01
-0.76396805030886397362606387928650E+00 -0.12223024238347641295553424394359E+01
-0.75955480537358195428678339295530E+00 -0.12153462751131110405192762485505E+01
-0.75511442230902918502197785483906E+00 -0.12083475510273158199966780595651E+01
-0.75064705416980567998574671397089E+00 -0.12013064982296902830936730477569E+01
-0.74615285491121349243782183960544E+00 -0.11942233648710046167684133672918E+01
-0.74163197938302361949766506073198E+00 -0.11870984005919428126692810918227E+01
-0.73708458332319192755783200364454E+00 -0.11799318565145090834498326683053E+01
-0.73251082335152438701913688920666E+00 -0.11727239852333863100167004516827E+01
-0.72791085696329035779946712425154E+00 -0.11654750408072463571734423231460E+01
-0.72328484252278504777155001350270E+00 -0.11581852787500129825946853179756E+01
-0.71863293925683923641195487447482E+00 -0.11508549560220776523421290847956E+01
-0.71395530724827711126051367855286E+00 -0.11434843310214688562363766898752E+01
-0.70925210742932114758825495198038E+00 -0.11360736635749747123431870674993E+01
-0.70452350157494387739032789062931E+00 -0.11286232149292202857937382394772E+01
-0.69976965229616636426241701525645E+00 -0.11211332477416988310741291695424E+01
-0.69499072303330220323386739482238E+00 -0.11136040260717587388987479019409E+01
-0.69018687804914772451005157433539E+00 -0.11060358153715451045567050796531E+01
-0.68535828242211687323298685213474E+00 -0.10984288824768978220369912322855E+01
-0.68050510203932074572001139965207E+00 -0.10907834955982057240243991483741E+01
-0.67562750358959156394205202193237E+00 -0.10830999243112169481032701174780E+01
-0.67072565455644964585386659603349E+00 -0.10753784395478075853453530449066E+01
-0.66579972321101394741440995136714E+00 -0.10676193135867067747886690353823E+01
-0.66084987860485470231747036854319E+00 -0.10598228200441805650830947803754E+01
-0.65587629056278786144631273253091E+00 -0.10519892338646742421962189060687E+01
-0.65087912967561081488044851805138E+00 -0.10441188313114133835703965782308E+01
-0.64585856729277854678012744206790E+00 -0.10362118899569648048752010193540E+01
-0.64081477551501946267523638667738E+00 -0.10282686886737570575512547505419E+01
-0.63574792718689049558997357132455E+00 -0.10202895076245616578890660765872E+01
-0.63065819588927020756621441979278E+00 -0.10122746282529353168149061777595E+01
-0.62554575593178975820122148697836E+00 -0.10042243332736229744644588638078E+01
-0.62041078234520027441141115046398E+00 -0.99613890666292397911372335717904E+00
-0.61525345087367582108239338201787E+00 -0.98801863364901943544803901477914E+00
-0.61007393796705184602126798996743E+00 -0.97986380070226321314308896333177E+00
-0.60487242077299712418486063113752E+00 -0.97167469552543637847121315202471E+00
-0.59964907712911869278572141345700E+00 -0.96345160704396561498696577828084E+00
-0.59440408555499879650491154701086E+00 -0.95519482539610607628257361545362E+00
-0.58913762524416278463514552499558E+00 -0.94690464192308928733638467611596E+00
-0.58384987605597658733416550843621E+00 -0.93858134915923710805529417758903E+00
-0.57854101850747273480126670190520E+00 -0.93022524082204133595109389856138E+00
-0.57321123376510400109170306803687E+00 -0.92183661180221040779118559095510E+00
-0.56786070363642277591960937663369E+00 -0.91341575815368352665345135946317E+00
-0.56248961056168538000529175890551E+00 -0.90496297708361232522448347562883E+00
-0.55709813760537987576031872028913E+00 -0.89647856694231137630623138314377E+00
-0.55168646844767541699841068933678E+00 -0.88796282721317787977110253197854E+00
-0.54625478737579243236811596812397E+00 -0.87941605850258047077539833344548E+00
-0.54080327927529149963830927542939E+00 -0.87083856252971917830511025619635E+00
-0.53533212962127932426591017109312E+00 -0.86223064211645574803138178421894E+00
-0.52984152446953035925832373229298E+00 -0.85359260117711566773262984548663E+00
-0.52433165044752230199500196136283E+00 -0.84492474470826249449023423865100E+00
-0.51880269474538305775398028928753E+00 -0.83622737877844527579067031235920E+00
-0.51325484510674794890065563696295E+00 -0.82750081051791897070245826750974E+00
-0.50768828981952463845316931210669E+00 -0.81874534810833958090893832324255E+00
-0.50210321770656415435909844249453E+00 -0.80996130077243370006735170674184E+00
-0.49649981811623509499168017788125E+00 -0.80114897876364460234048710336023E+00
-0.49087828091289922845065277323447E+00 -0.79230869335575319955852819344429E+00
-0.48523879646728623510293480327030E+00 -0.78344075683247734372061719045274E+00
-0.47958155564676446288398238184808E+00 -0.77454548247704804449587803831293E+00
-0.47390674980550573714884962573246E+00 -0.76562318456176465874289352903097E+00
-0.46821457077454080582017152475003E+00 -0.75667417833752907706520150894733E+00
-0.46250521085170342962201069741759E+00 -0.74769878002335971190876581437098E+00
-0.45677886279145936408881993634428E+00 -0.73869730679588708545812040578026E+00
-0.45103571979461739951027202980219E+00 -0.72967007677882999368118810465276E+00
-0.44527597549791945299332027363456E+00 -0.72061740903245490050233168648586E+00
-0.43949982396350536997349654350760E+00 -0.71153962354301818379598554737086E+00
-0.43370745966825119625325062682857E+00 -0.70243704121219189463488490283321E+00
-0.42789907749297354006489012265898E+00 -0.69330998384647639149288530800663E+00
-0.42207487271149978855578803385969E+00 -0.68415877414659572470080875186463E+00
-0.41623504097959813462417490822827E+00 -0.67498373569688310863749018641791E+00
-0.41037977832376302997249168169727E+00 -0.66578519295465105341884537154042E+00
-0.40450928112985333147451591640080E+00 -0.65656347123955194337821178980467E+00
-0.39862374613157621442881237805934E+00 -0.64731889672292731441250549089072E+00
-0.39272337039881411770379298402067E+00 -0.63805179641714750641224760607241E+00
-0.38680835132578831298795934237569E+00 -0.62876249816494326635631061367749E+00
-0.38087888661905394132684252003348E+00 -0.61945133062872920746006635730646E+00
-0.37493517428532215105853120901768E+00 -0.61011862327992083685300415950681E+00
-0.36897741261910148409465810134687E+00 -0.60076470638824655606622536208271E+00
-0.36300580019015460645427967553663E+00 -0.59138991101105463371268346988315E+00
-0.35702053583076202011998446447835E+00 -0.58199456898261717629985951712234E+00
-0.35102181862278801677719786392027E+00 -0.57257901290343164601443876476751E+00
-0.34500984788454023789771552982081E+00 -0.56314357612952166769979775418536E+00
-0.33898482315741643215996126255600E+00 -0.55368859276173764214487724378651E+00
-0.33294694419233051540216468643733E+00 -0.54421439763505852244330541688079E+00
-0.32689641093591014438228973772105E+00 -0.53472132630789662065912198878309E+00
-0.32083342351645679199088902804184E+00 -0.52520971505140559276094655072138E+00
-0.31475818222966002226694477969069E+00 -0.51567990083879365885598808259740E+00
-0.30867088752405655014686123343136E+00 -0.50613222133464353885988062584420E+00
-0.30257173998622435013584874855473E+00 -0.49656701488423950676606488739440E+00
-0.29646094032570135155278061429522E+00 -0.48698462050290384078381916595981E+00
-0.29033868935961868427204648159545E+00 -0.47738537786534366254823725078586E+00
-0.28420518799703625956968436882661E+00 -0.46776962729500961594795401816248E+00
-0.27806063722297004585469565518100E+00 -0.45813770975346820812271146464152E+00
-0.27190523808209719695455296544073E+00 -0.44848996682978835285268109203158E+00
-0.26573919166212766797024504822336E+00 -0.43882674072994544527809585543825E+00
-0.25956269907682691578406351250927E+00 -0.42914837426624253838986917202947E+00
-0.25337596144867647661043339967029E+00 -0.41945521084675095246690042961267E+00
-0.24717917989115710471468505492019E+00 -0.40974759446477399365038604989698E+00
-0.24097255549063746922529960175657E+00 -0.40002586968833085921448494883885E+00
-0.23475628928785338462037645434209E+00 -0.39029038164966810982926390790393E+00
-0.22853058225895799231726612779763E+00 -0.38054147603479609134119739759576E+00
-0.22229563529612587323670003694573E+00 -0.37077949907305365404164612278557E+00
-0.21605164918769065325093974177210E+00 -0.36100479752670450968340002864356E+00
-0.20979882459779539481064595401308E+00 -0.35121771868056406570649581846298E+00
-0.20353736204553458323672678037372E+00 -0.34141861033166199607409061156419E+00
-0.19726746188356380452926963064265E+00 -0.33160782077894036301741949345747E+00
-0.19098932427615361944455476830429E+00 -0.32178569881298923662467595628862E+00
-0.18470314917666246307533920822426E+00 -0.31195259370582506821445743063968E+00
-0.17840913630439989700730412099835E+00 -0.30210885520070855713030017677765E+00
-0.17210748512085359312605990237744E+00 -0.29225483350201003866811828018073E+00
-0.16579839480524853540521265893152E+00 -0.28239087926512094610999964004209E+00
-0.15948206422940763541171514751275E+00 -0.27251734358641429876199770628188E+00
-0.15315869193187935516864032475707E+00 -0.26263457799325783369824967151449E+00
-0.14682847609129673788920878399298E+00 -0.25274293443408105701647832015042E+00
-0.14049161449893112700449024497041E+00 -0.24284276526849926693088343341603E+00
-0.13414830453039926074307119080245E+00 -0.23293442325749670054062019078621E+00
-0.12779874311648256107155200323511E+00 -0.22301826155367192019086547362035E+00
-0.12144312671301365349715895016792E+00 -0.21309463369154775194231093857110E+00
-0.11508165126978215088708521644818E+00 -0.20316389357794815469586943577524E+00
-0.10871451219841018297907759371641E+00 -0.19322639548244581311460764788482E+00
-0.10234190433914390770840372776971E+00 -0.18328249402788215696630957119113E+00
-0.95964021926503765284712085229287E-01 -0.17333254418096287929591609207379E+00
-0.89581058553734881540204420468418E-01 -0.16337690124293269603969230176552E+00
-0.83193207135991839648223688807698E-01 -0.15341592084033100990540149007934E+00
-0.76800659872191224918377534023643E-01 -0.14344995891583177375320011323827E+00
-0.70403608205459077962636408103321E-01 -0.13347937171917156581740770289997E+00
-0.64002242782096950191265663253557E-01 -0.12350451579816710419823866697531E+00
-0.57596753408983459202924884266640E-01 -0.11352574798982652738853301233323E+00
-0.51187329009325726880657957743826E-01 -0.10354342541155640852739877877040E+00
-0.44774157576666539933056547486597E-01 -0.93557905452468493621878427650567E-01
-0.38357426127049421615675446992560E-01 -0.83569545764788545701406573777888E-01
-0.31937320649233860180068163160262E-01 -0.73578704255368991564604858388859E-01
-0.25514026052850513462602007931424E-01 -0.63585739077310689797104292517257E-01
-0.19087726114373117912026609821023E-01 -0.53591008621694274984444340459816E-01
-0.12658603420781018334447045209754E-01 -0.43594871509423988288743532072192E-01
-0.62268393107716093877179356062151E-02 -0.33597686583188520651970218147124E-01
0.20738618662243247428784181962848E-03 -0.23599812899536417331782421981665E-01
0.66438944161697366606771844761275E-02 -0.13601609721074997836229136115359E-01
0.13082508163501034091475240886455E-01 -0.36034365087865242247786696075720E-02
0.19523051725272984187399858615879E-01 0.63943470855301443213936293054803E-02
0.25965350982632444960264990335182E-01 0.16391381226695429520953265029257E-01
0.32409233478189349908659230535997E-01 0.26387305903460348372825660714551E-01
0.38854528496719848736625827878050E-01 0.36381760935693015033149061249184E-01
0.45301067149847371612933640591402E-01 0.46374385981442684080942486657461E-01
0.51748682464953582530589069433775E-01 0.56364820543879103259791609718281E-01
0.58197209478606358208822306491148E-01 0.66352703978113222273373776544997E-01
0.64646485334800850008463825207893E-01 0.76337675497899212491023338062864E-01
0.71096349388341356325698623680699E-01 0.86319374182223354327302328902852E-01
0.77546643313714265261097394198330E-01 0.96297438981785286680934584358349E-01
0.83997211219830716766463657512884E-01 0.10627150872537651598983082668651E+00
0.90447899771049517698249677984690E-01 0.11624122212616812939665347311951E+00
0.96898558314923071590137374629374E-01 0.12620621778791420897570758724484E+00
0.10334903901714617148292628263014E+00 0.13616613421108619811912430797186E+00
0.10979919700422953676103667395364E+00 0.14612060979895211766592121620502E+00
0.11624889051446130471546727882744E+00 0.15606928286361933458039546317140E+00
0.12269798105777079078776044184851E+00 0.16601179163206149628547782199206E+00
0.12914633358516017815789039539942E+00 0.17594777425215481611920083127868E+00
0.13559381666843081053877289639066E+00 0.18587686879875371416651395502827E+00
0.14204030269099323407950101620789E+00 0.19579871327984022386646095820835E+00
0.14848566805062246756558777930566E+00 0.20571294564278612932050547541906E+00
0.15492979337509957561658790035978E+00 0.21561920378077656368960931355590E+00
0.16137256375176619925310713869315E+00 0.22551712553944803789713824707927E+00
0.16781386897211622459434768011715E+00 0.23540634872380389429000454071151E+00
0.17425360379265601195213800545321E+00 0.24528651110548117697580956482193E+00
0.18069166821338201547671484127146E+00 0.25515725043045231820369712706972E+00
0.18712796777535835117282919203159E+00 0.26501820442725931040451098479052E+00
0.19356241387902250107355637501901E+00 0.27486901081589385763044471181093E+00
0.19999492412501121773626655622504E+00 0.28470930731745274096122575129654E+00
0.20642542267948324815107412164197E+00 0.29453873166471921098019457416611E+00
0.21285384066611728287947604930485E+00 0.30435692161384374169954243554253E+00
0.21928011658719471816319257553828E+00 0.31416351495732530512041435629807E+00
0.22570419677643389011415630631891E+00 0.32395814953852338253280497350861E+00
0.23212603588652821540212843195151E+00 0.33374046326796832870031424069480E+00
0.23854559741467122159358990642741E+00 0.34351009414178179497197832723172E+00
0.24496285426971074791659765556228E+00 0.35326668026256035794581507235705E+00
0.25137778938499565196158128729718E+00 0.36300985986314099369621299289081E+00
0.25779039638144318053309977085081E+00 0.37273927133372523445068061947620E+00
0.26420068028588598577229872873452E+00 0.38245455325291904898177854166719E+00
0.27060865831036599733607538904936E+00 0.39215534442333552745004405721369E+00
0.27701436069872526133041731321203E+00 0.40184128391250908244088427307236E+00
0.28341783164763286547601778383978E+00 0.41151201109999724643905965891723E+00
0.28981913031008457916674046553004E+00 0.42116716573168703429383400868685E+00
0.29621833189043818628938629448270E+00 0.43080638798249375056060576871738E+00
0.30261552884123778975729854703994E+00 0.44042931852884493647941441117675E+00
0.30901083217343621602208322591052E+00 0.45003559863257248348257788383323E+00
0.31540437289320689733705171373704E+00 0.45962487023812557407372070919687E+00
0.32179630358035755759588783780201E+00 0.46919677608534743338192596185975E+00
0.32818680012547865610579582783864E+00 0.47875095984045807558311961146330E+00
0.33457606364543024423586812288048E+00 0.48828706624836634339458441471304E+00
0.34096432259965536085464333373518E+00 0.49780474131000124672999660870019E+00
0.34735183513319194996881492689421E+00 0.50730363248904426698074062320422E+00
0.35373889167623409967009555508143E+00 0.51678338895327016192733754151970E+00
0.36012581783478923394664147819439E+00 0.52624366185670837851842567804257E+00
0.36651297761254079618773997457569E+00 0.53568410467005341762879476987163E+00
0.37290077701063888610901148931351E+00 0.54510437356823516547570362990690E+00
0.37928966806003671768022939573250E+00 0.55450412788587503621851232555344E+00
0.38568015335045312192566435640420E+00 0.56388303065358004776659156506648E+00
0.39207279113143300306043800551675E+00 0.57324074923077231040049559598654E+00
0.39846820107475559532077267919606E+00 0.58257695605415530895530735431115E+00
0.40486707080418393650364681026248E+00 0.59189132952514862138803934258352E+00
0.41127016331899624107540776040215E+00 0.60118355506491962854652087889236E+00
0.41767832546285538288650390532461E+00 0.61045332637229479066497210185231E+00
0.42409249762058166042087711428340E+00 0.61970034692825111635857235560512E+00
0.43051372486392428342695251612930E+00 0.62892433180138890600266146367492E+00
0.43694316981560008815490523146399E+00 0.63812500982248472955411388501553E+00
0.44338212756149687834807939393125E+00 0.64730212621387692902331291063160E+00
0.44983204301785011018897062723662E+00 0.65645544578231558586625852659405E+00
0.45629453125833479830519059730170E+00 0.66558475681391343827695112777376E+00
0.46277140143281375926177123162295E+00 0.67468987584911805616613320444827E+00
0.46926468507310235064800280183200E+00 0.68377065356869231246263685812427E+00
0.47577666979926824716813237947786E+00 0.69282698209041075592242706980598E+00
0.48230993971844139591469208610026E+00 0.70185880407708295474249122066350E+00
0.48886742421366665940332399022327E+00 0.71086612417132967065894633928032E+00
0.49545245727158458022013658621837E+00 0.71984902350393353512966484012416E+00
0.50206885041778512941409866605598E+00 0.72880767812737402751292552991202E+00
0.50872098269710121020308202793938E+00 0.73774238305161610116922500213485E+00
0.51541391443737819548234609604221E+00 0.74665358268211678118581060221064E+00
0.52215352781999075152553555011889E+00 0.75554191353478124912490333544142E+00
0.52894671762569263425518817837523E+00 0.76440825315223703893866151175511E+00
0.53580160732638013610288800677849E+00 0.77325381110896121992267785784736E+00
0.54272793183666644301758753224524E+00 0.78208017794504671358662233755403E+00
0.54973725610371636477632651255543E+00 0.79088962945122350157074717270023E+00
0.55684417640130299219778782678643E+00 0.79968483611381349409132067941709E+00
0.56406524566662526066078936938454E+00 0.80847070248700246976434502086979E+00
0.57291502192086044482409451523049E+00 0.81900760842862796773893385848040E+00
0.58201364660876860633170881064666E+00 0.82955217063788507707201987000623E+00
0.59143318093522986731371024190430E+00 0.84012593118951908881688063971250E+00
0.60128035828383845241572772586775E+00 0.85076433861608621735193460957451E+00
0.61172614949944467048321522074626E+00 0.86152947430837778350848323006649E+00
0.62245963733030302239258743013616E+00 0.87196272410037797159381456354788E+00
0.63301525281781752117122229660007E+00 0.88153447119595615205179579771622E+00
0.64343070621834921748082709252555E+00 0.89022156302684434832134416826444E+00
0.65372331217505661248525810613171E+00 0.89803442089274501127744448612171E+00
