0.20514195172551188602992435651383E+00 0.44025388776369396318829600990792E+00
0.21503601461899802648840874272491E+00 0.43866255273107668928812756819308E+00
0.22435821897720801661548960175756E+00 0.43717556830969897050587298863486E+00
0.23306853797834388923153163514379E+00 0.43579489955634586166415267356259E+00
0.24113682095365557873010696319717E+00 0.43452400636836665018233567575978E+00
0.24853137883745727344623708175933E+00 0.43336623011511294054240921226739E+00
0.25525884697364423716692820993254E+00 0.43231880257324794427104614972240E+00
0.26145939679841060155095308018241E+00 0.43135842943883034544410505303755E+00
0.26725132196843561384871233757238E+00 0.43046570856683382957437811153432E+00
0.27271334880471191651808579056028E+00 0.42962770277854483466130668605093E+00
0.27790118720261311797550674543303E+00 0.42883524237011208834482573093504E+00
0.27271334880471191651808579056028E+00 0.42962770277854483466130668605093E+00
0.26725132196843561384871233757238E+00 0.43046570856683382957437811153432E+00
0.26145939679841060155095308018241E+00 0.43135842943883034544410505303755E+00
0.25525884697364423716692820993254E+00 0.43231880257324794427104614972240E+00
0.24853137883745727344623708175933E+00 0.43336623011511294054240921226739E+00
0.24113682095365557873010696319717E+00 0.43452400636836665018233567575978E+00
0.23306853797834388923153163514379E+00 0.43579489955634586166415267356259E+00
0.22435821897720801661548960175756E+00 0.43717556830969897050587298863486E+00
0.21503601461899802648840874272491E+00 0.43866255273107668928812756819308E+00
0.20514195172551188602992435651383E+00 0.44025388776369396318829600990792E+00
0.20028501314721820473467087708536E+00 0.45383432258576519528505039177339E+00
0.19638852264468450470114806701013E+00 0.46832255687903801610278646729621E+00
0.19296226054285951545192644572690E+00 0.48358457813297065026286564864572E+00
0.19007526885509196926067627015861E+00 0.49964614214498974932985172330377E+00
0.18769323274192367402127537232969E+00 0.51649567955034685781166851916506E+00
0.18585124497636673237145884514325E+00 0.53331921545413556849804345038970E+00
0.18449697594439173544014737115865E+00 0.54949670979487486293059125013509E+00
0.18351190556333326361889758759141E+00 0.56520992612143272505511598740081E+00
0.18281751096332898803033272210632E+00 0.58056932762590967174738721315931E+00
0.18236120771666227035658630039819E+00 0.59564751284740566635076139137368E+00
0.18213121154733119238288227454510E+00 0.60803449759009571286207849374029E+00
0.18202024643862845704978685816962E+00 0.62028274618828239607328623730330E+00
0.18201353859061941582947468102958E+00 0.63240894464360169038622423257195E+00
0.18209908403611418458676783854323E+00 0.64442633570083580636782141890039E+00
0.18226685552983046735852043253536E+00 0.65634558402566802262939820200163E+00
0.18250836541940383882672933004890E+00 0.66817538702593333264551732092968E+00
0.18281635186006314586370543927523E+00 0.67992291445740468493793663212490E+00
0.18318454421787198735470851123109E+00 0.69159413150147540408339803561700E+00
0.18360748371810716095613621099013E+00 0.70319404064771874602153576391294E+00
0.18408038397307293124845166460787E+00 0.71472686577762205757157481668976E+00
0.18459902095533502580452156568019E+00 0.72619619431399721284041625723929E+00
0.18515964510665875166572313662614E+00 0.73760508842598333258288709870760E+00
0.18575891034465870262740358690534E+00 0.74895617304997477385958201047034E+00
0.18639381614372540772946063069460E+00 0.76025170630140072317487661309233E+00
0.18706165985451177790306448724743E+00 0.77149363634500007536625613140473E+00
0.18775999712892820634691540986373E+00 0.78268364773356935441328780078079E+00
0.18848660882567885149810831337557E+00 0.79382319947128186478253830330631E+00
0.18923947314411294415864387327183E+00 0.80491355651258459624428010662920E+00
0.19001674201121788281070746965249E+00 0.81595581600835792428731116195253E+00
0.19081672095499200640286233418247E+00 0.82695092931495181378804253723432E+00
0.19163785185591331368506100694618E+00 0.83789972055972179189832247948258E+00
0.19247869808997647847937395467204E+00 0.84880290238855342516359306880327E+00
0.19333793167116333300040490957849E+00 0.85966108939225959579616932873002E+00
0.19421432207504991244616474121574E+00 0.87047480960952121339890128890370E+00
0.19510672648346301656220238597836E+00 0.88124451442684464463868685025477E+00
0.19601408123634498860481875387556E+00 0.89197058713547756451302844897253E+00
0.19693539431398367455463261354722E+00 0.90265335035742324626005327414064E+00
0.19786973870255773872824858189121E+00 0.91329307251467134541188297399753E+00
0.19881624652009234668201719697887E+00 0.92388997348533589531659301126556E+00
0.19977410379960108180024412780528E+00 0.93444422956588908081381974644261E+00
0.20074254584231892326227907115387E+00 0.94495597783883118192118031715784E+00
0.20172085306722316154756046132300E+00 0.95542532002897921781168121420591E+00
0.20270834729403969453531601735895E+00 0.96585232591832752698250944888891E+00
0.20370438840609100234483432075137E+00 0.97623703637855314787776499705394E+00
0.20470837134698728140716771322548E+00 0.98657946607124940579671482961168E+00
0.20571972341158253027209797554073E+00 0.99687960585850434579509450715974E+00
0.20673790179702626494679628107282E+00 0.10071374249602232022067210945367E+01
0.20776239138431457043670301627906E+00 0.10173528728893857180722385248936E+01
0.20879270272462674191976091797664E+00 0.10275258811920553030281374552124E+01
0.20982837020804232910250004695555E+00 0.10376563650152689004374542922284E+01
0.21086895039506054598018122078076E+00 0.10477442245228142555498989832167E+01
0.21191402049376717641267404112553E+00 0.10577893461762526839273057872694E+01
0.21296317696758030194430290534271E+00 0.10677916038962859541762398495996E+01
0.21401603426030446113369375188294E+00 0.10777508601176382886341877409858E+01
0.21507222362677911920879270936959E+00 0.10876669667489713337229863675308E+01
0.21613139205875662827652911782203E+00 0.10975397660479271324102215756946E+01
0.21719320129681985831860346859940E+00 0.11073690914201722024094706922890E+01
0.21825732692017313631183915446013E+00 0.11171547681502556544005342150858E+01
0.21932345750703293056808895662743E+00 0.11268966140711760447177446399906E+01
0.22039129385913306733479396993684E+00 0.11365944401787601218993791317154E+01
0.22146054828454204344437866475220E+00 0.11462480511962563186675116138814E+01
0.22253094393359976332496824738529E+00 0.11558572460939471643494709205559E+01
0.22360221418331503617142977217666E+00 0.11654218185680513772537410861658E+01
0.22467410206603335636921175165685E+00 0.11749415574827242575480562661170E+01
0.22574635973860794043502672059406E+00 0.11844162472785579480877406915779E+01
0.22681874798867263436499413750883E+00 0.11938456683506229806433225393942E+01
0.22789103577494851203050884529577E+00 0.12032295973987780769851029987698E+01
0.22896299979880779250695853510706E+00 0.12125678077526962039825101132842E+01
0.23003442410457864948780404490824E+00 0.12218600696738036300404908633579E+01
0.23110509970631241245014951370611E+00 0.12311061506361165919407295052478E+01
0.23217482423893919915722249035921E+00 0.12403058155877576244659481399583E+01
0.23324340163192828586879372338635E+00 0.12494588271947670150469218948329E+01
0.23431064180373685682025172467822E+00 0.12585649460686665239252218814101E+01
0.23537636037548213508477245135068E+00 0.12676239309790950137698370186671E+01
0.23644037840240752514708685177546E+00 0.12766355390527152898254930984394E+01
0.23750252212183698802484536702695E+00 0.12855995259594771360405080458820E+01
0.23856262271642209795506749180115E+00 0.12945156460872261372933802175082E+01
0.23962051609158537237388050562893E+00 0.13033836527055570322287260349630E+01
0.24067604266615786720660145924192E+00 0.13122032981197300720693824695645E+01
0.24172904717528483837671466577735E+00 0.13209743338154012774891552913140E+01
0.24277937848475499108188508952260E+00 0.13296965105948444610877061198855E+01
0.24382688941597027886951453059455E+00 0.13383695787052945576801648788219E+01
0.24487143658083918898414218492755E+00 0.13469932879599798441260412807435E+01
0.24591288022593043198136981618264E+00 0.13555673878523685760525708557944E+01
0.24695108408527479458488701680577E+00 0.13640916276641101628484194767195E+01
0.24798591524125186677300575884232E+00 0.13725657565671112514334656920252E+01
0.24901724399303781343543553208075E+00 0.13809895237201526165747273055092E+01
0.25004494373213165929621961473785E+00 0.13893626783604194965461516765194E+01
0.25106889082451254127057496146725E+00 0.13976849698902882379323914809519E+01
0.25208896449901292141261539655505E+00 0.14059561479596867912028344916904E+01
0.25310504674152294929584696020467E+00 0.14141759625443194217866901038481E+01
0.25411702219466782458838823074646E+00 0.14223441640200263230112101817407E+01
0.25512477806262755152894264237938E+00 0.14304605032335265003425897034325E+01
0.25612820402078910135676951048546E+00 0.14385247315697742398639403698878E+01
0.25712719212994347326556103774105E+00 0.14465366010161426923952331131841E+01
0.25812163675476156434268126923090E+00 0.14544958642236313882391485795055E+01
0.25911143448629659321465173669635E+00 0.14624022745652808133231105141564E+01
0.26009648406828408305203195589676E+00 0.14702555861919650184416851650893E+01
0.26107668632701826972399043842593E+00 0.14780555540857170596746841446801E+01
0.26205194410460560393823840904454E+00 0.14858019341107376492398582750409E+01
0.26302216219540369010763533992164E+00 0.14934944830622193922165433834239E+01
0.26398724728546878975241010262028E+00 0.15011329587131157698937602716177E+01
0.26494710789484674551334492619488E+00 0.15087171198589720804190151127030E+01
0.26590165432255111355902160751380E+00 0.15162467263609277465199388728206E+01
0.26685079859408359301926258213930E+00 0.15237215391869935920292147070488E+01
0.26779445441135991320772256615071E+00 0.15311413204516980884752790172338E+01
0.26873253710491352364018040559873E+00 0.15385058334541933822816668066946E+01
0.26966496358825626489085590591274E+00 0.15458148427149038361865672164008E+01
0.27059165231428438100777445643923E+00 0.15530681140107939558459771874045E+01
0.27151252323362273572884540416031E+00 0.15602654144093309835498113493908E+01
0.27242749775480766607659785590649E+00 0.15674065123012071455185512816415E+01
0.27333649870621587231670565164696E+00 0.15744911774318885860293075378676E+01
0.27423945029964910866987601030037E+00 0.15815191809320485300668012007765E+01
0.27513627809549353402803611330237E+00 0.15884902953469412625004315151422E+01
0.27602690896937370942325770897661E+00 0.15954042946647702994860612862178E+01
0.27691127108022863991348422671365E+00 0.16022609543440989549727491421044E+01
0.27778929383974010785220340561374E+00 0.16090600513403502795885812968142E+01
0.27866090788304630036940753512765E+00 0.16158013641314399767361184494412E+01
0.27952604504068056821680833190251E+00 0.16224846727425820212214908853588E+01
0.28038463831167545788939514774376E+00 0.16291097587703075938466533918182E+01
0.28123662183777692657523423485383E+00 0.16356764054057307352632659508948E+01
0.28208193087871687473898310065802E+00 0.16421843974570971468178214518094E+01
0.28292050178849388999380056465249E+00 0.16486335213716470002239668168951E+01
0.28375227199261564643549818878253E+00 0.16550235652568217111607152199148E+01
0.28457717996625869835809447186233E+00 0.16613543189008440843574707108402E+01
0.28539516521330365859983252703512E+00 0.16676255737926977396224992739174E+01
0.28620616824620573133729883433703E+00 0.16738371231415314972139706703073E+01
0.28701013056666334655188754411312E+00 0.16799887618955127841847571107414E+01
0.28780699464704891547535599214835E+00 0.16860802867601520417056879761605E+01
0.28859670391256765081085557981162E+00 0.16921114962161199984855085071986E+01
0.28937920272411257720474341882084E+00 0.16980821905365775164693626323988E+01
0.29015443636178522636082885781442E+00 0.17039921718040372047717434454281E+01
0.29092235100905283736327637694772E+00 0.17098412439267747099452538679854E+01
0.29168289373751414976852966631192E+00 0.17156292126548064716299418532284E+01
0.29243601249224889742051599058034E+00 0.17213558855954507273951053370324E+01
0.29318165607772448771772792550005E+00 0.17270210722284860276165593507878E+01
0.29391977414423737278598050230217E+00 0.17326245839209222936060267157967E+01
0.29465031717486618575836426098445E+00 0.17381662339413980296123072720851E+01
0.29537323647291524618939677496058E+00 0.17436458374742162891717795439008E+01
0.29608848414982809785752715096299E+00 0.17490632116330322791785674631091E+01
0.29679601311355152725794437993653E+00 0.17544181754742034028348373608542E+01
0.29749577705733189175171009037056E+00 0.17597105500098134147111553867109E+01
0.29818773044892593000103616322109E+00 0.17649401582203811689735395717958E+01
0.29887182852020889565076726304496E+00 0.17701068250672631492450293031423E+01
0.29954802725716509012757654602930E+00 0.17752103775047603471978404682341E+01
0.30021628339024399821930135319787E+00 0.17802506444919374751966383348842E+01
0.30087655438506914632756423554322E+00 0.17852274570041631543027779688618E+01
0.30152879843348414962862375007388E+00 0.17901406480443804002559815024436E+01
0.30217297444492411656833772121927E+00 0.17949900526541124681532020014353E+01
0.30280904203809877105438711935078E+00 0.17997755079242147082795883142873E+01
0.30343696153297545826347570371605E+00 0.18044968530053763371172251072552E+01
0.30405669394305099112473028535385E+00 0.18091539291183806389204175076700E+01
0.30466820096790043453599458928958E+00 0.18137465795641292607570341364439E+01
0.30527144498599305011450333631558E+00 0.18182746497334364072771923357740E+01
0.30586638904776482521379090937856E+00 0.18227379871165991508149575425320E+01
0.30645299686893819754504232853721E+00 0.18271364413127485558577663072072E+01
0.30703123282407972387719317698093E+00 0.18314698640389874713705633241588E+01
0.30760106194038683055401859853701E+00 0.18357381091393196687837137074888E+01
0.30816244989169529624448803236209E+00 0.18399410325933747224005854292455E+01
0.30871536299269918037382656363932E+00 0.18440784925249336666868550707469E+01
0.30925976819337586355833393861028E+00 0.18481503492102589382978299423532E+01
0.30979563307360849700057369047583E+00 0.18521564650862336877608768391294E+01
0.31032292583799874381288112535505E+00 0.18560967047583131388124149626838E+01
0.31084161531086339044010663092963E+00 0.18599709350082927234025682088096E+01
0.31135167093140801677139431986145E+00 0.18637790248018957158711942661185E+01
0.31185306274907164098997840568065E+00 0.18675208452961844346252124634660E+01
0.31234576141903632348993254336161E+00 0.18711962698467975910491164189876E+01
0.31282973819789605889645715416416E+00 0.18748051740150171752473129032495E+01
0.31330496493947970976320433738805E+00 0.18783474355746677528020981441359E+01
0.31377141409082218541631537308369E+00 0.18818229345188509605853805051839E+01
0.31422905868827953792212836166974E+00 0.18852315530665177056364033195753E+01
0.31467787235378268210278776691234E+00 0.18885731756688808231280753778518E+01
0.31511782929122523902065429629342E+00 0.18918476890156705376346109850243E+01
0.31554890428298133060519000568497E+00 0.18950549820412348775651516701889E+01
0.31597107268654869441474398275947E+00 0.18981949459304874871103621496256E+01
0.31638431043131335512290445011836E+00 0.19012674741247048675773407316653E+01
0.31678859401543193540099114827975E+00 0.19042724623271748803924401749040E+01
0.31718390050282773220798239771869E+00 0.19072098085086987752376200410277E+01
0.31757020752029708910938033137795E+00 0.19100794129129482190218737587538E+01
0.31794749325472269836838686132725E+00 0.19128811780616793155677503832233E+01
0.31831573645039045677569512338113E+00 0.19156150087598052038910773688074E+01
0.31867491640640672492677463154664E+00 0.19182808121003288378697981541513E+01
0.31902501297421300689343026266908E+00 0.19208784974691374505965182208643E+01
0.31936600655519535323052224708940E+00 0.19234079765496600810474508514281E+01
0.31969787809838533646073049436423E+00 0.19258691633273899103601927013348E+01
0.32002060909825027923347651348278E+00 0.19282619740942721148279197362215E+01
0.32033418159257013212490224312316E+00 0.19305863274529590865904863700497E+01
0.32063857816039848414864748147434E+00 0.19328421443209338810887515392982E+01
0.32093378192010551713266212396253E+00 0.19350293479345031157746429638830E+01
0.32121977652750059311393159925105E+00 0.19371478638526605146562741812599E+01
0.32149654617403241210579213849952E+00 0.19391976199608219541356607803563E+01
0.32176407558506475590266816350826E+00 0.19411785464744331679136680175222E+01
0.32202235001822572190447476179980E+00 0.19430905759424509901392362611957E+01
0.32227135526182890144190508216928E+00 0.19449336432506989304981112574190E+01
0.32251107763336442483338933425264E+00 0.19467076856250982109516578562118E+01
0.32274150397805841230147951040749E+00 0.19484126426347747142837010384853E+01
0.32296262166749923048244857145026E+00 0.19500484561950428909306416061163E+01
0.32317441859832888667216799791884E+00 0.19516150705702672766614573943512E+01
0.32337688319099831732913172252652E+00 0.19531124323766021825221100703339E+01
0.32357000438858515467603513586689E+00 0.19545404905846104314529296404984E+01
0.32375377165567235859469654311001E+00 0.19558991965217615900229925062134E+01
0.32392817497728776673310916366969E+00 0.19571885038748102577769988810522E+01
0.32409320485789949758131584842774E+00 0.19584083686920553928119323639733E+01
0.32424885232047768038008763953051E+00 0.19595587493854796880606297943469E+01
0.32439510890558784761527226546683E+00 0.19606396067327740118928704825822E+01
0.32453196667061259279636244172239E+00 0.19616509038792341393579485306004E+01
0.32465941818881915390353722339466E+00 0.19625926063395683228569252129198E+01
0.32477745654908265182764212205569E+00 0.19634646819995064021486552980179E+01
0.32488607535394257320119186626355E+00 0.19642671011175249828928317161914E+01
0.32498526872262129967119957913429E+00 0.19649998363257917336555384267972E+01
0.32504615860689425213241383717232E+00 0.19654496007421158402632264381262E+01
0.32510285554686299706206272802477E+00 0.19658683765570662433558499665857E+01
0.32515535817928890388565032977132E+00 0.19662561574219428423472155668120E+01
0.32520366524233399372315171291866E+00 0.19666129374577496032847764851888E+01
0.32524777557528538197744898562971E+00 0.19669387112553503597946998047800E+01
0.32528978886280425379593796844664E+00 0.19672489880897721054348051739961E+01
0.32533180551259708563647409538518E+00 0.19675592806076063595157062206833E+01
0.32537382552442791455031089694443E+00 0.19678695888095161165487138857074E+01
0.32541584889784836738750625643072E+00 0.19681799126961930698918643081483E+01
0.32545787563307338261309757036641E+00 0.19684902522682390257055796989875E+01
0.32541584889784836738750625643072E+00 0.19681799126961930698918643081483E+01
0.32537382552442791455031089694443E+00 0.19678695888095161165487138857074E+01
0.32533180551259708563647409538518E+00 0.19675592806076063595157062206833E+01
0.32528978886280425379593796844664E+00 0.19672489880897721054348051739961E+01
0.32524777557528538197744898562971E+00 0.19669387112553503597946998047800E+01
0.32520366524233399372315171291866E+00 0.19666129374577496032847764851888E+01
0.32515535817928890388565032977132E+00 0.19662561574219428423472155668120E+01
0.32510285554686299706206272802477E+00 0.19658683765570662433558499665857E+01
0.32504615860689425213241383717232E+00 0.19654496007421158402632264381262E+01
0.32498526872262129967119957913429E+00 0.19649998363257917336555384267972E+01
0.32488607535394257320119186626355E+00 0.19642671011175249828928317161914E+01
0.32477745654908265182764212205569E+00 0.19634646819995064021486552980179E+01
0.32465941818881915390353722339466E+00 0.19625926063395683228569252129198E+01
0.32453196667061259279636244172239E+00 0.19616509038792341393579485306004E+01
0.32439510890558784761527226546683E+00 0.19606396067327740118928704825822E+01
0.32424885232047768038008763953051E+00 0.19595587493854796880606297943469E+01
0.32409320485789949758131584842774E+00 0.19584083686920553928119323639733E+01
0.32392817497728776673310916366969E+00 0.19571885038748102577769988810522E+01
0.32375377165567235859469654311001E+00 0.19558991965217615900229925062134E+01
0.32357000438858515467603513586689E+00 0.19545404905846104314529296404984E+01
0.32337688319099831732913172252652E+00 0.19531124323766021825221100703339E+01
0.32317441859832888667216799791884E+00 0.19516150705702672766614573943512E+01
0.32296262166749923048244857145026E+00 0.19500484561950428909306416061163E+01
0.32274150397805841230147951040749E+00 0.19484126426347747142837010384853E+01
0.32251107763336442483338933425264E+00 0.19467076856250982109516578562118E+01
0.32227135526182890144190508216928E+00 0.19449336432506989304981112574190E+01
0.32202235001822572190447476179980E+00 0.19430905759424509901392362611957E+01
0.32176407558506475590266816350826E+00 0.19411785464744331679136680175222E+01
0.32149654617403241210579213849952E+00 0.19391976199608219541356607803563E+01
0.32121977652750059311393159925105E+00 0.19371478638526605146562741812599E+01
0.32093378192010551713266212396253E+00 0.19350293479345031157746429638830E+01
0.32063857816039848414864748147434E+00 0.19328421443209338810887515392982E+01
0.32033418159257013212490224312316E+00 0.19305863274529590865904863700497E+01
0.32002060909825027923347651348278E+00 0.19282619740942721148279197362215E+01
0.31969787809838533646073049436423E+00 0.19258691633273899103601927013348E+01
0.31936600655519535323052224708940E+00 0.19234079765496600810474508514281E+01
0.31902501297421300689343026266908E+00 0.19208784974691374505965182208643E+01
0.31867491640640672492677463154664E+00 0.19182808121003288378697981541513E+01
0.31831573645039045677569512338113E+00 0.19156150087598052038910773688074E+01
0.31794749325472269836838686132725E+00 0.19128811780616793155677503832233E+01
0.31757020752029708910938033137795E+00 0.19100794129129482190218737587538E+01
0.31718390050282773220798239771869E+00 0.19072098085086987752376200410277E+01
0.31678859401543193540099114827975E+00 0.19042724623271748803924401749040E+01
0.31638431043131335512290445011836E+00 0.19012674741247048675773407316653E+01
0.31597107268654869441474398275947E+00 0.18981949459304874871103621496256E+01
0.31554890428298133060519000568497E+00 0.18950549820412348775651516701889E+01
0.31511782929122523902065429629342E+00 0.18918476890156705376346109850243E+01
0.31467787235378268210278776691234E+00 0.18885731756688808231280753778518E+01
0.31422905868827953792212836166974E+00 0.18852315530665177056364033195753E+01
0.31377141409082218541631537308369E+00 0.18818229345188509605853805051839E+01
0.31330496493947970976320433738805E+00 0.18783474355746677528020981441359E+01
0.31282973819789605889645715416416E+00 0.18748051740150171752473129032495E+01
0.31234576141903632348993254336161E+00 0.18711962698467975910491164189876E+01
0.31185306274907164098997840568065E+00 0.18675208452961844346252124634660E+01
0.31135167093140801677139431986145E+00 0.18637790248018957158711942661185E+01
0.31084161531086339044010663092963E+00 0.18599709350082927234025682088096E+01
0.31032292583799874381288112535505E+00 0.18560967047583131388124149626838E+01
0.30979563307360849700057369047583E+00 0.18521564650862336877608768391294E+01
0.30925976819337586355833393861028E+00 0.18481503492102589382978299423532E+01
0.30871536299269918037382656363932E+00 0.18440784925249336666868550707469E+01
0.30816244989169529624448803236209E+00 0.18399410325933747224005854292455E+01
0.30760106194038683055401859853701E+00 0.18357381091393196687837137074888E+01
0.30703123282407972387719317698093E+00 0.18314698640389874713705633241588E+01
0.30645299686893819754504232853721E+00 0.18271364413127485558577663072072E+01
0.30586638904776482521379090937856E+00 0.18227379871165991508149575425320E+01
0.30527144498599305011450333631558E+00 0.18182746497334364072771923357740E+01
0.30466820096790043453599458928958E+00 0.18137465795641292607570341364439E+01
0.30405669394305099112473028535385E+00 0.18091539291183806389204175076700E+01
0.30343696153297545826347570371605E+00 0.18044968530053763371172251072552E+01
0.30280904203809877105438711935078E+00 0.17997755079242147082795883142873E+01
0.30217297444492411656833772121927E+00 0.17949900526541124681532020014353E+01
0.30152879843348414962862375007388E+00 0.17901406480443804002559815024436E+01
0.30087655438506914632756423554322E+00 0.17852274570041631543027779688618E+01
0.30021628339024399821930135319787E+00 0.17802506444919374751966383348842E+01
0.29954802725716509012757654602930E+00 0.17752103775047603471978404682341E+01
0.29887182852020889565076726304496E+00 0.17701068250672631492450293031423E+01
0.29818773044892593000103616322109E+00 0.17649401582203811689735395717958E+01
0.29749577705733189175171009037056E+00 0.17597105500098134147111553867109E+01
0.29679601311355152725794437993653E+00 0.17544181754742034028348373608542E+01
0.29608848414982809785752715096299E+00 0.17490632116330322791785674631091E+01
0.29537323647291524618939677496058E+00 0.17436458374742162891717795439008E+01
0.29465031717486618575836426098445E+00 0.17381662339413980296123072720851E+01
0.29391977414423737278598050230217E+00 0.17326245839209222936060267157967E+01
0.29318165607772448771772792550005E+00 0.17270210722284860276165593507878E+01
0.29243601249224889742051599058034E+00 0.17213558855954507273951053370324E+01
0.29168289373751414976852966631192E+00 0.17156292126548064716299418532284E+01
0.29092235100905283736327637694772E+00 0.17098412439267747099452538679854E+01
0.29015443636178522636082885781442E+00 0.17039921718040372047717434454281E+01
0.28937920272411257720474341882084E+00 0.16980821905365775164693626323988E+01
0.28859670391256765081085557981162E+00 0.16921114962161199984855085071986E+01
0.28780699464704891547535599214835E+00 0.16860802867601520417056879761605E+01
0.28701013056666334655188754411312E+00 0.16799887618955127841847571107414E+01
0.28620616824620573133729883433703E+00 0.16738371231415314972139706703073E+01
0.28539516521330365859983252703512E+00 0.16676255737926977396224992739174E+01
0.28457717996625869835809447186233E+00 0.16613543189008440843574707108402E+01
0.28375227199261564643549818878253E+00 0.16550235652568217111607152199148E+01
0.28292050178849388999380056465249E+00 0.16486335213716470002239668168951E+01
0.28208193087871687473898310065802E+00 0.16421843974570971468178214518094E+01
0.28123662183777692657523423485383E+00 0.16356764054057307352632659508948E+01
0.28038463831167545788939514774376E+00 0.16291097587703075938466533918182E+01
0.27952604504068056821680833190251E+00 0.16224846727425820212214908853588E+01
0.27866090788304630036940753512765E+00 0.16158013641314399767361184494412E+01
0.27778929383974010785220340561374E+00 0.16090600513403502795885812968142E+01
0.27691127108022863991348422671365E+00 0.16022609543440989549727491421044E+01
0.27602690896937370942325770897661E+00 0.15954042946647702994860612862178E+01
0.27513627809549353402803611330237E+00 0.15884902953469412625004315151422E+01
0.27423945029964910866987601030037E+00 0.15815191809320485300668012007765E+01
0.27333649870621587231670565164696E+00 0.15744911774318885860293075378676E+01
0.27242749775480766607659785590649E+00 0.15674065123012071455185512816415E+01
0.27151252323362273572884540416031E+00 0.15602654144093309835498113493908E+01
0.27059165231428438100777445643923E+00 0.15530681140107939558459771874045E+01
0.26966496358825626489085590591274E+00 0.15458148427149038361865672164008E+01
0.26873253710491352364018040559873E+00 0.15385058334541933822816668066946E+01
0.26779445441135991320772256615071E+00 0.15311413204516980884752790172338E+01
0.26685079859408359301926258213930E+00 0.15237215391869935920292147070488E+01
0.26590165432255111355902160751380E+00 0.15162467263609277465199388728206E+01
0.26494710789484674551334492619488E+00 0.15087171198589720804190151127030E+01
0.26398724728546878975241010262028E+00 0.15011329587131157698937602716177E+01
0.26302216219540369010763533992164E+00 0.14934944830622193922165433834239E+01
0.26205194410460560393823840904454E+00 0.14858019341107376492398582750409E+01
0.26107668632701826972399043842593E+00 0.14780555540857170596746841446801E+01
0.26009648406828408305203195589676E+00 0.14702555861919650184416851650893E+01
0.25911143448629659321465173669635E+00 0.14624022745652808133231105141564E+01
0.25812163675476156434268126923090E+00 0.14544958642236313882391485795055E+01
0.25712719212994347326556103774105E+00 0.14465366010161426923952331131841E+01
0.25612820402078910135676951048546E+00 0.14385247315697742398639403698878E+01
0.25512477806262755152894264237938E+00 0.14304605032335265003425897034325E+01
0.25411702219466782458838823074646E+00 0.14223441640200263230112101817407E+01
0.25310504674152294929584696020467E+00 0.14141759625443194217866901038481E+01
0.25208896449901292141261539655505E+00 0.14059561479596867912028344916904E+01
0.25106889082451254127057496146725E+00 0.13976849698902882379323914809519E+01
0.25004494373213165929621961473785E+00 0.13893626783604194965461516765194E+01
0.24901724399303781343543553208075E+00 0.13809895237201526165747273055092E+01
0.24798591524125186677300575884232E+00 0.13725657565671112514334656920252E+01
0.24695108408527479458488701680577E+00 0.13640916276641101628484194767195E+01
0.24591288022593043198136981618264E+00 0.13555673878523685760525708557944E+01
0.24487143658083918898414218492755E+00 0.13469932879599798441260412807435E+01
0.24382688941597027886951453059455E+00 0.13383695787052945576801648788219E+01
0.24277937848475499108188508952260E+00 0.13296965105948444610877061198855E+01
0.24172904717528483837671466577735E+00 0.13209743338154012774891552913140E+01
0.24067604266615786720660145924192E+00 0.13122032981197300720693824695645E+01
0.23962051609158537237388050562893E+00 0.13033836527055570322287260349630E+01
0.23856262271642209795506749180115E+00 0.12945156460872261372933802175082E+01
0.23750252212183698802484536702695E+00 0.12855995259594771360405080458820E+01
0.23644037840240752514708685177546E+00 0.12766355390527152898254930984394E+01
0.23537636037548213508477245135068E+00 0.12676239309790950137698370186671E+01
0.23431064180373685682025172467822E+00 0.12585649460686665239252218814101E+01
0.23324340163192828586879372338635E+00 0.12494588271947670150469218948329E+01
0.23217482423893919915722249035921E+00 0.12403058155877576244659481399583E+01
0.23110509970631241245014951370611E+00 0.12311061506361165919407295052478E+01
0.23003442410457864948780404490824E+00 0.12218600696738036300404908633579E+01
0.22896299979880779250695853510706E+00 0.12125678077526962039825101132842E+01
0.22789103577494851203050884529577E+00 0.12032295973987780769851029987698E+01
0.22681874798867263436499413750883E+00 0.11938456683506229806433225393942E+01
0.22574635973860794043502672059406E+00 0.11844162472785579480877406915779E+01
0.22467410206603335636921175165685E+00 0.11749415574827242575480562661170E+01
0.22360221418331503617142977217666E+00 0.11654218185680513772537410861658E+01
0.22253094393359976332496824738529E+00 0.11558572460939471643494709205559E+01
0.22146054828454204344437866475220E+00 0.11462480511962563186675116138814E+01
0.22039129385913306733479396993684E+00 0.11365944401787601218993791317154E+01
0.21932345750703293056808895662743E+00 0.11268966140711760447177446399906E+01
0.21825732692017313631183915446013E+00 0.11171547681502556544005342150858E+01
0.21719320129681985831860346859940E+00 0.11073690914201722024094706922890E+01
0.21613139205875662827652911782203E+00 0.10975397660479271324102215756946E+01
0.21507222362677911920879270936959E+00 0.10876669667489713337229863675308E+01
0.21401603426030446113369375188294E+00 0.10777508601176382886341877409858E+01
0.21296317696758030194430290534271E+00 0.10677916038962859541762398495996E+01
0.21191402049376717641267404112553E+00 0.10577893461762526839273057872694E+01
0.21086895039506054598018122078076E+00 0.10477442245228142555498989832167E+01
0.20982837020804232910250004695555E+00 0.10376563650152689004374542922284E+01
0.20879270272462674191976091797664E+00 0.10275258811920553030281374552124E+01
0.20776239138431457043670301627906E+00 0.10173528728893857180722385248936E+01
0.20673790179702626494679628107282E+00 0.10071374249602232022067210945367E+01
0.20571972341158253027209797554073E+00 0.99687960585850434579509450715974E+00
0.20470837134698728140716771322548E+00 0.98657946607124940579671482961168E+00
0.20370438840609100234483432075137E+00 0.97623703637855314787776499705394E+00
0.20270834729403969453531601735895E+00 0.96585232591832752698250944888891E+00
0.20172085306722316154756046132300E+00 0.95542532002897921781168121420591E+00
0.20074254584231892326227907115387E+00 0.94495597783883118192118031715784E+00
0.19977410379960108180024412780528E+00 0.93444422956588908081381974644261E+00
0.19881624652009234668201719697887E+00 0.92388997348533589531659301126556E+00
0.19786973870255773872824858189121E+00 0.91329307251467134541188297399753E+00
0.19693539431398367455463261354722E+00 0.90265335035742324626005327414064E+00
0.19601408123634498860481875387556E+00 0.89197058713547756451302844897253E+00
0.19510672648346301656220238597836E+00 0.88124451442684464463868685025477E+00
0.19421432207504991244616474121574E+00 0.87047480960952121339890128890370E+00
0.19333793167116333300040490957849E+00 0.85966108939225959579616932873002E+00
0.19247869808997647847937395467204E+00 0.84880290238855342516359306880327E+00
0.19163785185591331368506100694618E+00 0.83789972055972179189832247948258E+00
0.19081672095499200640286233418247E+00 0.82695092931495181378804253723432E+00
0.19001674201121788281070746965249E+00 0.81595581600835792428731116195253E+00
0.18923947314411294415864387327183E+00 0.80491355651258459624428010662920E+00
0.18848660882567885149810831337557E+00 0.79382319947128186478253830330631E+00
0.18775999712892820634691540986373E+00 0.78268364773356935441328780078079E+00
0.18706165985451177790306448724743E+00 0.77149363634500007536625613140473E+00
0.18639381614372540772946063069460E+00 0.76025170630140072317487661309233E+00
0.18575891034465870262740358690534E+00 0.74895617304997477385958201047034E+00
0.18515964510665875166572313662614E+00 0.73760508842598333258288709870760E+00
0.18459902095533502580452156568019E+00 0.72619619431399721284041625723929E+00
0.18408038397307293124845166460787E+00 0.71472686577762205757157481668976E+00
0.18360748371810716095613621099013E+00 0.70319404064771874602153576391294E+00
0.18318454421787198735470851123109E+00 0.69159413150147540408339803561700E+00
0.18281635186006314586370543927523E+00 0.67992291445740468493793663212490E+00
0.18250836541940383882672933004890E+00 0.66817538702593333264551732092968E+00
0.18226685552983046735852043253536E+00 0.65634558402566802262939820200163E+00
0.18209908403611418458676783854323E+00 0.64442633570083580636782141890039E+00
0.18201353859061941582947468102958E+00 0.63240894464360169038622423257195E+00
0.18202024643862845704978685816962E+00 0.62028274618828239607328623730330E+00
0.18213121154733119238288227454510E+00 0.60803449759009571286207849374029E+00
0.18236120771666227035658630039819E+00 0.59564751284740566635076139137368E+00
0.18281751096332898803033272210632E+00 0.58056932762590967174738721315931E+00
0.18351190556333326361889758759141E+00 0.56520992612143272505511598740081E+00
0.18449697594439173544014737115865E+00 0.54949670979487486293059125013509E+00
0.18585124497636673237145884514325E+00 0.53331921545413556849804345038970E+00
0.18769323274192367402127537232969E+00 0.51649567955034685781166851916506E+00
0.19007526885509196926067627015861E+00 0.49964614214498974932985172330377E+00
0.19296226054285951545192644572690E+00 0.48358457813297065026286564864572E+00
0.19638852264468450470114806701013E+00 0.46832255687903801610278646729621E+00
0.20028501314721820473467087708536E+00 0.45383432258576519528505039177339E+00
0.20514195172551188602992435651383E+00 0.44025388776369396318829600990792E+00
0.19633377045399507940798931742037E+00 0.42880867866339979457031405417437E+00
0.18789875788185750654900586915270E+00 0.41631963503446872707033599451301E+00
0.17970108114577803329725303107205E+00 0.40284727346733896834413697133996E+00
0.17172709753806546260275558768413E+00 0.38838405434819129991882945953121E+00
0.16392850156051051293544158576818E+00 0.37295159027833790697918975409599E+00
0.15661299617117898439114994846794E+00 0.35731066947593293668375017925673E+00
0.14993990239268885523910926660290E+00 0.34207794796951800187680999206728E+00
0.14374032197746876772974176455552E+00 0.32711996355471985320197225098257E+00
0.13790733749514199069720345308295E+00 0.31235702523587029531244821100469E+00
0.13236771450564799399012539969812E+00 0.29773795113826623607416525594594E+00
0.12793842579682561656124424423358E+00 0.28563937578595309252736617051312E+00
0.12365202363871110433363077834837E+00 0.27360218831553811363064246463700E+00
0.11949150395942604166274860581422E+00 0.26161468979274830288839254219988E+00
0.11544130061905846019112552378708E+00 0.24966836098001758908598134188767E+00
0.11148909246902922981083369866689E+00 0.23775627983399389676415754468242E+00
0.10762437604175639543781359708748E+00 0.22587297189186834885907484752529E+00
0.10383832219519904227883682118529E+00 0.21401399626095069404645368032637E+00
0.10012336768135965467745313361542E+00 0.20217574441229470650990016445827E+00
0.96473004397178524652524453544219E-01 0.19035525818134558159043580996789E+00
0.92881583217927134897748468548434E-01 0.17855010304446616652690822769307E+00
0.89344171270478845203296027146904E-01 0.16675826758837944383497750701549E+00
0.85856434995355236902509044437715E-01 0.15497808662286712608693251823961E+00
0.82414547501689650012439091734335E-01 0.14320818043440326305553048642595E+00
0.79015113047933041683988155162735E-01 0.13144740669249984337464596085686E+00
0.75655105376089649748569537927379E-01 0.11969482186675486664803146586042E+00
0.72331816779789120238015291395121E-01 0.10794965004297466446234123418960E+00
0.69042815763918082777943280156728E-01 0.96211257499024046045851891585115E-01
0.65785911579595726043771685509857E-01 0.84479131825520147402532466769809E-01
0.62559124329120906025235681466279E-01 0.72752864658158694444024072406979E-01
0.59360659611482619404170162160871E-01 0.61032137305390376363719406777265E-01
0.56188886898435433499653974094954E-01 0.49316708714035467750398349765885E-01
0.53042320995448319375890980327212E-01 0.37606405336169190976109506082149E-01
0.49919606069819904718289178875544E-01 0.25901112552188232735196587398502E-01
0.46819501827528832681764671025056E-01 0.14200767375398581694581579510827E-01
0.43740871498450215852153383262958E-01 0.25053522179670871160699076242938E-02
0.40682671351280418369609336713478E-01 -0.91851104593789731447627682376507E-02
0.37643941508687788388410194356682E-01 -0.20870562758078003636496833096405E-01
0.34623797872649876003168060790774E-01 -0.32550915330592527969624133520261E-01
0.31621425001767847899270681203027E-01 -0.44226050844019590205637595199152E-01
0.28636069808200943177226401532758E-01 -0.55895826998172288269675683494707E-01
0.25667035962963842065141802247145E-01 -0.67560079164227797610413671871127E-01
0.22713678915658372242128445892473E-01 -0.79218622698994398179171159821564E-01
0.19775401448999186305917040642849E-01 -0.90871254980852360814829872528793E-01
0.16851649700343678333073941321459E-01 -0.10251775720605782027634865855476E+00
0.13941909592300132247292397414982E-01 -0.11415789597803914779643816731651E+00
0.11045703622738133607003769738385E-01 -0.12579142471730950046303425386568E+00
0.81625879714551371908937817014236E-02 -0.13741808491546369833096509635847E+00
0.52921498865916759811764191269170E-02 -0.14903760725326925165910634613898E+00
0.24340053188317899738224263081105E-02 -0.16064971259996440510271979313514E+00
-0.41220322437880744109765118854217E-03 -0.17225411290844919276193018112178E+00
-0.32468086287883303512659953618240E-02 -0.18385051201900654780723812472861E+00
-0.60701209485995852934925617985555E-02 -0.19543860638246304150063887411430E+00
-0.88824290255494126405790977017230E-02 -0.20701808571223001365112261569968E+00
-0.11684001968060563465514490554029E-01 -0.21858863357341838601010791528621E+00
-0.14475090504776610975258057559525E-01 -0.23014992791615809770205132662577E+00
-0.17255928225107199094020450519939E-01 -0.24170164155933774382743271398868E+00
-0.20026732717948998218511053991214E-01 -0.25324344263020299744711532216523E+00
-0.22787706618480783502187097385692E-01 -0.26477499496457702678375584817241E+00
-0.25539038571821908820840290965885E-01 -0.27629595847188655721721057659159E+00
-0.28280904121377580572358407514524E-01 -0.28780598946867696650234604579506E+00
-0.31013466528846791233149748844670E-01 -0.29930474098386292241423535816548E+00
-0.33736877532124844722225799233655E-01 -0.31079186303858542763226587542428E+00
-0.36451278046678620271759633911626E-01 -0.32226700290321609752920553585596E+00
-0.39156798815395849114685962139842E-01 -0.33372980533376163423007564047163E+00
-0.41853561011399547962785046715863E-01 -0.34517991278967404279176760234212E+00
-0.44541676797870116607561270881162E-01 -0.35661696563484689498466510237102E+00
-0.47221249848514467796793013476457E-01 -0.36804060232338943919574146325060E+00
-0.49892375831969289882200372288128E-01 -0.37945045957159839218690164247997E+00
-0.52555142863108414473522608626931E-01 -0.39084617251739795437306918517439E+00
-0.55209631923942503954009198512045E-01 -0.40222737486838623275669377344974E+00
-0.57855917256547748595176615412251E-01 -0.41359369903950957447626538445217E+00
-0.60494066730235441734412309782139E-01 -0.42494477628128348707808117804786E+00
-0.63124142184973274525174520104479E-01 -0.43628023679938518673601454187880E+00
-0.65746199752887083768497005441615E-01 -0.44759970986636298667939097738722E+00
-0.68360290159510912459418044666419E-01 -0.45890282392613433576265724849547E+00
-0.70966459006306395506380576293375E-01 -0.47018920669187881087420706065490E+00
-0.73564747035840237901843224511751E-01 -0.48145848523787587396451175573329E+00
-0.76155190380891285732825976663942E-01 -0.49271028608578485331406508648591E+00
-0.78737820798650072660249693294037E-01 -0.50394423528581714264239601395748E+00
-0.81312665891076724095862888726070E-01 -0.51515995849321187150528257906004E+00
-0.83879749312396437831807985812879E-01 -0.52635708104038602358811876573617E+00
-0.86439090964630445045754482398921E-01 -0.53753522800509814265599998342912E+00
-0.88990707181988866284156978474624E-01 -0.54869402427493450099219904343809E+00
-0.91534610904885823049601651830430E-01 -0.55983309460839926539198714346988E+00
-0.94070811844277961888879476560777E-01 -0.57095206369286498751097732191471E+00
-0.96599316636971459944115771332894E-01 -0.58205055619961888775338339692408E+00
-0.99120128992494573661125051219784E-01 -0.59312819683621888697350148985311E+00
-0.10163324983208582531286566222409E+00 -0.60418461039635767952915343430336E+00
-0.10413867742030854159089996547286E+00 -0.61521942180741247918282877060861E+00
-0.10663640748976133134392203242335E+00 -0.62623225617584830917532056641835E+00
-0.10912643335932267313690890700441E+00 -0.63722273883062473302442376552631E+00
-0.11160874604633332653664067975308E+00 -0.64819049536474667660911020595178E+00
-0.11408333437309284400230919447740E+00 -0.65913515167508678440915860801349E+00
-0.11655018506801853375161485608500E+00 -0.67005633400059753435641055075624E+00
-0.11900928286179008271809977965345E+00 -0.68095366895902247273468140515215E+00
-0.12146061057878287094395879264925E+00 -0.69182678358220545509150414319855E+00
-0.12390414922406848117883405758368E+00 -0.70267530535009222221988896706955E+00
-0.12633987806624495604915161718307E+00 -0.71349886222350795026221658650449E+00
-0.12876777471633919446878530733454E+00 -0.72429708267578992962929095852617E+00
-0.13118781520300814762188956857420E+00 -0.73506959572335077973051199536914E+00
-0.13359997404425286127462261695277E+00 -0.74581603095523465306285181531016E+00
-0.13600422431583903011200797785117E+00 -0.75653601856173519863002025340371E+00
-0.13840053771661366147260218172139E+00 -0.76722918936212735081894887510831E+00
-0.14078888463088650781606851205315E+00 -0.77789517483157092818499341365115E+00
-0.14316923418804048062937797442655E+00 -0.78853360712723338695112760486613E+00
-0.14554155431952182820938902849399E+00 -0.79914411911367892128544575758085E+00
-0.14790581181335076902423252767119E+00 -0.80972634438756694737260603367241E+00
-0.15026197236628777554646059445397E+00 -0.82027991730169948539848897333728E+00
-0.15261000063377767782051722292775E+00 -0.83080447298845447106610969590035E+00
-0.15494986027779025642744901481396E+00 -0.84129964738264049864157177401594E+00
-0.15728151401266661869932677015602E+00 -0.85176507724380374924456702449063E+00
-0.15960492364907473299659418648932E+00 -0.86220040017801846185631212631457E+00
-0.16192005013617086988561554347358E+00 -0.87260525465918765819694754319075E+00
-0.16422685360205805684578454719401E+00 -0.88297928004988114687910992148175E+00
-0.16652529339262834756197293223154E+00 -0.89332211662173454819762790963122E+00
-0.16881532810886866356455466245011E+00 -0.90363340557543206851337290955435E+00
-0.17109691564270659832266231066663E+00 -0.91391278906029443426701047815530E+00
-0.17337001321146862710993686813360E+00 -0.92415991019349173786020729992952E+00
-0.17563457739101728123638468842670E+00 -0.93437441307889909470095699140954E+00
-0.17789056414763215919278344850276E+00 -0.94455594282561377147309734489436E+00
-0.18013792886869393991859221147731E+00 -0.95470414556614823023577655660877E+00
-0.18237662639222961183904525449044E+00 -0.96481866847431567535134613466496E+00
-0.18460661103537124381960047509599E+00 -0.97489915978282175332030012651299E+00
-0.18682783662177973417288012499572E+00 -0.98494526880057500847846285094175E+00
-0.18904025650808214319011490899755E+00 -0.99495664592973030095408107384238E+00
-0.19124382360936641461726480792590E+00 -0.10049329426824745552348336561416E+01
-0.19343849042377799301862922586145E+00 -0.10148738116975678080657718218868E+01
-0.19562420905625845112547917771837E+00 -0.10247789067566490007519000112727E+01
-0.19780093124146433988863071491227E+00 -0.10346478828003149919670555472658E+01
-0.19996860836590293438692551576814E+00 -0.10444803959439849313496214949573E+01
-0.20212719148932017153045214609199E+00 -0.10542761034935543662779989732140E+01
-0.20427663136537188515778905023643E+00 -0.10640346639608507388123868304099E+01
-0.20641687846161165273564334186430E+00 -0.10737557370788959949564557809047E+01
-0.20854788297882274138258638521009E+00 -0.10834389838169822848007148728592E+01
-0.21066959486972382542848689153868E+00 -0.10930840663955706262793206540138E+01
-0.21278196385707371801068685989744E+00 -0.11026906483010150473793092809351E+01
-0.21488493945120093477528056768386E+00 -0.11122583943001205688969697433303E+01
-0.21697847096698287283441547263326E+00 -0.11217869704545399176686754940997E+01
-0.21906250754029642224275345053312E+00 -0.11312760441350128514184833931012E+01
-0.22113699814396142075922177391463E+00 -0.11407252840354557429953357477271E+01
-0.22320189160319944851795620601943E+00 -0.11501343601869023182111498349431E+01
-0.22525713661062530049434281071192E+00 -0.11595029439713033873534698092180E+01
-0.22730268174079150316547522080828E+00 -0.11688307081351875176120650017864E+01
-0.22933847546430322949255915979445E+00 -0.11781173268031866020268216486478E+01
-0.23136446616152023381818776774834E+00 -0.11873624754914311053770642442591E+01
-0.23338060213586232455250701259649E+00 -0.11965658311208169460393386265079E+01
-0.23538683162673386845899625853929E+00 -0.12057270720301480319255980609875E+01
-0.23738310282208182184646856509913E+00 -0.12148458779891575496434369982202E+01
-0.23936936387060102062250780056180E+00 -0.12239219302114099368383638867116E+01
-0.24134556289360107485426736999662E+00 -0.12329549113670873862796899170689E+01
-0.24331164799654651053336987352130E+00 -0.12419445055956624261496397430909E+01
-0.24526756728028279280800946141796E+00 -0.12508903985184593556775789827337E+01
-0.24721326885196013900320000822344E+00 -0.12597922772511067407492275820349E+01
-0.24914870083566607385474675301956E+00 -0.12686498304158830123901700827679E+01
-0.25107381138277663509777545496271E+00 -0.12774627481539571063090820261328E+01
-0.25298854868203758265237224273745E+00 -0.12862307221375262877927656142814E+01
-0.25489286096938439041344047190655E+00 -0.12949534455818517933062573357385E+01
-0.25678669653751092208252503428968E+00 -0.13036306132571959897566884230518E+01
-0.25867000374519458930221626487540E+00 -0.13122619215006602849558386328308E+01
-0.26054273102638802830700728185198E+00 -0.13208470682279271545588267174710E+01
-0.26240482689908415170936674579150E+00 -0.13293857529449061250489212244822E+01
-0.26425623997396281604148231043960E+00 -0.13378776767592860443826443144454E+01
-0.26609691896282641205186162780136E+00 -0.13463225423919948568165895744643E+01
-0.26792681268683171283255399589241E+00 -0.13547200541885666387603083346328E+01
-0.26974587008452466151739370659698E+00 -0.13630699181304189956692318323038E+01
-0.27155404021968444985426701235418E+00 -0.13713718418460402499745747246477E+01
-0.27335127228898367860638016035704E+00 -0.13796255346220876209208350396641E+01
-0.27513751562946948502070993333847E+00 -0.13878307074143990292774279843746E+01
-0.27691271972587307901211600419085E+00 -0.13959870728589148139586982237472E+01
-0.27867683421775165408823215189492E+00 -0.14040943452825172664505252053986E+01
-0.28042980890646851501579937697797E+00 -0.14121522407137806581227521327288E+01
-0.28217159376201729281974377094987E+00 -0.14201604768936390258481581511407E+01
-0.28390213892969301825623087839977E+00 -0.14281187732859686701811422947762E+01
-0.28562139473661754051620171623428E+00 -0.14360268510880868466151911674981E+01
-0.28732931169812125657366864764432E+00 -0.14438844332411680776405392012022E+01
-0.28902584052398704683795602524952E+00 -0.14516912444405767527921697562774E+01
-0.29071093212455982378006335175364E+00 -0.14594470111461185191525961320204E+01
-0.29238453761672571650060400539275E+00 -0.14671514615922096443574348832259E+01
-0.29404660832976502693029774331485E+00 -0.14748043257979647017993711806726E+01
-0.29569709581108252555573742312078E+00 -0.14824053355772039953245809732634E+01
-0.29733595183181824595375370548203E+00 -0.14899542245483795610742932363231E+01
-0.29896312839234244156086833321337E+00 -0.14974507281444219745457843161271E+01
-0.30057857772763824682042627066606E+00 -0.15048945836225059940387619851334E+01
-0.30218225231257466096355304937963E+00 -0.15122855300737373181620799354589E+01
-0.30377410486707304250597255221745E+00 -0.15196233084327595377344164186585E+01
-0.30535408836116995238992949149286E+00 -0.15269076614872819935101319631330E+01
-0.30692215601997968299604776512920E+00 -0.15341383338875284678162130699600E+01
-0.30847826132855817288394555756442E+00 -0.15413150721556070447595431048087E+01
-0.31002235803667153887157467076397E+00 -0.15484376246948012045390317655426E+01
-0.31155440016347179427219143367215E+00 -0.15555057417987826811934799171898E+01
-0.31307434200208175145327285410171E+00 -0.15625191756607453613485111894736E+01
-0.31458213812409143828808526647101E+00 -0.15694776803824614240451827963411E+01
-0.31607774338396870722913310768321E+00 -0.15763810119832589744728970530855E+01
-0.31756111292338561507484625578117E+00 -0.15832289284089214366295853478518E+01
-0.31903220217546291022975531155869E+00 -0.15900211895405093394068984901360E+01
-0.32049096686893455296859450721993E+00 -0.15967575572031035737008245715590E+01
-0.32193736303223436587642435956549E+00 -0.16034377951744709479447995050543E+01
-0.32337134699750613990562977258893E+00 -0.16100616691936521896697968664755E+01
-0.32479287540453944123954913306544E+00 -0.16166289469694711015507423979210E+01
-0.32620190520463308047599505481951E+00 -0.16231393981889669449595683281439E+01
-0.32759839366438650640842328475517E+00 -0.16295927945257480748165055710317E+01
-0.32898229836942300574986657195169E+00 -0.16359889096482682004322482561353E+01
-0.33035357722804401719127193567796E+00 -0.16423275192280246929350394368694E+01
-0.33171218847481701365011170411737E+00 -0.16486084009476784485956389500894E+01
-0.33305809067409879687882752451001E+00 -0.16548313345090968970701591640141E+01
-0.33439124272349470621226160090057E+00 -0.16609961016413177122350470153376E+01
-0.33571160385725568190558501421776E+00 -0.16671024861084354001214114368700E+01
-0.33701913364961422961850801863061E+00 -0.16731502737174097703399771068914E+01
-0.33831379201806016025184204807035E+00 -0.16791392523257955535994730874102E+01
-0.33959553922655850779194182866956E+00 -0.16850692118493948709131310395901E+01
-0.34086433588870891119251241511422E+00 -0.16909399442698304787105395735708E+01
-0.34212014297084951278994353539468E+00 -0.16967512436420412105712829741971E+01
-0.34336292179510508926051273403325E+00 -0.17025029061016990767966106109553E+01
-0.34459263404238086770005852530994E+00 -0.17081947298725473294458838496396E+01
-0.34580924175530322456493081572730E+00 -0.17138265152736607223005352238949E+01
-0.34701270734110813095734235753325E+00 -0.17193980647266263859533481561561E+01
-0.34820299357447791403955034573833E+00 -0.17249091827626463847220189304574E+01
-0.34938006360032786341366980758490E+00 -0.17303596760295614096447808910119E+01
-0.35054388093654311141605009980372E+00 -0.17357493532987951629185681382399E+01
-0.35169440947666663124453661112511E+00 -0.17410780254722202607475016823099E+01
-0.35283161349253944751464780942021E+00 -0.17463455055889444413616376606412E+01
-0.35395545763689356602719072050943E+00 -0.17515516088320178761601540259833E+01
-0.35506590694589862424722947233964E+00 -0.17566961525350609788057796670298E+01
-0.35616292684166261068584167401201E+00 -0.17617789561888127526897332992286E+01
-0.35724648313468795467411660384246E+00 -0.17667998414475995778940544482730E+01
-0.35831654202628313235260121946520E+00 -0.17717586321357243424476235907411E+01
-0.35937307011093051107668113933304E+00 -0.17766551542537756314674609245108E+01
-0.36041603437861154219026079127624E+00 -0.17814892359848572065331183491700E+01
-0.36144540221708936902214159768270E+00 -0.17862607077007371787243312210073E+01
-0.36246114141414977273432771953695E+00 -0.17909694019679173494692552476999E+01
-0.36346322015980075544977158002427E+00 -0.17956151535536219596432936089671E+01
-0.36445160704843170351284789110462E+00 -0.18001977994317062482207638864762E+01
-0.36542627108093247947440813347068E+00 -0.18047171787884844419988271826776E+01
-0.36638718166677260631028164786501E+00 -0.18091731330284771807643609753593E+01
-0.36733430862604191115643157223832E+00 -0.18135655057800780064279271791465E+01
-0.36826762219145211771825116402371E+00 -0.18178941429011393455138293345544E+01
-0.36918709301030057415516113230824E+00 -0.18221588924844769405437346789706E+01
-0.37009269214639653142514856164215E+00 -0.18263596048632939698709537563532E+01
-0.37098439108194951090580793792580E+00 -0.18304961326165230379498944431703E+01
-0.37186216171942204378563532393800E+00 -0.18345683305740876222851734352355E+01
-0.37272597638334473034342414059120E+00 -0.18385760558220816180617175545096E+01
-0.37357580782209643253501576758291E+00 -0.18425191677078672853594392364523E+01
-0.37441162920964829882830355598776E+00 -0.18463975278450918377761716854514E+01
-0.37523341414727274570402787612983E+00 -0.18502110001186218813954797784557E+01
-0.37604113666521767935507567435395E+00 -0.18539594506893961254771390072373E+01
-0.37683477122434593153876495197707E+00 -0.18576427479991959897545812935309E+01
-0.37761429271774096421479513933447E+00 -0.18612607627753340053565482160669E+01
-0.37837967647227842081202156019777E+00 -0.18648133680352600915237714627163E+01
-0.37913089825016426264840039640669E+00 -0.18683004390910853024256079480827E+01
-0.37986793425043972982399131296932E+00 -0.18717218535540232613043923586949E+01
-0.38059076111045327565736124607800E+00 -0.18750774913387487316055447650429E+01
-0.38129935590730011367810444701846E+00 -0.18783672346676738127745395965670E+01
-0.38199369615922901867217445304775E+00 -0.18815909680751410919381139021290E+01
-0.38267375982701740488918242554666E+00 -0.18847485784115339412174922318307E+01
-0.38333952531531433777300548557484E+00 -0.18878399548473037937883090827276E+01
-0.38399097147395212793915201058217E+00 -0.18908649888769143389296862378077E+01
-0.38462807759922637000006394340385E+00 -0.18938235743227024798635109896132E+01
-0.38525082343514502777557412084254E+00 -0.18967156073386558987883026461915E+01
-0.38585918917464657276589078886078E+00 -0.18995409864141072535545834175600E+01
-0.38645315546078744248717245840102E+00 -0.19022996123773449367692560725857E+01
-0.38703270338789894988695144547744E+00 -0.19049913883991400439612059670607E+01
-0.38759781450271408582845347352201E+00 -0.19076162199961898033143148655907E+01
-0.38814847080546406186598746852283E+00 -0.19101740150344771499163351390706E+01
-0.38868465475094503321654117861054E+00 -0.19126646837325463733696967179825E+01
-0.38920634924955515163926812657803E+00 -0.19150881386646948751753947825550E+01
-0.38971353766830196045978237162391E+00 -0.19174442947640808284147641696294E+01
-0.39020620383178049048070984454731E+00 -0.19197330693257466645777775236073E+01
-0.39068433202312214417830284778430E+00 -0.19219543820095584306557145325347E+01
-0.39114790698491441838260793145349E+00 -0.19241081548430607630377905245573E+01
-0.39159691392009181257195539882519E+00 -0.19261943122242475026811947827890E+01
-0.39203133849279791170279507274333E+00 -0.19282127809242478929449903265649E+01
-0.39245116682921881881114756485077E+00 -0.19301634900899282328897861379964E+01
-0.39285638551838805730684222876787E+00 -0.19320463712464089188287133999889E+01
-0.39324698161296313452875012316090E+00 -0.19338613582994967741642826654910E+01
-0.39362294262997385799479788787266E+00 -0.19356083875380328095100969851014E+01
-0.39398425655154234798419630375563E+00 -0.19372873976361549902477436727479E+01
-0.39433091182557520531528291078169E+00 -0.19388983296554762481501170050267E+01
-0.39466289736642758682523988256239E+00 -0.19404411270471775755971074153770E+01
-0.39498020255553951657004838651167E+00 -0.19419157356540160801591640693378E+01
-0.39528281724204443271731897675181E+00 -0.19433221037122480798021779175553E+01
-0.39557073174335005464570663641188E+00 -0.19446601818534670365549270979915E+01
-0.39584393684569171902967831599072E+00 -0.19459299231063564020564414925424E+01
-0.39610242380465819860641742477830E+00 -0.19471312828983572643426269360239E+01
-0.39634618434569010050738173555055E+00 -0.19482642190572507021177185459726E+01
-0.39657521066455098305424937217921E+00 -0.19493286918126549653878346464970E+01
-0.39678949542777110079672110271285E+00 -0.19503246637974372281239186188575E+01
-0.39698903177306406233580116877410E+00 -0.19512521000490400297147595489595E+01
-0.39717381330971630778113212562013E+00 -0.19521109680107223047004766043360E+01
-0.39734383411894971702337244372854E+00 -0.19529012375327149088579168788763E+01
-0.39749908875426152240336075195370E+00 -0.19536228808732897736404267018454E+01
-0.39759438593875440010240459053742E+00 -0.19540658381681985913826540913430E+01
-0.39768311680194235598241359531105E+00 -0.19544782767184835629121831741040E+01
-0.39776528008020240461924153418081E+00 -0.19548601900893244781407727319633E+01
-0.39784087460344525380134427843544E+00 -0.19552115723221344204798419778756E+01
-0.39790989929506435393195863307497E+00 -0.19555324179346710271666143628991E+01
-0.39797564029618122550068608013756E+00 -0.19558380014756477104829969588641E+01
-0.39804138441899316570817655064975E+00 -0.19561436009107360245380637095798E+01
-0.39810713166365614412210494442363E+00 -0.19564492162404374758427290804400E+01
-0.39817288203032661270638805235542E+00 -0.19567548474652534754381909910069E+01
-0.39823863551916050258886450085742E+00 -0.19570604945856855520844641232803E+01
-0.39817288203032661270638805235542E+00 -0.19567548474652534754381909910069E+01
-0.39810713166365614412210494442363E+00 -0.19564492162404374758427290804400E+01
-0.39804138441899316570817655064975E+00 -0.19561436009107360245380637095798E+01
-0.39797564029618122550068608013756E+00 -0.19558380014756477104829969588641E+01
-0.39790989929506435393195863307497E+00 -0.19555324179346710271666143628991E+01
-0.39784087460344525380134427843544E+00 -0.19552115723221344204798419778756E+01
-0.39776528008020240461924153418081E+00 -0.19548601900893244781407727319633E+01
-0.39768311680194235598241359531105E+00 -0.19544782767184835629121831741040E+01
-0.39759438593875440010240459053742E+00 -0.19540658381681985913826540913430E+01
-0.39749908875426152240336075195370E+00 -0.19536228808732897736404267018454E+01
-0.39734383411894971702337244372854E+00 -0.19529012375327149088579168788763E+01
-0.39717381330971630778113212562013E+00 -0.19521109680107223047004766043360E+01
-0.39698903177306406233580116877410E+00 -0.19512521000490400297147595489595E+01
-0.39678949542777110079672110271285E+00 -0.19503246637974372281239186188575E+01
-0.39657521066455098305424937217921E+00 -0.19493286918126549653878346464970E+01
-0.39634618434569010050738173555055E+00 -0.19482642190572507021177185459726E+01
-0.39610242380465819860641742477830E+00 -0.19471312828983572643426269360239E+01
-0.39584393684569171902967831599072E+00 -0.19459299231063564020564414925424E+01
-0.39557073174335005464570663641188E+00 -0.19446601818534670365549270979915E+01
-0.39528281724204443271731897675181E+00 -0.19433221037122480798021779175553E+01
-0.39498020255553951657004838651167E+00 -0.19419157356540160801591640693378E+01
-0.39466289736642758682523988256239E+00 -0.19404411270471775755971074153770E+01
-0.39433091182557520531528291078169E+00 -0.19388983296554762481501170050267E+01
-0.39398425655154234798419630375563E+00 -0.19372873976361549902477436727479E+01
-0.39362294262997385799479788787266E+00 -0.19356083875380328095100969851014E+01
-0.39324698161296313452875012316090E+00 -0.19338613582994967741642826654910E+01
-0.39285638551838805730684222876787E+00 -0.19320463712464089188287133999889E+01
-0.39245116682921881881114756485077E+00 -0.19301634900899282328897861379964E+01
-0.39203133849279791170279507274333E+00 -0.19282127809242478929449903265649E+01
-0.39159691392009181257195539882519E+00 -0.19261943122242475026811947827890E+01
-0.39114790698491441838260793145349E+00 -0.19241081548430607630377905245573E+01
-0.39068433202312214417830284778430E+00 -0.19219543820095584306557145325347E+01
-0.39020620383178049048070984454731E+00 -0.19197330693257466645777775236073E+01
-0.38971353766830196045978237162391E+00 -0.19174442947640808284147641696294E+01
-0.38920634924955515163926812657803E+00 -0.19150881386646948751753947825550E+01
-0.38868465475094503321654117861054E+00 -0.19126646837325463733696967179825E+01
-0.38814847080546406186598746852283E+00 -0.19101740150344771499163351390706E+01
-0.38759781450271408582845347352201E+00 -0.19076162199961898033143148655907E+01
-0.38703270338789894988695144547744E+00 -0.19049913883991400439612059670607E+01
-0.38645315546078744248717245840102E+00 -0.19022996123773449367692560725857E+01
-0.38585918917464657276589078886078E+00 -0.18995409864141072535545834175600E+01
-0.38525082343514502777557412084254E+00 -0.18967156073386558987883026461915E+01
-0.38462807759922637000006394340385E+00 -0.18938235743227024798635109896132E+01
-0.38399097147395212793915201058217E+00 -0.18908649888769143389296862378077E+01
-0.38333952531531433777300548557484E+00 -0.18878399548473037937883090827276E+01
-0.38267375982701740488918242554666E+00 -0.18847485784115339412174922318307E+01
-0.38199369615922901867217445304775E+00 -0.18815909680751410919381139021290E+01
-0.38129935590730011367810444701846E+00 -0.18783672346676738127745395965670E+01
-0.38059076111045327565736124607800E+00 -0.18750774913387487316055447650429E+01
-0.37986793425043972982399131296932E+00 -0.18717218535540232613043923586949E+01
-0.37913089825016426264840039640669E+00 -0.18683004390910853024256079480827E+01
-0.37837967647227842081202156019777E+00 -0.18648133680352600915237714627163E+01
-0.37761429271774096421479513933447E+00 -0.18612607627753340053565482160669E+01
-0.37683477122434593153876495197707E+00 -0.18576427479991959897545812935309E+01
-0.37604113666521767935507567435395E+00 -0.18539594506893961254771390072373E+01
-0.37523341414727274570402787612983E+00 -0.18502110001186218813954797784557E+01
-0.37441162920964829882830355598776E+00 -0.18463975278450918377761716854514E+01
-0.37357580782209643253501576758291E+00 -0.18425191677078672853594392364523E+01
-0.37272597638334473034342414059120E+00 -0.18385760558220816180617175545096E+01
-0.37186216171942204378563532393800E+00 -0.18345683305740876222851734352355E+01
-0.37098439108194951090580793792580E+00 -0.18304961326165230379498944431703E+01
-0.37009269214639653142514856164215E+00 -0.18263596048632939698709537563532E+01
-0.36918709301030057415516113230824E+00 -0.18221588924844769405437346789706E+01
-0.36826762219145211771825116402371E+00 -0.18178941429011393455138293345544E+01
-0.36733430862604191115643157223832E+00 -0.18135655057800780064279271791465E+01
-0.36638718166677260631028164786501E+00 -0.18091731330284771807643609753593E+01
-0.36542627108093247947440813347068E+00 -0.18047171787884844419988271826776E+01
-0.36445160704843170351284789110462E+00 -0.18001977994317062482207638864762E+01
-0.36346322015980075544977158002427E+00 -0.17956151535536219596432936089671E+01
-0.36246114141414977273432771953695E+00 -0.17909694019679173494692552476999E+01
-0.36144540221708936902214159768270E+00 -0.17862607077007371787243312210073E+01
-0.36041603437861154219026079127624E+00 -0.17814892359848572065331183491700E+01
-0.35937307011093051107668113933304E+00 -0.17766551542537756314674609245108E+01
-0.35831654202628313235260121946520E+00 -0.17717586321357243424476235907411E+01
-0.35724648313468795467411660384246E+00 -0.17667998414475995778940544482730E+01
-0.35616292684166261068584167401201E+00 -0.17617789561888127526897332992286E+01
-0.35506590694589862424722947233964E+00 -0.17566961525350609788057796670298E+01
-0.35395545763689356602719072050943E+00 -0.17515516088320178761601540259833E+01
-0.35283161349253944751464780942021E+00 -0.17463455055889444413616376606412E+01
-0.35169440947666663124453661112511E+00 -0.17410780254722202607475016823099E+01
-0.35054388093654311141605009980372E+00 -0.17357493532987951629185681382399E+01
-0.34938006360032786341366980758490E+00 -0.17303596760295614096447808910119E+01
-0.34820299357447791403955034573833E+00 -0.17249091827626463847220189304574E+01
-0.34701270734110813095734235753325E+00 -0.17193980647266263859533481561561E+01
-0.34580924175530322456493081572730E+00 -0.17138265152736607223005352238949E+01
-0.34459263404238086770005852530994E+00 -0.17081947298725473294458838496396E+01
-0.34336292179510508926051273403325E+00 -0.17025029061016990767966106109553E+01
-0.34212014297084951278994353539468E+00 -0.16967512436420412105712829741971E+01
-0.34086433588870891119251241511422E+00 -0.16909399442698304787105395735708E+01
-0.33959553922655850779194182866956E+00 -0.16850692118493948709131310395901E+01
-0.33831379201806016025184204807035E+00 -0.16791392523257955535994730874102E+01
-0.33701913364961422961850801863061E+00 -0.16731502737174097703399771068914E+01
-0.33571160385725568190558501421776E+00 -0.16671024861084354001214114368700E+01
-0.33439124272349470621226160090057E+00 -0.16609961016413177122350470153376E+01
-0.33305809067409879687882752451001E+00 -0.16548313345090968970701591640141E+01
-0.33171218847481701365011170411737E+00 -0.16486084009476784485956389500894E+01
-0.33035357722804401719127193567796E+00 -0.16423275192280246929350394368694E+01
-0.32898229836942300574986657195169E+00 -0.16359889096482682004322482561353E+01
-0.32759839366438650640842328475517E+00 -0.16295927945257480748165055710317E+01
-0.32620190520463308047599505481951E+00 -0.16231393981889669449595683281439E+01
-0.32479287540453944123954913306544E+00 -0.16166289469694711015507423979210E+01
-0.32337134699750613990562977258893E+00 -0.16100616691936521896697968664755E+01
-0.32193736303223436587642435956549E+00 -0.16034377951744709479447995050543E+01
-0.32049096686893455296859450721993E+00 -0.15967575572031035737008245715590E+01
-0.31903220217546291022975531155869E+00 -0.15900211895405093394068984901360E+01
-0.31756111292338561507484625578117E+00 -0.15832289284089214366295853478518E+01
-0.31607774338396870722913310768321E+00 -0.15763810119832589744728970530855E+01
-0.31458213812409143828808526647101E+00 -0.15694776803824614240451827963411E+01
-0.31307434200208175145327285410171E+00 -0.15625191756607453613485111894736E+01
-0.31155440016347179427219143367215E+00 -0.15555057417987826811934799171898E+01
-0.31002235803667153887157467076397E+00 -0.15484376246948012045390317655426E+01
-0.30847826132855817288394555756442E+00 -0.15413150721556070447595431048087E+01
-0.30692215601997968299604776512920E+00 -0.15341383338875284678162130699600E+01
-0.30535408836116995238992949149286E+00 -0.15269076614872819935101319631330E+01
-0.30377410486707304250597255221745E+00 -0.15196233084327595377344164186585E+01
-0.30218225231257466096355304937963E+00 -0.15122855300737373181620799354589E+01
-0.30057857772763824682042627066606E+00 -0.15048945836225059940387619851334E+01
-0.29896312839234244156086833321337E+00 -0.14974507281444219745457843161271E+01
-0.29733595183181824595375370548203E+00 -0.14899542245483795610742932363231E+01
-0.29569709581108252555573742312078E+00 -0.14824053355772039953245809732634E+01
-0.29404660832976502693029774331485E+00 -0.14748043257979647017993711806726E+01
-0.29238453761672571650060400539275E+00 -0.14671514615922096443574348832259E+01
-0.29071093212455982378006335175364E+00 -0.14594470111461185191525961320204E+01
-0.28902584052398704683795602524952E+00 -0.14516912444405767527921697562774E+01
-0.28732931169812125657366864764432E+00 -0.14438844332411680776405392012022E+01
-0.28562139473661754051620171623428E+00 -0.14360268510880868466151911674981E+01
-0.28390213892969301825623087839977E+00 -0.14281187732859686701811422947762E+01
-0.28217159376201729281974377094987E+00 -0.14201604768936390258481581511407E+01
-0.28042980890646851501579937697797E+00 -0.14121522407137806581227521327288E+01
-0.27867683421775165408823215189492E+00 -0.14040943452825172664505252053986E+01
-0.27691271972587307901211600419085E+00 -0.13959870728589148139586982237472E+01
-0.27513751562946948502070993333847E+00 -0.13878307074143990292774279843746E+01
-0.27335127228898367860638016035704E+00 -0.13796255346220876209208350396641E+01
-0.27155404021968444985426701235418E+00 -0.13713718418460402499745747246477E+01
-0.26974587008452466151739370659698E+00 -0.13630699181304189956692318323038E+01
-0.26792681268683171283255399589241E+00 -0.13547200541885666387603083346328E+01
-0.26609691896282641205186162780136E+00 -0.13463225423919948568165895744643E+01
-0.26425623997396281604148231043960E+00 -0.13378776767592860443826443144454E+01
-0.26240482689908415170936674579150E+00 -0.13293857529449061250489212244822E+01
-0.26054273102638802830700728185198E+00 -0.13208470682279271545588267174710E+01
-0.25867000374519458930221626487540E+00 -0.13122619215006602849558386328308E+01
-0.25678669653751092208252503428968E+00 -0.13036306132571959897566884230518E+01
-0.25489286096938439041344047190655E+00 -0.12949534455818517933062573357385E+01
-0.25298854868203758265237224273745E+00 -0.12862307221375262877927656142814E+01
-0.25107381138277663509777545496271E+00 -0.12774627481539571063090820261328E+01
-0.24914870083566607385474675301956E+00 -0.12686498304158830123901700827679E+01
-0.24721326885196013900320000822344E+00 -0.12597922772511067407492275820349E+01
-0.24526756728028279280800946141796E+00 -0.12508903985184593556775789827337E+01
-0.24331164799654651053336987352130E+00 -0.12419445055956624261496397430909E+01
-0.24134556289360107485426736999662E+00 -0.12329549113670873862796899170689E+01
-0.23936936387060102062250780056180E+00 -0.12239219302114099368383638867116E+01
-0.23738310282208182184646856509913E+00 -0.12148458779891575496434369982202E+01
-0.23538683162673386845899625853929E+00 -0.12057270720301480319255980609875E+01
-0.23338060213586232455250701259649E+00 -0.11965658311208169460393386265079E+01
-0.23136446616152023381818776774834E+00 -0.11873624754914311053770642442591E+01
-0.22933847546430322949255915979445E+00 -0.11781173268031866020268216486478E+01
-0.22730268174079150316547522080828E+00 -0.11688307081351875176120650017864E+01
-0.22525713661062530049434281071192E+00 -0.11595029439713033873534698092180E+01
-0.22320189160319944851795620601943E+00 -0.11501343601869023182111498349431E+01
-0.22113699814396142075922177391463E+00 -0.11407252840354557429953357477271E+01
-0.21906250754029642224275345053312E+00 -0.11312760441350128514184833931012E+01
-0.21697847096698287283441547263326E+00 -0.11217869704545399176686754940997E+01
-0.21488493945120093477528056768386E+00 -0.11122583943001205688969697433303E+01
-0.21278196385707371801068685989744E+00 -0.11026906483010150473793092809351E+01
-0.21066959486972382542848689153868E+00 -0.10930840663955706262793206540138E+01
-0.20854788297882274138258638521009E+00 -0.10834389838169822848007148728592E+01
-0.20641687846161165273564334186430E+00 -0.10737557370788959949564557809047E+01
-0.20427663136537188515778905023643E+00 -0.10640346639608507388123868304099E+01
-0.20212719148932017153045214609199E+00 -0.10542761034935543662779989732140E+01
-0.19996860836590293438692551576814E+00 -0.10444803959439849313496214949573E+01
-0.19780093124146433988863071491227E+00 -0.10346478828003149919670555472658E+01
-0.19562420905625845112547917771837E+00 -0.10247789067566490007519000112727E+01
-0.19343849042377799301862922586145E+00 -0.10148738116975678080657718218868E+01
-0.19124382360936641461726480792590E+00 -0.10049329426824745552348336561416E+01
-0.18904025650808214319011490899755E+00 -0.99495664592973030095408107384238E+00
-0.18682783662177973417288012499572E+00 -0.98494526880057500847846285094175E+00
-0.18460661103537124381960047509599E+00 -0.97489915978282175332030012651299E+00
-0.18237662639222961183904525449044E+00 -0.96481866847431567535134613466496E+00
-0.18013792886869393991859221147731E+00 -0.95470414556614823023577655660877E+00
-0.17789056414763215919278344850276E+00 -0.94455594282561377147309734489436E+00
-0.17563457739101728123638468842670E+00 -0.93437441307889909470095699140954E+00
-0.17337001321146862710993686813360E+00 -0.92415991019349173786020729992952E+00
-0.17109691564270659832266231066663E+00 -0.91391278906029443426701047815530E+00
-0.16881532810886866356455466245011E+00 -0.90363340557543206851337290955435E+00
-0.16652529339262834756197293223154E+00 -0.89332211662173454819762790963122E+00
-0.16422685360205805684578454719401E+00 -0.88297928004988114687910992148175E+00
-0.16192005013617086988561554347358E+00 -0.87260525465918765819694754319075E+00
-0.15960492364907473299659418648932E+00 -0.86220040017801846185631212631457E+00
-0.15728151401266661869932677015602E+00 -0.85176507724380374924456702449063E+00
-0.15494986027779025642744901481396E+00 -0.84129964738264049864157177401594E+00
-0.15261000063377767782051722292775E+00 -0.83080447298845447106610969590035E+00
-0.15026197236628777554646059445397E+00 -0.82027991730169948539848897333728E+00
-0.14790581181335076902423252767119E+00 -0.80972634438756694737260603367241E+00
-0.14554155431952182820938902849399E+00 -0.79914411911367892128544575758085E+00
-0.14316923418804048062937797442655E+00 -0.78853360712723338695112760486613E+00
-0.14078888463088650781606851205315E+00 -0.77789517483157092818499341365115E+00
-0.13840053771661366147260218172139E+00 -0.76722918936212735081894887510831E+00
-0.13600422431583903011200797785117E+00 -0.75653601856173519863002025340371E+00
-0.13359997404425286127462261695277E+00 -0.74581603095523465306285181531016E+00
-0.13118781520300814762188956857420E+00 -0.73506959572335077973051199536914E+00
-0.12876777471633919446878530733454E+00 -0.72429708267578992962929095852617E+00
-0.12633987806624495604915161718307E+00 -0.71349886222350795026221658650449E+00
-0.12390414922406848117883405758368E+00 -0.70267530535009222221988896706955E+00
-0.12146061057878287094395879264925E+00 -0.69182678358220545509150414319855E+00
-0.11900928286179008271809977965345E+00 -0.68095366895902247273468140515215E+00
-0.11655018506801853375161485608500E+00 -0.67005633400059753435641055075624E+00
-0.11408333437309284400230919447740E+00 -0.65913515167508678440915860801349E+00
-0.11160874604633332653664067975308E+00 -0.64819049536474667660911020595178E+00
-0.10912643335932267313690890700441E+00 -0.63722273883062473302442376552631E+00
-0.10663640748976133134392203242335E+00 -0.62623225617584830917532056641835E+00
-0.10413867742030854159089996547286E+00 -0.61521942180741247918282877060861E+00
-0.10163324983208582531286566222409E+00 -0.60418461039635767952915343430336E+00
-0.99120128992494573661125051219784E-01 -0.59312819683621888697350148985311E+00
-0.96599316636971459944115771332894E-01 -0.58205055619961888775338339692408E+00
-0.94070811844277961888879476560777E-01 -0.57095206369286498751097732191471E+00
-0.91534610904885823049601651830430E-01 -0.55983309460839926539198714346988E+00
-0.88990707181988866284156978474624E-01 -0.54869402427493450099219904343809E+00
-0.86439090964630445045754482398921E-01 -0.53753522800509814265599998342912E+00
-0.83879749312396437831807985812879E-01 -0.52635708104038602358811876573617E+00
-0.81312665891076724095862888726070E-01 -0.51515995849321187150528257906004E+00
-0.78737820798650072660249693294037E-01 -0.50394423528581714264239601395748E+00
-0.76155190380891285732825976663942E-01 -0.49271028608578485331406508648591E+00
-0.73564747035840237901843224511751E-01 -0.48145848523787587396451175573329E+00
-0.70966459006306395506380576293375E-01 -0.47018920669187881087420706065490E+00
-0.68360290159510912459418044666419E-01 -0.45890282392613433576265724849547E+00
-0.65746199752887083768497005441615E-01 -0.44759970986636298667939097738722E+00
-0.63124142184973274525174520104479E-01 -0.43628023679938518673601454187880E+00
-0.60494066730235441734412309782139E-01 -0.42494477628128348707808117804786E+00
-0.57855917256547748595176615412251E-01 -0.41359369903950957447626538445217E+00
-0.55209631923942503954009198512045E-01 -0.40222737486838623275669377344974E+00
-0.52555142863108414473522608626931E-01 -0.39084617251739795437306918517439E+00
-0.49892375831969289882200372288128E-01 -0.37945045957159839218690164247997E+00
-0.47221249848514467796793013476457E-01 -0.36804060232338943919574146325060E+00
-0.44541676797870116607561270881162E-01 -0.35661696563484689498466510237102E+00
-0.41853561011399547962785046715863E-01 -0.34517991278967404279176760234212E+00
-0.39156798815395849114685962139842E-01 -0.33372980533376163423007564047163E+00
-0.36451278046678620271759633911626E-01 -0.32226700290321609752920553585596E+00
-0.33736877532124844722225799233655E-01 -0.31079186303858542763226587542428E+00
-0.31013466528846791233149748844670E-01 -0.29930474098386292241423535816548E+00
-0.28280904121377580572358407514524E-01 -0.28780598946867696650234604579506E+00
-0.25539038571821908820840290965885E-01 -0.27629595847188655721721057659159E+00
-0.22787706618480783502187097385692E-01 -0.26477499496457702678375584817241E+00
-0.20026732717948998218511053991214E-01 -0.25324344263020299744711532216523E+00
-0.17255928225107199094020450519939E-01 -0.24170164155933774382743271398868E+00
-0.14475090504776610975258057559525E-01 -0.23014992791615809770205132662577E+00
-0.11684001968060563465514490554029E-01 -0.21858863357341838601010791528621E+00
-0.88824290255494126405790977017230E-02 -0.20701808571223001365112261569968E+00
-0.60701209485995852934925617985555E-02 -0.19543860638246304150063887411430E+00
-0.32468086287883303512659953618240E-02 -0.18385051201900654780723812472861E+00
-0.41220322437880744109765118854217E-03 -0.17225411290844919276193018112178E+00
0.24340053188317899738224263081105E-02 -0.16064971259996440510271979313514E+00
0.52921498865916759811764191269170E-02 -0.14903760725326925165910634613898E+00
0.81625879714551371908937817014236E-02 -0.13741808491546369833096509635847E+00
0.11045703622738133607003769738385E-01 -0.12579142471730950046303425386568E+00
0.13941909592300132247292397414982E-01 -0.11415789597803914779643816731651E+00
0.16851649700343678333073941321459E-01 -0.10251775720605782027634865855476E+00
0.19775401448999186305917040642849E-01 -0.90871254980852360814829872528793E-01
0.22713678915658372242128445892473E-01 -0.79218622698994398179171159821564E-01
0.25667035962963842065141802247145E-01 -0.67560079164227797610413671871127E-01
0.28636069808200943177226401532758E-01 -0.55895826998172288269675683494707E-01
0.31621425001767847899270681203027E-01 -0.44226050844019590205637595199152E-01
0.34623797872649876003168060790774E-01 -0.32550915330592527969624133520261E-01
0.37643941508687788388410194356682E-01 -0.20870562758078003636496833096405E-01
0.40682671351280418369609336713478E-01 -0.91851104593789731447627682376507E-02
0.43740871498450215852153383262958E-01 0.25053522179670871160699076242938E-02
0.46819501827528832681764671025056E-01 0.14200767375398581694581579510827E-01
0.49919606069819904718289178875544E-01 0.25901112552188232735196587398502E-01
0.53042320995448319375890980327212E-01 0.37606405336169190976109506082149E-01
0.56188886898435433499653974094954E-01 0.49316708714035467750398349765885E-01
0.59360659611482619404170162160871E-01 0.61032137305390376363719406777265E-01
0.62559124329120906025235681466279E-01 0.72752864658158694444024072406979E-01
0.65785911579595726043771685509857E-01 0.84479131825520147402532466769809E-01
0.69042815763918082777943280156728E-01 0.96211257499024046045851891585115E-01
0.72331816779789120238015291395121E-01 0.10794965004297466446234123418960E+00
0.75655105376089649748569537927379E-01 0.11969482186675486664803146586042E+00
0.79015113047933041683988155162735E-01 0.13144740669249984337464596085686E+00
0.82414547501689650012439091734335E-01 0.14320818043440326305553048642595E+00
0.85856434995355236902509044437715E-01 0.15497808662286712608693251823961E+00
0.89344171270478845203296027146904E-01 0.16675826758837944383497750701549E+00
0.92881583217927134897748468548434E-01 0.17855010304446616652690822769307E+00
0.96473004397178524652524453544219E-01 0.19035525818134558159043580996789E+00
0.10012336768135965467745313361542E+00 0.20217574441229470650990016445827E+00
0.10383832219519904227883682118529E+00 0.21401399626095069404645368032637E+00
0.10762437604175639543781359708748E+00 0.22587297189186834885907484752529E+00
0.11148909246902922981083369866689E+00 0.23775627983399389676415754468242E+00
0.11544130061905846019112552378708E+00 0.24966836098001758908598134188767E+00
0.11949150395942604166274860581422E+00 0.26161468979274830288839254219988E+00
0.12365202363871110433363077834837E+00 0.27360218831553811363064246463700E+00
0.12793842579682561656124424423358E+00 0.28563937578595309252736617051312E+00
0.13236771450564799399012539969812E+00 0.29773795113826623607416525594594E+00
0.13790733749514199069720345308295E+00 0.31235702523587029531244821100469E+00
0.14374032197746876772974176455552E+00 0.32711996355471985320197225098257E+00
0.14993990239268885523910926660290E+00 0.34207794796951800187680999206728E+00
0.15661299617117898439114994846794E+00 0.35731066947593293668375017925673E+00
0.16392850156051051293544158576818E+00 0.37295159027833790697918975409599E+00
0.17172709753806546260275558768413E+00 0.38838405434819129991882945953121E+00
0.17970108114577803329725303107205E+00 0.40284727346733896834413697133996E+00
0.18789875788185750654900586915270E+00 0.41631963503446872707033599451301E+00
0.19633377045399507940798931742037E+00 0.42880867866339979457031405417437E+00
