0.31828743834161372708079576809958E+00 -0.50465674417844786791439837895861E+00
0.32760828958563068198807231671879E+00 -0.50143295097835709087460431019998E+00
0.33639181974837170180366430307212E+00 -0.49840918002665219616088331896388E+00
0.34460191895602294090950345410871E+00 -0.49559722516218319204803453153767E+00
0.35220936556204734009873992981578E+00 -0.49300354349395240418646371541635E+00
0.35918359377627530862292072288837E+00 -0.49063550236755439713981027686616E+00
0.36553029217852875888900155491815E+00 -0.48848851777142190817101735135021E+00
0.37138125964253804768677519012078E+00 -0.48651590977461377402142290857878E+00
0.37684781196996528791196180044074E+00 -0.48467865949882723680539115208713E+00
0.38200402929379019789608098599383E+00 -0.48295078245425504575246477178292E+00
0.38690233192993153139452300771072E+00 -0.48131387974742549951067960755535E+00
0.38200402929379019789608098599383E+00 -0.48295078245425504575246477178292E+00
0.37684781196996528791196180044074E+00 -0.48467865949882723680539115208713E+00
0.37138125964253804768677519012078E+00 -0.48651590977461377402142290857878E+00
0.36553029217852875888900155491815E+00 -0.48848851777142190817101735135021E+00
0.35918359377627530862292072288837E+00 -0.49063550236755439713981027686616E+00
0.35220936556204734009873992981578E+00 -0.49300354349395240418646371541635E+00
0.34460191895602294090950345410871E+00 -0.49559722516218319204803453153767E+00
0.33639181974837170180366430307212E+00 -0.49840918002665219616088331896388E+00
0.32760828958563068198807231671879E+00 -0.50143295097835709087460431019998E+00
0.31828743834161372708079576809958E+00 -0.50465674417844786791439837895861E+00
0.30771961379588079223338443462857E+00 -0.49514774889280788445438651564052E+00
0.29750009078452800711382969308780E+00 -0.48438283537138720927576400261242E+00
0.28726482254469376195425305507713E+00 -0.47269404556642354782948739248615E+00
0.27705755980145504529359465035935E+00 -0.46001451208383281726968085535939E+00
0.26685000836025158098848612457841E+00 -0.44635790265484416887274944344823E+00
0.25706575515702368327977272467364E+00 -0.43241306113165869743323261213773E+00
0.24796749515104268423543029686840E+00 -0.41875018899682052610075779548714E+00
0.23937081929997517294648827895833E+00 -0.40526745424240405655906321117452E+00
0.23115835317627555098713319632059E+00 -0.39190606637525679627099781018795E+00
0.22325243357278142520835849890124E+00 -0.37862777648926891552259351424767E+00
0.21685471276379741410481155798192E+00 -0.36760921669451909074050322740832E+00
0.21060491979851004020805797553807E+00 -0.35662116193337325653426647264865E+00
0.20448301234156769865702682698991E+00 -0.34565611425834710795251332435223E+00
0.19847289251005665015894538918833E+00 -0.33470824963373138201200034715249E+00
0.19256132129979173041292712453077E+00 -0.32377304874956241889350759278900E+00
0.18673726467819750916494315559410E+00 -0.31284697395272253517158108158764E+00
0.18099142452512061210979104466268E+00 -0.30192723606846864819101238177972E+00
0.17531589089777702188683277803055E+00 -0.29101162485617672869043299136376E+00
0.16970387877463057432397363106334E+00 -0.28009838380770638510739163382757E+00
0.16414952535157774342250945892168E+00 -0.26918611625867938613299664608515E+00
0.15864773167205839306884118006369E+00 -0.25827371397901978302921979348418E+00
0.15319403729538130206114086611059E+00 -0.24736030216039087192430382654577E+00
0.14778451996727348126013631650740E+00 -0.23644519654113613277047114420716E+00
0.14241571447167227948418526214533E+00 -0.22552786963722714577076853968053E+00
0.13708454637987316916904691944974E+00 -0.21460792388899668869799464297119E+00
0.13178827749931247954147750430418E+00 -0.20368507011927179492648883594959E+00
0.12652446060423699947328150554284E+00 -0.19275911011268481963198780820269E+00
0.12129090159876443295223896333522E+00 -0.18182992242287480641032092406271E+00
0.11608562768233497949328868801229E+00 -0.17089745072992564645116070890194E+00
0.11090686040097546722671776771915E+00 -0.15996169422886944716001997659761E+00
0.10575299270458439472304375419794E+00 -0.14902269964784420264923788517824E+00
0.10062256931116231085958187601694E+00 -0.13808055458289834077307068500405E+00
0.95514269818155548066168195748355E-01 -0.12713538190343336805757973205808E+00
0.90426894109318697523818968509100E-01 -0.11618733503350076271546138921382E+00
0.85359349690322839336753756291301E-01 -0.10523659395366029241491203046122E+00
0.80310640653330315986331817238131E-01 -0.94283361798793151448992486460039E-01
0.75279858024042362658188507719506E-01 -0.83327861951268500789757254979427E-01
0.70266171287401076147922827425590E-01 -0.72370335547785608970904704282178E-01
0.65268820922519463863098856330596E-01 -0.61411039333214934989557958566786E-01
0.60287111805296860801717893898049E-01 -0.50450243806729450997891318260338E-01
0.55320407359913860231797714147343E-01 -0.39488231615124253065126264396794E-01
0.50368124359036633737890224835539E-01 -0.28525296155968673010896360394955E-01
0.45429728287914804902005982012711E-01 -0.17561740359518116593045928249849E-01
0.40504729200271509183465462211251E-01 -0.65978756234343825267527539225567E-02
0.35592678004449856585599966262061E-01 0.43659791214488833254946110878951E-02
0.30693163127114683180432844988226E-01 0.15329498232629119808753210612802E-01
0.25805807509211569078580105205806E-01 0.26292350080176804193846258979594E-01
0.20930265895120721393654177072780E-01 0.37254197686826844820438035916204E-01
0.16066222381212376880863628594649E-01 0.48214699295066110480132189378062E-01
0.11213388194483406371958200500737E-01 0.59173508870726405665264565710700E-01
0.63714996757578601171319490356898E-02 0.70130276551213175629672153160975E-01
0.15403164451826472726186803209555E-02 0.81084649045349832073718672417268E-01
-0.32803802694643351323962214896571E-02 0.92036269990837700408701607714608E-01
-0.80907891587464132935989640063060E-02 0.10298478027450858541324905908138E+00
-0.12891090226851970604177320616662E-01 0.11392981831984638614791482798946E+00
-0.17681446069439072429658963015908E-01 0.12487102034565570645334340733022E+00
-0.22462003045747304072152655146445E-01 0.13580802059924914819160029865028E+00
-0.27232892355342347864096140701719E-01 0.14674045156708756073271515693345E+00
-0.31994231028690307892474333155981E-01 0.15766794416543236235446676797458E+00
-0.36746122839739651907448602474322E-01 0.16859012791325229001593138058969E+00
-0.41488659147796403054053417510294E-01 0.17950663108934309761071659847643E+00
-0.46221919675196201781179149589082E-01 0.19041708087538436060459347861155E+00
-0.50945973226586915760638466471460E-01 0.20132110348644841639997266732217E+00
-0.55660878355033838054421368441420E-01 0.21221832429029472510972698461262E+00
-0.60366683979620332474296456876776E-01 0.22310836791662949300243065829464E+00
-0.65063429958747971994737047664448E-01 0.23399085835737054557392896897623E+00
-0.69751147622917393223744615537825E-01 0.24486541905884122736959859779537E+00
-0.74429860270404566696836788399038E-01 0.25573167300671122172125669111325E+00
-0.79099583628911013312242695877066E-01 0.26658924280441048135074547862984E+00
-0.83760326285976264795773472127273E-01 0.27743775074566420213477606271844E+00
-0.88412090090676004523923498057473E-01 0.28827681888172379125673842543314E+00
-0.93054870528895726938650767373105E-01 0.29910606908380894840825874303268E+00
-0.97688657074259261735877176707491E-01 0.30992512310121974575382461214135E+00
-0.10231343351660200468915191625623E+00 0.32073360261552894187242619691659E+00
-0.10692917826971238571813865793476E+00 0.33153112929122407300845100691785E+00
-0.11153586465991016481175221413897E+00 0.34231732482312745421352556811596E+00
-0.11613346119689460440510207324108E+00 0.35309181098089276372540165976853E+00
-0.12072193182817401099648426018033E+00 0.36385420965084176044638046126709E+00
-0.12530123617827001803229780869354E+00 0.37460414287538345215200569586765E+00
-0.12987132977380122163177905796579E+00 0.38534123289023074080466186489077E+00
-0.13443216425544481839682418508454E+00 0.39606510215960818602467341531551E+00
-0.13898368757770615114458510438256E+00 0.40677537340962941154433743339770E+00
-0.14352584419734130385448727413721E+00 0.41747166965999999184160741196664E+00
-0.14805857525121436305117080502020E+00 0.42815361425419224604661915819959E+00
-0.15258181872430915342599598720938E+00 0.43882083088822021562038735218163E+00
-0.15709550960855588203743572559291E+00 0.44947294363813389022991596522678E+00
-0.16159958005308551846759360063977E+00 0.46010957698633931929293287768455E+00
-0.16609395950647548840526211181507E+00 0.47073035584684162386764501808144E+00
-0.17057857485150691491188745268373E+00 0.48133490558949932585592626057241E+00
-0.17505335053291763966636316367427E+00 0.49192285206337013233417932017451E+00
-0.17951820867859558284340211221505E+00 0.50249382161922158895885992927697E+00
-0.18397306921462728289287794237124E+00 0.51304744113127249951173100209844E+00
-0.18841784997458393472791773818262E+00 0.52358333801822597106744463512441E+00
-0.19285246680340166519443771110584E+00 0.53410114026364975402856165573016E+00
-0.19727683365618637475521585735172E+00 0.54460047643575384647407316877559E+00
-0.20169086269224961558780465855229E+00 0.55508097570661137893056211668806E+00
-0.20609446436466200656539303081285E+00 0.56554226787086535492094574500475E+00
-0.21048754750558974037991913410635E+00 0.57598398336395940209565011576419E+00
-0.21487001940766156332354496435534E+00 0.58640575327992758613969056470399E+00
-0.21924178590159756027720438950158E+00 0.59680720938877617105072152846139E+00
-0.22360275143031483056462536955954E+00 0.60718798415348601810935535029949E+00
-0.22795281911971101956083843958216E+00 0.61754771074666342927502139970340E+00
-0.23229189084631351761089302471822E+00 0.62788602306686368039487549530366E+00
-0.23661986730196946590268181637656E+00 0.63820255575461027609807973828332E+00
-0.24093664805574132913074180876924E+00 0.64849694420813093791616810765300E+00
-0.24524213161316058210531576782757E+00 0.65876882459882883720816211137623E+00
-0.24953621547298368487272518630141E+00 0.66901783388650782135094586842181E+00
-0.25381879618158624145805221277116E+00 0.67924360983436662972424662744541E+00
-0.25808976938511838615416750668346E+00 0.68944579102377731393600003785941E+00
-0.26234902987954411177469478016949E+00 0.69962401686886251724075319035495E+00
-0.26659647165867179928795038199434E+00 0.70977792763088207420681850640171E+00
-0.27083198796028240525525012179319E+00 0.71990716443244294609152233440912E+00
-0.27505547131045370697194526534668E+00 0.73001136927154131592568254248029E+00
-0.27926681356617056976337301417289E+00 0.74009018503544706329763059475876E+00
-0.28346590595631069938360750321490E+00 0.75014325551444039440018782222636E+00
-0.28765263912108523855801507384889E+00 0.76017022541540752054101807759443E+00
-0.29182690315001171070842636790208E+00 0.77017074037530458178778739797616E+00
-0.29598858761849325231342099183416E+00 0.78014444697449578776145745638751E+00
-0.30013758162306874952477208913548E+00 0.79009099274997195617969709620507E+00
-0.30427377381540238146279613888586E+00 0.80001002620845712641107845588214E+00
-0.30839705243506975632316300744999E+00 0.80990119683940628045759535646483E+00
-0.31250730534119962872246776675918E+00 0.81976415512790134742272125837084E+00
-0.31660442004302530518693745366364E+00 0.82959855256744920557877174171340E+00
-0.32068828372939575010048624012192E+00 0.83940404167268553594647683804731E+00
-0.32475878329729556346359448657072E+00 0.84918027599198954015418317040895E+00
-0.32881580537941904250926582170822E+00 0.85892691012001211095723735318348E+00
-0.33285923637084147445209766840518E+00 0.86864359971012146437106381596281E+00
-0.33688896245482857091958137811925E+00 0.87833000148676894243461589232983E+00
-0.34090486962782252424961409605342E+00 0.88798577325777780142625499879453E+00
-0.34490684372364161653549521731518E+00 0.89761057392655786281891720810200E+00
-0.34889477043692767784464265272538E+00 0.90720406350424779972202786324449E+00
-0.35286853534587410094197000322341E+00 0.91676590312178794840629829643983E+00
-0.35682802393426645418562250525439E+00 0.92629575504192491257267916838221E+00
-0.36077312161286413639964225558610E+00 0.93579328267115036835493204103343E+00
-0.36470371374015140468806970494579E+00 0.94525815057157533424848745847528E+00
-0.36861968564248538884156615054330E+00 0.95469002447274153262344348287487E+00
-0.37252092263366456095026349062052E+00 0.96408857128337127785426698880198E+00
-0.37640731003394332253990878257915E+00 0.97345345910305689606385916956407E+00
-0.38027873318851419313933783779711E+00 0.98278435723389131665717741563698E+00
-0.38413507748548040516194096847066E+00 0.99208093619204035308870567078032E+00
-0.38797622837333885217123300099610E+00 0.10013428677192575914189844221085E+01
-0.39180207137799250257559672138776E+00 0.10105698247943432482812350159055E+01
-0.39561249211931256814116034439953E+00 0.10197614816445472452312407221806E+01
-0.39940737632726622343159075197798E+00 0.10289175137569173811906297997885E+01
-0.40318660985762793747859310310518E+00 0.10380375978895929705800337803119E+01
-0.40695007870729095066697362426223E+00 0.10471214120830450584881465612240E+01
-0.41069766902919163064465080067318E+00 0.10561686356712625452626599090696E+01
-0.41442926714686601276308194869391E+00 0.10651789492928865193113026104497E+01
-0.41814475956864654072183144259760E+00 0.10741520349022903082688121692961E+01
-0.42184403300151776692787196167884E+00 0.10830875757806092207310999775016E+01
-0.42552697436464014054109733952089E+00 0.10919852565467162707122193898967E+01
-0.42919347080255504273080486925862E+00 0.11008447631681472736996541123490E+01
-0.43284340969808319283969478664082E+00 0.11096657829719740700200169061831E+01
-0.43647667868492610339796114294294E+00 0.11184480046556257524311222320050E+01
-0.44009316565998278990276460440371E+00 0.11271911182976588886089524475529E+01
-0.44369275879538998956207516853520E+00 0.11358948153684759915430675265006E+01
-0.44727534655029663610283001971973E+00 0.11445587887409927145653592828274E+01
-0.45084081768238145441082528551810E+00 0.11531827327012539716839884988486E+01
-0.45438906125912222371211217015633E+00 0.11617663429589980083434844468763E+01
-0.45791996666882565394856425004720E+00 0.11703093166581698858927167739581E+01
-0.46143342363142445521482095311592E+00 0.11788113523873824012248328098736E+01
-0.46492932220905169549294529361716E+00 0.11872721501903264361496256931505E+01
-0.46840755281639696934422372341648E+00 0.11956914115761291007025671387893E+01
-0.47186800623085372259318143533036E+00 0.12040688395296596147648776582928E+01
-0.47531057360246273045740546498137E+00 0.12124041385217841229468112600155E+01
-0.47873514646365925357631134026182E+00 0.12206970145195677471094170458714E+01
-0.48214161673882973460507286377617E+00 0.12289471749964243815635183611056E+01
-0.48552987675368348901687023069795E+00 0.12371543289422141288776519831239E+01
-0.48889981924444538555174089443751E+00 0.12453181868732878632647934364733E+01
-0.49225133736687539526397357006411E+00 0.12534384608424792175084826486883E+01
-0.49558432470511889649057844671061E+00 0.12615148644490429405303120094238E+01
-0.49889867528039421087894185257810E+00 0.12695471128485402769664176543331E+01
-0.50219428355952091254448837223188E+00 0.12775349227626709421298398344477E+01
-0.50547104446329419574446729655145E+00 0.12854780124890502777906321197103E+01
-0.50872885337470954298208099856201E+00 0.12933761019109336719003567905322E+01
-0.51196760614704159673888785663377E+00 0.13012289125068857250831664899180E+01
-0.51518719911178135758241580392678E+00 0.13090361673603949217437685940170E+01
-0.51838752908643615419752100116195E+00 0.13167975911694337109874822032826E+01
-0.52156849338219533412575390892246E+00 0.13245129102559631819354841739887E+01
-0.52472998981146533041044065398491E+00 0.13321818525753824936771705334699E+01
-0.52787191669527810180389948050816E+00 0.13398041477259223397302678380410E+01
-0.53099417287057575693272342371139E+00 0.13473795269579828170591969791626E+01
-0.53409665769737462068979618681379E+00 0.13549077231834145370035419724082E+01
-0.53717927106581135313285699350082E+00 0.13623884709847432804557138201904E+01
-0.54024191340307535429574095751800E+00 0.13698215066243383332303446239669E+01
-0.54328448568022842136358487536839E+00 0.13772065680535227327222964526824E+01
-0.54630688941891593086102531786814E+00 0.13845433949216266165149490909002E+01
-0.54930902669797116812895526001746E+00 0.13918317285849829330491601098638E+01
-0.55229080015991555273717753545226E+00 0.13990713121158645011559710160033E+01
-0.55525211301735757014643929689258E+00 0.14062618903113632883113288067272E+01
-0.55819286905929197338427131649608E+00 0.14134032097022106839910545565308E+01
-0.56111297265730176847967920313034E+00 0.14204950185615389691590012742418E+01
-0.56401232877166583366894905284228E+00 0.14275370669135832295279496772101E+01
-0.56689084295737256278423004869876E+00 0.14345291065423240135910192481285E+01
-0.56974842137004350074814048207696E+00 0.14414708910000700706456142855798E+01
-0.57258497077176701288330990354836E+00 0.14483621756159807322824262650080E+01
-0.57540039853684518047807906039074E+00 0.14552027175045276150896021764803E+01
-0.57819461265745523569873701824807E+00 0.14619922755738963350793276520919E+01
-0.58096752174922658155019725925623E+00 0.14687306105343260562384379541582E+01
-0.58371903505673622792682675331440E+00 0.14754174849063885463396825094069E+01
-0.58644906245892311072757081490361E+00 0.14820526630292049159936734096207E+01
-0.58915751447442371513441013986044E+00 0.14886359110686007367191432755144E+01
-0.59184430226682945804517559832543E+00 0.14951669970251988439700447995596E+01
-0.59450933764986823401092838372291E+00 0.15016456907424491923528010829197E+01
-0.59715253309251088417299902817702E+00 0.15080717639145963907149467245126E+01
-0.59977380172400395213880607548015E+00 0.15144449900945834620286937748838E+01
-0.60237305733883024803773514830278E+00 0.15207651447018925984499518075483E+01
-0.60495021440159768950531723245980E+00 0.15270320050303223269710405761571E+01
-0.60750518805185904266490365584155E+00 0.15332453502556994085973451573826E+01
-0.61003789410886184853621538062817E+00 0.15394049614435284539661863396991E+01
-0.61254824907623098781361846544706E+00 0.15455106215565746610323917402048E+01
-0.61503617014658462017860032172702E+00 0.15515621154623835951152150871569E+01
-0.61750157520608371198997651262545E+00 0.15575592299407344607340359016024E+01
-0.61994438283891758984746026903595E+00 0.15635017536910285745050282519062E+01
-0.62236451233172484032016942305789E+00 0.15693894773396119478063178354911E+01
-0.62476188367795176473318482756081E+00 0.15752221934470316858615669332115E+01
-0.62713641758214858242689327051963E+00 0.15809996965152263616235008962649E+01
-0.62948803546420409112369414193860E+00 0.15867217829946497680420735287998E+01
-0.63181665946352033325998275915702E+00 0.15923882512913275995540892874035E+01
-0.63412221244312714036603272644834E+00 0.15979989017738473672690154822138E+01
-0.63640461799373812027613189332982E+00 0.16035535367802807737602183643454E+01
-0.63866380043774804504342690565301E+00 0.16090519606250385827503909184970E+01
-0.64089968483317296622555205344247E+00 0.16144939796056574496854433202590E+01
-0.64311219697753363091607054009231E+00 0.16198794020095187552366020425262E+01
-0.64530126341168225037122887809881E+00 0.16252080381204990402142188009959E+01
-0.64746681142357412505701397249625E+00 0.16304797002255517409984370920598E+01
-0.64960876905198416045630663912960E+00 0.16356942026212200601693499722532E+01
-0.65172706509016895141580437816559E+00 0.16408513616200807660693397513626E+01
-0.65382162908947513004487635073952E+00 0.16459509955571184435753786500494E+01
-0.65589239136289446996699933430631E+00 0.16509929247960303316538199132991E+01
-0.65793928298856620616393610457673E+00 0.16559769717354611422340193555457E+01
-0.65996223581322710543058436817632E+00 0.16609029608151678523312823438486E+01
-0.66196118245560982147656219694660E+00 0.16657707185221141853126240310550E+01
-0.66393605630979000194029685228973E+00 0.16705800733964944027278962906575E+01
-0.66588679154848252470407287728112E+00 0.16753308560376865512051244814300E+01
-0.66781332312628731056695254657926E+00 0.16800228991101343566031668873014E+01
-0.66971558678288547500305335563879E+00 0.16846560373491581180568930730746E+01
-0.67159351904618540837771319008524E+00 0.16892301075666942966211040316717E+01
-0.67344705723542026066854069446799E+00 0.16937449486569627415034521278857E+01
-0.67527613946419629147342591483131E+00 0.16982004016020630235423819133766E+01
-0.67708070464349289349691432756017E+00 0.17025963094774977113101576054856E+01
-0.67886069248461483532732437580548E+00 0.17069325174576238816816626933842E+01
-0.68061604350209635275307416129753E+00 0.17112088728210321381376576862998E+01
-0.68234669901655826193361790874183E+00 0.17154252249558524441408617587597E+01
-0.68405260115751780444578801521457E+00 0.17195814253649876052433940156334E+01
-0.68573369286615175347403269314429E+00 0.17236773276712731333506749388530E+01
-0.68738991789801338270023157032282E+00 0.17277127876225639819260712529154E+01
-0.68902122082570274761818779561190E+00 0.17316876630967480799009170051256E+01
-0.69062754704149160042325706004791E+00 0.17356018141066854074157915263686E+01
-0.69220884275990238235049228854758E+00 0.17394551028050740632683755756906E+01
-0.69376505502024191600288737757713E+00 0.17432473934892415460016468430647E+01
-0.69529613168909016193665006045912E+00 0.17469785526058620980976653016563E+01
-0.69680202146274391263819226176898E+00 0.17506484487555996918028203215948E+01
-0.69828267386961593697317527566026E+00 0.17542569526976761374068116626450E+01
-0.69973803927258974243202516078207E+00 0.17578039373543646401028884989999E+01
-0.70116806887133012205962206583308E+00 0.17612892778154082735898629035545E+01
-0.70257271470454969753041253144042E+00 0.17647128513423633577761350433620E+01
-0.70395192965223173055615311203905E+00 0.17680745373728675949296226526716E+01
-0.70530566743780932197365385188459E+00 0.17713742175248326642232484126864E+01
-0.70663388263030122210967023766526E+00 0.17746117756005613415118345700219E+01
-0.70793653064640436588825791174379E+00 0.17777870975907887195464621248088E+01
-0.70921356775254347253618555393908E+00 0.17809000716786475773864262660245E+01
-0.71046495106687768786901471005688E+00 0.17839505882435577305241396806405E+01
-0.71169063856126448413465336831940E+00 0.17869385398650390566530157574898E+01
-0.71289058906318113815520191854171E+00 0.17898638213264482286977881730424E+01
-0.71406476225760361613710989799039E+00 0.17927263296186390390143021118812E+01
-0.71521311868884335452154577084167E+00 0.17955259639435458932272713950552E+01
-0.71633561976234174752229826262995E+00 0.17982626257176906884194104649099E+01
-0.71743222774642284410618707638132E+00 0.18009362185756127209254811771756E+01
-0.71850290577400404680170941225957E+00 0.18035466483732216138733609013983E+01
-0.71954761784426499673649829509819E+00 0.18060938231910730240273113172875E+01
-0.72056632882427509167256385024098E+00 0.18085776533375670570052941733892E+01
-0.72155900445057924051470904068356E+00 0.18109980513520693963873379586440E+01
-0.72252561133074235932106227964276E+00 0.18133549320079547859743408413989E+01
-0.72346611694485261160190231711528E+00 0.18156482123155728900642894467705E+01
-0.72438048964698323287110890706538E+00 0.18178778115251365767111746603107E+01
-0.72526869866661367873419731264389E+00 0.18200436511295319519427267040596E+01
-0.72613071411000927069120996386509E+00 0.18221456548670510449940950624158E+01
-0.72696650696156041256551184160842E+00 0.18241837487240457015735772304482E+01
-0.72777604908508066564455003544580E+00 0.18261578609375039694153618866356E+01
-0.72855931322506421018289999671761E+00 0.18280679219975478243648306496321E+01
-0.72931627300790266806778964465029E+00 0.18299138646498526075708288638948E+01
-0.73004690294306131018884513470177E+00 0.18316956238979881755089764052092E+01
-0.73075117842421477623290852732310E+00 0.18334131370056813053463564877114E+01
-0.73142907573034235401163599497399E+00 0.18350663434989996777178310744414E+01
-0.73208057202678284205468895784911E+00 0.18366551851684569754045225863406E+01
-0.73270564536624918903309781140716E+00 0.18381796060710393218006482615658E+01
-0.73330427468980283193822700412327E+00 0.18396395525321528555564495338598E+01
-0.73387643982778788344919317771625E+00 0.18410349731474922894054044523664E+01
-0.73442212150072507513259336303632E+00 0.18423658187848306096119261592167E+01
-0.73494130132016583235590618661143E+00 0.18436320425857295146682065224687E+01
-0.73543396178950597981109540876289E+00 0.18448335999671709869398804887480E+01
-0.73590008630476012785606519889141E+00 0.18459704486231092957466230784466E+01
-0.73633965915529433463489172124486E+00 0.18470425485259444990401479088607E+01
-0.73675266552452387694925048285640E+00 0.18480498619279146277706510478182E+01
-0.73713909149055688469485580085502E+00 0.18489923533624143162461450833140E+01
-0.73749892402683895839058675832858E+00 0.18498699896452173233071469864417E+01
-0.73783215100264055095445338519416E+00 0.18506827398756677408473899695888E+01
-0.73813876118384041312773377047367E+00 0.18514305754376539763960028405754E+01
-0.73841874423271053037144530932730E+00 0.18521134700008963980887388620343E+01
-0.73859060204908788305761183391043E+00 0.18525326427425984459476708051420E+01
-0.73875061879512422957166007646399E+00 0.18529229355255466800835667403123E+01
-0.73889879207289251135667955245446E+00 0.18532843422422817189573077197732E+01
-0.73903511966186473640800233053321E+00 0.18536168572373844300129685618269E+01
-0.73915959951899878119122143589063E+00 0.18539204753075456506144513836791E+01
-0.73927815783526030173005403392140E+00 0.18542096508363663125462810384468E+01
-0.73939672207504460863738698268511E+00 0.18544988414505411440983218163432E+01
-0.73951529223857419657489951674139E+00 0.18547880471505408107104973276789E+01
-0.73963386832611319533205945492811E+00 0.18550772679368189144340421236156E+01
-0.73975245033779583284949825008658E+00 0.18553665038098823206655450204242E+01
-0.73963386832611319533205945492811E+00 0.18550772679368189144340421236156E+01
-0.73951529223857419657489951674139E+00 0.18547880471505408107104973276789E+01
-0.73939672207504460863738698268511E+00 0.18544988414505411440983218163432E+01
-0.73927815783526030173005403392140E+00 0.18542096508363663125462810384468E+01
-0.73915959951899878119122143589063E+00 0.18539204753075456506144513836791E+01
-0.73903511966186473640800233053321E+00 0.18536168572373844300129685618269E+01
-0.73889879207289251135667955245446E+00 0.18532843422422817189573077197732E+01
-0.73875061879512422957166007646399E+00 0.18529229355255466800835667403123E+01
-0.73859060204908788305761183391043E+00 0.18525326427425984459476708051420E+01
-0.73841874423271053037144530932730E+00 0.18521134700008963980887388620343E+01
-0.73813876118384041312773377047367E+00 0.18514305754376539763960028405754E+01
-0.73783215100264055095445338519416E+00 0.18506827398756677408473899695888E+01
-0.73749892402683895839058675832858E+00 0.18498699896452173233071469864417E+01
-0.73713909149055688469485580085502E+00 0.18489923533624143162461450833140E+01
-0.73675266552452387694925048285640E+00 0.18480498619279146277706510478182E+01
-0.73633965915529433463489172124486E+00 0.18470425485259444990401479088607E+01
-0.73590008630476012785606519889141E+00 0.18459704486231092957466230784466E+01
-0.73543396178950597981109540876289E+00 0.18448335999671709869398804887480E+01
-0.73494130132016583235590618661143E+00 0.18436320425857295146682065224687E+01
-0.73442212150072507513259336303632E+00 0.18423658187848306096119261592167E+01
-0.73387643982778788344919317771625E+00 0.18410349731474922894054044523664E+01
-0.73330427468980283193822700412327E+00 0.18396395525321528555564495338598E+01
-0.73270564536624918903309781140716E+00 0.18381796060710393218006482615658E+01
-0.73208057202678284205468895784911E+00 0.18366551851684569754045225863406E+01
-0.73142907573034235401163599497399E+00 0.18350663434989996777178310744414E+01
-0.73075117842421477623290852732310E+00 0.18334131370056813053463564877114E+01
-0.73004690294306131018884513470177E+00 0.18316956238979881755089764052092E+01
-0.72931627300790266806778964465029E+00 0.18299138646498526075708288638948E+01
-0.72855931322506421018289999671761E+00 0.18280679219975478243648306496321E+01
-0.72777604908508066564455003544580E+00 0.18261578609375039694153618866356E+01
-0.72696650696156041256551184160842E+00 0.18241837487240457015735772304482E+01
-0.72613071411000927069120996386509E+00 0.18221456548670510449940950624158E+01
-0.72526869866661367873419731264389E+00 0.18200436511295319519427267040596E+01
-0.72438048964698323287110890706538E+00 0.18178778115251365767111746603107E+01
-0.72346611694485261160190231711528E+00 0.18156482123155728900642894467705E+01
-0.72252561133074235932106227964276E+00 0.18133549320079547859743408413989E+01
-0.72155900445057924051470904068356E+00 0.18109980513520693963873379586440E+01
-0.72056632882427509167256385024098E+00 0.18085776533375670570052941733892E+01
-0.71954761784426499673649829509819E+00 0.18060938231910730240273113172875E+01
-0.71850290577400404680170941225957E+00 0.18035466483732216138733609013983E+01
-0.71743222774642284410618707638132E+00 0.18009362185756127209254811771756E+01
-0.71633561976234174752229826262995E+00 0.17982626257176906884194104649099E+01
-0.71521311868884335452154577084167E+00 0.17955259639435458932272713950552E+01
-0.71406476225760361613710989799039E+00 0.17927263296186390390143021118812E+01
-0.71289058906318113815520191854171E+00 0.17898638213264482286977881730424E+01
-0.71169063856126448413465336831940E+00 0.17869385398650390566530157574898E+01
-0.71046495106687768786901471005688E+00 0.17839505882435577305241396806405E+01
-0.70921356775254347253618555393908E+00 0.17809000716786475773864262660245E+01
-0.70793653064640436588825791174379E+00 0.17777870975907887195464621248088E+01
-0.70663388263030122210967023766526E+00 0.17746117756005613415118345700219E+01
-0.70530566743780932197365385188459E+00 0.17713742175248326642232484126864E+01
-0.70395192965223173055615311203905E+00 0.17680745373728675949296226526716E+01
-0.70257271470454969753041253144042E+00 0.17647128513423633577761350433620E+01
-0.70116806887133012205962206583308E+00 0.17612892778154082735898629035545E+01
-0.69973803927258974243202516078207E+00 0.17578039373543646401028884989999E+01
-0.69828267386961593697317527566026E+00 0.17542569526976761374068116626450E+01
-0.69680202146274391263819226176898E+00 0.17506484487555996918028203215948E+01
-0.69529613168909016193665006045912E+00 0.17469785526058620980976653016563E+01
-0.69376505502024191600288737757713E+00 0.17432473934892415460016468430647E+01
-0.69220884275990238235049228854758E+00 0.17394551028050740632683755756906E+01
-0.69062754704149160042325706004791E+00 0.17356018141066854074157915263686E+01
-0.68902122082570274761818779561190E+00 0.17316876630967480799009170051256E+01
-0.68738991789801338270023157032282E+00 0.17277127876225639819260712529154E+01
-0.68573369286615175347403269314429E+00 0.17236773276712731333506749388530E+01
-0.68405260115751780444578801521457E+00 0.17195814253649876052433940156334E+01
-0.68234669901655826193361790874183E+00 0.17154252249558524441408617587597E+01
-0.68061604350209635275307416129753E+00 0.17112088728210321381376576862998E+01
-0.67886069248461483532732437580548E+00 0.17069325174576238816816626933842E+01
-0.67708070464349289349691432756017E+00 0.17025963094774977113101576054856E+01
-0.67527613946419629147342591483131E+00 0.16982004016020630235423819133766E+01
-0.67344705723542026066854069446799E+00 0.16937449486569627415034521278857E+01
-0.67159351904618540837771319008524E+00 0.16892301075666942966211040316717E+01
-0.66971558678288547500305335563879E+00 0.16846560373491581180568930730746E+01
-0.66781332312628731056695254657926E+00 0.16800228991101343566031668873014E+01
-0.66588679154848252470407287728112E+00 0.16753308560376865512051244814300E+01
-0.66393605630979000194029685228973E+00 0.16705800733964944027278962906575E+01
-0.66196118245560982147656219694660E+00 0.16657707185221141853126240310550E+01
-0.65996223581322710543058436817632E+00 0.16609029608151678523312823438486E+01
-0.65793928298856620616393610457673E+00 0.16559769717354611422340193555457E+01
-0.65589239136289446996699933430631E+00 0.16509929247960303316538199132991E+01
-0.65382162908947513004487635073952E+00 0.16459509955571184435753786500494E+01
-0.65172706509016895141580437816559E+00 0.16408513616200807660693397513626E+01
-0.64960876905198416045630663912960E+00 0.16356942026212200601693499722532E+01
-0.64746681142357412505701397249625E+00 0.16304797002255517409984370920598E+01
-0.64530126341168225037122887809881E+00 0.16252080381204990402142188009959E+01
-0.64311219697753363091607054009231E+00 0.16198794020095187552366020425262E+01
-0.64089968483317296622555205344247E+00 0.16144939796056574496854433202590E+01
-0.63866380043774804504342690565301E+00 0.16090519606250385827503909184970E+01
-0.63640461799373812027613189332982E+00 0.16035535367802807737602183643454E+01
-0.63412221244312714036603272644834E+00 0.15979989017738473672690154822138E+01
-0.63181665946352033325998275915702E+00 0.15923882512913275995540892874035E+01
-0.62948803546420409112369414193860E+00 0.15867217829946497680420735287998E+01
-0.62713641758214858242689327051963E+00 0.15809996965152263616235008962649E+01
-0.62476188367795176473318482756081E+00 0.15752221934470316858615669332115E+01
-0.62236451233172484032016942305789E+00 0.15693894773396119478063178354911E+01
-0.61994438283891758984746026903595E+00 0.15635017536910285745050282519062E+01
-0.61750157520608371198997651262545E+00 0.15575592299407344607340359016024E+01
-0.61503617014658462017860032172702E+00 0.15515621154623835951152150871569E+01
-0.61254824907623098781361846544706E+00 0.15455106215565746610323917402048E+01
-0.61003789410886184853621538062817E+00 0.15394049614435284539661863396991E+01
-0.60750518805185904266490365584155E+00 0.15332453502556994085973451573826E+01
-0.60495021440159768950531723245980E+00 0.15270320050303223269710405761571E+01
-0.60237305733883024803773514830278E+00 0.15207651447018925984499518075483E+01
-0.59977380172400395213880607548015E+00 0.15144449900945834620286937748838E+01
-0.59715253309251088417299902817702E+00 0.15080717639145963907149467245126E+01
-0.59450933764986823401092838372291E+00 0.15016456907424491923528010829197E+01
-0.59184430226682945804517559832543E+00 0.14951669970251988439700447995596E+01
-0.58915751447442371513441013986044E+00 0.14886359110686007367191432755144E+01
-0.58644906245892311072757081490361E+00 0.14820526630292049159936734096207E+01
-0.58371903505673622792682675331440E+00 0.14754174849063885463396825094069E+01
-0.58096752174922658155019725925623E+00 0.14687306105343260562384379541582E+01
-0.57819461265745523569873701824807E+00 0.14619922755738963350793276520919E+01
-0.57540039853684518047807906039074E+00 0.14552027175045276150896021764803E+01
-0.57258497077176701288330990354836E+00 0.14483621756159807322824262650080E+01
-0.56974842137004350074814048207696E+00 0.14414708910000700706456142855798E+01
-0.56689084295737256278423004869876E+00 0.14345291065423240135910192481285E+01
-0.56401232877166583366894905284228E+00 0.14275370669135832295279496772101E+01
-0.56111297265730176847967920313034E+00 0.14204950185615389691590012742418E+01
-0.55819286905929197338427131649608E+00 0.14134032097022106839910545565308E+01
-0.55525211301735757014643929689258E+00 0.14062618903113632883113288067272E+01
-0.55229080015991555273717753545226E+00 0.13990713121158645011559710160033E+01
-0.54930902669797116812895526001746E+00 0.13918317285849829330491601098638E+01
-0.54630688941891593086102531786814E+00 0.13845433949216266165149490909002E+01
-0.54328448568022842136358487536839E+00 0.13772065680535227327222964526824E+01
-0.54024191340307535429574095751800E+00 0.13698215066243383332303446239669E+01
-0.53717927106581135313285699350082E+00 0.13623884709847432804557138201904E+01
-0.53409665769737462068979618681379E+00 0.13549077231834145370035419724082E+01
-0.53099417287057575693272342371139E+00 0.13473795269579828170591969791626E+01
-0.52787191669527810180389948050816E+00 0.13398041477259223397302678380410E+01
-0.52472998981146533041044065398491E+00 0.13321818525753824936771705334699E+01
-0.52156849338219533412575390892246E+00 0.13245129102559631819354841739887E+01
-0.51838752908643615419752100116195E+00 0.13167975911694337109874822032826E+01
-0.51518719911178135758241580392678E+00 0.13090361673603949217437685940170E+01
-0.51196760614704159673888785663377E+00 0.13012289125068857250831664899180E+01
-0.50872885337470954298208099856201E+00 0.12933761019109336719003567905322E+01
-0.50547104446329419574446729655145E+00 0.12854780124890502777906321197103E+01
-0.50219428355952091254448837223188E+00 0.12775349227626709421298398344477E+01
-0.49889867528039421087894185257810E+00 0.12695471128485402769664176543331E+01
-0.49558432470511889649057844671061E+00 0.12615148644490429405303120094238E+01
-0.49225133736687539526397357006411E+00 0.12534384608424792175084826486883E+01
-0.48889981924444538555174089443751E+00 0.12453181868732878632647934364733E+01
-0.48552987675368348901687023069795E+00 0.12371543289422141288776519831239E+01
-0.48214161673882973460507286377617E+00 0.12289471749964243815635183611056E+01
-0.47873514646365925357631134026182E+00 0.12206970145195677471094170458714E+01
-0.47531057360246273045740546498137E+00 0.12124041385217841229468112600155E+01
-0.47186800623085372259318143533036E+00 0.12040688395296596147648776582928E+01
-0.46840755281639696934422372341648E+00 0.11956914115761291007025671387893E+01
-0.46492932220905169549294529361716E+00 0.11872721501903264361496256931505E+01
-0.46143342363142445521482095311592E+00 0.11788113523873824012248328098736E+01
-0.45791996666882565394856425004720E+00 0.11703093166581698858927167739581E+01
-0.45438906125912222371211217015633E+00 0.11617663429589980083434844468763E+01
-0.45084081768238145441082528551810E+00 0.11531827327012539716839884988486E+01
-0.44727534655029663610283001971973E+00 0.11445587887409927145653592828274E+01
-0.44369275879538998956207516853520E+00 0.11358948153684759915430675265006E+01
-0.44009316565998278990276460440371E+00 0.11271911182976588886089524475529E+01
-0.43647667868492610339796114294294E+00 0.11184480046556257524311222320050E+01
-0.43284340969808319283969478664082E+00 0.11096657829719740700200169061831E+01
-0.42919347080255504273080486925862E+00 0.11008447631681472736996541123490E+01
-0.42552697436464014054109733952089E+00 0.10919852565467162707122193898967E+01
-0.42184403300151776692787196167884E+00 0.10830875757806092207310999775016E+01
-0.41814475956864654072183144259760E+00 0.10741520349022903082688121692961E+01
-0.41442926714686601276308194869391E+00 0.10651789492928865193113026104497E+01
-0.41069766902919163064465080067318E+00 0.10561686356712625452626599090696E+01
-0.40695007870729095066697362426223E+00 0.10471214120830450584881465612240E+01
-0.40318660985762793747859310310518E+00 0.10380375978895929705800337803119E+01
-0.39940737632726622343159075197798E+00 0.10289175137569173811906297997885E+01
-0.39561249211931256814116034439953E+00 0.10197614816445472452312407221806E+01
-0.39180207137799250257559672138776E+00 0.10105698247943432482812350159055E+01
-0.38797622837333885217123300099610E+00 0.10013428677192575914189844221085E+01
-0.38413507748548040516194096847066E+00 0.99208093619204035308870567078032E+00
-0.38027873318851419313933783779711E+00 0.98278435723389131665717741563698E+00
-0.37640731003394332253990878257915E+00 0.97345345910305689606385916956407E+00
-0.37252092263366456095026349062052E+00 0.96408857128337127785426698880198E+00
-0.36861968564248538884156615054330E+00 0.95469002447274153262344348287487E+00
-0.36470371374015140468806970494579E+00 0.94525815057157533424848745847528E+00
-0.36077312161286413639964225558610E+00 0.93579328267115036835493204103343E+00
-0.35682802393426645418562250525439E+00 0.92629575504192491257267916838221E+00
-0.35286853534587410094197000322341E+00 0.91676590312178794840629829643983E+00
-0.34889477043692767784464265272538E+00 0.90720406350424779972202786324449E+00
-0.34490684372364161653549521731518E+00 0.89761057392655786281891720810200E+00
-0.34090486962782252424961409605342E+00 0.88798577325777780142625499879453E+00
-0.33688896245482857091958137811925E+00 0.87833000148676894243461589232983E+00
-0.33285923637084147445209766840518E+00 0.86864359971012146437106381596281E+00
-0.32881580537941904250926582170822E+00 0.85892691012001211095723735318348E+00
-0.32475878329729556346359448657072E+00 0.84918027599198954015418317040895E+00
-0.32068828372939575010048624012192E+00 0.83940404167268553594647683804731E+00
-0.31660442004302530518693745366364E+00 0.82959855256744920557877174171340E+00
-0.31250730534119962872246776675918E+00 0.81976415512790134742272125837084E+00
-0.30839705243506975632316300744999E+00 0.80990119683940628045759535646483E+00
-0.30427377381540238146279613888586E+00 0.80001002620845712641107845588214E+00
-0.30013758162306874952477208913548E+00 0.79009099274997195617969709620507E+00
-0.29598858761849325231342099183416E+00 0.78014444697449578776145745638751E+00
-0.29182690315001171070842636790208E+00 0.77017074037530458178778739797616E+00
-0.28765263912108523855801507384889E+00 0.76017022541540752054101807759443E+00
-0.28346590595631069938360750321490E+00 0.75014325551444039440018782222636E+00
-0.27926681356617056976337301417289E+00 0.74009018503544706329763059475876E+00
-0.27505547131045370697194526534668E+00 0.73001136927154131592568254248029E+00
-0.27083198796028240525525012179319E+00 0.71990716443244294609152233440912E+00
-0.26659647165867179928795038199434E+00 0.70977792763088207420681850640171E+00
-0.26234902987954411177469478016949E+00 0.69962401686886251724075319035495E+00
-0.25808976938511838615416750668346E+00 0.68944579102377731393600003785941E+00
-0.25381879618158624145805221277116E+00 0.67924360983436662972424662744541E+00
-0.24953621547298368487272518630141E+00 0.66901783388650782135094586842181E+00
-0.24524213161316058210531576782757E+00 0.65876882459882883720816211137623E+00
-0.24093664805574132913074180876924E+00 0.64849694420813093791616810765300E+00
-0.23661986730196946590268181637656E+00 0.63820255575461027609807973828332E+00
-0.23229189084631351761089302471822E+00 0.62788602306686368039487549530366E+00
-0.22795281911971101956083843958216E+00 0.61754771074666342927502139970340E+00
-0.22360275143031483056462536955954E+00 0.60718798415348601810935535029949E+00
-0.21924178590159756027720438950158E+00 0.59680720938877617105072152846139E+00
-0.21487001940766156332354496435534E+00 0.58640575327992758613969056470399E+00
-0.21048754750558974037991913410635E+00 0.57598398336395940209565011576419E+00
-0.20609446436466200656539303081285E+00 0.56554226787086535492094574500475E+00
-0.20169086269224961558780465855229E+00 0.55508097570661137893056211668806E+00
-0.19727683365618637475521585735172E+00 0.54460047643575384647407316877559E+00
-0.19285246680340166519443771110584E+00 0.53410114026364975402856165573016E+00
-0.18841784997458393472791773818262E+00 0.52358333801822597106744463512441E+00
-0.18397306921462728289287794237124E+00 0.51304744113127249951173100209844E+00
-0.17951820867859558284340211221505E+00 0.50249382161922158895885992927697E+00
-0.17505335053291763966636316367427E+00 0.49192285206337013233417932017451E+00
-0.17057857485150691491188745268373E+00 0.48133490558949932585592626057241E+00
-0.16609395950647548840526211181507E+00 0.47073035584684162386764501808144E+00
-0.16159958005308551846759360063977E+00 0.46010957698633931929293287768455E+00
-0.15709550960855588203743572559291E+00 0.44947294363813389022991596522678E+00
-0.15258181872430915342599598720938E+00 0.43882083088822021562038735218163E+00
-0.14805857525121436305117080502020E+00 0.42815361425419224604661915819959E+00
-0.14352584419734130385448727413721E+00 0.41747166965999999184160741196664E+00
-0.13898368757770615114458510438256E+00 0.40677537340962941154433743339770E+00
-0.13443216425544481839682418508454E+00 0.39606510215960818602467341531551E+00
-0.12987132977380122163177905796579E+00 0.38534123289023074080466186489077E+00
-0.12530123617827001803229780869354E+00 0.37460414287538345215200569586765E+00
-0.12072193182817401099648426018033E+00 0.36385420965084176044638046126709E+00
-0.11613346119689460440510207324108E+00 0.35309181098089276372540165976853E+00
-0.11153586465991016481175221413897E+00 0.34231732482312745421352556811596E+00
-0.10692917826971238571813865793476E+00 0.33153112929122407300845100691785E+00
-0.10231343351660200468915191625623E+00 0.32073360261552894187242619691659E+00
-0.97688657074259261735877176707491E-01 0.30992512310121974575382461214135E+00
-0.93054870528895726938650767373105E-01 0.29910606908380894840825874303268E+00
-0.88412090090676004523923498057473E-01 0.28827681888172379125673842543314E+00
-0.83760326285976264795773472127273E-01 0.27743775074566420213477606271844E+00
-0.79099583628911013312242695877066E-01 0.26658924280441048135074547862984E+00
-0.74429860270404566696836788399038E-01 0.25573167300671122172125669111325E+00
-0.69751147622917393223744615537825E-01 0.24486541905884122736959859779537E+00
-0.65063429958747971994737047664448E-01 0.23399085835737054557392896897623E+00
-0.60366683979620332474296456876776E-01 0.22310836791662949300243065829464E+00
-0.55660878355033838054421368441420E-01 0.21221832429029472510972698461262E+00
-0.50945973226586915760638466471460E-01 0.20132110348644841639997266732217E+00
-0.46221919675196201781179149589082E-01 0.19041708087538436060459347861155E+00
-0.41488659147796403054053417510294E-01 0.17950663108934309761071659847643E+00
-0.36746122839739651907448602474322E-01 0.16859012791325229001593138058969E+00
-0.31994231028690307892474333155981E-01 0.15766794416543236235446676797458E+00
-0.27232892355342347864096140701719E-01 0.14674045156708756073271515693345E+00
-0.22462003045747304072152655146445E-01 0.13580802059924914819160029865028E+00
-0.17681446069439072429658963015908E-01 0.12487102034565570645334340733022E+00
-0.12891090226851970604177320616662E-01 0.11392981831984638614791482798946E+00
-0.80907891587464132935989640063060E-02 0.10298478027450858541324905908138E+00
-0.32803802694643351323962214896571E-02 0.92036269990837700408701607714608E-01
0.15403164451826472726186803209555E-02 0.81084649045349832073718672417268E-01
0.63714996757578601171319490356898E-02 0.70130276551213175629672153160975E-01
0.11213388194483406371958200500737E-01 0.59173508870726405665264565710700E-01
0.16066222381212376880863628594649E-01 0.48214699295066110480132189378062E-01
0.20930265895120721393654177072780E-01 0.37254197686826844820438035916204E-01
0.25805807509211569078580105205806E-01 0.26292350080176804193846258979594E-01
0.30693163127114683180432844988226E-01 0.15329498232629119808753210612802E-01
0.35592678004449856585599966262061E-01 0.43659791214488833254946110878951E-02
0.40504729200271509183465462211251E-01 -0.65978756234343825267527539225567E-02
0.45429728287914804902005982012711E-01 -0.17561740359518116593045928249849E-01
0.50368124359036633737890224835539E-01 -0.28525296155968673010896360394955E-01
0.55320407359913860231797714147343E-01 -0.39488231615124253065126264396794E-01
0.60287111805296860801717893898049E-01 -0.50450243806729450997891318260338E-01
0.65268820922519463863098856330596E-01 -0.61411039333214934989557958566786E-01
0.70266171287401076147922827425590E-01 -0.72370335547785608970904704282178E-01
0.75279858024042362658188507719506E-01 -0.83327861951268500789757254979427E-01
0.80310640653330315986331817238131E-01 -0.94283361798793151448992486460039E-01
0.85359349690322839336753756291301E-01 -0.10523659395366029241491203046122E+00
0.90426894109318697523818968509100E-01 -0.11618733503350076271546138921382E+00
0.95514269818155548066168195748355E-01 -0.12713538190343336805757973205808E+00
0.10062256931116231085958187601694E+00 -0.13808055458289834077307068500405E+00
0.10575299270458439472304375419794E+00 -0.14902269964784420264923788517824E+00
0.11090686040097546722671776771915E+00 -0.15996169422886944716001997659761E+00
0.11608562768233497949328868801229E+00 -0.17089745072992564645116070890194E+00
0.12129090159876443295223896333522E+00 -0.18182992242287480641032092406271E+00
0.12652446060423699947328150554284E+00 -0.19275911011268481963198780820269E+00
0.13178827749931247954147750430418E+00 -0.20368507011927179492648883594959E+00
0.13708454637987316916904691944974E+00 -0.21460792388899668869799464297119E+00
0.14241571447167227948418526214533E+00 -0.22552786963722714577076853968053E+00
0.14778451996727348126013631650740E+00 -0.23644519654113613277047114420716E+00
0.15319403729538130206114086611059E+00 -0.24736030216039087192430382654577E+00
0.15864773167205839306884118006369E+00 -0.25827371397901978302921979348418E+00
0.16414952535157774342250945892168E+00 -0.26918611625867938613299664608515E+00
0.16970387877463057432397363106334E+00 -0.28009838380770638510739163382757E+00
0.17531589089777702188683277803055E+00 -0.29101162485617672869043299136376E+00
0.18099142452512061210979104466268E+00 -0.30192723606846864819101238177972E+00
0.18673726467819750916494315559410E+00 -0.31284697395272253517158108158764E+00
0.19256132129979173041292712453077E+00 -0.32377304874956241889350759278900E+00
0.19847289251005665015894538918833E+00 -0.33470824963373138201200034715249E+00
0.20448301234156769865702682698991E+00 -0.34565611425834710795251332435223E+00
0.21060491979851004020805797553807E+00 -0.35662116193337325653426647264865E+00
0.21685471276379741410481155798192E+00 -0.36760921669451909074050322740832E+00
0.22325243357278142520835849890124E+00 -0.37862777648926891552259351424767E+00
0.23115835317627555098713319632059E+00 -0.39190606637525679627099781018795E+00
0.23937081929997517294648827895833E+00 -0.40526745424240405655906321117452E+00
0.24796749515104268423543029686840E+00 -0.41875018899682052610075779548714E+00
0.25706575515702368327977272467364E+00 -0.43241306113165869743323261213773E+00
0.26685000836025158098848612457841E+00 -0.44635790265484416887274944344823E+00
0.27705755980145504529359465035935E+00 -0.46001451208383281726968085535939E+00
0.28726482254469376195425305507713E+00 -0.47269404556642354782948739248615E+00
0.29750009078452800711382969308780E+00 -0.48438283537138720927576400261242E+00
0.30771961379588079223338443462857E+00 -0.49514774889280788445438651564052E+00
0.31828743834161372708079576809958E+00 -0.50465674417844786791439837895861E+00
0.31601519736396149262112294425751E+00 -0.51865822984162306708002406102365E+00
0.31457938258967524225034003855162E+00 -0.53333638748776892660949853785948E+00
0.31383700352831066446047578613058E+00 -0.54869050771082843302148310325422E+00
0.31377254267098577879138546413269E+00 -0.56472101629078437341101408240112E+00
0.31433047157311565456272878887486E+00 -0.58141968725031425206602469742089E+00
0.31541149621040445261108503515247E+00 -0.59799221472630899939664070512315E+00
0.31685680720531070152642193410621E+00 -0.61384847852131984934875833949384E+00
0.31858020276940583379842780754810E+00 -0.62918510533347663502457955958294E+00
0.32052467925045043985220414054021E+00 -0.64412259770507628148064349078468E+00
0.32264947876338524446896353790429E+00 -0.65874066608237422987978206173822E+00
0.32453710958790069905588961448812E+00 -0.67071879561095481774349722154745E+00
0.32651417275766713880624188259252E+00 -0.68253797352980110499294733322638E+00
0.32857088818569347493726391359976E+00 -0.69421665255502459546527318440103E+00
0.33069743435083328840205042956287E+00 -0.70576981417790689728851020089125E+00
0.33288604789116269548630260217972E+00 -0.71720950095640035752311326649576E+00
0.33512991634508529195192822682449E+00 -0.72854562091265366772433764168425E+00
0.33742321820156424799542111273390E+00 -0.73978637884722415332439786456976E+00
0.33976086652010347210625356435642E+00 -0.75093864576156374755335954007263E+00
0.34213840498774373841097840782800E+00 -0.76200821853084292091487008519740E+00
0.34455189521106778878163716850386E+00 -0.77300002410096981779942173480115E+00
0.34699783733048295919304137631797E+00 -0.78391827554514075449852852731747E+00
0.34947310278529099967137100178282E+00 -0.79476659516479173784754750322347E+00
0.35197488076175627013744614640009E+00 -0.80554811194608216879379985813655E+00
0.35450063387847333768934530723030E+00 -0.81626553979766259211328078262869E+00
0.35704806162251479612764026378778E+00 -0.82692124087449862482004552187300E+00
0.35961506980426512243675725646790E+00 -0.83751727731164251848311655039068E+00
0.36219974490225621296482741661777E+00 -0.84805545381966903208087573155616E+00
0.36480033235728436446755335578883E+00 -0.85853735301955471803217188532654E+00
0.36741521810071211621955828392481E+00 -0.86896436495425490337708963766864E+00
0.37004291274460167875735474008950E+00 -0.87933771189354803430956883911388E+00
0.37268203797970562192524594431216E+00 -0.88965846930571565742177499587462E+00
0.37533131481571148404597315401060E+00 -0.89992758368598807178025791425142E+00
0.37798955336800541056183360149156E+00 -0.91014588779076711708384798738582E+00
0.38065564394978431552319097531353E+00 -0.92031411371781714554379302979764E+00
0.38332854927167215744063247580160E+00 -0.93043290418778633100657521716773E+00
0.38600729758552715645094707772179E+00 -0.94050282231581033123404180019212E+00
0.38869097663687215895005322892541E+00 -0.95052436010925413577524217102300E+00
0.39137872831281532837252721063861E+00 -0.96049794588567851027998756651522E+00
0.39406974389057170968998978349343E+00 -0.97042395077147114686903676905809E+00
0.39676325980662570589757959153366E+00 -0.98030269441444906502597236731887E+00
0.39945855387884997097530187967566E+00 -0.99013445002172711062299493186486E+00
0.40215494192404683404470630885307E+00 -0.99991944881619869416068007649388E+00
0.40485177472180892942284546638591E+00 -0.10096578839902585022518810914077E+01
0.40754843528263212449810315355800E+00 -0.10193499142232748587697463540993E+01
0.41024433638411054642563684332549E+00 -0.10289956668192888532391539990192E+01
0.41293891834400710194281596624895E+00 -0.10385952405130768576046687281659E+01
0.41563164700318585023472828779197E+00 -0.10481487079857510941167192766561E+01
0.41832201189494961623663514913741E+00 -0.10576561181252406952430920382175E+01
0.42100952458035332425383424685097E+00 -0.10671174980620837431801258812104E+01
0.42369371713164954450028299296410E+00 -0.10765328550068187935817692862880E+01
0.42637414074823702566517392315478E+00 -0.10859021779117478201634544564281E+01
0.42905036449138906819369234401413E+00 -0.10952254389768595563812781431379E+01
0.43172197412567881344773310681220E+00 -0.11045025950171524614755183050983E+01
0.43438857105643955106005268444982E+00 -0.11137335887064150629017161064792E+01
0.43704977135382848321034312811676E+00 -0.11229183497106547187482460588654E+01
0.43970520485513190760625175835859E+00 -0.11320567957227509848858982137364E+01
0.44235451433788414752579955709812E+00 -0.11411488334085222581121581750690E+01
0.44499735475718548227164614627282E+00 -0.11501943592731938857647867231867E+01
0.44763339254132029730414402143223E+00 -0.11591932604562056648432586745061E+01
0.45026230494040021966220629496569E+00 -0.11681454154614000378938679963601E+01
0.45288377942331264765174266721957E+00 -0.11770506948288292938435792454164E+01
0.45549751311873549254205231487610E+00 -0.11859089617537389214352850946971E+01
0.45810321229641368314586240735898E+00 -0.11947200726576737024897066525136E+01
0.46070059188526906405819124899938E+00 -0.12034838777161219551592882712289E+01
0.46328937502525533226725763424018E+00 -0.12122002213466501040260098547724E+01
0.46586929265016622218831319700281E+00 -0.12208689426610628378845772068339E+01
0.46844008309887443524800660896698E+00 -0.12294898758847650944560115705842E+01
0.47100149175271560322231505020208E+00 -0.12380628507461784612285740178010E+01
0.47355327069694338035790586954667E+00 -0.12465876928387799763025457932815E+01
0.47609517840437241517572337891526E+00 -0.12550642239580790959272557361129E+01
0.47862697943949631800274602851906E+00 -0.12634922624156220153687656681123E+01
0.48114844418152027828204113879359E+00 -0.12718716233319155724162488590692E+01
0.48365934856488569943680251111849E+00 -0.12802021189099793372720978887083E+01
0.48615947383598721672595484524170E+00 -0.12884835586910793466250288197113E+01
0.48864860632489510551206757624355E+00 -0.12967157497940512539257115974221E+01
0.49112653723099525011896658365848E+00 -0.13048984971394935737846225991851E+01
0.49359306242155180064440796436856E+00 -0.13130316036599958511760019899427E+01
0.49604798224227772941513509764293E+00 -0.13211148704974644626370473871771E+01
0.49849110133907442552593774362689E+00 -0.13291480971885141237659292189920E+01
0.50092222849016999278494735337377E+00 -0.13371310818388109200706494951935E+01
0.50334117644794516476377878639610E+00 -0.13450636212871750747455129835066E+01
0.50574776178979343000893701818202E+00 -0.13529455112601852719007286932528E+01
0.50814180477741307194377622988966E+00 -0.13607765465179625012441806487086E+01
0.51052312922397397095925818532296E+00 -0.13685565209917568301948747879233E+01
0.51289156236864503719686945304173E+00 -0.13762852279139088511574129886063E+01
0.51524693475800779328913330109895E+00 -0.13839624599407112780175789086946E+01
0.51758908013391515540824489638080E+00 -0.13915880092686541975270433968172E+01
0.51991783532738916918309113763379E+00 -0.13991616677445007001609904515244E+01
0.52223304015817847758266675489282E+00 -0.14066832269696016393323778275183E+01
0.52453453733962648247092841120011E+00 -0.14141524783988299458076985248262E+01
0.52682217238852359623893713389315E+00 -0.14215692134344837395092521416540E+01
0.52909579353964209210206378583913E+00 -0.14289332235154818180587094552064E+01
0.53135525166467145613892372973570E+00 -0.14362443002021506373532040232698E+01
0.53360040019529249515491182918164E+00 -0.14435022352568793865485188056366E+01
0.53583109505014712995845954513844E+00 -0.14507068207209012360837815540449E+01
0.53804719456547561761397547517054E+00 -0.14578578489874364116661604281757E+01
0.54024855942920953950941164142754E+00 -0.14649551128714203517775675731115E+01
0.54243505261832254591365447468467E+00 -0.14719984056760206639263059120426E+01
0.54460653933925382644878282939085E+00 -0.14789875212561331881051572485990E+01
0.54676288697123255448519935794646E+00 -0.14859222540790366604932438860540E+01
0.54890396501233908745481879036798E+00 -0.14928023992823677847960830472031E+01
0.55102964502815536529350793847569E+00 -0.14996277527295735944677908398803E+01
0.55313980060285891897221767330250E+00 -0.15063981110629822529257296186048E+01
0.55523430729263090628466293891957E+00 -0.15131132717546264938853695808209E+01
0.55731304258125156364853772470253E+00 -0.15197730331549454018688416750009E+01
0.55937588583776753029478885451274E+00 -0.15263771945394789948446358329266E+01
0.56142271827612073233880177557193E+00 -0.15329255561536665296978506501928E+01
0.56345342291663601318036940643211E+00 -0.15394179192558491336841995481579E+01
0.56546788454927082629862336166655E+00 -0.15458540861585716557292163995695E+01
0.56746598969853586223800449038649E+00 -0.15522338602682742960402491074798E+01
0.56944762659000097720888728591813E+00 -0.15585570461234558970264474729740E+01
0.57141268511830578468643627266592E+00 -0.15648234494313884279466030348741E+01
0.57336105681659896775777790244656E+00 -0.15710328771034549755427035174366E+01
0.57529263482733499666628925014875E+00 -0.15771851372891810343609717200635E+01
0.57720731387436042896619077332950E+00 -0.15832800394090232265232444165252E+01
0.57910499023622633068907341590206E+00 -0.15893173941859760029128057939594E+01
0.58098556172066687713619027435559E+00 -0.15952970136760539111043075467363E+01
0.58284892764018723454145732229423E+00 -0.16012187112977028055041374381292E+01
0.58469498878870732595560322521458E+00 -0.16070823018601901548981386789130E+01
0.58652364741921082274009186875472E+00 -0.16128876015910226013063643487388E+01
0.58833480722235140875491860533019E+00 -0.16186344281624348874616987980047E+01
0.59012837330597120168150327421185E+00 -0.16243226007169927973049100117650E+01
0.59190425217548844611112979934123E+00 -0.16299519398923492310898555837835E+01
0.59366235171511379899233766857582E+00 -0.16355222678451915756049398566738E+01
0.59540258116985718513049787353968E+00 -0.16410334082744150055317279017050E+01
0.59712485112828811929250072550578E+00 -0.16464851864435555356303760720855E+01
0.59882907350601605428926133087346E+00 -0.16518774292025140224341879138933E+01
0.60051516152985693618574826616992E+00 -0.16572099650086012246706056464708E+01
0.60218302972265553027527168074617E+00 -0.16624826239469312377411563506088E+01
0.60383259388873455395947787872931E+00 -0.16676952377501909532936666442694E+01
0.60546377109994108290588995708086E+00 -0.16728476398178096625764257544826E+01
0.60707647968226590445001315636207E+00 -0.16779396652345530713326142213910E+01
0.60867063920300852226091774452846E+00 -0.16829711507885644761534296409415E+01
0.61024617045846507381557510966497E+00 -0.16879419349888735002477363770908E+01
0.61180299546211625847708793136896E+00 -0.16928518580823935218597292413253E+01
0.61334103743329283043370977100348E+00 -0.16977007620704263384496968753617E+01
0.61486022078629937482862769172286E+00 -0.17024884907246922483736964840758E+01
0.61636047111997545981594521635885E+00 -0.17072148896029031968664682181124E+01
0.61784171520767598167076856754140E+00 -0.17118798060638942448828877939756E+01
0.61930388098765361333661388382467E+00 -0.17164830892823301603718086447631E+01
0.62074689755382488451828224438599E+00 -0.17210245902630005347982748942420E+01
0.62217069514690549064730336755926E+00 -0.17255041618547181207326328474322E+01
0.62357520514589815574952777354016E+00 -0.17299216587638335597553546224119E+01
0.62496036005991891917261028351572E+00 -0.17342769375673785872246213201203E+01
0.62632609352034798819527986476586E+00 -0.17385698567258502093150300522368E+01
0.62767234027329145783412749809742E+00 -0.17428002765956468085793512202832E+01
0.62899903617234145898662508920102E+00 -0.17469680594411671941529629075633E+01
0.63030611817162251425293372276495E+00 -0.17510730694465827069529007816689E+01
0.63159352431911244398316931416672E+00 -0.17551151727272921929941099362800E+01
0.63286119375022689080098668869625E+00 -0.17590942373410692195149075148264E+01
0.63410906668165672260053020602794E+00 -0.17630101332989101522859192356201E+01
0.63533708440544844090951227273460E+00 -0.17668627325755916922753444002454E+01
0.63654518928331779500768044674460E+00 -0.17706519091199458627377091086900E+01
0.63773332474118734768177778372945E+00 -0.17743775388648599443082931863815E+01
0.63890143526393943635450937805983E+00 -0.17780394997370087359297623238563E+01
0.64004946639037584249591006073487E+00 -0.17816376716663261349440064087331E+01
0.64117736470837615867943308182452E+00 -0.17851719365952223637924656112278E+01
0.64228507785024741369987883211089E+00 -0.17886421784875534169126512873483E+01
0.64337255448825724097489512726644E+00 -0.17920482833373485312623820137400E+01
0.64443974433034387173986786750299E+00 -0.17953901391773015578517691215652E+01
0.64548659811599586607558844285140E+00 -0.17986676360870314892076369128775E+01
0.64651306761229555268415706080019E+00 -0.18018806662011174048200173057329E+01
0.64751910561011975656465885906433E+00 -0.18050291237169129906643043217171E+01
0.64850466592049182080315603708760E+00 -0.18081129049021449815854899724793E+01
0.64946970337107965198111027212449E+00 -0.18111319081023003562555397700824E+01
0.65041417380283401653395267679069E+00 -0.18140860337478064988422415047881E+01
0.65133803406676203648317904386056E+00 -0.18169751843610081390794926693781E+01
0.65224124202083127733998342682067E+00 -0.18197992645629457396567729394920E+01
0.65312375652699878995252017224208E+00 -0.18225581810799379284205365197744E+01
0.65398553744836201967609117914873E+00 -0.18252518427499727790067928586821E+01
0.65482654564642553236102371454390E+00 -0.18278801605289103457259308163655E+01
0.65564674297848095492122129438128E+00 -0.18304430474965001884894765983673E+01
0.65644609229509523317975287365129E+00 -0.18329404188622169801638625152709E+01
0.65722455743770365229671233421906E+00 -0.18353721919709168875783350048075E+01
0.65798210323630417364702916599772E+00 -0.18377382863083178670310232990445E+01
0.65871869550724927900743404934359E+00 -0.18400386235063062306819910654939E+01
0.65943430105113240765792318717942E+00 -0.18422731273480722834319384813722E+01
0.66012888765076547683304825262233E+00 -0.18444417237730773722691931734917E+01
0.66080242406924459560765843150061E+00 -0.18465443408818547114124910229829E+01
0.66145488004810117834403904341403E+00 -0.18485809089406461338038726501741E+01
0.66208622630553541832915340321854E+00 -0.18505513603858768522164581486253E+01
0.66269643453472991537725746588241E+00 -0.18524556298284704833417468699705E+01
0.66328547740224042794777640054672E+00 -0.18542936540580058514884635417754E+01
0.66385332854646182282620620476663E+00 -0.18560653720467177301171723755682E+01
0.66439996257616666833952436392149E+00 -0.18577707249533429962458349227114E+01
0.66492535506911441253289984322401E+00 -0.18594096561268140641697975472997E+01
0.66542948257072899964185459340221E+00 -0.18609821111098009683057014411706E+01
0.66591232259284305203917766922486E+00 -0.18624880376421036072195699455778E+01
0.66637385361250673008203930047462E+00 -0.18639273856638956432963341290595E+01
0.66681405507085949982283279190121E+00 -0.18653001073188212522970410188344E+01
0.66723290737206305804145316404618E+00 -0.18666061569569460585468565677771E+01
0.66763039188229406572511645802130E+00 -0.18678454911375633521822444967515E+01
0.66800649092879489384936535470251E+00 -0.18690180686318568232436333309611E+01
0.66836118779898122666353966731242E+00 -0.18701238504254206769335369501969E+01
0.66869446673960508783779935686410E+00 -0.18711627997206382975152416370414E+01
0.66900631295597202240226008225084E+00 -0.18721348819389202336288491496142E+01
0.66929671261121126449402704337825E+00 -0.18730400647228024658263653489479E+01
0.66956565282559761014681604771735E+00 -0.18738783179379058106172765130432E+01
0.66981312167592251013360934107733E+00 -0.18746496136747575918387105315719E+01
0.67003910819488323150905693786016E+00 -0.18753539262504860562404637591951E+01
0.67017782626253494581864275233166E+00 -0.18757862434259213393786371273749E+01
0.67030698942705158220305224380669E+00 -0.18761887734383009530846922590027E+01
0.67042659514670968274071629626044E+00 -0.18765615103289780821933309043766E+01
0.67053664106783151779883266789161E+00 -0.18769044485801933733363916759733E+01
0.67063712502533719938345620608478E+00 -0.18772175831150288780835010107596E+01
0.67073283046343372295938554305999E+00 -0.18775158215699690433209043512152E+01
0.67082854217536443425539235952415E+00 -0.18778140747461223285203756194461E+01
0.67092426016087239318545719880914E+00 -0.18781123426442689214330745199401E+01
0.67101998441969719438239608013045E+00 -0.18784106252651900306471814741418E+01
0.67111571495158244688143887965763E+00 -0.18787089226096654742694553996914E+01
0.67101998441969719438239608013045E+00 -0.18784106252651900306471814741418E+01
0.67092426016087239318545719880914E+00 -0.18781123426442689214330745199401E+01
0.67082854217536443425539235952415E+00 -0.18778140747461223285203756194461E+01
0.67073283046343372295938554305999E+00 -0.18775158215699690433209043512152E+01
0.67063712502533719938345620608478E+00 -0.18772175831150288780835010107596E+01
0.67053664106783151779883266789161E+00 -0.18769044485801933733363916759733E+01
0.67042659514670968274071629626044E+00 -0.18765615103289780821933309043766E+01
0.67030698942705158220305224380669E+00 -0.18761887734383009530846922590027E+01
0.67017782626253494581864275233166E+00 -0.18757862434259213393786371273749E+01
0.67003910819488323150905693786016E+00 -0.18753539262504860562404637591951E+01
0.66981312167592251013360934107733E+00 -0.18746496136747575918387105315719E+01
0.66956565282559761014681604771735E+00 -0.18738783179379058106172765130432E+01
0.66929671261121126449402704337825E+00 -0.18730400647228024658263653489479E+01
0.66900631295597202240226008225084E+00 -0.18721348819389202336288491496142E+01
0.66869446673960508783779935686410E+00 -0.18711627997206382975152416370414E+01
0.66836118779898122666353966731242E+00 -0.18701238504254206769335369501969E+01
0.66800649092879489384936535470251E+00 -0.18690180686318568232436333309611E+01
0.66763039188229406572511645802130E+00 -0.18678454911375633521822444967515E+01
0.66723290737206305804145316404618E+00 -0.18666061569569460585468565677771E+01
0.66681405507085949982283279190121E+00 -0.18653001073188212522970410188344E+01
0.66637385361250673008203930047462E+00 -0.18639273856638956432963341290595E+01
0.66591232259284305203917766922486E+00 -0.18624880376421036072195699455778E+01
0.66542948257072899964185459340221E+00 -0.18609821111098009683057014411706E+01
0.66492535506911441253289984322401E+00 -0.18594096561268140641697975472997E+01
0.66439996257616666833952436392149E+00 -0.18577707249533429962458349227114E+01
0.66385332854646182282620620476663E+00 -0.18560653720467177301171723755682E+01
0.66328547740224042794777640054672E+00 -0.18542936540580058514884635417754E+01
0.66269643453472991537725746588241E+00 -0.18524556298284704833417468699705E+01
0.66208622630553541832915340321854E+00 -0.18505513603858768522164581486253E+01
0.66145488004810117834403904341403E+00 -0.18485809089406461338038726501741E+01
0.66080242406924459560765843150061E+00 -0.18465443408818547114124910229829E+01
0.66012888765076547683304825262233E+00 -0.18444417237730773722691931734917E+01
0.65943430105113240765792318717942E+00 -0.18422731273480722834319384813722E+01
0.65871869550724927900743404934359E+00 -0.18400386235063062306819910654939E+01
0.65798210323630417364702916599772E+00 -0.18377382863083178670310232990445E+01
0.65722455743770365229671233421906E+00 -0.18353721919709168875783350048075E+01
0.65644609229509523317975287365129E+00 -0.18329404188622169801638625152709E+01
0.65564674297848095492122129438128E+00 -0.18304430474965001884894765983673E+01
0.65482654564642553236102371454390E+00 -0.18278801605289103457259308163655E+01
0.65398553744836201967609117914873E+00 -0.18252518427499727790067928586821E+01
0.65312375652699878995252017224208E+00 -0.18225581810799379284205365197744E+01
0.65224124202083127733998342682067E+00 -0.18197992645629457396567729394920E+01
0.65133803406676203648317904386056E+00 -0.18169751843610081390794926693781E+01
0.65041417380283401653395267679069E+00 -0.18140860337478064988422415047881E+01
0.64946970337107965198111027212449E+00 -0.18111319081023003562555397700824E+01
0.64850466592049182080315603708760E+00 -0.18081129049021449815854899724793E+01
0.64751910561011975656465885906433E+00 -0.18050291237169129906643043217171E+01
0.64651306761229555268415706080019E+00 -0.18018806662011174048200173057329E+01
0.64548659811599586607558844285140E+00 -0.17986676360870314892076369128775E+01
0.64443974433034387173986786750299E+00 -0.17953901391773015578517691215652E+01
0.64337255448825724097489512726644E+00 -0.17920482833373485312623820137400E+01
0.64228507785024741369987883211089E+00 -0.17886421784875534169126512873483E+01
0.64117736470837615867943308182452E+00 -0.17851719365952223637924656112278E+01
0.64004946639037584249591006073487E+00 -0.17816376716663261349440064087331E+01
0.63890143526393943635450937805983E+00 -0.17780394997370087359297623238563E+01
0.63773332474118734768177778372945E+00 -0.17743775388648599443082931863815E+01
0.63654518928331779500768044674460E+00 -0.17706519091199458627377091086900E+01
0.63533708440544844090951227273460E+00 -0.17668627325755916922753444002454E+01
0.63410906668165672260053020602794E+00 -0.17630101332989101522859192356201E+01
0.63286119375022689080098668869625E+00 -0.17590942373410692195149075148264E+01
0.63159352431911244398316931416672E+00 -0.17551151727272921929941099362800E+01
0.63030611817162251425293372276495E+00 -0.17510730694465827069529007816689E+01
0.62899903617234145898662508920102E+00 -0.17469680594411671941529629075633E+01
0.62767234027329145783412749809742E+00 -0.17428002765956468085793512202832E+01
0.62632609352034798819527986476586E+00 -0.17385698567258502093150300522368E+01
0.62496036005991891917261028351572E+00 -0.17342769375673785872246213201203E+01
0.62357520514589815574952777354016E+00 -0.17299216587638335597553546224119E+01
0.62217069514690549064730336755926E+00 -0.17255041618547181207326328474322E+01
0.62074689755382488451828224438599E+00 -0.17210245902630005347982748942420E+01
0.61930388098765361333661388382467E+00 -0.17164830892823301603718086447631E+01
0.61784171520767598167076856754140E+00 -0.17118798060638942448828877939756E+01
0.61636047111997545981594521635885E+00 -0.17072148896029031968664682181124E+01
0.61486022078629937482862769172286E+00 -0.17024884907246922483736964840758E+01
0.61334103743329283043370977100348E+00 -0.16977007620704263384496968753617E+01
0.61180299546211625847708793136896E+00 -0.16928518580823935218597292413253E+01
0.61024617045846507381557510966497E+00 -0.16879419349888735002477363770908E+01
0.60867063920300852226091774452846E+00 -0.16829711507885644761534296409415E+01
0.60707647968226590445001315636207E+00 -0.16779396652345530713326142213910E+01
0.60546377109994108290588995708086E+00 -0.16728476398178096625764257544826E+01
0.60383259388873455395947787872931E+00 -0.16676952377501909532936666442694E+01
0.60218302972265553027527168074617E+00 -0.16624826239469312377411563506088E+01
0.60051516152985693618574826616992E+00 -0.16572099650086012246706056464708E+01
0.59882907350601605428926133087346E+00 -0.16518774292025140224341879138933E+01
0.59712485112828811929250072550578E+00 -0.16464851864435555356303760720855E+01
0.59540258116985718513049787353968E+00 -0.16410334082744150055317279017050E+01
0.59366235171511379899233766857582E+00 -0.16355222678451915756049398566738E+01
0.59190425217548844611112979934123E+00 -0.16299519398923492310898555837835E+01
0.59012837330597120168150327421185E+00 -0.16243226007169927973049100117650E+01
0.58833480722235140875491860533019E+00 -0.16186344281624348874616987980047E+01
0.58652364741921082274009186875472E+00 -0.16128876015910226013063643487388E+01
0.58469498878870732595560322521458E+00 -0.16070823018601901548981386789130E+01
0.58284892764018723454145732229423E+00 -0.16012187112977028055041374381292E+01
0.58098556172066687713619027435559E+00 -0.15952970136760539111043075467363E+01
0.57910499023622633068907341590206E+00 -0.15893173941859760029128057939594E+01
0.57720731387436042896619077332950E+00 -0.15832800394090232265232444165252E+01
0.57529263482733499666628925014875E+00 -0.15771851372891810343609717200635E+01
0.57336105681659896775777790244656E+00 -0.15710328771034549755427035174366E+01
0.57141268511830578468643627266592E+00 -0.15648234494313884279466030348741E+01
0.56944762659000097720888728591813E+00 -0.15585570461234558970264474729740E+01
0.56746598969853586223800449038649E+00 -0.15522338602682742960402491074798E+01
0.56546788454927082629862336166655E+00 -0.15458540861585716557292163995695E+01
0.56345342291663601318036940643211E+00 -0.15394179192558491336841995481579E+01
0.56142271827612073233880177557193E+00 -0.15329255561536665296978506501928E+01
0.55937588583776753029478885451274E+00 -0.15263771945394789948446358329266E+01
0.55731304258125156364853772470253E+00 -0.15197730331549454018688416750009E+01
0.55523430729263090628466293891957E+00 -0.15131132717546264938853695808209E+01
0.55313980060285891897221767330250E+00 -0.15063981110629822529257296186048E+01
0.55102964502815536529350793847569E+00 -0.14996277527295735944677908398803E+01
0.54890396501233908745481879036798E+00 -0.14928023992823677847960830472031E+01
0.54676288697123255448519935794646E+00 -0.14859222540790366604932438860540E+01
0.54460653933925382644878282939085E+00 -0.14789875212561331881051572485990E+01
0.54243505261832254591365447468467E+00 -0.14719984056760206639263059120426E+01
0.54024855942920953950941164142754E+00 -0.14649551128714203517775675731115E+01
0.53804719456547561761397547517054E+00 -0.14578578489874364116661604281757E+01
0.53583109505014712995845954513844E+00 -0.14507068207209012360837815540449E+01
0.53360040019529249515491182918164E+00 -0.14435022352568793865485188056366E+01
0.53135525166467145613892372973570E+00 -0.14362443002021506373532040232698E+01
0.52909579353964209210206378583913E+00 -0.14289332235154818180587094552064E+01
0.52682217238852359623893713389315E+00 -0.14215692134344837395092521416540E+01
0.52453453733962648247092841120011E+00 -0.14141524783988299458076985248262E+01
0.52223304015817847758266675489282E+00 -0.14066832269696016393323778275183E+01
0.51991783532738916918309113763379E+00 -0.13991616677445007001609904515244E+01
0.51758908013391515540824489638080E+00 -0.13915880092686541975270433968172E+01
0.51524693475800779328913330109895E+00 -0.13839624599407112780175789086946E+01
0.51289156236864503719686945304173E+00 -0.13762852279139088511574129886063E+01
0.51052312922397397095925818532296E+00 -0.13685565209917568301948747879233E+01
0.50814180477741307194377622988966E+00 -0.13607765465179625012441806487086E+01
0.50574776178979343000893701818202E+00 -0.13529455112601852719007286932528E+01
0.50334117644794516476377878639610E+00 -0.13450636212871750747455129835066E+01
0.50092222849016999278494735337377E+00 -0.13371310818388109200706494951935E+01
0.49849110133907442552593774362689E+00 -0.13291480971885141237659292189920E+01
0.49604798224227772941513509764293E+00 -0.13211148704974644626370473871771E+01
0.49359306242155180064440796436856E+00 -0.13130316036599958511760019899427E+01
0.49112653723099525011896658365848E+00 -0.13048984971394935737846225991851E+01
0.48864860632489510551206757624355E+00 -0.12967157497940512539257115974221E+01
0.48615947383598721672595484524170E+00 -0.12884835586910793466250288197113E+01
0.48365934856488569943680251111849E+00 -0.12802021189099793372720978887083E+01
0.48114844418152027828204113879359E+00 -0.12718716233319155724162488590692E+01
0.47862697943949631800274602851906E+00 -0.12634922624156220153687656681123E+01
0.47609517840437241517572337891526E+00 -0.12550642239580790959272557361129E+01
0.47355327069694338035790586954667E+00 -0.12465876928387799763025457932815E+01
0.47100149175271560322231505020208E+00 -0.12380628507461784612285740178010E+01
0.46844008309887443524800660896698E+00 -0.12294898758847650944560115705842E+01
0.46586929265016622218831319700281E+00 -0.12208689426610628378845772068339E+01
0.46328937502525533226725763424018E+00 -0.12122002213466501040260098547724E+01
0.46070059188526906405819124899938E+00 -0.12034838777161219551592882712289E+01
0.45810321229641368314586240735898E+00 -0.11947200726576737024897066525136E+01
0.45549751311873549254205231487610E+00 -0.11859089617537389214352850946971E+01
0.45288377942331264765174266721957E+00 -0.11770506948288292938435792454164E+01
0.45026230494040021966220629496569E+00 -0.11681454154614000378938679963601E+01
0.44763339254132029730414402143223E+00 -0.11591932604562056648432586745061E+01
0.44499735475718548227164614627282E+00 -0.11501943592731938857647867231867E+01
0.44235451433788414752579955709812E+00 -0.11411488334085222581121581750690E+01
0.43970520485513190760625175835859E+00 -0.11320567957227509848858982137364E+01
0.43704977135382848321034312811676E+00 -0.11229183497106547187482460588654E+01
0.43438857105643955106005268444982E+00 -0.11137335887064150629017161064792E+01
0.43172197412567881344773310681220E+00 -0.11045025950171524614755183050983E+01
0.42905036449138906819369234401413E+00 -0.10952254389768595563812781431379E+01
0.42637414074823702566517392315478E+00 -0.10859021779117478201634544564281E+01
0.42369371713164954450028299296410E+00 -0.10765328550068187935817692862880E+01
0.42100952458035332425383424685097E+00 -0.10671174980620837431801258812104E+01
0.41832201189494961623663514913741E+00 -0.10576561181252406952430920382175E+01
0.41563164700318585023472828779197E+00 -0.10481487079857510941167192766561E+01
0.41293891834400710194281596624895E+00 -0.10385952405130768576046687281659E+01
0.41024433638411054642563684332549E+00 -0.10289956668192888532391539990192E+01
0.40754843528263212449810315355800E+00 -0.10193499142232748587697463540993E+01
0.40485177472180892942284546638591E+00 -0.10096578839902585022518810914077E+01
0.40215494192404683404470630885307E+00 -0.99991944881619869416068007649388E+00
0.39945855387884997097530187967566E+00 -0.99013445002172711062299493186486E+00
0.39676325980662570589757959153366E+00 -0.98030269441444906502597236731887E+00
0.39406974389057170968998978349343E+00 -0.97042395077147114686903676905809E+00
0.39137872831281532837252721063861E+00 -0.96049794588567851027998756651522E+00
0.38869097663687215895005322892541E+00 -0.95052436010925413577524217102300E+00
0.38600729758552715645094707772179E+00 -0.94050282231581033123404180019212E+00
0.38332854927167215744063247580160E+00 -0.93043290418778633100657521716773E+00
0.38065564394978431552319097531353E+00 -0.92031411371781714554379302979764E+00
0.37798955336800541056183360149156E+00 -0.91014588779076711708384798738582E+00
0.37533131481571148404597315401060E+00 -0.89992758368598807178025791425142E+00
0.37268203797970562192524594431216E+00 -0.88965846930571565742177499587462E+00
0.37004291274460167875735474008950E+00 -0.87933771189354803430956883911388E+00
0.36741521810071211621955828392481E+00 -0.86896436495425490337708963766864E+00
0.36480033235728436446755335578883E+00 -0.85853735301955471803217188532654E+00
0.36219974490225621296482741661777E+00 -0.84805545381966903208087573155616E+00
0.35961506980426512243675725646790E+00 -0.83751727731164251848311655039068E+00
0.35704806162251479612764026378778E+00 -0.82692124087449862482004552187300E+00
0.35450063387847333768934530723030E+00 -0.81626553979766259211328078262869E+00
0.35197488076175627013744614640009E+00 -0.80554811194608216879379985813655E+00
0.34947310278529099967137100178282E+00 -0.79476659516479173784754750322347E+00
0.34699783733048295919304137631797E+00 -0.78391827554514075449852852731747E+00
0.34455189521106778878163716850386E+00 -0.77300002410096981779942173480115E+00
0.34213840498774373841097840782800E+00 -0.76200821853084292091487008519740E+00
0.33976086652010347210625356435642E+00 -0.75093864576156374755335954007263E+00
0.33742321820156424799542111273390E+00 -0.73978637884722415332439786456976E+00
0.33512991634508529195192822682449E+00 -0.72854562091265366772433764168425E+00
0.33288604789116269548630260217972E+00 -0.71720950095640035752311326649576E+00
0.33069743435083328840205042956287E+00 -0.70576981417790689728851020089125E+00
0.32857088818569347493726391359976E+00 -0.69421665255502459546527318440103E+00
0.32651417275766713880624188259252E+00 -0.68253797352980110499294733322638E+00
0.32453710958790069905588961448812E+00 -0.67071879561095481774349722154745E+00
0.32264947876338524446896353790429E+00 -0.65874066608237422987978206173822E+00
0.32052467925045043985220414054021E+00 -0.64412259770507628148064349078468E+00
0.31858020276940583379842780754810E+00 -0.62918510533347663502457955958294E+00
0.31685680720531070152642193410621E+00 -0.61384847852131984934875833949384E+00
0.31541149621040445261108503515247E+00 -0.59799221472630899939664070512315E+00
0.31433047157311565456272878887486E+00 -0.58141968725031425206602469742089E+00
0.31377254267098577879138546413269E+00 -0.56472101629078437341101408240112E+00
0.31383700352831066446047578613058E+00 -0.54869050771082843302148310325422E+00
0.31457938258967524225034003855162E+00 -0.53333638748776892660949853785948E+00
0.31601519736396149262112294425751E+00 -0.51865822984162306708002406102365E+00
