0.76635484086252539462537103958177E+00 -0.82001917992690499809558433999403E+00
0.77340837711215740137468330526691E+00 -0.81516811872357490937285291957212E+00
0.78006671338282108801150823665289E+00 -0.81062105243379320954367578053704E+00
0.78630155208183260594409245898814E+00 -0.80639311110278794286276353256215E+00
0.79208830829279984669826199328727E+00 -0.80249417210912216060046959293172E+00
0.79740142866973459583623262544675E+00 -0.79893527029105922449448335626902E+00
0.80224312859922076081652834588536E+00 -0.79570935903827746848006973180146E+00
0.80671224011924044451207224566958E+00 -0.79274613140412340413537720704652E+00
0.81089255734835878967614068547161E+00 -0.78998683861885522629650367645750E+00
0.81483982572406665481306077829949E+00 -0.78739235051460013895493700060249E+00
0.81859347944588284260788314241430E+00 -0.78493495641632350011122042203829E+00
0.81483982572406665481306077829949E+00 -0.78739235051460013895493700060249E+00
0.81089255734835878967614068547161E+00 -0.78998683861885522629650367645750E+00
0.80671224011924044451207224566958E+00 -0.79274613140412340413537720704652E+00
0.80224312859922076081652834588536E+00 -0.79570935903827746848006973180146E+00
0.79740142866973459583623262544675E+00 -0.79893527029105922449448335626902E+00
0.79208830829279984669826199328727E+00 -0.80249417210912216060046959293172E+00
0.78630155208183260594409245898814E+00 -0.80639311110278794286276353256215E+00
0.78006671338282108801150823665289E+00 -0.81062105243379320954367578053704E+00
0.77340837711215740137468330526691E+00 -0.81516811872357490937285291957212E+00
0.76635484086252539462537103958177E+00 -0.82001917992690499809558433999403E+00
0.75529910004400091554943696906618E+00 -0.81451638031881511957268922431826E+00
0.74420512720790599978259800358579E+00 -0.80788327486559067021014548008135E+00
0.73284301915072172894459215164290E+00 -0.80047408507526835705322272776968E+00
0.72122925061964722101095860215427E+00 -0.79221680228862705439402071284232E+00
0.70933880479107664003443464258757E+00 -0.78312334077775377725391814000346E+00
0.69769301736288825012036507251656E+00 -0.77366898253665125407519019100775E+00
0.68665575002733687638804966318552E+00 -0.76427083320545232167663017868514E+00
0.67605095639334905087654995705647E+00 -0.75488610240387749122084338808767E+00
0.66576811735494833251324071549998E+00 -0.74549258356895046394323411212185E+00
0.65573442667465264934816922090749E+00 -0.73607602194642765085077118189850E+00
0.64752347553180237405317189500517E+00 -0.72820731379578310168214683334394E+00
0.63942581532553798252515321527333E+00 -0.72031472999675495146815060557339E+00
0.63142325842348376711226053357414E+00 -0.71239658305262387429609420573966E+00
0.62350126747441783903660052465469E+00 -0.70445167190991798881381498518208E+00
0.61564796591010050080598480369279E+00 -0.69647923061082401036465241992021E+00
0.60785352197779208943542982178736E+00 -0.68847880918646475454069894421848E+00
0.60010970702994989161273356526527E+00 -0.68045018666142396014739798240208E+00
0.59240956905067574387353037319399E+00 -0.67239330923138911530853451907648E+00
0.58474718636693457573166813868758E+00 -0.66430824604331613020148476476971E+00
0.57711747869344249879184300659415E+00 -0.65619515721481500930219979180838E+00
0.56951606003159433702347519954934E+00 -0.64805427044863172222316646305621E+00
0.56193912266262345901799126531289E+00 -0.63988586376008374267364594435153E+00
0.55438334459907552865732217157464E+00 -0.63169025260697128469725842516066E+00
0.54684581497797420621126115730163E+00 -0.62346778022728060627981713760016E+00
0.53932397334668714768550049623306E+00 -0.61521881033911017752465408537950E+00
0.53181555982723714813073483153712E+00 -0.60694372159684537624925277455756E+00
0.52431857388609519704579813936404E+00 -0.59864290336428285886087406873535E+00
0.51683123997528596267347009642552E+00 -0.59031675248285916166057280928702E+00
0.50935197870744237987270384445167E+00 -0.58196567079689995893528283259745E+00
0.50187938252321640833293178742780E+00 -0.57359006325821306640259749185152E+00
0.49441219503238559395191930522457E+00 -0.56519033647635415145241100308940E+00
0.48694929337974573608243444490168E+00 -0.55676689761326394226462727347526E+00
0.47948967311738148977361650925334E+00 -0.54832015354498877885765114667385E+00
0.47203243516612012977133272712643E+00 -0.53985051023116334036281996835383E+00
0.46457677452811606495729445525310E+00 -0.53135837224646731133509272526014E+00
0.45712197047489125118059570273222E+00 -0.52284414243854393467183231803350E+00
0.44966737798466013307687525236256E+00 -0.51430822168470986841240795365129E+00
0.44221242024233472994225582867691E+00 -0.50575100872581429167696061428265E+00
0.43475658204742551773677904156943E+00 -0.49717290006026096585741008207173E+00
0.42729940400080010305211919684978E+00 -0.48857428988481768250019064027261E+00
0.41984047736221437353176705426586E+00 -0.47995557007166069558176898339704E+00
0.41237943948766990513387305542491E+00 -0.47131713017330537104519481265493E+00
0.40491596976974719726843834342064E+00 -0.46265935744881272829262840896453E+00
0.39744978601570992665658925532580E+00 -0.45398263690603381293668989668304E+00
0.38998064120784171705795544303524E+00 -0.44528735135572939815039492679243E+00
0.38250832059853864412803064305720E+00 -0.43657388147427888529716999769011E+00
0.37503263909942581065230566518522E+00 -0.42784260587236094939012229039321E+00
0.36755343892943991393559111096450E+00 -0.41909390116754853385133385100863E+00
0.36007058749160190676941022842973E+00 -0.41032814205919036783797814157226E+00
0.35258397545225838081313644485284E+00 -0.40154570140430357834541980391987E+00
0.34509351500001176676299387057668E+00 -0.39274695029348275665812321236642E+00
0.33759913826449345187907465257420E+00 -0.38393225812605314926563612552946E+00
0.33010079587764690738186795593381E+00 -0.37510199268387891570979165343056E+00
0.32259845566233882275800237525005E+00 -0.36625652020338028799798565591321E+00
0.31509210143496967200415647296852E+00 -0.35739620544542860662699907031821E+00
0.30758173191035489725948224994019E+00 -0.34852141176288348167266594258805E+00
0.30006735969853003293388845190577E+00 -0.33963250116560691190206401349858E+00
0.29254901038433178865696137419250E+00 -0.33072983438285191996495109172594E+00
0.28502672168165293189801120801511E+00 -0.32181377092296684539678160900179E+00
0.27750054265517587715725844287943E+00 -0.31288466913039445762567405281914E+00
0.26997053300318560485130335538768E+00 -0.30394288623997526868757765209455E+00
0.26243676239575816001931917081404E+00 -0.29498877842858472764025795515720E+00
0.25489930986323254955981328932598E+00 -0.28602270086415211102818677577778E+00
0.24735826323040881244558883913642E+00 -0.27704500775212265477501054885845E+00
0.23981371859239132545372310777527E+00 -0.26805605237943266105957726423930E+00
0.23226577982841180169793470474920E+00 -0.25905618715607553124618774074678E+00
0.22471455815033929556213344111165E+00 -0.25004576365433997204187506588436E+00
0.21716017168290785700253454690276E+00 -0.24102513264580532109623533474198E+00
0.20960274507298893438366554924066E+00 -0.23199464413618117238144373236820E+00
0.20204240912549018857894716235338E+00 -0.22295464739807622330733235056537E+00
0.19447930046369588020357844719648E+00 -0.21390549100178440077583190620890E+00
0.18691356121206771065540329266907E+00 -0.20484752284417171141690139390572E+00
0.17934533869971132363206053062106E+00 -0.19578109017574716666507147249460E+00
0.17177478518287715900858918363332E+00 -0.18670653962600127006992724362719E+00
0.16420205758501119934654863191192E+00 -0.17762421722708623375765401397330E+00
0.15662731725300706025968180223922E+00 -0.16853446843591938598619742767159E+00
0.14905072972842562359746072790270E+00 -0.15943763815477902913518437453541E+00
0.14147246453255955806602551396272E+00 -0.15033407075046566443870585025465E+00
0.13389269496431789248761379433155E+00 -0.14122411007209634637643193869136E+00
0.12631159790998500102266164423907E+00 -0.13210809946759525341296346800603E+00
0.11872935366400189449781359865960E+00 -0.12298638179894593603583352405581E+00
0.11114614575997244224618636899505E+00 -0.11385929945626142340819112748513E+00
0.10356216081117737912196113815307E+00 -0.10472719437073020847640018734673E+00
0.95977588359927068625867908162386E-01 -0.95590408026493717202272718828724E-01
0.88392620735141948796062189727727E-01 -0.86449281471503226058070451928610E-01
0.80807452917599515306843400028904E-01 -0.77304155327409231601735709600729E-01
0.73222282412326051653697107120245E-01 -0.68155369798527062337754791277059E-01
0.65637309127656896786005481628755E-01 -0.59003264679924323282542922053731E-01
0.58052735260523478150488391456551E-01 -0.49848179364672795303040173478644E-01
0.50468765187557657874493932369992E-01 -0.40690452850303759658118282301003E-01
0.42885605361637852396620913737026E-01 -0.31530423744505948634360395652860E-01
0.35303464213526286323313725902946E-01 -0.22368430270102003659212213808300E-01
0.27722552058275514220203048934019E-01 -0.13204810269337898089559213360164E-01
0.20143081006103138604662981457470E-01 -0.40399012075179277977173326749784E-02
0.12565264877457117317644674814676E-01 0.51259598239835039106656802574295E-02
0.49893191220141533306353186636870E-02 0.14292436105303460122572398203075E-01
-0.25845392586298432878716737087972E-02 0.23459191286237857599929739620691E-01
-0.10156091784799544162324085609742E-01 0.32625889384927849290829501787223E-01
-0.17725118569317378198086896114003E-01 0.41792194787059443358406444391084E-01
-0.25291398385012498619161791991427E-01 0.50957772245552762461668634646581E-01
-0.32854708729340279733205016453168E-01 0.60122286880718266932568633283357E-01
-0.40414825886280854016104724142675E-01 0.69285404180857118770252840740641E-01
-0.47971524985673294031724623709138E-01 0.78446790003286215003915949624717E-01
-0.55524580060131252414978748016127E-01 0.87606110575767287420452936087464E-01
-0.63073764099677430346657669427563E-01 0.96763032498322323952027313549248E-01
-0.70618849104223046727666557244393E-01 0.10591722274541628301668041641012E+00
-0.78159606134013320346982662513376E-01 0.11506834866849122191533001321098E+00
-0.85695805358150829094201393194414E-01 0.12421607799883537378379106785751E+00
-0.93227216101298298525905681988390E-01 0.13336007885077138025086093121352E+00
-0.10075360688866443334228873474373E+00 0.14250001972514986958237478747374E+00
-0.10827474548935848332344976337007E+00 0.15163556951313411091096480681146E+00
-0.11579039895820486396863565594020E+00 0.16076639750026134484828246947920E+00
-0.12330033367609636957287935506648E+00 0.16989217337077182202440240335215E+00
-0.13080431538896131777656966415624E+00 0.17901256721218708252272413523565E+00
-0.13830210924541904983848698739816E+00 0.18812724952013375147339429254361E+00
-0.14579347983318682785378646454595E+00 0.19723589120339510192170593716775E+00
-0.15327819121430451722989238574556E+00 0.20633816358918420157262380383139E+00
-0.16075600695923619887561303509012E+00 0.21543373842862715987479024817702E+00
-0.16822669017990158132298930577039E+00 0.22452228790244621987929991847854E+00
-0.17569000356169453911402303760947E+00 0.23360348462683599007011845697854E+00
-0.18314570939453402974611807887775E+00 0.24267700165952076951194841427798E+00
-0.19059356960299711524495846410723E+00 0.25174251250598774327772858250388E+00
-0.19803334577557737422156321894375E+00 0.26079969112588666568778226083989E+00
-0.20546479919310970545464949989020E+00 0.26984821193958795221948301429607E+00
-0.21288769085640150740741118949612E+00 0.27888774983489380358738744316117E+00
-0.22030178151310741717387387576988E+00 0.28791798017389259690936872403771E+00
-0.22770683168388238482135489747870E+00 0.29693857879995326802961343195659E+00
-0.23510260168784615958665709554991E+00 0.30594922204485029135962236272252E+00
-0.24248885166739066706393328589648E+00 0.31494958673601514762715696342744E+00
-0.24986534161236037856872613580478E+00 0.32393935020390724938104449710864E+00
-0.25723183138363301931057099358422E+00 0.33291819028949965564087657990380E+00
-0.26458808073612719264304240293228E+00 0.34188578535187370779696395342106E+00
-0.27193384934126278838791137140949E+00 0.35084181427591738298329265974666E+00
-0.27926889680889745953480008604033E+00 0.35978595648012230550890751927550E+00
-0.28659298270876144111747173139130E+00 0.36871789192447593815567076218140E+00
-0.29390586659141316422685688781378E+00 0.37763730111844223425097693268340E+00
-0.30120730800873482368487945555466E+00 0.38654386512902819946155088209040E+00
-0.30849706653398782951364120162044E+00 0.39543726558893163340133495980524E+00
-0.31577490178144592046764749107903E+00 0.40431718470476545448639993257828E+00
-0.32304057342562430315738543688766E+00 0.41318330526535578989593747624583E+00
-0.33029384122011986369210990792664E+00 0.42203531065010901319290440083177E+00
-0.33753446501607882403809554084654E+00 0.43087288483744474709370879324012E+00
-0.34476220478030742335910581983269E+00 0.43969571241329182656198861896971E+00
-0.35197682061303811572468031407889E+00 0.44850347857964252976321901950483E+00
-0.35917807276536588786970562726478E+00 0.45729586916316342507713765568253E+00
-0.36636572165636815995731731075052E+00 0.46607257062385841757646923514238E+00
-0.37353952788991711883259271360320E+00 0.47483327006378235392174167328431E+00
-0.38069925227120149644552024553654E+00 0.48357765523580134359257803252468E+00
-0.38784465582296241346826214910568E+00 0.49230541455239623623395505707815E+00
-0.39497549980145997741376591837100E+00 0.50101623709451019124421236264226E+00
-0.40209154571217556570610385913724E+00 0.50970981262043239803755897778164E+00
-0.40919255532526206120927590735360E+00 0.51838583157472015635064032933879E+00
-0.41627829069075079792431537380272E+00 0.52704398509715459306726983314143E+00
-0.42334851415352265171590126964841E+00 0.53568396503172786032931518854910E+00
-0.43040298836805323595524371297978E+00 0.54430546393566051670768554815877E+00
-0.43744147631293816316778993064842E+00 0.55290817508844552347035909709629E+00
-0.44446374130520731003766090070747E+00 0.56149179250091814462132475896819E+00
-0.45146954701443454979040972816250E+00 0.57005601092434922728359343275252E+00
-0.45845865747664968848279943875067E+00 0.57860052585955893318311028223546E+00
-0.46543083710806007262781883890384E+00 0.58712503356605103663253129747739E+00
-0.47238585071858558763434998116751E+00 0.59562923107116385592952954757712E+00
-0.47932346352521673910382284668506E+00 0.60411281617923750988879632047594E+00
-0.48624344116519772529937811458125E+00 0.61257548748079531283009322830854E+00
-0.49314554970904232019394754175655E+00 0.62101694436173681424355772606217E+00
-0.50002955567338645583529882942257E+00 0.62943688701254263053884493434448E+00
-0.50689522603368330229464520528418E+00 0.63783501643748779295802031085011E+00
-0.51374232823674493395607668349587E+00 0.64621103446386303716528123233434E+00
-0.52057063021313511357653646293426E+00 0.65456464375120194890075940454668E+00
-0.52737990038941761092109779487661E+00 0.66289554780051329088341511789554E+00
-0.53416990770026463935600601025479E+00 0.67120345096351648360336066042314E+00
-0.54094042160042797342125940829127E+00 0.67948805845187875463209542560559E+00
-0.54769121207657814695865140022402E+00 0.68774907634645333565024965179261E+00
-0.55442204965901433065234346150074E+00 0.69598621160651692688546013600416E+00
-0.56113270543324813971921217842302E+00 0.70419917207900493472325763048330E+00
-0.56782295105146541517570151549973E+00 0.71238766650774415686561136915941E+00
-0.57449255874386879492215390602704E+00 0.72055140454268038093803350355774E+00
-0.58114130132990340054403349375385E+00 0.72869009674910136982040702003300E+00
-0.58776895222936986513080524003038E+00 0.73680345461685244691568138800743E+00
-0.59437528547342619297517535293901E+00 0.74489119056954501091165116755283E+00
-0.60096007571548155870920760456945E+00 0.75295301797375568632700982269199E+00
-0.60752309824198481956481771189596E+00 0.76098865114821622525709796655431E+00
-0.61406412898310972458265760281520E+00 0.76899780537299220197126984849846E+00
-0.62058294452333956903046976678217E+00 0.77698019689864962265960698196643E+00
-0.62707932211195225113206516428955E+00 0.78493554295540939902265894010165E+00
-0.63355303967341034994867750607998E+00 0.79286356176228749762707364660196E+00
-0.64000387581765535055243383702818E+00 0.80076397253622050017849989880174E+00
-0.64643160985030985895276931160282E+00 0.80863649550117561199606421288864E+00
-0.65283602178278924833004762759340E+00 0.81648085189724413285685788371265E+00
-0.65921689234232374402144084190095E+00 0.82429676398971771923854569920782E+00
-0.66557400298189391578358419805807E+00 0.83208395507814603815573819507295E+00
-0.67190713589008013375168438492912E+00 0.83984214950537575980532902430920E+00
-0.67821607400082787786873494949539E+00 0.84757107266656957474292210305420E+00
-0.68450060100313096492926079141996E+00 0.85527045101820439543253229427850E+00
-0.69076050135063262124535283233031E+00 0.86294001208704822699124088702327E+00
-0.69699556027114792671304039362066E+00 0.87057948447911507678338377039222E+00
-0.70320556377610680160446876979125E+00 0.87818859788859636950667661079445E+00
-0.70939029866991997544938710927033E+00 0.88576708310676920037554035748658E+00
-0.71554955255926940135017353280362E+00 0.89331467203087996087928382649663E+00
-0.72168311386232280039164088677426E+00 0.90083109767300270303021357986516E+00
-0.72779077181787525617843938852091E+00 0.90831609416887210413976344006398E+00
-0.73387231649441737146100703922865E+00 0.91576939678668949680878101749367E+00
-0.73992753879913211975225448896925E+00 0.92319074193590213143529206731035E+00
-0.74595623048682046655871230389036E+00 0.93057986717595438636694021701963E+00
-0.75195818416875730939245051889359E+00 0.93793651122501067554619329037375E+00
-0.75793319332147841797020855949512E+00 0.94526041396864925896416101025878E+00
-0.76388105229549899463831763425459E+00 0.95255131646852622158586004021006E+00
-0.76980155632396482812370181495402E+00 0.95980896097100941746871221986209E+00
-0.77569450153123712247403501712486E+00 0.96703309091578132198605253652525E+00
-0.78155968494141102678156175799062E+00 0.97422345094441043694159651839640E+00
-0.78739690448676931110584207374756E+00 0.98137978690889062878543342930354E+00
-0.79320595901617111102838056071551E+00 0.98850184588014790152006787540918E+00
-0.79898664830337735242743595930248E+00 0.99558937615651391074599387951892E+00
-0.80473877305531217320066651911383E+00 0.10026421272721657308112694966133E+01
-0.81046213492026240033021243625092E+00 0.10096598500055314587467173653700E+01
-0.81615653649601422257293764914737E+00 0.10166422963876607839564290278638E+01
-0.82182178133792870757682970948310E+00 0.10235892197105604987427270135029E+01
-0.82745767396695599145290102861719E+00 0.10305003745354938821632008499352E+01
-0.83306401987758881573532629480970E+00 0.10373755167012439734708636205191E+01
-0.83864062554575614778273425368391E+00 0.10442144033323397690236798587059E+01
-0.84418729843665668766711117256246E+00 0.10510167928472451958055075840368E+01
-0.84970384701253344985514386055580E+00 0.10577824449665102787625059503026E+01
-0.85519008074038911520135732484192E+00 0.10645111207208837656456298465728E+01
-0.86064581009964303336747869193479E+00 0.10712025824593873526163353755592E+01
-0.86607084658973012074391644461386E+00 0.10778565938573502211593856347167E+01
-0.87146500273764154389510862607911E+00 0.10844729199244041693920700434163E+01
-0.87682809210540835761124472618546E+00 0.10910513270124384919989477337900E+01
-0.88215992929752765621480681239801E+00 0.10975915828235142148047817445723E+01
-0.88746032996833187799329911745504E+00 0.11040934564177373578747053684272E+01
-0.89272911082930145652386168989536E+00 0.11105567182210906190461185631829E+01
-0.89796608965632117415911810972378E+00 0.11169811400332232967542215657516E+01
-0.90317108529688036307921383560012E+00 0.11233664950351987055642878525441E+01
-0.90834391767721706492266465860101E+00 0.11297125577971990912707460128167E+01
-0.91348440780940679780298291688237E+00 0.11360191042861870506071220238634E+01
-0.91859237779839566646360218713173E+00 0.11422859118735238139893821143727E+01
-0.92366765084897823431113710506091E+00 0.11485127593425432788625601673709E+01
-0.92871005127272037356413517395601E+00 0.11546994268960816636553905581407E+01
-0.93371940449482720640307010673537E+00 0.11608456961639627766238033294246E+01
-0.93869553706095630725846726407996E+00 0.11669513502104376727718240159388E+01
-0.94363827664397628693106814658157E+00 0.11730161735415792807792052649117E+01
-0.94854745205067096047709806252549E+00 0.11790399521126308281872035418413E+01
-0.95342289322838926433565729664561E+00 0.11850224733353081487169498366664E+01
-0.95826443127164089374876915296526E+00 0.11909635260850554754490251434339E+01
-0.96307189842863800048917633183579E+00 0.11968629007082539778200098630097E+01
-0.96784512810778282013813758079851E+00 0.12027203890293834577633721617684E+01
-0.97258395488410154188036918345314E+00 0.12085357843581357538254163509092E+01
-0.97728821450562438659479864050805E+00 0.12143088814964807865490628583907E+01
-0.98195774389971199064013843207250E+00 0.12200394767456836592294504934930E+01
-0.98659238117932824432245028440500E+00 0.12257273679132735076494392029855E+01
-0.99119196564925959472720058149240E+00 0.12313723543199630083157241715179E+01
-0.99575633781228083424653958943561E+00 0.12369742368065187807543206250096E+01
-0.10002853393752675566004386196227E+01 0.12425328177405818347572684951754E+01
-0.10047788132552553019570643921947E+01 0.12480479010234382062218617812735E+01
-0.10092366035854453335529855456150E+01 0.12535192920967392776016666508530E+01
-0.10136585557211571036876202534218E+01 0.12589467979491713133793235017990E+01
-0.10180445162457276818586097083282E+01 0.12643302271230741153018764077792E+01
-0.10223943329763578577554518003645E+01 0.12696693897210085249944944171009E+01
-0.10267078549699050933463415431971E+01 0.12749640974122721255149036659277E+01
-0.10309849325286233776497610831312E+01 0.12802141634393634645008085019025E+01
-0.10352254172058499418003596694751E+01 0.12854194026243935954063789776149E+01
-0.10394291618116389055071697372494E+01 0.12905796313754458275632252686925E+01
-0.10435960204183416275137477805625E+01 0.12956946676928821290485885054284E+01
-0.10477258483661343418331138362623E+01 0.13007643311755968367162160262530E+01
-0.10518185022684923051602386825967E+01 0.13057884430272172452553074737545E+01
-0.10558738400176110454591881841931E+01 0.13107668260622499912342120453189E+01
-0.10598917207897745833308821463725E+01 0.13156993047121743864918662862232E+01
-0.10638720050506702653631888851387E+01 0.13205857050314810689497481218318E+01
-0.10678145545606508556394240501512E+01 0.13254258547036564049876568593198E+01
-0.10717192323799430649588770729689E+01 0.13302195830471124171571565597183E+01
-0.10755859028738033170119153093876E+01 0.13349667210210615826729957332591E+01
-0.10794144317176201648871407178194E+01 0.13396671012313365648187042319066E+01
-0.10832046859019633372805281589174E+01 0.13443205579361545721243204549858E+01
-0.10869565337375800351625388986516E+01 0.13489269270518258585406198919869E+01
-0.10906698448603373701048383673215E+01 0.13534860461584067389203624741739E+01
-0.10943444902361120219974886548335E+01 0.13579977545052957386510560851129E+01
-0.10979803421656264455967154847833E+01 0.13624618930167740144946233241836E+01
-0.11015772742892315428499136205212E+01 0.13668783042974888746340708713247E+01
-0.11051351615916361955389651731180E+01 0.13712468326378802873499474141425E+01
-0.11086538804065831862647832910415E+01 0.13755673240195504457402302981221E+01
-0.11121333084214720083025467716098E+01 0.13798396261205759726580414610406E+01
-0.11155733246819276144210597842653E+01 0.13840635883207625997281153680311E+01
-0.11189738095963162211486971023516E+01 0.13882390617068418914162895219928E+01
-0.11223346449402071306452095104342E+01 0.13923658990776101633014761813666E+01
-0.11256557138607811022794823868550E+01 0.13964439549490091209121715181883E+01
-0.11289369008811849999503677622987E+01 0.14004730855591479187784503300796E+01
-0.11321780919048328454837808270218E+01 0.14044531488732668201920917239249E+01
-0.11353791742196528298222332861496E+01 0.14083840045886417900770462734871E+01
-0.11385400365022808373893758024277E+01 0.14122655141394300729533738194387E+01
-0.11416605688221999688523318589356E+01 0.14160975407014567287827244468664E+01
-0.11447406626458260779716315233327E+01 0.14198799491969412847654906439327E+01
-0.11477802108405394744098971986076E+01 0.14236126062991650990314337707353E+01
-0.11507791076786626387405412182620E+01 0.14272953804370787449193697675715E+01
-0.11537372488413836278702885979538E+01 0.14309281417998493596999853554746E+01
-0.11566545314226257785502096828496E+01 0.14345107623413476209656521772355E+01
-0.11595308539328628131047779490691E+01 0.14380431157845746002583167046673E+01
-0.11623661163028801750786431816289E+01 0.14415250776260277878080445191119E+01
-0.11651602198874815992536440786670E+01 0.14449565251400064726531793271309E+01
-0.11679130674691416960663941515330E+01 0.14483373373828559458283398818086E+01
-0.11706245632616042778664871744613E+01 0.14516673951971509763203053399791E+01
-0.11732946129134257101519526141613E+01 0.14549465812158175438223878504943E+01
-0.11759231235114644036165205898920E+01 0.14581747798661935072600130179356E+01
-0.11785100035843153538091325022263E+01 0.14613518773740272835178475047896E+01
-0.11810551631056902847741213893602E+01 0.14644777617674149675667313815295E+01
-0.11835585134977430800240333081583E+01 0.14675523228806755434917484192629E+01
-0.11860199676343404661405413766626E+01 0.14705754523581636570619732319387E+01
-0.11884394398442780892762832028225E+01 0.14735470436580205565798892230619E+01
-0.11908168459144416650110555024108E+01 0.14764669920558622252068581392708E+01
-0.11931521030929133595936553386545E+01 0.14793351946484052150865663426751E+01
-0.11954451300920231942277206523880E+01 0.14821515503570298618950909412729E+01
-0.11976958470913454467840619363341E+01 0.14849159599312799105660839450185E+01
-0.11999041757406402093070920098749E+01 0.14876283259523004681331014213762E+01
-0.12020700391627397318335361624693E+01 0.14902885528362113680795696692339E+01
-0.12041933619563797702913026042297E+01 0.14928965468374183495275507014305E+01
-0.12062740701989755727866130096750E+01 0.14954522160518602888532554493461E+01
-0.12083120914493428987644299189589E+01 0.14979554704201930666726997934456E+01
-0.12103073547503636521367352653369E+01 0.15004062217309098158640157586795E+01
-0.12122597906315961219241684571885E+01 0.15028043836233971948373685736780E+01
-0.12141693311118300842940007114113E+01 0.15051498715909280110715886446378E+01
-0.12160359097015862873103713923926E+01 0.15074426029835896704415898347752E+01
-0.12178594614055605325737617949612E+01 0.15096824970111484287679941597220E+01
-0.12196399227250123686378818259926E+01 0.15118694747458495753506254801299E+01
-0.12213772316600981430169744451702E+01 0.15140034591251530292545756951267E+01
-0.12230713277121483959362724183570E+01 0.15160843749544046999328445723305E+01
-0.12247221518858898135304216695380E+01 0.15181121489094430460068881348319E+01
-0.12263296466916113424926111095423E+01 0.15200867095391410324237341636078E+01
-0.12278937561472746409505359272918E+01 0.15220079872678834029860133887891E+01
-0.12294144257805687816237910317831E+01 0.15238759143979789095742055939901E+01
-0.12308916026309091759332850052536E+01 0.15256904251120076225195387883094E+01
-0.12323252352513805333901152703270E+01 0.15274514554751032245173786921215E+01
-0.12337152737106241145995931364264E+01 0.15291589434371700634702355011513E+01
-0.12350616695946689479928948460319E+01 0.15308128288350350140052558805207E+01
-0.12363643760087072075992717552792E+01 0.15324130533945339394470570764902E+01
-0.12376233475788133900772904942980E+01 0.15339595607325327936172293332029E+01
-0.12388385404536077383489013157997E+01 0.15354522963588832548303541142160E+01
-0.12400099123058634065583598974030E+01 0.15368912076783126602783667863365E+01
-0.12411374223340576324857239134985E+01 0.15382762439922484576872840950513E+01
-0.12422210312638667148684789324723E+01 0.15396073565005767845737613374904E+01
-0.12432607013496049372906890318586E+01 0.15408844983033353533388745850027E+01
-0.12442563963756072357854572636845E+01 0.15421076244023405365198173687694E+01
-0.12452080816575556316604230965404E+01 0.15432766917027482767987317847085E+01
-0.12461157240437495260787670356772E+01 0.15443916590145493957475378065566E+01
-0.12469792919163196011238095610609E+01 0.15454524870539985019327386660737E+01
-0.12477987551923855001253858068437E+01 0.15464591384449770907372389845570E+01
-0.12485740853251574122483862448769E+01 0.15474115777202902228100961086773E+01
-0.12493052553049803919839937412764E+01 0.15483097713228975244719670886930E+01
-0.12499922396603247536372626164089E+01 0.15491536876070764362440411432112E+01
-0.12506350144587137433982755080396E+01 0.15499432968395237757963840607011E+01
-0.12512335573076121815168895808146E+01 0.15506785712003772847524937138000E+01
-0.12517878473552094971958949726123E+01 0.15513594847842106112182155055544E+01
-0.12522978652912862864844860654729E+01 0.15519860136008479200631578981594E+01
-0.12527635933476252231787461313136E+01 0.15525581355764371905902802589054E+01
-0.12530494651539980567996043982799E+01 0.15529093141708697188645174087369E+01
-0.12533156409000727249373265174684E+01 0.15532362974498694062330813927590E+01
-0.12535621164644411116847669942417E+01 0.15535390802932854892601624070254E+01
-0.12537888880307002807164028516781E+01 0.15538176579599332194136091148390E+01
-0.12539959520875325813573660299617E+01 0.15540720260876522953877979527025E+01
-0.12541931663854263460078356015745E+01 0.15543142944098439586050286905196E+01
-0.12543903908634058748382044155170E+01 0.15545565753787347306778387772674E+01
-0.12545876255217983907410403193606E+01 0.15547988689947178451989074904384E+01
-0.12547848703609484991193172248298E+01 0.15550411752581724121462824804881E+01
-0.12549821253811466728716260489870E+01 0.15552834941695216142499805570882E+01
-0.12547848703609484991193172248298E+01 0.15550411752581724121462824804881E+01
-0.12545876255217983907410403193606E+01 0.15547988689947178451989074904384E+01
-0.12543903908634058748382044155170E+01 0.15545565753787347306778387772674E+01
-0.12541931663854263460078356015745E+01 0.15543142944098439586050286905196E+01
-0.12539959520875325813573660299617E+01 0.15540720260876522953877979527025E+01
-0.12537888880307002807164028516781E+01 0.15538176579599332194136091148390E+01
-0.12535621164644411116847669942417E+01 0.15535390802932854892601624070254E+01
-0.12533156409000727249373265174684E+01 0.15532362974498694062330813927590E+01
-0.12530494651539980567996043982799E+01 0.15529093141708697188645174087369E+01
-0.12527635933476252231787461313136E+01 0.15525581355764371905902802589054E+01
-0.12522978652912862864844860654729E+01 0.15519860136008479200631578981594E+01
-0.12517878473552094971958949726123E+01 0.15513594847842106112182155055544E+01
-0.12512335573076121815168895808146E+01 0.15506785712003772847524937138000E+01
-0.12506350144587137433982755080396E+01 0.15499432968395237757963840607011E+01
-0.12499922396603247536372626164089E+01 0.15491536876070764362440411432112E+01
-0.12493052553049803919839937412764E+01 0.15483097713228975244719670886930E+01
-0.12485740853251574122483862448769E+01 0.15474115777202902228100961086773E+01
-0.12477987551923855001253858068437E+01 0.15464591384449770907372389845570E+01
-0.12469792919163196011238095610609E+01 0.15454524870539985019327386660737E+01
-0.12461157240437495260787670356772E+01 0.15443916590145493957475378065566E+01
-0.12452080816575556316604230965404E+01 0.15432766917027482767987317847085E+01
-0.12442563963756072357854572636845E+01 0.15421076244023405365198173687694E+01
-0.12432607013496049372906890318586E+01 0.15408844983033353533388745850027E+01
-0.12422210312638667148684789324723E+01 0.15396073565005767845737613374904E+01
-0.12411374223340576324857239134985E+01 0.15382762439922484576872840950513E+01
-0.12400099123058634065583598974030E+01 0.15368912076783126602783667863365E+01
-0.12388385404536077383489013157997E+01 0.15354522963588832548303541142160E+01
-0.12376233475788133900772904942980E+01 0.15339595607325327936172293332029E+01
-0.12363643760087072075992717552792E+01 0.15324130533945339394470570764902E+01
-0.12350616695946689479928948460319E+01 0.15308128288350350140052558805207E+01
-0.12337152737106241145995931364264E+01 0.15291589434371700634702355011513E+01
-0.12323252352513805333901152703270E+01 0.15274514554751032245173786921215E+01
-0.12308916026309091759332850052536E+01 0.15256904251120076225195387883094E+01
-0.12294144257805687816237910317831E+01 0.15238759143979789095742055939901E+01
-0.12278937561472746409505359272918E+01 0.15220079872678834029860133887891E+01
-0.12263296466916113424926111095423E+01 0.15200867095391410324237341636078E+01
-0.12247221518858898135304216695380E+01 0.15181121489094430460068881348319E+01
-0.12230713277121483959362724183570E+01 0.15160843749544046999328445723305E+01
-0.12213772316600981430169744451702E+01 0.15140034591251530292545756951267E+01
-0.12196399227250123686378818259926E+01 0.15118694747458495753506254801299E+01
-0.12178594614055605325737617949612E+01 0.15096824970111484287679941597220E+01
-0.12160359097015862873103713923926E+01 0.15074426029835896704415898347752E+01
-0.12141693311118300842940007114113E+01 0.15051498715909280110715886446378E+01
-0.12122597906315961219241684571885E+01 0.15028043836233971948373685736780E+01
-0.12103073547503636521367352653369E+01 0.15004062217309098158640157586795E+01
-0.12083120914493428987644299189589E+01 0.14979554704201930666726997934456E+01
-0.12062740701989755727866130096750E+01 0.14954522160518602888532554493461E+01
-0.12041933619563797702913026042297E+01 0.14928965468374183495275507014305E+01
-0.12020700391627397318335361624693E+01 0.14902885528362113680795696692339E+01
-0.11999041757406402093070920098749E+01 0.14876283259523004681331014213762E+01
-0.11976958470913454467840619363341E+01 0.14849159599312799105660839450185E+01
-0.11954451300920231942277206523880E+01 0.14821515503570298618950909412729E+01
-0.11931521030929133595936553386545E+01 0.14793351946484052150865663426751E+01
-0.11908168459144416650110555024108E+01 0.14764669920558622252068581392708E+01
-0.11884394398442780892762832028225E+01 0.14735470436580205565798892230619E+01
-0.11860199676343404661405413766626E+01 0.14705754523581636570619732319387E+01
-0.11835585134977430800240333081583E+01 0.14675523228806755434917484192629E+01
-0.11810551631056902847741213893602E+01 0.14644777617674149675667313815295E+01
-0.11785100035843153538091325022263E+01 0.14613518773740272835178475047896E+01
-0.11759231235114644036165205898920E+01 0.14581747798661935072600130179356E+01
-0.11732946129134257101519526141613E+01 0.14549465812158175438223878504943E+01
-0.11706245632616042778664871744613E+01 0.14516673951971509763203053399791E+01
-0.11679130674691416960663941515330E+01 0.14483373373828559458283398818086E+01
-0.11651602198874815992536440786670E+01 0.14449565251400064726531793271309E+01
-0.11623661163028801750786431816289E+01 0.14415250776260277878080445191119E+01
-0.11595308539328628131047779490691E+01 0.14380431157845746002583167046673E+01
-0.11566545314226257785502096828496E+01 0.14345107623413476209656521772355E+01
-0.11537372488413836278702885979538E+01 0.14309281417998493596999853554746E+01
-0.11507791076786626387405412182620E+01 0.14272953804370787449193697675715E+01
-0.11477802108405394744098971986076E+01 0.14236126062991650990314337707353E+01
-0.11447406626458260779716315233327E+01 0.14198799491969412847654906439327E+01
-0.11416605688221999688523318589356E+01 0.14160975407014567287827244468664E+01
-0.11385400365022808373893758024277E+01 0.14122655141394300729533738194387E+01
-0.11353791742196528298222332861496E+01 0.14083840045886417900770462734871E+01
-0.11321780919048328454837808270218E+01 0.14044531488732668201920917239249E+01
-0.11289369008811849999503677622987E+01 0.14004730855591479187784503300796E+01
-0.11256557138607811022794823868550E+01 0.13964439549490091209121715181883E+01
-0.11223346449402071306452095104342E+01 0.13923658990776101633014761813666E+01
-0.11189738095963162211486971023516E+01 0.13882390617068418914162895219928E+01
-0.11155733246819276144210597842653E+01 0.13840635883207625997281153680311E+01
-0.11121333084214720083025467716098E+01 0.13798396261205759726580414610406E+01
-0.11086538804065831862647832910415E+01 0.13755673240195504457402302981221E+01
-0.11051351615916361955389651731180E+01 0.13712468326378802873499474141425E+01
-0.11015772742892315428499136205212E+01 0.13668783042974888746340708713247E+01
-0.10979803421656264455967154847833E+01 0.13624618930167740144946233241836E+01
-0.10943444902361120219974886548335E+01 0.13579977545052957386510560851129E+01
-0.10906698448603373701048383673215E+01 0.13534860461584067389203624741739E+01
-0.10869565337375800351625388986516E+01 0.13489269270518258585406198919869E+01
-0.10832046859019633372805281589174E+01 0.13443205579361545721243204549858E+01
-0.10794144317176201648871407178194E+01 0.13396671012313365648187042319066E+01
-0.10755859028738033170119153093876E+01 0.13349667210210615826729957332591E+01
-0.10717192323799430649588770729689E+01 0.13302195830471124171571565597183E+01
-0.10678145545606508556394240501512E+01 0.13254258547036564049876568593198E+01
-0.10638720050506702653631888851387E+01 0.13205857050314810689497481218318E+01
-0.10598917207897745833308821463725E+01 0.13156993047121743864918662862232E+01
-0.10558738400176110454591881841931E+01 0.13107668260622499912342120453189E+01
-0.10518185022684923051602386825967E+01 0.13057884430272172452553074737545E+01
-0.10477258483661343418331138362623E+01 0.13007643311755968367162160262530E+01
-0.10435960204183416275137477805625E+01 0.12956946676928821290485885054284E+01
-0.10394291618116389055071697372494E+01 0.12905796313754458275632252686925E+01
-0.10352254172058499418003596694751E+01 0.12854194026243935954063789776149E+01
-0.10309849325286233776497610831312E+01 0.12802141634393634645008085019025E+01
-0.10267078549699050933463415431971E+01 0.12749640974122721255149036659277E+01
-0.10223943329763578577554518003645E+01 0.12696693897210085249944944171009E+01
-0.10180445162457276818586097083282E+01 0.12643302271230741153018764077792E+01
-0.10136585557211571036876202534218E+01 0.12589467979491713133793235017990E+01
-0.10092366035854453335529855456150E+01 0.12535192920967392776016666508530E+01
-0.10047788132552553019570643921947E+01 0.12480479010234382062218617812735E+01
-0.10002853393752675566004386196227E+01 0.12425328177405818347572684951754E+01
-0.99575633781228083424653958943561E+00 0.12369742368065187807543206250096E+01
-0.99119196564925959472720058149240E+00 0.12313723543199630083157241715179E+01
-0.98659238117932824432245028440500E+00 0.12257273679132735076494392029855E+01
-0.98195774389971199064013843207250E+00 0.12200394767456836592294504934930E+01
-0.97728821450562438659479864050805E+00 0.12143088814964807865490628583907E+01
-0.97258395488410154188036918345314E+00 0.12085357843581357538254163509092E+01
-0.96784512810778282013813758079851E+00 0.12027203890293834577633721617684E+01
-0.96307189842863800048917633183579E+00 0.11968629007082539778200098630097E+01
-0.95826443127164089374876915296526E+00 0.11909635260850554754490251434339E+01
-0.95342289322838926433565729664561E+00 0.11850224733353081487169498366664E+01
-0.94854745205067096047709806252549E+00 0.11790399521126308281872035418413E+01
-0.94363827664397628693106814658157E+00 0.11730161735415792807792052649117E+01
-0.93869553706095630725846726407996E+00 0.11669513502104376727718240159388E+01
-0.93371940449482720640307010673537E+00 0.11608456961639627766238033294246E+01
-0.92871005127272037356413517395601E+00 0.11546994268960816636553905581407E+01
-0.92366765084897823431113710506091E+00 0.11485127593425432788625601673709E+01
-0.91859237779839566646360218713173E+00 0.11422859118735238139893821143727E+01
-0.91348440780940679780298291688237E+00 0.11360191042861870506071220238634E+01
-0.90834391767721706492266465860101E+00 0.11297125577971990912707460128167E+01
-0.90317108529688036307921383560012E+00 0.11233664950351987055642878525441E+01
-0.89796608965632117415911810972378E+00 0.11169811400332232967542215657516E+01
-0.89272911082930145652386168989536E+00 0.11105567182210906190461185631829E+01
-0.88746032996833187799329911745504E+00 0.11040934564177373578747053684272E+01
-0.88215992929752765621480681239801E+00 0.10975915828235142148047817445723E+01
-0.87682809210540835761124472618546E+00 0.10910513270124384919989477337900E+01
-0.87146500273764154389510862607911E+00 0.10844729199244041693920700434163E+01
-0.86607084658973012074391644461386E+00 0.10778565938573502211593856347167E+01
-0.86064581009964303336747869193479E+00 0.10712025824593873526163353755592E+01
-0.85519008074038911520135732484192E+00 0.10645111207208837656456298465728E+01
-0.84970384701253344985514386055580E+00 0.10577824449665102787625059503026E+01
-0.84418729843665668766711117256246E+00 0.10510167928472451958055075840368E+01
-0.83864062554575614778273425368391E+00 0.10442144033323397690236798587059E+01
-0.83306401987758881573532629480970E+00 0.10373755167012439734708636205191E+01
-0.82745767396695599145290102861719E+00 0.10305003745354938821632008499352E+01
-0.82182178133792870757682970948310E+00 0.10235892197105604987427270135029E+01
-0.81615653649601422257293764914737E+00 0.10166422963876607839564290278638E+01
-0.81046213492026240033021243625092E+00 0.10096598500055314587467173653700E+01
-0.80473877305531217320066651911383E+00 0.10026421272721657308112694966133E+01
-0.79898664830337735242743595930248E+00 0.99558937615651391074599387951892E+00
-0.79320595901617111102838056071551E+00 0.98850184588014790152006787540918E+00
-0.78739690448676931110584207374756E+00 0.98137978690889062878543342930354E+00
-0.78155968494141102678156175799062E+00 0.97422345094441043694159651839640E+00
-0.77569450153123712247403501712486E+00 0.96703309091578132198605253652525E+00
-0.76980155632396482812370181495402E+00 0.95980896097100941746871221986209E+00
-0.76388105229549899463831763425459E+00 0.95255131646852622158586004021006E+00
-0.75793319332147841797020855949512E+00 0.94526041396864925896416101025878E+00
-0.75195818416875730939245051889359E+00 0.93793651122501067554619329037375E+00
-0.74595623048682046655871230389036E+00 0.93057986717595438636694021701963E+00
-0.73992753879913211975225448896925E+00 0.92319074193590213143529206731035E+00
-0.73387231649441737146100703922865E+00 0.91576939678668949680878101749367E+00
-0.72779077181787525617843938852091E+00 0.90831609416887210413976344006398E+00
-0.72168311386232280039164088677426E+00 0.90083109767300270303021357986516E+00
-0.71554955255926940135017353280362E+00 0.89331467203087996087928382649663E+00
-0.70939029866991997544938710927033E+00 0.88576708310676920037554035748658E+00
-0.70320556377610680160446876979125E+00 0.87818859788859636950667661079445E+00
-0.69699556027114792671304039362066E+00 0.87057948447911507678338377039222E+00
-0.69076050135063262124535283233031E+00 0.86294001208704822699124088702327E+00
-0.68450060100313096492926079141996E+00 0.85527045101820439543253229427850E+00
-0.67821607400082787786873494949539E+00 0.84757107266656957474292210305420E+00
-0.67190713589008013375168438492912E+00 0.83984214950537575980532902430920E+00
-0.66557400298189391578358419805807E+00 0.83208395507814603815573819507295E+00
-0.65921689234232374402144084190095E+00 0.82429676398971771923854569920782E+00
-0.65283602178278924833004762759340E+00 0.81648085189724413285685788371265E+00
-0.64643160985030985895276931160282E+00 0.80863649550117561199606421288864E+00
-0.64000387581765535055243383702818E+00 0.80076397253622050017849989880174E+00
-0.63355303967341034994867750607998E+00 0.79286356176228749762707364660196E+00
-0.62707932211195225113206516428955E+00 0.78493554295540939902265894010165E+00
-0.62058294452333956903046976678217E+00 0.77698019689864962265960698196643E+00
-0.61406412898310972458265760281520E+00 0.76899780537299220197126984849846E+00
-0.60752309824198481956481771189596E+00 0.76098865114821622525709796655431E+00
-0.60096007571548155870920760456945E+00 0.75295301797375568632700982269199E+00
-0.59437528547342619297517535293901E+00 0.74489119056954501091165116755283E+00
-0.58776895222936986513080524003038E+00 0.73680345461685244691568138800743E+00
-0.58114130132990340054403349375385E+00 0.72869009674910136982040702003300E+00
-0.57449255874386879492215390602704E+00 0.72055140454268038093803350355774E+00
-0.56782295105146541517570151549973E+00 0.71238766650774415686561136915941E+00
-0.56113270543324813971921217842302E+00 0.70419917207900493472325763048330E+00
-0.55442204965901433065234346150074E+00 0.69598621160651692688546013600416E+00
-0.54769121207657814695865140022402E+00 0.68774907634645333565024965179261E+00
-0.54094042160042797342125940829127E+00 0.67948805845187875463209542560559E+00
-0.53416990770026463935600601025479E+00 0.67120345096351648360336066042314E+00
-0.52737990038941761092109779487661E+00 0.66289554780051329088341511789554E+00
-0.52057063021313511357653646293426E+00 0.65456464375120194890075940454668E+00
-0.51374232823674493395607668349587E+00 0.64621103446386303716528123233434E+00
-0.50689522603368330229464520528418E+00 0.63783501643748779295802031085011E+00
-0.50002955567338645583529882942257E+00 0.62943688701254263053884493434448E+00
-0.49314554970904232019394754175655E+00 0.62101694436173681424355772606217E+00
-0.48624344116519772529937811458125E+00 0.61257548748079531283009322830854E+00
-0.47932346352521673910382284668506E+00 0.60411281617923750988879632047594E+00
-0.47238585071858558763434998116751E+00 0.59562923107116385592952954757712E+00
-0.46543083710806007262781883890384E+00 0.58712503356605103663253129747739E+00
-0.45845865747664968848279943875067E+00 0.57860052585955893318311028223546E+00
-0.45146954701443454979040972816250E+00 0.57005601092434922728359343275252E+00
-0.44446374130520731003766090070747E+00 0.56149179250091814462132475896819E+00
-0.43744147631293816316778993064842E+00 0.55290817508844552347035909709629E+00
-0.43040298836805323595524371297978E+00 0.54430546393566051670768554815877E+00
-0.42334851415352265171590126964841E+00 0.53568396503172786032931518854910E+00
-0.41627829069075079792431537380272E+00 0.52704398509715459306726983314143E+00
-0.40919255532526206120927590735360E+00 0.51838583157472015635064032933879E+00
-0.40209154571217556570610385913724E+00 0.50970981262043239803755897778164E+00
-0.39497549980145997741376591837100E+00 0.50101623709451019124421236264226E+00
-0.38784465582296241346826214910568E+00 0.49230541455239623623395505707815E+00
-0.38069925227120149644552024553654E+00 0.48357765523580134359257803252468E+00
-0.37353952788991711883259271360320E+00 0.47483327006378235392174167328431E+00
-0.36636572165636815995731731075052E+00 0.46607257062385841757646923514238E+00
-0.35917807276536588786970562726478E+00 0.45729586916316342507713765568253E+00
-0.35197682061303811572468031407889E+00 0.44850347857964252976321901950483E+00
-0.34476220478030742335910581983269E+00 0.43969571241329182656198861896971E+00
-0.33753446501607882403809554084654E+00 0.43087288483744474709370879324012E+00
-0.33029384122011986369210990792664E+00 0.42203531065010901319290440083177E+00
-0.32304057342562430315738543688766E+00 0.41318330526535578989593747624583E+00
-0.31577490178144592046764749107903E+00 0.40431718470476545448639993257828E+00
-0.30849706653398782951364120162044E+00 0.39543726558893163340133495980524E+00
-0.30120730800873482368487945555466E+00 0.38654386512902819946155088209040E+00
-0.29390586659141316422685688781378E+00 0.37763730111844223425097693268340E+00
-0.28659298270876144111747173139130E+00 0.36871789192447593815567076218140E+00
-0.27926889680889745953480008604033E+00 0.35978595648012230550890751927550E+00
-0.27193384934126278838791137140949E+00 0.35084181427591738298329265974666E+00
-0.26458808073612719264304240293228E+00 0.34188578535187370779696395342106E+00
-0.25723183138363301931057099358422E+00 0.33291819028949965564087657990380E+00
-0.24986534161236037856872613580478E+00 0.32393935020390724938104449710864E+00
-0.24248885166739066706393328589648E+00 0.31494958673601514762715696342744E+00
-0.23510260168784615958665709554991E+00 0.30594922204485029135962236272252E+00
-0.22770683168388238482135489747870E+00 0.29693857879995326802961343195659E+00
-0.22030178151310741717387387576988E+00 0.28791798017389259690936872403771E+00
-0.21288769085640150740741118949612E+00 0.27888774983489380358738744316117E+00
-0.20546479919310970545464949989020E+00 0.26984821193958795221948301429607E+00
-0.19803334577557737422156321894375E+00 0.26079969112588666568778226083989E+00
-0.19059356960299711524495846410723E+00 0.25174251250598774327772858250388E+00
-0.18314570939453402974611807887775E+00 0.24267700165952076951194841427798E+00
-0.17569000356169453911402303760947E+00 0.23360348462683599007011845697854E+00
-0.16822669017990158132298930577039E+00 0.22452228790244621987929991847854E+00
-0.16075600695923619887561303509012E+00 0.21543373842862715987479024817702E+00
-0.15327819121430451722989238574556E+00 0.20633816358918420157262380383139E+00
-0.14579347983318682785378646454595E+00 0.19723589120339510192170593716775E+00
-0.13830210924541904983848698739816E+00 0.18812724952013375147339429254361E+00
-0.13080431538896131777656966415624E+00 0.17901256721218708252272413523565E+00
-0.12330033367609636957287935506648E+00 0.16989217337077182202440240335215E+00
-0.11579039895820486396863565594020E+00 0.16076639750026134484828246947920E+00
-0.10827474548935848332344976337007E+00 0.15163556951313411091096480681146E+00
-0.10075360688866443334228873474373E+00 0.14250001972514986958237478747374E+00
-0.93227216101298298525905681988390E-01 0.13336007885077138025086093121352E+00
-0.85695805358150829094201393194414E-01 0.12421607799883537378379106785751E+00
-0.78159606134013320346982662513376E-01 0.11506834866849122191533001321098E+00
-0.70618849104223046727666557244393E-01 0.10591722274541628301668041641012E+00
-0.63073764099677430346657669427563E-01 0.96763032498322323952027313549248E-01
-0.55524580060131252414978748016127E-01 0.87606110575767287420452936087464E-01
-0.47971524985673294031724623709138E-01 0.78446790003286215003915949624717E-01
-0.40414825886280854016104724142675E-01 0.69285404180857118770252840740641E-01
-0.32854708729340279733205016453168E-01 0.60122286880718266932568633283357E-01
-0.25291398385012498619161791991427E-01 0.50957772245552762461668634646581E-01
-0.17725118569317378198086896114003E-01 0.41792194787059443358406444391084E-01
-0.10156091784799544162324085609742E-01 0.32625889384927849290829501787223E-01
-0.25845392586298432878716737087972E-02 0.23459191286237857599929739620691E-01
0.49893191220141533306353186636870E-02 0.14292436105303460122572398203075E-01
0.12565264877457117317644674814676E-01 0.51259598239835039106656802574295E-02
0.20143081006103138604662981457470E-01 -0.40399012075179277977173326749784E-02
0.27722552058275514220203048934019E-01 -0.13204810269337898089559213360164E-01
0.35303464213526286323313725902946E-01 -0.22368430270102003659212213808300E-01
0.42885605361637852396620913737026E-01 -0.31530423744505948634360395652860E-01
0.50468765187557657874493932369992E-01 -0.40690452850303759658118282301003E-01
0.58052735260523478150488391456551E-01 -0.49848179364672795303040173478644E-01
0.65637309127656896786005481628755E-01 -0.59003264679924323282542922053731E-01
0.73222282412326051653697107120245E-01 -0.68155369798527062337754791277059E-01
0.80807452917599515306843400028904E-01 -0.77304155327409231601735709600729E-01
0.88392620735141948796062189727727E-01 -0.86449281471503226058070451928610E-01
0.95977588359927068625867908162386E-01 -0.95590408026493717202272718828724E-01
0.10356216081117737912196113815307E+00 -0.10472719437073020847640018734673E+00
0.11114614575997244224618636899505E+00 -0.11385929945626142340819112748513E+00
0.11872935366400189449781359865960E+00 -0.12298638179894593603583352405581E+00
0.12631159790998500102266164423907E+00 -0.13210809946759525341296346800603E+00
0.13389269496431789248761379433155E+00 -0.14122411007209634637643193869136E+00
0.14147246453255955806602551396272E+00 -0.15033407075046566443870585025465E+00
0.14905072972842562359746072790270E+00 -0.15943763815477902913518437453541E+00
0.15662731725300706025968180223922E+00 -0.16853446843591938598619742767159E+00
0.16420205758501119934654863191192E+00 -0.17762421722708623375765401397330E+00
0.17177478518287715900858918363332E+00 -0.18670653962600127006992724362719E+00
0.17934533869971132363206053062106E+00 -0.19578109017574716666507147249460E+00
0.18691356121206771065540329266907E+00 -0.20484752284417171141690139390572E+00
0.19447930046369588020357844719648E+00 -0.21390549100178440077583190620890E+00
0.20204240912549018857894716235338E+00 -0.22295464739807622330733235056537E+00
0.20960274507298893438366554924066E+00 -0.23199464413618117238144373236820E+00
0.21716017168290785700253454690276E+00 -0.24102513264580532109623533474198E+00
0.22471455815033929556213344111165E+00 -0.25004576365433997204187506588436E+00
0.23226577982841180169793470474920E+00 -0.25905618715607553124618774074678E+00
0.23981371859239132545372310777527E+00 -0.26805605237943266105957726423930E+00
0.24735826323040881244558883913642E+00 -0.27704500775212265477501054885845E+00
0.25489930986323254955981328932598E+00 -0.28602270086415211102818677577778E+00
0.26243676239575816001931917081404E+00 -0.29498877842858472764025795515720E+00
0.26997053300318560485130335538768E+00 -0.30394288623997526868757765209455E+00
0.27750054265517587715725844287943E+00 -0.31288466913039445762567405281914E+00
0.28502672168165293189801120801511E+00 -0.32181377092296684539678160900179E+00
0.29254901038433178865696137419250E+00 -0.33072983438285191996495109172594E+00
0.30006735969853003293388845190577E+00 -0.33963250116560691190206401349858E+00
0.30758173191035489725948224994019E+00 -0.34852141176288348167266594258805E+00
0.31509210143496967200415647296852E+00 -0.35739620544542860662699907031821E+00
0.32259845566233882275800237525005E+00 -0.36625652020338028799798565591321E+00
0.33010079587764690738186795593381E+00 -0.37510199268387891570979165343056E+00
0.33759913826449345187907465257420E+00 -0.38393225812605314926563612552946E+00
0.34509351500001176676299387057668E+00 -0.39274695029348275665812321236642E+00
0.35258397545225838081313644485284E+00 -0.40154570140430357834541980391987E+00
0.36007058749160190676941022842973E+00 -0.41032814205919036783797814157226E+00
0.36755343892943991393559111096450E+00 -0.41909390116754853385133385100863E+00
0.37503263909942581065230566518522E+00 -0.42784260587236094939012229039321E+00
0.38250832059853864412803064305720E+00 -0.43657388147427888529716999769011E+00
0.38998064120784171705795544303524E+00 -0.44528735135572939815039492679243E+00
0.39744978601570992665658925532580E+00 -0.45398263690603381293668989668304E+00
0.40491596976974719726843834342064E+00 -0.46265935744881272829262840896453E+00
0.41237943948766990513387305542491E+00 -0.47131713017330537104519481265493E+00
0.41984047736221437353176705426586E+00 -0.47995557007166069558176898339704E+00
0.42729940400080010305211919684978E+00 -0.48857428988481768250019064027261E+00
0.43475658204742551773677904156943E+00 -0.49717290006026096585741008207173E+00
0.44221242024233472994225582867691E+00 -0.50575100872581429167696061428265E+00
0.44966737798466013307687525236256E+00 -0.51430822168470986841240795365129E+00
0.45712197047489125118059570273222E+00 -0.52284414243854393467183231803350E+00
0.46457677452811606495729445525310E+00 -0.53135837224646731133509272526014E+00
0.47203243516612012977133272712643E+00 -0.53985051023116334036281996835383E+00
0.47948967311738148977361650925334E+00 -0.54832015354498877885765114667385E+00
0.48694929337974573608243444490168E+00 -0.55676689761326394226462727347526E+00
0.49441219503238559395191930522457E+00 -0.56519033647635415145241100308940E+00
0.50187938252321640833293178742780E+00 -0.57359006325821306640259749185152E+00
0.50935197870744237987270384445167E+00 -0.58196567079689995893528283259745E+00
0.51683123997528596267347009642552E+00 -0.59031675248285916166057280928702E+00
0.52431857388609519704579813936404E+00 -0.59864290336428285886087406873535E+00
0.53181555982723714813073483153712E+00 -0.60694372159684537624925277455756E+00
0.53932397334668714768550049623306E+00 -0.61521881033911017752465408537950E+00
0.54684581497797420621126115730163E+00 -0.62346778022728060627981713760016E+00
0.55438334459907552865732217157464E+00 -0.63169025260697128469725842516066E+00
0.56193912266262345901799126531289E+00 -0.63988586376008374267364594435153E+00
0.56951606003159433702347519954934E+00 -0.64805427044863172222316646305621E+00
0.57711747869344249879184300659415E+00 -0.65619515721481500930219979180838E+00
0.58474718636693457573166813868758E+00 -0.66430824604331613020148476476971E+00
0.59240956905067574387353037319399E+00 -0.67239330923138911530853451907648E+00
0.60010970702994989161273356526527E+00 -0.68045018666142396014739798240208E+00
0.60785352197779208943542982178736E+00 -0.68847880918646475454069894421848E+00
0.61564796591010050080598480369279E+00 -0.69647923061082401036465241992021E+00
0.62350126747441783903660052465469E+00 -0.70445167190991798881381498518208E+00
0.63142325842348376711226053357414E+00 -0.71239658305262387429609420573966E+00
0.63942581532553798252515321527333E+00 -0.72031472999675495146815060557339E+00
0.64752347553180237405317189500517E+00 -0.72820731379578310168214683334394E+00
0.65573442667465264934816922090749E+00 -0.73607602194642765085077118189850E+00
0.66576811735494833251324071549998E+00 -0.74549258356895046394323411212185E+00
0.67605095639334905087654995705647E+00 -0.75488610240387749122084338808767E+00
0.68665575002733687638804966318552E+00 -0.76427083320545232167663017868514E+00
0.69769301736288825012036507251656E+00 -0.77366898253665125407519019100775E+00
0.70933880479107664003443464258757E+00 -0.78312334077775377725391814000346E+00
0.72122925061964722101095860215427E+00 -0.79221680228862705439402071284232E+00
0.73284301915072172894459215164290E+00 -0.80047408507526835705322272776968E+00
0.74420512720790599978259800358579E+00 -0.80788327486559067021014548008135E+00
0.75529910004400091554943696906618E+00 -0.81451638031881511957268922431826E+00
0.76635484086252539462537103958177E+00 -0.82001917992690499809558433999403E+00
0.76770874592147960194104503725303E+00 -0.83223696308582944561582356432701E+00
0.76992105392803735711636503618465E+00 -0.84479257958257716939788837349259E+00
0.77287446113697849306277679750013E+00 -0.85771108628464043647343093807651E+00
0.77654866321761448365528491346335E+00 -0.87099100105078441846835533639895E+00
0.78089140855263233143734481864341E+00 -0.88463228294283422093236368061219E+00
0.78563091666723832440128806019373E+00 -0.89800047194094426566668790661586E+00
0.79049606101237315647056977377290E+00 -0.91065084400145685729084155891339E+00
0.79545957788397084250718427326480E+00 -0.92276942692236423821376590277983E+00
0.80050118268227789342024221995360E+00 -0.93447136726591572649664998505725E+00
0.80560484814070389827140121791793E+00 -0.94583365603854599314431184788002E+00
0.80989697978767101235077690619113E+00 -0.95508191817498578687068393457987E+00
0.81421650034313669950539143219779E+00 -0.96415599224618706478462954042948E+00
0.81855928344991685775276233843523E+00 -0.97307389187444538839662816366386E+00
0.82292048962992526235008300495972E+00 -0.98185066410200865107456793950516E+00
0.82729629832280445094696076851607E+00 -0.99049840361051058966717944734976E+00
0.83168321441612590707458335657913E+00 -0.99902717078057090238584236836806E+00
0.83607818306405005607241303639402E+00 -0.10074453534038993033964220362361E+01
0.84047846503755150392227966157144E+00 -0.10157600363149897147011497841998E+01
0.84488160683114344072720605535438E+00 -0.10239772460361828209529100233518E+01
0.84928539340196484404765017288893E+00 -0.10321021495494039450824355391079E+01
0.85368781691756850548004286797955E+00 -0.10401392050286113305298499185326E+01
0.85808704846322951610107444208209E+00 -0.10480922817669111033934608237928E+01
0.86248141525639249561855374272867E+00 -0.10559647552842264693985118353747E+01
0.86686938125303432350899371505454E+00 -0.10637595840143453277865035331686E+01
0.87124953083807310245772454737053E+00 -0.10714793715730548661254477807994E+01
0.87562055492425640006216831119348E+00 -0.10791264178113243756584664923291E+01
0.87998123906853508475155447612840E+00 -0.10867027609906049660616060185419E+01
0.88433045324818765511892693749826E+00 -0.10942102128859003838947949234228E+01
0.88866714302478895157023412643403E+00 -0.11016503881989132010639790420477E+01
0.89299032187119190144611750312432E+00 -0.11090247293591129123498987925986E+01
0.89729906448006173198822253964128E+00 -0.11163345275578474748100117786114E+01
0.90159250090469129230773038378857E+00 -0.11235809406847930544346204593739E+01
0.90586981140916106230898341274149E+00 -0.11307650087006565366645575875657E+01
0.91013022192581116950251779825469E+00 -0.11378876668753025165994608457464E+01
0.91437300003494603002542073960193E+00 -0.11449497572386270518933657261883E+01
0.91859745139544822300701460256241E+00 -0.11519520385270912586980324815919E+01
0.92280291656622496796035296141156E+00 -0.11588951948577551225708670203872E+01
0.92698876816765570732738849004545E+00 -0.11657798433208887491354573458458E+01
0.93115440833984397505830331894447E+00 -0.11726065406494864054665352773697E+01
0.93529926646081796355610586887932E+00 -0.11793757890975394215822105349344E+01
0.93942279709311070878236772948223E+00 -0.11860880416374064975189344544672E+01
0.94352447813158182287054127677906E+00 -0.11927437065690353341720280166141E+01
0.94760380912906855284958630054809E+00 -0.11993431516193433212574566948155E+01
0.95166030977960251630894309879854E+00 -0.12058867075981400175487157082051E+01
0.95569351854159735300625364697520E+00 -0.12123746716670858949731983260288E+01
0.95970299138568344439487729819224E+00 -0.12188073102699440059614408586596E+01
0.96368830065380536101614377030512E+00 -0.12251848617654916771771596269247E+01
0.96764903401785976024232999251439E+00 -0.12315075387986730825205588530494E+01
0.97158479352757834716111557107642E+00 -0.12377755304406958047468195554019E+01
0.97549519473859329030965308816969E+00 -0.12439890041246479438082847923077E+01
0.97937986591268466376539127549574E+00 -0.12501481073997073973884949321708E+01
0.98323844728313492126200272832941E+00 -0.12562529695240309148625404122893E+01
0.98707059037891510067737194470478E+00 -0.12623037029138590023989429691283E+01
0.99087595740212823022354910559573E+00 -0.12683004044641852123038023764936E+01
0.99465422065374662970753080050532E+00 -0.12742431567544592420068145699927E+01
0.99840506200321276668191599714720E+00 -0.12801320291511706343220414773434E+01
0.10021281723979460875204476132091E+01 -0.12859670788177586127365137096398E+01
0.10058232514092088924558226741238E+01 -0.12917483516410785144685871019357E+01
0.10094900068111501179520479456328E+01 -0.12974758830825983890866291098168E+01
0.10131281541901677120587922935761E+01 -0.13031496989615798590636828393571E+01
0.10167374165820145904832816580812E+01 -0.13087698161766932646745298443372E+01
0.10203175241343269934647715495712E+01 -0.13143362433718137712694770039470E+01
0.10238682137924779636435549593900E+01 -0.13198489815511285637753688834709E+01
0.10273892290068586518877332551119E+01 -0.13253080246481417143872455148646E+01
0.10308803194598699603514512805259E+01 -0.13307133600526870923212681997916E+01
0.10343412408110636716876632780225E+01 -0.13360649690996364778138468174335E+01
0.10377717544590177604422910191233E+01 -0.13413628275226175043531794953349E+01
0.10411716273186566128617330572590E+01 -0.13466069058757260934236513901523E+01
0.10445406316128421200698831226030E+01 -0.13517971699259239063078127520246E+01
0.10478785446771646679052279454201E+01 -0.13569335810185510522517484470477E+01
0.10511851487769561413511167075973E+01 -0.13620160964181513220200343749200E+01
0.10544602309356308305232532500138E+01 -0.13670446696266008386792289575707E+01
0.10577035827735351033259190087807E+01 -0.13720192506803447610655788619426E+01
0.10609150003565560017783499434168E+01 -0.13769397864283813827711527180380E+01
0.10640942840538002135149475907124E+01 -0.13818062207924845525160261014888E+01
0.10672412384037108347068357398940E+01 -0.13866184950110211754820320262569E+01
0.10703556719880409702045053954743E+01 -0.13913765478676012156017282468669E+01
0.10734373973131487010904497983241E+01 -0.13960803159056894815365364081125E+01
0.10764862306981201918012472200726E+01 -0.14007297336302109208081699890635E+01
0.10795019921692669342210227934026E+01 -0.14053247336970931518962572709113E+01
0.10824845053605763538322600356047E+01 -0.14098652470916112047966613866374E+01
0.10854335974197286467988164211469E+01 -0.14143512032963266260688603591805E+01
0.10883490989193208371766491963292E+01 -0.14187825304493482669915817520000E+01
0.10912308437729661563462819821900E+01 -0.14231591554935836454804810973156E+01
0.10940786691559608112195407524655E+01 -0.14274810043175947082718821502049E+01
0.10968924154302332268092557192766E+01 -0.14317480018886243690366881686363E+01
0.10996719260733108118593419056928E+01 -0.14359600723783145866318434964514E+01
0.11024170476110589027927272442763E+01 -0.14401171392815973133502860025836E+01
0.11051276295539624131766910224708E+01 -0.14442191255292018462638054208668E+01
0.11078035243367388351038516001004E+01 -0.14482659535941884165871381279140E+01
0.11104445872610837216985373545752E+01 -0.14522575455928879015877069718110E+01
0.11130506764413651328715131109702E+01 -0.14561938233805977693739435233740E+01
0.11156216527530946003531198007400E+01 -0.14600747086423602553381493928956E+01
0.11181573797840146559884569113815E+01 -0.14639001229791231727258431644357E+01
0.11206577237876534966220548431701E+01 -0.14676699879895638203062246109615E+01
0.11231225536392064046299211506384E+01 -0.14713842253478349194339854909194E+01
0.11255517407936140293523023655958E+01 -0.14750427568774742944587893744369E+01
0.11279451592457147526440827539824E+01 -0.14786455046217023354810294544161E+01
0.11303026854923568969374442515082E+01 -0.14821923909103155018186173769968E+01
0.11326241984963644652202468794740E+01 -0.14856833384233713087416331131917E+01
0.11349095796522542747927855674395E+01 -0.14891182702518446271969697924346E+01
0.11371587127536129393152728853804E+01 -0.14924971099554248739810344105104E+01
0.11393714839620428498829836897047E+01 -0.14958197816176115175405769739269E+01
0.11415477817775964060345607040085E+01 -0.14990862098982544565184816849175E+01
0.11436874970106195321066577619441E+01 -0.15022963200836775163529893798814E+01
0.11457905227549318218803696268661E+01 -0.15054500381345123482757587920997E+01
0.11478567543622746999399818938834E+01 -0.15085472907313639077320512775144E+01
0.11498860894179628354800459878357E+01 -0.15115880053184191876684396728903E+01
0.11518784277176780431812120980246E+01 -0.15145721101451043457202587623575E+01
0.11538336712453487293924447713147E+01 -0.15174995343058895118099109783931E+01
0.11557517241520607230996379433299E+01 -0.15203702077783326713331622880423E+01
0.11576324927359488621154572934707E+01 -0.15231840614594500512805462560234E+01
0.11594758854230215024400670245993E+01 -0.15259410272004937415577725359134E+01
0.11612818127488730133888589240095E+01 -0.15286410378402129942319923978660E+01
0.11630501873412414555387519528057E+01 -0.15312840272366709857161284170807E+01
0.11647809239033715302383407016845E+01 -0.15338699302976838922410051808513E+01
0.11664739391981449164231392659919E+01 -0.15363986830099458711429464079516E+01
0.11681291520329422243407185345352E+01 -0.15388702224668992719208696278843E+01
0.11697464832452027320137251871802E+01 -0.15412844868954056406476838613783E+01
0.11713258556886501987192100749049E+01 -0.15436414156812708066091681381384E+01
0.11728671942201545981710983784300E+01 -0.15459409493936726960380409281492E+01
0.11743704256872011505191094896804E+01 -0.15481830298085389882993645885991E+01
0.11758354789159399243896700630294E+01 -0.15503675999309183028754596250562E+01
0.11772622846997905605802189467444E+01 -0.15524946040163861658144419926545E+01
0.11786507757885781061497454886991E+01 -0.15545639875915246990895038504120E+01
0.11800008868781770384724073263691E+01 -0.15565756974735125501844345960493E+01
0.11813125546006423518312535073172E+01 -0.15585296817888598134355030216216E+01
0.11825857175148071074608317655969E+01 -0.15604258899913202738936597597926E+01
0.11838203160973271864821669104410E+01 -0.15622642728790115511830012157448E+01
0.11850162927341556156960844198010E+01 -0.15640447826107723835731328867783E+01
0.11861735917124284640820968047087E+01 -0.15657673727217837841898315086882E+01
0.11872921592127469580889371150761E+01 -0.15674319981384800411812145071797E+01
0.11883719433018398963842003021328E+01 -0.15690386151927737398498240949608E+01
0.11894128939255920661795619773378E+01 -0.15705871816356171388433263902737E+01
0.11904149629024251649640680470767E+01 -0.15720776566499218793109376941202E+01
0.11913781039170180155458174025168E+01 -0.15735100008628567228641257844874E+01
0.11923022725143542653535153970523E+01 -0.15748841763575424588309874070196E+01
0.11931874260940857998710768063955E+01 -0.15762001466841619078650253900888E+01
0.11940335239052011339890518230385E+01 -0.15774578768705015289418631581652E+01
0.11948405270409889416063094098025E+01 -0.15786573334319405337915675296472E+01
0.11956083984342865676095010778384E+01 -0.15797984843809021815816758591727E+01
0.11963371028530051443311816963672E+01 -0.15808812992357809858114936581924E+01
0.11970266068959225313496533307744E+01 -0.15819057490293590640776789305865E+01
0.11976768789887363226031716109712E+01 -0.15828718063167232403458278782365E+01
0.11982878893803695377591478216279E+01 -0.15837794451826946065924085797318E+01
0.11988596101395220505120188833442E+01 -0.15846286412487807934056922776414E+01
0.11993920151514611964660766621307E+01 -0.15854193716796609460094044048326E+01
0.11998850801150448801832958983423E+01 -0.15861516151892128772201848032589E+01
0.12003387825399668548850417609225E+01 -0.15868253520460939250435304425057E+01
0.12007531017441145096903859018080E+01 -0.15874405640789537806824288011198E+01
0.12010074255851180892797923743145E+01 -0.15878181833769342262254928878630E+01
0.12012442321976623782079660334007E+01 -0.15881697796962349656109506528192E+01
0.12014635167917308355465342023619E+01 -0.15884953488130774408330555982312E+01
0.12016652749315192320659454385780E+01 -0.15887948868156823853573714429034E+01
0.12018495025372985295722998562693E+01 -0.15890683901033117821458564426681E+01
0.12020249695141268508793518243434E+01 -0.15893288801370145345892136851783E+01
0.12022004483085288369479722918833E+01 -0.15895893806239572302920651597974E+01
0.12023759389193852667571941039703E+01 -0.15898498915664597193432406995129E+01
0.12025514413455653930380978693472E+01 -0.15901104129668485464319050061661E+01
0.12027269555859527656451345682392E+01 -0.15903709448274395518251546328491E+01
0.12025514413455653930380978693472E+01 -0.15901104129668485464319050061661E+01
0.12023759389193852667571941039703E+01 -0.15898498915664597193432406995129E+01
0.12022004483085288369479722918833E+01 -0.15895893806239572302920651597974E+01
0.12020249695141268508793518243434E+01 -0.15893288801370145345892136851783E+01
0.12018495025372985295722998562693E+01 -0.15890683901033117821458564426681E+01
0.12016652749315192320659454385780E+01 -0.15887948868156823853573714429034E+01
0.12014635167917308355465342023619E+01 -0.15884953488130774408330555982312E+01
0.12012442321976623782079660334007E+01 -0.15881697796962349656109506528192E+01
0.12010074255851180892797923743145E+01 -0.15878181833769342262254928878630E+01
0.12007531017441145096903859018080E+01 -0.15874405640789537806824288011198E+01
0.12003387825399668548850417609225E+01 -0.15868253520460939250435304425057E+01
0.11998850801150448801832958983423E+01 -0.15861516151892128772201848032589E+01
0.11993920151514611964660766621307E+01 -0.15854193716796609460094044048326E+01
0.11988596101395220505120188833442E+01 -0.15846286412487807934056922776414E+01
0.11982878893803695377591478216279E+01 -0.15837794451826946065924085797318E+01
0.11976768789887363226031716109712E+01 -0.15828718063167232403458278782365E+01
0.11970266068959225313496533307744E+01 -0.15819057490293590640776789305865E+01
0.11963371028530051443311816963672E+01 -0.15808812992357809858114936581924E+01
0.11956083984342865676095010778384E+01 -0.15797984843809021815816758591727E+01
0.11948405270409889416063094098025E+01 -0.15786573334319405337915675296472E+01
0.11940335239052011339890518230385E+01 -0.15774578768705015289418631581652E+01
0.11931874260940857998710768063955E+01 -0.15762001466841619078650253900888E+01
0.11923022725143542653535153970523E+01 -0.15748841763575424588309874070196E+01
0.11913781039170180155458174025168E+01 -0.15735100008628567228641257844874E+01
0.11904149629024251649640680470767E+01 -0.15720776566499218793109376941202E+01
0.11894128939255920661795619773378E+01 -0.15705871816356171388433263902737E+01
0.11883719433018398963842003021328E+01 -0.15690386151927737398498240949608E+01
0.11872921592127469580889371150761E+01 -0.15674319981384800411812145071797E+01
0.11861735917124284640820968047087E+01 -0.15657673727217837841898315086882E+01
0.11850162927341556156960844198010E+01 -0.15640447826107723835731328867783E+01
0.11838203160973271864821669104410E+01 -0.15622642728790115511830012157448E+01
0.11825857175148071074608317655969E+01 -0.15604258899913202738936597597926E+01
0.11813125546006423518312535073172E+01 -0.15585296817888598134355030216216E+01
0.11800008868781770384724073263691E+01 -0.15565756974735125501844345960493E+01
0.11786507757885781061497454886991E+01 -0.15545639875915246990895038504120E+01
0.11772622846997905605802189467444E+01 -0.15524946040163861658144419926545E+01
0.11758354789159399243896700630294E+01 -0.15503675999309183028754596250562E+01
0.11743704256872011505191094896804E+01 -0.15481830298085389882993645885991E+01
0.11728671942201545981710983784300E+01 -0.15459409493936726960380409281492E+01
0.11713258556886501987192100749049E+01 -0.15436414156812708066091681381384E+01
0.11697464832452027320137251871802E+01 -0.15412844868954056406476838613783E+01
0.11681291520329422243407185345352E+01 -0.15388702224668992719208696278843E+01
0.11664739391981449164231392659919E+01 -0.15363986830099458711429464079516E+01
0.11647809239033715302383407016845E+01 -0.15338699302976838922410051808513E+01
0.11630501873412414555387519528057E+01 -0.15312840272366709857161284170807E+01
0.11612818127488730133888589240095E+01 -0.15286410378402129942319923978660E+01
0.11594758854230215024400670245993E+01 -0.15259410272004937415577725359134E+01
0.11576324927359488621154572934707E+01 -0.15231840614594500512805462560234E+01
0.11557517241520607230996379433299E+01 -0.15203702077783326713331622880423E+01
0.11538336712453487293924447713147E+01 -0.15174995343058895118099109783931E+01
0.11518784277176780431812120980246E+01 -0.15145721101451043457202587623575E+01
0.11498860894179628354800459878357E+01 -0.15115880053184191876684396728903E+01
0.11478567543622746999399818938834E+01 -0.15085472907313639077320512775144E+01
0.11457905227549318218803696268661E+01 -0.15054500381345123482757587920997E+01
0.11436874970106195321066577619441E+01 -0.15022963200836775163529893798814E+01
0.11415477817775964060345607040085E+01 -0.14990862098982544565184816849175E+01
0.11393714839620428498829836897047E+01 -0.14958197816176115175405769739269E+01
0.11371587127536129393152728853804E+01 -0.14924971099554248739810344105104E+01
0.11349095796522542747927855674395E+01 -0.14891182702518446271969697924346E+01
0.11326241984963644652202468794740E+01 -0.14856833384233713087416331131917E+01
0.11303026854923568969374442515082E+01 -0.14821923909103155018186173769968E+01
0.11279451592457147526440827539824E+01 -0.14786455046217023354810294544161E+01
0.11255517407936140293523023655958E+01 -0.14750427568774742944587893744369E+01
0.11231225536392064046299211506384E+01 -0.14713842253478349194339854909194E+01
0.11206577237876534966220548431701E+01 -0.14676699879895638203062246109615E+01
0.11181573797840146559884569113815E+01 -0.14639001229791231727258431644357E+01
0.11156216527530946003531198007400E+01 -0.14600747086423602553381493928956E+01
0.11130506764413651328715131109702E+01 -0.14561938233805977693739435233740E+01
0.11104445872610837216985373545752E+01 -0.14522575455928879015877069718110E+01
0.11078035243367388351038516001004E+01 -0.14482659535941884165871381279140E+01
0.11051276295539624131766910224708E+01 -0.14442191255292018462638054208668E+01
0.11024170476110589027927272442763E+01 -0.14401171392815973133502860025836E+01
0.10996719260733108118593419056928E+01 -0.14359600723783145866318434964514E+01
0.10968924154302332268092557192766E+01 -0.14317480018886243690366881686363E+01
0.10940786691559608112195407524655E+01 -0.14274810043175947082718821502049E+01
0.10912308437729661563462819821900E+01 -0.14231591554935836454804810973156E+01
0.10883490989193208371766491963292E+01 -0.14187825304493482669915817520000E+01
0.10854335974197286467988164211469E+01 -0.14143512032963266260688603591805E+01
0.10824845053605763538322600356047E+01 -0.14098652470916112047966613866374E+01
0.10795019921692669342210227934026E+01 -0.14053247336970931518962572709113E+01
0.10764862306981201918012472200726E+01 -0.14007297336302109208081699890635E+01
0.10734373973131487010904497983241E+01 -0.13960803159056894815365364081125E+01
0.10703556719880409702045053954743E+01 -0.13913765478676012156017282468669E+01
0.10672412384037108347068357398940E+01 -0.13866184950110211754820320262569E+01
0.10640942840538002135149475907124E+01 -0.13818062207924845525160261014888E+01
0.10609150003565560017783499434168E+01 -0.13769397864283813827711527180380E+01
0.10577035827735351033259190087807E+01 -0.13720192506803447610655788619426E+01
0.10544602309356308305232532500138E+01 -0.13670446696266008386792289575707E+01
0.10511851487769561413511167075973E+01 -0.13620160964181513220200343749200E+01
0.10478785446771646679052279454201E+01 -0.13569335810185510522517484470477E+01
0.10445406316128421200698831226030E+01 -0.13517971699259239063078127520246E+01
0.10411716273186566128617330572590E+01 -0.13466069058757260934236513901523E+01
0.10377717544590177604422910191233E+01 -0.13413628275226175043531794953349E+01
0.10343412408110636716876632780225E+01 -0.13360649690996364778138468174335E+01
0.10308803194598699603514512805259E+01 -0.13307133600526870923212681997916E+01
0.10273892290068586518877332551119E+01 -0.13253080246481417143872455148646E+01
0.10238682137924779636435549593900E+01 -0.13198489815511285637753688834709E+01
0.10203175241343269934647715495712E+01 -0.13143362433718137712694770039470E+01
0.10167374165820145904832816580812E+01 -0.13087698161766932646745298443372E+01
0.10131281541901677120587922935761E+01 -0.13031496989615798590636828393571E+01
0.10094900068111501179520479456328E+01 -0.12974758830825983890866291098168E+01
0.10058232514092088924558226741238E+01 -0.12917483516410785144685871019357E+01
0.10021281723979460875204476132091E+01 -0.12859670788177586127365137096398E+01
0.99840506200321276668191599714720E+00 -0.12801320291511706343220414773434E+01
0.99465422065374662970753080050532E+00 -0.12742431567544592420068145699927E+01
0.99087595740212823022354910559573E+00 -0.12683004044641852123038023764936E+01
0.98707059037891510067737194470478E+00 -0.12623037029138590023989429691283E+01
0.98323844728313492126200272832941E+00 -0.12562529695240309148625404122893E+01
0.97937986591268466376539127549574E+00 -0.12501481073997073973884949321708E+01
0.97549519473859329030965308816969E+00 -0.12439890041246479438082847923077E+01
0.97158479352757834716111557107642E+00 -0.12377755304406958047468195554019E+01
0.96764903401785976024232999251439E+00 -0.12315075387986730825205588530494E+01
0.96368830065380536101614377030512E+00 -0.12251848617654916771771596269247E+01
0.95970299138568344439487729819224E+00 -0.12188073102699440059614408586596E+01
0.95569351854159735300625364697520E+00 -0.12123746716670858949731983260288E+01
0.95166030977960251630894309879854E+00 -0.12058867075981400175487157082051E+01
0.94760380912906855284958630054809E+00 -0.11993431516193433212574566948155E+01
0.94352447813158182287054127677906E+00 -0.11927437065690353341720280166141E+01
0.93942279709311070878236772948223E+00 -0.11860880416374064975189344544672E+01
0.93529926646081796355610586887932E+00 -0.11793757890975394215822105349344E+01
0.93115440833984397505830331894447E+00 -0.11726065406494864054665352773697E+01
0.92698876816765570732738849004545E+00 -0.11657798433208887491354573458458E+01
0.92280291656622496796035296141156E+00 -0.11588951948577551225708670203872E+01
0.91859745139544822300701460256241E+00 -0.11519520385270912586980324815919E+01
0.91437300003494603002542073960193E+00 -0.11449497572386270518933657261883E+01
0.91013022192581116950251779825469E+00 -0.11378876668753025165994608457464E+01
0.90586981140916106230898341274149E+00 -0.11307650087006565366645575875657E+01
0.90159250090469129230773038378857E+00 -0.11235809406847930544346204593739E+01
0.89729906448006173198822253964128E+00 -0.11163345275578474748100117786114E+01
0.89299032187119190144611750312432E+00 -0.11090247293591129123498987925986E+01
0.88866714302478895157023412643403E+00 -0.11016503881989132010639790420477E+01
0.88433045324818765511892693749826E+00 -0.10942102128859003838947949234228E+01
0.87998123906853508475155447612840E+00 -0.10867027609906049660616060185419E+01
0.87562055492425640006216831119348E+00 -0.10791264178113243756584664923291E+01
0.87124953083807310245772454737053E+00 -0.10714793715730548661254477807994E+01
0.86686938125303432350899371505454E+00 -0.10637595840143453277865035331686E+01
0.86248141525639249561855374272867E+00 -0.10559647552842264693985118353747E+01
0.85808704846322951610107444208209E+00 -0.10480922817669111033934608237928E+01
0.85368781691756850548004286797955E+00 -0.10401392050286113305298499185326E+01
0.84928539340196484404765017288893E+00 -0.10321021495494039450824355391079E+01
0.84488160683114344072720605535438E+00 -0.10239772460361828209529100233518E+01
0.84047846503755150392227966157144E+00 -0.10157600363149897147011497841998E+01
0.83607818306405005607241303639402E+00 -0.10074453534038993033964220362361E+01
0.83168321441612590707458335657913E+00 -0.99902717078057090238584236836806E+00
0.82729629832280445094696076851607E+00 -0.99049840361051058966717944734976E+00
0.82292048962992526235008300495972E+00 -0.98185066410200865107456793950516E+00
0.81855928344991685775276233843523E+00 -0.97307389187444538839662816366386E+00
0.81421650034313669950539143219779E+00 -0.96415599224618706478462954042948E+00
0.80989697978767101235077690619113E+00 -0.95508191817498578687068393457987E+00
0.80560484814070389827140121791793E+00 -0.94583365603854599314431184788002E+00
0.80050118268227789342024221995360E+00 -0.93447136726591572649664998505725E+00
0.79545957788397084250718427326480E+00 -0.92276942692236423821376590277983E+00
0.79049606101237315647056977377290E+00 -0.91065084400145685729084155891339E+00
0.78563091666723832440128806019373E+00 -0.89800047194094426566668790661586E+00
0.78089140855263233143734481864341E+00 -0.88463228294283422093236368061219E+00
0.77654866321761448365528491346335E+00 -0.87099100105078441846835533639895E+00
0.77287446113697849306277679750013E+00 -0.85771108628464043647343093807651E+00
0.76992105392803735711636503618465E+00 -0.84479257958257716939788837349259E+00
0.76770874592147960194104503725303E+00 -0.83223696308582944561582356432701E+00
