0.15221025382144461341827703677007E+01 -0.73978682683444926760992840944053E+00
0.15252925556301994111363231719381E+01 -0.73526834975628468852908695570351E+00
0.15283306799610934740049376024605E+01 -0.73103584790976705205760357529731E+00
0.15312003411991510539902380781650E+01 -0.72710035546044555447450483790216E+00
0.15338850279445521948041028861042E+01 -0.72347107891855834178884787469894E+00
0.15363678421371144545892069662645E+01 -0.72015833844702975398194118907096E+00
0.15386451428705681173893290664480E+01 -0.71715559074722411787161916784132E+00
0.15407596231776023845126954441486E+01 -0.71439739320444030423610329492560E+00
0.15427482004313249845578503235195E+01 -0.71182905817139799996410105502842E+00
0.15446353896827472778277657945532E+01 -0.70941415886419067750209825046329E+00
0.15464385044678353895001723897387E+01 -0.70712689821852253978360504938008E+00
0.15446353896827472778277657945532E+01 -0.70941415886419067750209825046329E+00
0.15427482004313249845578503235195E+01 -0.71182905817139799996410105502842E+00
0.15407596231776023845126954441486E+01 -0.71439739320444030423610329492560E+00
0.15386451428705681173893290664480E+01 -0.71715559074722411787161916784132E+00
0.15363678421371144545892069662645E+01 -0.72015833844702975398194118907096E+00
0.15338850279445521948041028861042E+01 -0.72347107891855834178884787469894E+00
0.15312003411991510539902380781650E+01 -0.72710035546044555447450483790216E+00
0.15283306799610934740049376024605E+01 -0.73103584790976705205760357529731E+00
0.15252925556301994111363231719381E+01 -0.73526834975628468852908695570351E+00
0.15221025382144461341827703677007E+01 -0.73978682683444926760992840944053E+00
0.15141555201721230078527717531033E+01 -0.73895110553850949388219735373805E+00
0.15058750145500698921025202289953E+01 -0.73746791077674953726428250714801E+00
0.14971937330245014392558947187682E+01 -0.73559189709599017998177295708383E+00
0.14880948206714263711833330193929E+01 -0.73327033303557305058785030472290E+00
0.14785552562926972107575466590662E+01 -0.73051023739300752242696511091677E+00
0.14690064724158378504792106469058E+01 -0.72747330729630043335433575514118E+00
0.14597806479572456833653907500717E+01 -0.72432385946178755846867571524585E+00
0.14507639676896629913816887918590E+01 -0.72107388043271572924111465720006E+00
0.14418862357191193274025635783043E+01 -0.71773360515523888818678207092602E+00
0.14331014823641551804571740134169E+01 -0.71430972225846607299066415540784E+00
0.14258275711190390451360701652040E+01 -0.71139881700284058786162817656274E+00
0.14185814919302337663564648163231E+01 -0.70843768247634156506563357371802E+00
0.14113522689963467056679941123208E+01 -0.70542909838564988298689803159870E+00
0.14041311932549303814827744221600E+01 -0.70237534129207946151209999070849E+00
0.13969112208172811835539856366247E+01 -0.69927838341593030553037115497312E+00
0.13896865814462700760101485681881E+01 -0.69613995469281368931348068238832E+00
0.13824524979146216721272259401540E+01 -0.69296158542733066686676364424372E+00
0.13752049794011645672492639616057E+01 -0.68974463899978134428670594123953E+00
0.13679406663579604201985066317741E+01 -0.68649033782078758291418261075091E+00
0.13606567120638006448694304252815E+01 -0.68319978429510283735579663211510E+00
0.13533506908569792991349751736007E+01 -0.67987397796247163313469413650723E+00
0.13460205261090508683276400711925E+01 -0.67651382965026481274904160418195E+00
0.13386644330311508027002557970772E+01 -0.67312017325697082239667958494304E+00
0.13312808727787541931059782996794E+01 -0.66969377563606965337390370406002E+00
0.13238685152699694817656525718161E+01 -0.66623534494209674671669738755546E+00
0.13164262087997758894122713333601E+01 -0.66274553772123644764957427041422E+00
0.13089529550092452630517914091838E+01 -0.65922496496912095938857895084993E+00
0.13014478881141681036264535053274E+01 -0.65567419733310693013988416532666E+00
0.12939102575510840471393426849619E+01 -0.65209376960134116874837964735899E+00
0.12863394133871551354332278144608E+01 -0.64848418459373734122134005225972E+00
0.12787347939819214352913916393548E+01 -0.64484591654864679080190764631134E+00
0.12710959154964743528635956877571E+01 -0.64117941408212047449610774102310E+00
0.12634223629279786156038314522652E+01 -0.63748510278319692897447603056514E+00
0.12557137824111875593165515128202E+01 -0.63376338749784147453308082088613E+00
0.12479698745782714827994568540022E+01 -0.63001465434542477558527188020385E+00
0.12401903888073190006391314729459E+01 -0.62623927250452803527445604607158E+00
0.12323751182207624228537439788981E+01 -0.62243759579905084171368812203600E+00
0.12245238953196021402305827977859E+01 -0.61860996411082254829721501833022E+00
0.12166365881590510550297959718053E+01 -0.61475670464097229650163327794049E+00
0.12087130969871517242174157977229E+01 -0.61087813303903312133577678531223E+00
0.12007533512808513730958865110824E+01 -0.60697455441602463325935617141948E+00
0.11927573071245676272995283063153E+01 -0.60304626425546580810339866956523E+00
0.11847249448849301129119647712275E+01 -0.59909354923434590846811161753977E+00
0.11766562671425143320944973150508E+01 -0.59511668796445170359795483262202E+00
0.11685512968472839398872402722281E+01 -0.59111595166307234333872453744639E+00
0.11604100756693698087513076111743E+01 -0.58709160476093002779059421264653E+00
0.11522326625209104639334044294029E+01 -0.58304390545418244235014121276350E+00
0.11440191322281159021635393418836E+01 -0.57897310620648616158469134024113E+00
0.11357695743356089423248580842299E+01 -0.57487945420637481470611878507351E+00
0.11274840920275407557691447603105E+01 -0.57076319178457019262861973703891E+00
0.11191628011520485657863879745566E+01 -0.56662455679529725403520179302339E+00
0.11108058293373830295410719024215E+01 -0.56246378296519835831403543375156E+00
0.11024133151895372530012805487147E+01 -0.55828110021303166778995629599898E+00
0.10939854075624935331692891800258E+01 -0.55407673494297630220017258541941E+00
0.10855222648933084526740064406591E+01 -0.54985091031405713394800676710446E+00
0.10770240545952069488812163601619E+01 -0.54560384648792487889648996221907E+00
0.10684909525026762359286825810597E+01 -0.54133576085698791959336326405210E+00
0.10599231423632589682931317800634E+01 -0.53704686825468146832235158872663E+00
0.10513208153713632883618708331152E+01 -0.53273738114947189825533189069674E+00
0.10426841697399401182219682710833E+01 -0.52840750982403158229325594623590E+00
0.10340134103063468325258639050993E+01 -0.52405746254087287771125223904305E+00
0.10253087481691242593352031946297E+01 -0.51968744569560260988485883348031E+00
0.10165704003527705897589156908459E+01 -0.51529766395884245052244732582360E+00
0.10077985894979095230819408014156E+01 -0.51088832040776068891230812061054E+00
0.99899354357452666072836870216219E+00 -0.50645961664806997109499293520521E+00
0.99015549561618925902716391128023E+00 -0.50201175292726429053519512311097E+00
0.98128468347338198074377619726250E+00 -0.49754492823979667920326517012795E+00
0.97238134958427658502176790645720E+00 -0.49305934042483534585942044066363E+00
0.96344574076142694831253884888577E+00 -0.48855518625717717850252543867178E+00
0.95447810799302535032458886460572E+00 -0.48403266153184575635710823357275E+00
0.94547870625749198754945802193451E+00 -0.47949196114285483962934218116258E+00
0.93644779435028587160578027356164E+00 -0.47493327915657570213064243609505E+00
0.92738563472193146268058390144240E+00 -0.47035680888010950200345832156239E+00
0.91829249332635070952073740839542E+00 -0.46576274292503067066814822195609E+00
0.90916863947867160571415280699932E+00 -0.46115127326683727853223251726379E+00
0.90001434572176358859051489334373E+00 -0.45652259130041624107348842934866E+00
0.89082988770081468889256927203155E+00 -0.45187688789180490107174123678630E+00
0.88161554404532799047064322136948E+00 -0.44721435342651013754729653075835E+00
0.87237159625797157376712503899513E+00 -0.44253517785462065955204651377530E+00
0.86309832860975864357031415001483E+00 -0.43783955073293494498652180671417E+00
0.85379602804109062079519529379112E+00 -0.43312766126430487448567573586543E+00
0.84446498406822323773696527394049E+00 -0.42839969833438236986965947924951E+00
0.83510548869476334416108350060329E+00 -0.42365585054594146226918991855073E+00
0.82571783632782988292915178649149E+00 -0.41889630625093370443644581058045E+00
0.81630232369854539894531828920515E+00 -0.41412125358042512122473609540941E+00
0.80685924978655203750821262376761E+00 -0.40933088047254975487968316534274E+00
0.79738891574826839524556546608483E+00 -0.40452537469860611174781539743022E+00
0.78789162484862842988345737176694E+00 -0.39970492388741370909638280494318E+00
0.77836768239606328443397352569063E+00 -0.39486971554803711332025685792403E+00
0.76881739568050432447617441619350E+00 -0.39001993709097875813764505554226E+00
0.75924107391420494847043775246198E+00 -0.38515577584793351260846558602134E+00
0.74963902817519211439236441944854E+00 -0.38027741909019231042430461571229E+00
0.74001157135317480653235099238864E+00 -0.37538505404577510078751148653497E+00
0.73035901809774757268803251594288E+00 -0.37047886791536856230981052075866E+00
0.72068168476874061544494038643922E+00 -0.36555904788713898375060335215886E+00
0.71097988938857900055053196678992E+00 -0.36062578115048518884970160945149E+00
0.70125395159652219347062431111650E+00 -0.35567925490879280613047934451839E+00
0.69150419260466559151660505707269E+00 -0.35071965639124672533994800940597E+00
0.68173093515559420282928314249286E+00 -0.34574717286375496394161136201107E+00
0.67193450348158520674652331379848E+00 -0.34076199163903348676021966024908E+00
0.66211522326526486458765422421705E+00 -0.33576430008589889201072394200167E+00
0.65227342160163068205476799500840E+00 -0.33075428563781207908655242315741E+00
0.64240942696135651850823573337076E+00 -0.32573213580071400537533488210064E+00
0.63252356915530384464051769344132E+00 -0.32069803816019150705303568105053E+00
0.62261617930016676679650988279198E+00 -0.31565218038800926490397580906045E+00
0.61268758978518508899794135334723E+00 -0.31059475024804150521673554700402E+00
0.60273813423986200910348990601467E+00 -0.30552593560163417905123329031228E+00
0.59276814750262785652275240284720E+00 -0.30044592441242952739537273682333E+00
0.58277796559039746159719605819744E+00 -0.29535490475067769194115242940386E+00
0.57276792566896673196835194134488E+00 -0.29025306479706433391035163436516E+00
0.56273836602420452963950847428615E+00 -0.28514059284607794058654397447532E+00
0.55268962603399228940770337460984E+00 -0.28001767730893884093544849193004E+00
0.54262204614087059540543620459311E+00 -0.27488450671611446263110048374930E+00
0.53253596782535461026779280885126E+00 -0.26974126971943859826281475871636E+00
0.52243173357987945190964671273882E+00 -0.26458815509385613304460609314702E+00
0.51230968688334322594653011261268E+00 -0.25942535173881084936110206660390E+00
0.50217017217621419756088231124020E+00 -0.25425304867929256042306130989154E+00
0.49201353483617097937754283403395E+00 -0.24907143506656267984877101855860E+00
0.48184012115425024110667731893884E+00 -0.24388070017857005561281678133328E+00
0.47165027831147094730677640837307E+00 -0.23868103342007495011713069520442E+00
0.46144435435591370189460621328995E+00 -0.23347262432249270089591735119622E+00
0.45122269818022949598019305858505E+00 -0.22825566254347107440154520863146E+00
0.44098565949955539799568813925430E+00 -0.22303033786621354532145160568178E+00
0.43073358882981779415666406150452E+00 -0.21779684019856028663138341441434E+00
0.42046683746640173376061551681855E+00 -0.21255535957183740111509354392102E+00
0.41018575746316890263283501973826E+00 -0.20730608613948582384223190271595E+00
0.39989070161180597942069624852700E+00 -0.20204921017547898788319046856241E+00
0.38958202342148723045826584350577E+00 -0.19678492207253904519025958808834E+00
0.37926007709883591288428176021485E+00 -0.19151341234016066722678237830420E+00
0.36892521752816899222808185698883E+00 -0.18623487160245104448877665310058E+00
0.35857780025201225770331600801694E+00 -0.18094949059579369624893069805864E+00
0.34821818145187227022600825732078E+00 -0.17565746016634435438373958550473E+00
0.33784671792925242574138227341002E+00 -0.17035897126736552072918741640075E+00
0.32746376708690236729013396300808E+00 -0.16505421495640795847041251571686E+00
0.31706968691028875558163784736061E+00 -0.15974338239234346821608929120888E+00
0.30666483594927749129228560657532E+00 -0.15442666483225795092526260997253E+00
0.29624957330001748163085353909764E+00 -0.14910425362820894463270344748497E+00
0.28582425858701637099147804980750E+00 -0.14377634022385325394871835937688E+00
0.27538925194540017414187842699832E+00 -0.13844311615095179434167195886058E+00
0.26494491400334673822244158109167E+00 -0.13310477302575458548521503710004E+00
0.25449160586468753310086713721186E+00 -0.12776150254527298478513907639796E+00
0.24402968909166863477909438271522E+00 -0.12241349648344222819902595885579E+00
0.23355952568786371043880193100754E+00 -0.11706094668717955395789547850328E+00
0.22308147808123376254477219814730E+00 -0.11170404507234265083853382290417E+00
0.21259590910732584341320915293309E+00 -0.10634298361959103393830997561777E+00
0.20210318199260497319564627233308E+00 -0.10097795437015651072906604430423E+00
0.19160366033791544666279350529942E+00 -0.95609149421524030329211013604585E-01
0.18109770810206163048934818275195E+00 -0.90236760923028425720338343516896E-01
0.17058568958551022265482247669557E+00 -0.84860981071370074355210971673602E-01
0.16006796941420058972489024514300E+00 -0.79482002106051587684497006929682E-01
0.14954491252346623564087149826784E+00 -0.74100016304740603045291852893802E-01
0.13901688414205891970903770216710E+00 -0.68715215978559970940247704433450E-01
0.12848424977627152833443386788356E+00 -0.63327793467309588692770410803296E-01
0.11794737519415749429951569538600E+00 -0.57937941134621574658808510809867E-01
0.10740662640984121959806168176500E+00 -0.52545851363052065816170954541891E-01
0.96862369667917774932631388207904E-01 -0.47151716549112644643458748564370E-01
0.86314971427936939015088289581691E-01 -0.41755729098242345026335515849300E-01
0.75764798348969324792338382065740E-01 -0.36358081419724187578202747736126E-01
0.65212217274251736514897975293574E-01 -0.30958965921547764641249861475608E-01
0.54657595215907689288009009430369E-01 -0.25558575005220240677609441661784E-01
0.44101299339742985468702789885295E-01 -0.20157101060527388548541741187122E-01
0.33543696950110198038285352066626E-01 -0.14754736460247807543995567432708E-01
0.22985155474842943984062236283283E-01 -0.93516735548207533793121808680867E-02
0.12426042450256026862293817548908E-01 -0.39481046669711008770439081252462E-02
0.18667255062095648502509574969202E-02 0.14557779137082664612986712918388E-02
-0.86924276487652070246210244707574E-02 0.68597819362141026250970640221478E-02
-0.19251049242279599079930338213098E-01 0.12263715193628759489856100605594E-01
-0.29808771452843078325526651350529E-01 0.17667385528652695481002283489643E-01
-0.40365226424562459971623589431830E-01 0.23070600839173298814586444732218E-01
-0.50920046281786587040006813487597E-01 0.28473169083866393078670068567093E-01
-0.61472863143696797971912875637808E-01 0.33874898287831137518401963354699E-01
-0.72023309138846282054949079239710E-01 0.39275596548254696142500807237062E-01
-0.82571016419649291060104666899406E-01 0.44675072040107690755426830468677E-01
-0.93115617176820068346594206879580E-01 0.50073133021867039090147962971468E-01
-0.10365674365376497952891861629879E+00 0.55469587841266441147435109867531E-01
-0.11419402816092732983687174652239E+00 0.60864244941072015311627549509749E-01
-0.12472710309008657758205821017861E+00 0.66256912864882940264880550994686E-01
-0.13525560092861327482640862372936E+00 0.71647400262955870664693634390503E-01
-0.14577915427367974960200760954609E+00 0.77035515898050548891900146171836E-01
-0.15629739584642861346186127102247E+00 0.82421068651297913345301604006093E-01
-0.16680995850609899761769805277538E+00 0.87803867528087608433258781460179E-01
-0.17731647526411240516652655995808E+00 0.93183721663974764130772048453394E-01
-0.18781657929811742431949339558196E+00 0.98560440330605789076971232775600E-01
-0.19830990396599455232081022861262E+00 0.10393383294165938570177486773918E+00
-0.20879608281982418861840112038253E+00 0.10930370905880699530890870270765E+00
-0.21927474961981326334277399052986E+00 0.11466987839768500907995741143172E+00
-0.22974553834818679695824083570958E+00 0.12003215083388457981721321922679E+00
-0.24020808322304056529121694645843E+00 0.12539033640895330321029567940138E+00
-0.25066201871215772748122691671719E+00 0.13074424533641023600603598306709E+00
-0.26110697954678933465166691372439E+00 0.13609368800777331755351928116645E+00
-0.27154260073539842114797403216087E+00 0.14143847499859713995599791982170E+00
-0.28196851757736936362571882260378E+00 0.14677841707452212132117558818891E+00
-0.29238436567668195317977598666832E+00 0.15211332519733285900791366865486E+00
-0.30278978095554994693622431486970E+00 0.15744301053102551134068379904194E+00
-0.31318439966802678366307324396539E+00 0.16276728444788375311073498086441E+00
-0.32356785841357572305955051591558E+00 0.16808595853456169216722523551678E+00
-0.33393979415060664622697787592079E+00 0.17339884459817481869317101024382E+00
-0.34429984420997938572009427063119E+00 0.17870575467239586597873810919673E+00
-0.35464764630847296849334290559164E+00 0.18400650102355712053367946870834E+00
-0.36498283856222234941447153432675E+00 0.18930089615675770525634619867071E+00
-0.37530505950012107701627170981275E+00 0.19458875282197483355241330099008E+00
-0.38561394807719181164682097223434E+00 0.19986988402017905252656822636071E+00
-0.39590914368792327140297496251891E+00 0.20514410300945278443574035426830E+00
-0.40619028617957460616621576580885E+00 0.21041122331111119716996329653282E+00
-0.41645701586544722477721880370829E+00 0.21567105871582526040036089806698E+00
-0.42670897353812353414006506956046E+00 0.22092342328974619313362148768914E+00
-0.43694580048267319461116902994315E+00 0.22616813138063108299046302919003E+00
-0.44716713848982692851508474539243E+00 0.23140499762396874314927043806873E+00
-0.45737262986911731035730780855810E+00 0.23663383694910530968403317910116E+00
-0.46756191746198737257895195990281E+00 0.24185446458536966548012644976223E+00
-0.47773464465486577902358460182703E+00 0.24706669606819744044246956354176E+00
-0.48789045539221052438813830539709E+00 0.25227034724525304440818469528566E+00
-0.49802899418951852095283217370804E+00 0.25746523428255111035369518156088E+00
-0.50814990614630322493639997163841E+00 0.26265117367057300181081878990332E+00
-0.51825283695903924380458144516959E+00 0.26782798223038280901640748171368E+00
-0.52833743293407341533617389169772E+00 0.27299547711973809789691641345393E+00
-0.53840334100050363532491560647372E+00 0.27815347583919719830066673908312E+00
-0.54845020872302388215414498171978E+00 0.28330179623822310616962703710332E+00
-0.55847768431473604271665513404480E+00 0.28844025652128089813602986938053E+00
-0.56848541664992839871863585559642E+00 0.29356867525393161433560380659211E+00
-0.57847305527682026103996714038465E+00 0.29868687136891941854498063623351E+00
-0.58844025043027322261875239881586E+00 0.30379466417225265577379776875240E+00
-0.59838665304446840304312133574962E+00 0.30889187334928005910139216256603E+00
-0.60831191476554928272583881030302E+00 0.31397831897075752554200155922469E+00
-0.61821568796423083820367458810097E+00 0.31905382149891023711264966741962E+00
-0.62809762574837366539267477630276E+00 0.32411820179348555754677262745267E+00
-0.63795738197552399009763943629282E+00 0.32917128111779821823076783809346E+00
-0.64779461126541874340159831158337E+00 0.33421288114476775048240887574534E+00
-0.65760896901245530063901766717850E+00 0.33924282396294647663275742437525E+00
-0.66740011139812649000611672446748E+00 0.34426093208253880813220602529238E+00
-0.67716769540341981459364283609754E+00 0.34926702844141090403754207538069E+00
-0.68691137882118109248533160552043E+00 0.35426093641109059369726679660199E+00
-0.69663082026844233738677999300714E+00 0.35924247980275715324359964063187E+00
-0.70632567919871333169069002276740E+00 0.36421148287322042776805683896260E+00
-0.71599561591423712648914959440874E+00 0.36916777033088935246518057592784E+00
-0.72564029157820850404445342437489E+00 0.37411116734172913116495843903619E+00
-0.73525936822695605050066043490619E+00 0.37904149953520678792919820294283E+00
-0.74485250878208697258544290527749E+00 0.38395859301022517389274732527519E+00
-0.75441937706259433702711058637918E+00 0.38886227434104458609641702209878E+00
-0.76395963779692713482218642885124E+00 0.39375237058319174646375133566058E+00
-0.77347295663502224638240499319036E+00 0.39862870927935656053082959566450E+00
-0.78295900016029816045438748621946E+00 0.40349111846527505865440857158855E+00
-0.79241743590161048225344489001277E+00 0.40833942667559944733348442285394E+00
-0.80184793234516869391626142915867E+00 0.41317346294975393696153615020753E+00
-0.81125015894641411412252573545532E+00 0.41799305683777708319628558080061E+00
-0.82062378614185824180161141638376E+00 0.42279803840614952585275984659490E+00
-0.82996848536088193318355523361303E+00 0.42758823824360672889906795826465E+00
-0.83928392903749484352358345944736E+00 0.43236348746693758383187723875453E+00
-0.84856979062205436471419380086230E+00 0.43712361772676719660394737023213E+00
-0.85782574459294471421874506701423E+00 0.44186846121332413151177211393092E+00
-0.86705146646821494342593052836227E+00 0.44659785066219287953268846054400E+00
-0.87624663281717610075574842945685E+00 0.45131161936004812399275611624121E+00
-0.88541092127195760828892648373974E+00 0.45600960115037574983922548092089E+00
-0.89454401053902092839089115533100E+00 0.46069163043917385742238779373418E+00
-0.90364558041063305635870606765663E+00 0.46535754220063969798415631595013E+00
-0.91271531177629624568991973735050E+00 0.47000717198283792980035382084434E+00
-0.92175288663413618107868678580651E+00 0.47464035591335157682841148985283E+00
-0.93075798810224740240979377624264E+00 0.47925693070491595653285783707315E+00
-0.93973030042999524441242404828531E+00 0.48385673366103381769448904927345E+00
-0.94866950900927493955925736130286E+00 0.48843960268157310470335238577992E+00
-0.95757530038572640056127182236886E+00 0.49300537626834562610358106621111E+00
-0.96644736226990564141453100005457E+00 0.49755389353066712687411306693285E+00
-0.97528538354841166394683908054764E+00 0.50208499419089866311493438931967E+00
-0.98408905429496868001790242791486E+00 0.50659851858996826441430360527601E+00
-0.99285806578146358566984605300163E+00 0.51109430769287390542036674915869E+00
-0.10015921104889379365498293101915E+01 0.51557220309416559733340687471206E+00
-0.10102908821185350604990391720690E+01 0.52003204702340864044777539128471E+00
-0.10189540756024003655781983395673E+01 0.52447368235062604828687421424945E+00
-0.10275813871145363557974194546860E+01 0.52889695259172079389998238719730E+00
-0.10361725140816106793950212944338E+01 0.53330170191387687017905294554058E+00
-0.10447271551937176429278989162139E+01 0.53768777514094015602721997194174E+00
-0.10532450104150926645372544462387E+01 0.54205501775877766839292018976585E+00
-0.10617257809947789128594219867534E+01 0.54640327592061556244196541805233E+00
-0.10701691694772468952016236965636E+01 0.55073239645235523313281796800613E+00
-0.10785748797129655481405241322953E+01 0.55504222685786816443767323514848E+00
-0.10869426168689249521301534360984E+01 0.55933261532426809477021456405503E+00
-0.10952720874391108768009316453634E+01 0.56360341072716109169670511031844E+00
-0.11035629992549297336478121396919E+01 0.56785446263587346499871772859194E+00
-0.11118150614955848024658037334528E+01 0.57208562131865621600889161677760E+00
-0.11200279846984024007678608330421E+01 0.57629673774786716929493813011995E+00
-0.11282014807691086314162823437415E+01 0.58048766360512970027922596639543E+00
-0.11363352629920553436941123271113E+01 0.58465825128646781789466927263276E+00
-0.11444290460403962478145611409635E+01 0.58880835390741809515888299724373E+00
-0.11524825459862115341906695337105E+01 0.59293782530811750296634642279594E+00
-0.11604954803105818415559409658666E+01 0.59704652005836711473855661505955E+00
-0.11684675679136104716229194429893E+01 0.60113429346267175824306292484648E+00
-0.11763985291243940689720399852530E+01 0.60520100156525529680921652945851E+00
-0.11842880857109410049307020269901E+01 0.60924650115505120674644933937950E+00
-0.11921359608900374559867953042454E+01 0.61327064977066762965890348727617E+00
-0.11999418793370610463185791870840E+01 0.61727330570532869764552481441815E+00
-0.12077055671957410820088038359553E+01 0.62125432801178937502277894448835E+00
-0.12154267520878657259927129957315E+01 0.62521357650722546293707963295086E+00
-0.12231051631229357251192691080673E+01 0.62915091177809775609687599902666E+00
-0.12307405309077637064214437819766E+01 0.63306619518499036123693093221884E+00
-0.12383325875560201121465501781785E+01 0.63695928886742304361899853868716E+00
-0.12458810666977236718707773839579E+01 0.64083005574863712026041056930482E+00
-0.12533857034886777429866124030950E+01 0.64467835954035520764932968777605E+00
-0.12608462346198515389901495159599E+01 0.64850406474751421888805628421163E+00
-0.12682623983267051862270273456614E+01 0.65230703667297122625024759822090E+00
-0.12756339343984603915668010766878E+01 0.65608714142218304259400915122961E+00
-0.12829605841873138126407687362424E+01 0.65984424590785788839101430075374E+00
-0.12902420906175949311794749198239E+01 0.66357821785457996988944584502166E+00
-0.12974781981948672455076555774971E+01 0.66728892580340680216141842006576E+00
-0.13046686530149721410267323335893E+01 0.67097623911643815261222054182520E+00
-0.13118132027730162567944779230300E+01 0.67464002798135775459847439557166E+00
-0.13189115967723008942232098979478E+01 0.67828016341594628948933502502129E+00
-0.13259635859331938309607058079275E+01 0.68189651727256676650155356767196E+00
-0.13329689228019434306946877180361E+01 0.68548896224262071394234505069508E+00
-0.13399273615594336603374030059958E+01 0.68905737186097631537805430259952E+00
-0.13468386580298814528476408773574E+01 0.69260162051036772924309910676609E+00
-0.13537025696894745633762462730921E+01 0.69612158342576505136878997581712E+00
-0.13605188556749504250882731108526E+01 0.69961713669871532013887399630919E+00
-0.13672872767921156329726195405451E+01 0.70308815728165450789278916730330E+00
-0.13740075955243056616647859799290E+01 0.70653452299218969385524037224536E+00
-0.13806795760407847042796316051861E+01 0.70995611251735171713147383587943E+00
-0.13873029842050849395503336753229E+01 0.71335280541781792314994864042245E+00
-0.13938775875832857136617579244030E+01 0.71672448213210534305118462633317E+00
-0.14004031554522315384088827588584E+01 0.72007102398073303725077304422771E+00
-0.14068794588076891582548969899746E+01 0.72339231317035497699589106540775E+00
-0.14133062703724433108696194465125E+01 0.72668823279786183628278626863431E+00
-0.14196833646043308510883167424203E+01 0.72995866685445244671935343823734E+00
-0.14260105177042127925030215701994E+01 0.73320350022967463313457390321604E+00
-0.14322875076238847300168618895642E+01 0.73642261871543477882278974088406E+00
-0.14385141140739242360215765739653E+01 0.73961590900997668454663578630264E+00
-0.14446901185314759932384194268786E+01 0.74278325872182896381196732770461E+00
-0.14508153042479740167427914622480E+01 0.74592455637372128845548578060737E+00
-0.14568894562568005028506071295602E+01 0.74903969140646878417428511563205E+00
-0.14629123613808813142015997276470E+01 0.75212855418282514175612387704684E+00
-0.14688838082402179799271147146645E+01 0.75519103599130382084976604934337E+00
-0.14748035872593554513070836663777E+01 0.75822702904996709183999320170597E+00
-0.14806714906747861562701401928802E+01 0.76123642651018308564882896066449E+00
-0.14864873125422888574271592701662E+01 0.76421912246035080618518795096827E+00
-0.14922508487442038259894221584524E+01 0.76717501192959253800917599107263E+00
-0.14979618969966422829879702479549E+01 0.77010399089141373337211574891866E+00
-0.15036202568566312132054566655945E+01 0.77300595626733036784276754104752E+00
-0.15092257297291924754441211312079E+01 0.77588080593046341719296663694256E+00
-0.15147781188743564549998499086479E+01 0.77872843870910049557390724256376E+00
-0.15202772294141100187872174691362E+01 0.78154875439022424447493806386344E+00
-0.15257228683392778804200577768148E+01 0.78434165372300769791883239285510E+00
-0.15311148445163382577397677003615E+01 0.78710703842227630233867370398810E+00
-0.15364529686941714734667329348330E+01 0.78984481117193635043375811440159E+00
-0.15417370535107421234195158627764E+01 0.79255487562837017771695805177922E+00
-0.15469669134997144018650014799064E+01 0.79523713642379694078760304932834E+00
-0.15521423650969991987749987912435E+01 0.79789149916960048005137413493935E+00
-0.15572632266472355330789113305288E+01 0.80051787045962243072524486892718E+00
-0.15623293184102023495338059060506E+01 0.80311615787342168212086078908577E+00
-0.15673404625671640992908241485383E+01 0.80568626997949958129109245009346E+00
-0.15722964832271472203940381411321E+01 0.80822811633849057469024249384118E+00
-0.15771972064331486993691690144620E+01 0.81074160750631874649567151842505E+00
-0.15820424601682762325027696230118E+01 0.81322665503731947934996091855672E+00
-0.15868320743618193207390223066387E+01 0.81568317148732663084621350182752E+00
-0.15915658808952518295594555834600E+01 0.81811107041672492343468793823243E+00
-0.15962437136081653007611863299763E+01 0.82051026639346721184740580102613E+00
-0.16008654083041327524844112438740E+01 0.82288067499605697674980032486276E+00
-0.16054308027565032951932131153371E+01 0.82522221281649555523359372662187E+00
-0.16099397367141267824234620011536E+01 0.82753479746319421454165964494922E+00
-0.16143920519070087879027372747242E+01 0.82981834756385073879481799930969E+00
-0.16187875920518952090655597866445E+01 0.83207278276829068091996933210805E+00
-0.16231262028577868047239808340680E+01 0.83429802375127307146621679671135E+00
-0.16274077320313832890547769101207E+01 0.83649399221526034398609515124585E+00
-0.16316320292824565644529414187524E+01 0.83866061089315259582486096103815E+00
-0.16357989463291532996686757969810E+01 0.84079780355098593851313560187666E+00
-0.16399083369032264945365389079196E+01 0.84290549499059488204117451058587E+00
-0.16439600567551956928057085921693E+01 0.84498361105223864206502510967469E+00
-0.16479539636594360198686877123555E+01 0.84703207861719135099834984070507E+00
-0.16518899174191955612182284530951E+01 0.84905082561029591196118274002198E+00
-0.16557677798715411028177459823455E+01 0.85103978100248158089817833725079E+00
-0.16595874148922319675330609336115E+01 0.85299887481324504995986422203351E+00
-0.16633486884005217445976064553356E+01 0.85492803811309503963698871441850E+00
-0.16670514683638880099039231266222E+01 0.85682720302596021572334504288283E+00
-0.16706956248026894295245324975167E+01 0.85869630273156036092676993241753E+00
-0.16742810297947504631440929421936E+01 0.86053527146774101422004540342821E+00
-0.16778075574798735948070833397222E+01 0.86234404453277066816026875903020E+00
-0.16812750840642781877610104743670E+01 0.86412255828760161251496738661201E+00
-0.16846834878249670534139583742665E+01 0.86587075015809333714597123709826E+00
-0.16880326491140192453521463373242E+01 0.86758855863719878152364993431481E+00
-0.16913224503628099651168725062932E+01 0.86927592328711374369204752862838E+00
-0.16945527760861570630858808549241E+01 0.87093278474138846998009492855511E+00
-0.16977235128863936558081339601371E+01 0.87255908470700230050262692918765E+00
-0.17008345494573674321119618752502E+01 0.87415476596640062058817096697666E+00
-0.17038857765883658135357271674726E+01 0.87571977237949428692889161420633E+00
-0.17068770871679672259762096132938E+01 0.87725404888562176141951761108336E+00
-0.17098083761878185625955730044221E+01 0.87875754150547304427669686775210E+00
-0.17126795407463378212597623094029E+01 0.88023019734297641596489968458632E+00
-0.17154904800523430285060505788125E+01 0.88167196458714694134129020622770E+00
-0.17182410954286062243979446689611E+01 0.88308279251389732992903905625914E+00
-0.17209312903153329816521506026447E+01 0.88446263148781080155247749044739E+00
-0.17235609702735673645828222792068E+01 0.88581143296387592882563451610786E+00
-0.17261300429885217912916945646168E+01 0.88712914948918337163159744863943E+00
-0.17286384182728321360308755147776E+01 0.88841573470458458079927993218315E+00
-0.17310860080697376628829792391530E+01 0.88967114334631217344411681998935E+00
-0.17334727264561858622006113095070E+01 0.89089533124756214162532341446544E+00
-0.17357984896458619846404666719148E+01 0.89208825534003774438399251564728E+00
-0.17380632159921431390457317293541E+01 0.89324987365545501364865320374473E+00
-0.17402668259909770296128716231254E+01 0.89438014532700980007980793610217E+00
-0.17424092422836850148934242648563E+01 0.89547903059080640841804162184699E+00
-0.17444903896596895033746905877239E+01 0.89654649078724764323609468392383E+00
-0.17465101950591656578652230243315E+01 0.89758248836238636099406707705774E+00
-0.17484685875756171312911148593519E+01 0.89858698686923821785333392984125E+00
-0.17503654984583759400349773556292E+01 0.89955995096905600803225640674771E+00
-0.17522008611150262805253094302560E+01 0.90050134643256501894152519223139E+00
-0.17539746111137522188511176792748E+01 0.90141114014115971632587549111511E+00
-0.17556866861856092172927976110781E+01 0.90228930008806171036105327534010E+00
-0.17573370262267192946610192407833E+01 0.90313579537943867629159676991331E+00
-0.17589255733003900279299812377511E+01 0.90395059623548457182857671562441E+00
-0.17604522716391569309227042944961E+01 0.90473367399146075754949491842616E+00
-0.17619170676467494209226206546143E+01 0.90548500109869825105443752469491E+00
-0.17633199098999803029855496782348E+01 0.90620455112556095118215892805844E+00
-0.17646607491505585034470676407528E+01 0.90689229875836974524568299112507E+00
-0.17659395383268251986120029349367E+01 0.90754821980228767285579500757537E+00
-0.17671562325354132368716229460881E+01 0.90817229118216580696057027752342E+00
-0.17683107890628295605249893485312E+01 0.90876449094335018268946651780951E+00
-0.17694031673769611654975377129024E+01 0.90932479825244936286108786768673E+00
-0.17704333291285035398026409339835E+01 0.90985319339806309132740240325065E+00
-0.17714012381523130833107634683019E+01 0.91034965779147092199981805336901E+00
-0.17723068604686808484940339363544E+01 0.91081417396728409772942279286568E+00
-0.17731501642845331923940584719414E+01 0.91124672558405073113925851939019E+00
-0.17739311199945443217252199369335E+01 0.91164729742484323088586551214212E+00
-0.17746497001822032934260410451044E+01 0.91201587539774472041999607451456E+00
-0.17753058796207135390009461285534E+01 0.91235244653647231532277672069017E+00
-0.17757086540308681568547416054449E+01 0.91255903982756449261466266405513E+00
-0.17760836782069379084663337024017E+01 0.91275139934330225611182917355607E+00
-0.17764309462974673458923791043796E+01 0.91292952207608058098796801345371E+00
-0.17767504528840707653967182886700E+01 0.91309340524089921919518294260497E+00
-0.17770421929815212112877272190470E+01 0.91324304627539799945264704178873E+00
-0.17773200555073785923649247261646E+01 0.91338556916058979657421714864035E+00
-0.17775979324863789195499833924877E+01 0.91352809947454417671291702607185E+00
-0.17778758239189742242811255480272E+01 0.91367063721749372818801815259837E+00
-0.17781537298056204672390990148838E+01 0.91381318238966337390331620783769E+00
-0.17784316501467613702171335134106E+01 0.91395573499130194722736077214047E+00
-0.17781537298056204672390990148838E+01 0.91381318238966337390331620783769E+00
-0.17778758239189742242811255480272E+01 0.91367063721749372818801815259837E+00
-0.17775979324863789195499833924877E+01 0.91352809947454417671291702607185E+00
-0.17773200555073785923649247261646E+01 0.91338556916058979657421714864035E+00
-0.17770421929815212112877272190470E+01 0.91324304627539799945264704178873E+00
-0.17767504528840707653967182886700E+01 0.91309340524089921919518294260497E+00
-0.17764309462974673458923791043796E+01 0.91292952207608058098796801345371E+00
-0.17760836782069379084663337024017E+01 0.91275139934330225611182917355607E+00
-0.17757086540308681568547416054449E+01 0.91255903982756449261466266405513E+00
-0.17753058796207135390009461285534E+01 0.91235244653647231532277672069017E+00
-0.17746497001822032934260410451044E+01 0.91201587539774472041999607451456E+00
-0.17739311199945443217252199369335E+01 0.91164729742484323088586551214212E+00
-0.17731501642845331923940584719414E+01 0.91124672558405073113925851939019E+00
-0.17723068604686808484940339363544E+01 0.91081417396728409772942279286568E+00
-0.17714012381523130833107634683019E+01 0.91034965779147092199981805336901E+00
-0.17704333291285035398026409339835E+01 0.90985319339806309132740240325065E+00
-0.17694031673769611654975377129024E+01 0.90932479825244936286108786768673E+00
-0.17683107890628295605249893485312E+01 0.90876449094335018268946651780951E+00
-0.17671562325354132368716229460881E+01 0.90817229118216580696057027752342E+00
-0.17659395383268251986120029349367E+01 0.90754821980228767285579500757537E+00
-0.17646607491505585034470676407528E+01 0.90689229875836974524568299112507E+00
-0.17633199098999803029855496782348E+01 0.90620455112556095118215892805844E+00
-0.17619170676467494209226206546143E+01 0.90548500109869825105443752469491E+00
-0.17604522716391569309227042944961E+01 0.90473367399146075754949491842616E+00
-0.17589255733003900279299812377511E+01 0.90395059623548457182857671562441E+00
-0.17573370262267192946610192407833E+01 0.90313579537943867629159676991331E+00
-0.17556866861856092172927976110781E+01 0.90228930008806171036105327534010E+00
-0.17539746111137522188511176792748E+01 0.90141114014115971632587549111511E+00
-0.17522008611150262805253094302560E+01 0.90050134643256501894152519223139E+00
-0.17503654984583759400349773556292E+01 0.89955995096905600803225640674771E+00
-0.17484685875756171312911148593519E+01 0.89858698686923821785333392984125E+00
-0.17465101950591656578652230243315E+01 0.89758248836238636099406707705774E+00
-0.17444903896596895033746905877239E+01 0.89654649078724764323609468392383E+00
-0.17424092422836850148934242648563E+01 0.89547903059080640841804162184699E+00
-0.17402668259909770296128716231254E+01 0.89438014532700980007980793610217E+00
-0.17380632159921431390457317293541E+01 0.89324987365545501364865320374473E+00
-0.17357984896458619846404666719148E+01 0.89208825534003774438399251564728E+00
-0.17334727264561858622006113095070E+01 0.89089533124756214162532341446544E+00
-0.17310860080697376628829792391530E+01 0.88967114334631217344411681998935E+00
-0.17286384182728321360308755147776E+01 0.88841573470458458079927993218315E+00
-0.17261300429885217912916945646168E+01 0.88712914948918337163159744863943E+00
-0.17235609702735673645828222792068E+01 0.88581143296387592882563451610786E+00
-0.17209312903153329816521506026447E+01 0.88446263148781080155247749044739E+00
-0.17182410954286062243979446689611E+01 0.88308279251389732992903905625914E+00
-0.17154904800523430285060505788125E+01 0.88167196458714694134129020622770E+00
-0.17126795407463378212597623094029E+01 0.88023019734297641596489968458632E+00
-0.17098083761878185625955730044221E+01 0.87875754150547304427669686775210E+00
-0.17068770871679672259762096132938E+01 0.87725404888562176141951761108336E+00
-0.17038857765883658135357271674726E+01 0.87571977237949428692889161420633E+00
-0.17008345494573674321119618752502E+01 0.87415476596640062058817096697666E+00
-0.16977235128863936558081339601371E+01 0.87255908470700230050262692918765E+00
-0.16945527760861570630858808549241E+01 0.87093278474138846998009492855511E+00
-0.16913224503628099651168725062932E+01 0.86927592328711374369204752862838E+00
-0.16880326491140192453521463373242E+01 0.86758855863719878152364993431481E+00
-0.16846834878249670534139583742665E+01 0.86587075015809333714597123709826E+00
-0.16812750840642781877610104743670E+01 0.86412255828760161251496738661201E+00
-0.16778075574798735948070833397222E+01 0.86234404453277066816026875903020E+00
-0.16742810297947504631440929421936E+01 0.86053527146774101422004540342821E+00
-0.16706956248026894295245324975167E+01 0.85869630273156036092676993241753E+00
-0.16670514683638880099039231266222E+01 0.85682720302596021572334504288283E+00
-0.16633486884005217445976064553356E+01 0.85492803811309503963698871441850E+00
-0.16595874148922319675330609336115E+01 0.85299887481324504995986422203351E+00
-0.16557677798715411028177459823455E+01 0.85103978100248158089817833725079E+00
-0.16518899174191955612182284530951E+01 0.84905082561029591196118274002198E+00
-0.16479539636594360198686877123555E+01 0.84703207861719135099834984070507E+00
-0.16439600567551956928057085921693E+01 0.84498361105223864206502510967469E+00
-0.16399083369032264945365389079196E+01 0.84290549499059488204117451058587E+00
-0.16357989463291532996686757969810E+01 0.84079780355098593851313560187666E+00
-0.16316320292824565644529414187524E+01 0.83866061089315259582486096103815E+00
-0.16274077320313832890547769101207E+01 0.83649399221526034398609515124585E+00
-0.16231262028577868047239808340680E+01 0.83429802375127307146621679671135E+00
-0.16187875920518952090655597866445E+01 0.83207278276829068091996933210805E+00
-0.16143920519070087879027372747242E+01 0.82981834756385073879481799930969E+00
-0.16099397367141267824234620011536E+01 0.82753479746319421454165964494922E+00
-0.16054308027565032951932131153371E+01 0.82522221281649555523359372662187E+00
-0.16008654083041327524844112438740E+01 0.82288067499605697674980032486276E+00
-0.15962437136081653007611863299763E+01 0.82051026639346721184740580102613E+00
-0.15915658808952518295594555834600E+01 0.81811107041672492343468793823243E+00
-0.15868320743618193207390223066387E+01 0.81568317148732663084621350182752E+00
-0.15820424601682762325027696230118E+01 0.81322665503731947934996091855672E+00
-0.15771972064331486993691690144620E+01 0.81074160750631874649567151842505E+00
-0.15722964832271472203940381411321E+01 0.80822811633849057469024249384118E+00
-0.15673404625671640992908241485383E+01 0.80568626997949958129109245009346E+00
-0.15623293184102023495338059060506E+01 0.80311615787342168212086078908577E+00
-0.15572632266472355330789113305288E+01 0.80051787045962243072524486892718E+00
-0.15521423650969991987749987912435E+01 0.79789149916960048005137413493935E+00
-0.15469669134997144018650014799064E+01 0.79523713642379694078760304932834E+00
-0.15417370535107421234195158627764E+01 0.79255487562837017771695805177922E+00
-0.15364529686941714734667329348330E+01 0.78984481117193635043375811440159E+00
-0.15311148445163382577397677003615E+01 0.78710703842227630233867370398810E+00
-0.15257228683392778804200577768148E+01 0.78434165372300769791883239285510E+00
-0.15202772294141100187872174691362E+01 0.78154875439022424447493806386344E+00
-0.15147781188743564549998499086479E+01 0.77872843870910049557390724256376E+00
-0.15092257297291924754441211312079E+01 0.77588080593046341719296663694256E+00
-0.15036202568566312132054566655945E+01 0.77300595626733036784276754104752E+00
-0.14979618969966422829879702479549E+01 0.77010399089141373337211574891866E+00
-0.14922508487442038259894221584524E+01 0.76717501192959253800917599107263E+00
-0.14864873125422888574271592701662E+01 0.76421912246035080618518795096827E+00
-0.14806714906747861562701401928802E+01 0.76123642651018308564882896066449E+00
-0.14748035872593554513070836663777E+01 0.75822702904996709183999320170597E+00
-0.14688838082402179799271147146645E+01 0.75519103599130382084976604934337E+00
-0.14629123613808813142015997276470E+01 0.75212855418282514175612387704684E+00
-0.14568894562568005028506071295602E+01 0.74903969140646878417428511563205E+00
-0.14508153042479740167427914622480E+01 0.74592455637372128845548578060737E+00
-0.14446901185314759932384194268786E+01 0.74278325872182896381196732770461E+00
-0.14385141140739242360215765739653E+01 0.73961590900997668454663578630264E+00
-0.14322875076238847300168618895642E+01 0.73642261871543477882278974088406E+00
-0.14260105177042127925030215701994E+01 0.73320350022967463313457390321604E+00
-0.14196833646043308510883167424203E+01 0.72995866685445244671935343823734E+00
-0.14133062703724433108696194465125E+01 0.72668823279786183628278626863431E+00
-0.14068794588076891582548969899746E+01 0.72339231317035497699589106540775E+00
-0.14004031554522315384088827588584E+01 0.72007102398073303725077304422771E+00
-0.13938775875832857136617579244030E+01 0.71672448213210534305118462633317E+00
-0.13873029842050849395503336753229E+01 0.71335280541781792314994864042245E+00
-0.13806795760407847042796316051861E+01 0.70995611251735171713147383587943E+00
-0.13740075955243056616647859799290E+01 0.70653452299218969385524037224536E+00
-0.13672872767921156329726195405451E+01 0.70308815728165450789278916730330E+00
-0.13605188556749504250882731108526E+01 0.69961713669871532013887399630919E+00
-0.13537025696894745633762462730921E+01 0.69612158342576505136878997581712E+00
-0.13468386580298814528476408773574E+01 0.69260162051036772924309910676609E+00
-0.13399273615594336603374030059958E+01 0.68905737186097631537805430259952E+00
-0.13329689228019434306946877180361E+01 0.68548896224262071394234505069508E+00
-0.13259635859331938309607058079275E+01 0.68189651727256676650155356767196E+00
-0.13189115967723008942232098979478E+01 0.67828016341594628948933502502129E+00
-0.13118132027730162567944779230300E+01 0.67464002798135775459847439557166E+00
-0.13046686530149721410267323335893E+01 0.67097623911643815261222054182520E+00
-0.12974781981948672455076555774971E+01 0.66728892580340680216141842006576E+00
-0.12902420906175949311794749198239E+01 0.66357821785457996988944584502166E+00
-0.12829605841873138126407687362424E+01 0.65984424590785788839101430075374E+00
-0.12756339343984603915668010766878E+01 0.65608714142218304259400915122961E+00
-0.12682623983267051862270273456614E+01 0.65230703667297122625024759822090E+00
-0.12608462346198515389901495159599E+01 0.64850406474751421888805628421163E+00
-0.12533857034886777429866124030950E+01 0.64467835954035520764932968777605E+00
-0.12458810666977236718707773839579E+01 0.64083005574863712026041056930482E+00
-0.12383325875560201121465501781785E+01 0.63695928886742304361899853868716E+00
-0.12307405309077637064214437819766E+01 0.63306619518499036123693093221884E+00
-0.12231051631229357251192691080673E+01 0.62915091177809775609687599902666E+00
-0.12154267520878657259927129957315E+01 0.62521357650722546293707963295086E+00
-0.12077055671957410820088038359553E+01 0.62125432801178937502277894448835E+00
-0.11999418793370610463185791870840E+01 0.61727330570532869764552481441815E+00
-0.11921359608900374559867953042454E+01 0.61327064977066762965890348727617E+00
-0.11842880857109410049307020269901E+01 0.60924650115505120674644933937950E+00
-0.11763985291243940689720399852530E+01 0.60520100156525529680921652945851E+00
-0.11684675679136104716229194429893E+01 0.60113429346267175824306292484648E+00
-0.11604954803105818415559409658666E+01 0.59704652005836711473855661505955E+00
-0.11524825459862115341906695337105E+01 0.59293782530811750296634642279594E+00
-0.11444290460403962478145611409635E+01 0.58880835390741809515888299724373E+00
-0.11363352629920553436941123271113E+01 0.58465825128646781789466927263276E+00
-0.11282014807691086314162823437415E+01 0.58048766360512970027922596639543E+00
-0.11200279846984024007678608330421E+01 0.57629673774786716929493813011995E+00
-0.11118150614955848024658037334528E+01 0.57208562131865621600889161677760E+00
-0.11035629992549297336478121396919E+01 0.56785446263587346499871772859194E+00
-0.10952720874391108768009316453634E+01 0.56360341072716109169670511031844E+00
-0.10869426168689249521301534360984E+01 0.55933261532426809477021456405503E+00
-0.10785748797129655481405241322953E+01 0.55504222685786816443767323514848E+00
-0.10701691694772468952016236965636E+01 0.55073239645235523313281796800613E+00
-0.10617257809947789128594219867534E+01 0.54640327592061556244196541805233E+00
-0.10532450104150926645372544462387E+01 0.54205501775877766839292018976585E+00
-0.10447271551937176429278989162139E+01 0.53768777514094015602721997194174E+00
-0.10361725140816106793950212944338E+01 0.53330170191387687017905294554058E+00
-0.10275813871145363557974194546860E+01 0.52889695259172079389998238719730E+00
-0.10189540756024003655781983395673E+01 0.52447368235062604828687421424945E+00
-0.10102908821185350604990391720690E+01 0.52003204702340864044777539128471E+00
-0.10015921104889379365498293101915E+01 0.51557220309416559733340687471206E+00
-0.99285806578146358566984605300163E+00 0.51109430769287390542036674915869E+00
-0.98408905429496868001790242791486E+00 0.50659851858996826441430360527601E+00
-0.97528538354841166394683908054764E+00 0.50208499419089866311493438931967E+00
-0.96644736226990564141453100005457E+00 0.49755389353066712687411306693285E+00
-0.95757530038572640056127182236886E+00 0.49300537626834562610358106621111E+00
-0.94866950900927493955925736130286E+00 0.48843960268157310470335238577992E+00
-0.93973030042999524441242404828531E+00 0.48385673366103381769448904927345E+00
-0.93075798810224740240979377624264E+00 0.47925693070491595653285783707315E+00
-0.92175288663413618107868678580651E+00 0.47464035591335157682841148985283E+00
-0.91271531177629624568991973735050E+00 0.47000717198283792980035382084434E+00
-0.90364558041063305635870606765663E+00 0.46535754220063969798415631595013E+00
-0.89454401053902092839089115533100E+00 0.46069163043917385742238779373418E+00
-0.88541092127195760828892648373974E+00 0.45600960115037574983922548092089E+00
-0.87624663281717610075574842945685E+00 0.45131161936004812399275611624121E+00
-0.86705146646821494342593052836227E+00 0.44659785066219287953268846054400E+00
-0.85782574459294471421874506701423E+00 0.44186846121332413151177211393092E+00
-0.84856979062205436471419380086230E+00 0.43712361772676719660394737023213E+00
-0.83928392903749484352358345944736E+00 0.43236348746693758383187723875453E+00
-0.82996848536088193318355523361303E+00 0.42758823824360672889906795826465E+00
-0.82062378614185824180161141638376E+00 0.42279803840614952585275984659490E+00
-0.81125015894641411412252573545532E+00 0.41799305683777708319628558080061E+00
-0.80184793234516869391626142915867E+00 0.41317346294975393696153615020753E+00
-0.79241743590161048225344489001277E+00 0.40833942667559944733348442285394E+00
-0.78295900016029816045438748621946E+00 0.40349111846527505865440857158855E+00
-0.77347295663502224638240499319036E+00 0.39862870927935656053082959566450E+00
-0.76395963779692713482218642885124E+00 0.39375237058319174646375133566058E+00
-0.75441937706259433702711058637918E+00 0.38886227434104458609641702209878E+00
-0.74485250878208697258544290527749E+00 0.38395859301022517389274732527519E+00
-0.73525936822695605050066043490619E+00 0.37904149953520678792919820294283E+00
-0.72564029157820850404445342437489E+00 0.37411116734172913116495843903619E+00
-0.71599561591423712648914959440874E+00 0.36916777033088935246518057592784E+00
-0.70632567919871333169069002276740E+00 0.36421148287322042776805683896260E+00
-0.69663082026844233738677999300714E+00 0.35924247980275715324359964063187E+00
-0.68691137882118109248533160552043E+00 0.35426093641109059369726679660199E+00
-0.67716769540341981459364283609754E+00 0.34926702844141090403754207538069E+00
-0.66740011139812649000611672446748E+00 0.34426093208253880813220602529238E+00
-0.65760896901245530063901766717850E+00 0.33924282396294647663275742437525E+00
-0.64779461126541874340159831158337E+00 0.33421288114476775048240887574534E+00
-0.63795738197552399009763943629282E+00 0.32917128111779821823076783809346E+00
-0.62809762574837366539267477630276E+00 0.32411820179348555754677262745267E+00
-0.61821568796423083820367458810097E+00 0.31905382149891023711264966741962E+00
-0.60831191476554928272583881030302E+00 0.31397831897075752554200155922469E+00
-0.59838665304446840304312133574962E+00 0.30889187334928005910139216256603E+00
-0.58844025043027322261875239881586E+00 0.30379466417225265577379776875240E+00
-0.57847305527682026103996714038465E+00 0.29868687136891941854498063623351E+00
-0.56848541664992839871863585559642E+00 0.29356867525393161433560380659211E+00
-0.55847768431473604271665513404480E+00 0.28844025652128089813602986938053E+00
-0.54845020872302388215414498171978E+00 0.28330179623822310616962703710332E+00
-0.53840334100050363532491560647372E+00 0.27815347583919719830066673908312E+00
-0.52833743293407341533617389169772E+00 0.27299547711973809789691641345393E+00
-0.51825283695903924380458144516959E+00 0.26782798223038280901640748171368E+00
-0.50814990614630322493639997163841E+00 0.26265117367057300181081878990332E+00
-0.49802899418951852095283217370804E+00 0.25746523428255111035369518156088E+00
-0.48789045539221052438813830539709E+00 0.25227034724525304440818469528566E+00
-0.47773464465486577902358460182703E+00 0.24706669606819744044246956354176E+00
-0.46756191746198737257895195990281E+00 0.24185446458536966548012644976223E+00
-0.45737262986911731035730780855810E+00 0.23663383694910530968403317910116E+00
-0.44716713848982692851508474539243E+00 0.23140499762396874314927043806873E+00
-0.43694580048267319461116902994315E+00 0.22616813138063108299046302919003E+00
-0.42670897353812353414006506956046E+00 0.22092342328974619313362148768914E+00
-0.41645701586544722477721880370829E+00 0.21567105871582526040036089806698E+00
-0.40619028617957460616621576580885E+00 0.21041122331111119716996329653282E+00
-0.39590914368792327140297496251891E+00 0.20514410300945278443574035426830E+00
-0.38561394807719181164682097223434E+00 0.19986988402017905252656822636071E+00
-0.37530505950012107701627170981275E+00 0.19458875282197483355241330099008E+00
-0.36498283856222234941447153432675E+00 0.18930089615675770525634619867071E+00
-0.35464764630847296849334290559164E+00 0.18400650102355712053367946870834E+00
-0.34429984420997938572009427063119E+00 0.17870575467239586597873810919673E+00
-0.33393979415060664622697787592079E+00 0.17339884459817481869317101024382E+00
-0.32356785841357572305955051591558E+00 0.16808595853456169216722523551678E+00
-0.31318439966802678366307324396539E+00 0.16276728444788375311073498086441E+00
-0.30278978095554994693622431486970E+00 0.15744301053102551134068379904194E+00
-0.29238436567668195317977598666832E+00 0.15211332519733285900791366865486E+00
-0.28196851757736936362571882260378E+00 0.14677841707452212132117558818891E+00
-0.27154260073539842114797403216087E+00 0.14143847499859713995599791982170E+00
-0.26110697954678933465166691372439E+00 0.13609368800777331755351928116645E+00
-0.25066201871215772748122691671719E+00 0.13074424533641023600603598306709E+00
-0.24020808322304056529121694645843E+00 0.12539033640895330321029567940138E+00
-0.22974553834818679695824083570958E+00 0.12003215083388457981721321922679E+00
-0.21927474961981326334277399052986E+00 0.11466987839768500907995741143172E+00
-0.20879608281982418861840112038253E+00 0.10930370905880699530890870270765E+00
-0.19830990396599455232081022861262E+00 0.10393383294165938570177486773918E+00
-0.18781657929811742431949339558196E+00 0.98560440330605789076971232775600E-01
-0.17731647526411240516652655995808E+00 0.93183721663974764130772048453394E-01
-0.16680995850609899761769805277538E+00 0.87803867528087608433258781460179E-01
-0.15629739584642861346186127102247E+00 0.82421068651297913345301604006093E-01
-0.14577915427367974960200760954609E+00 0.77035515898050548891900146171836E-01
-0.13525560092861327482640862372936E+00 0.71647400262955870664693634390503E-01
-0.12472710309008657758205821017861E+00 0.66256912864882940264880550994686E-01
-0.11419402816092732983687174652239E+00 0.60864244941072015311627549509749E-01
-0.10365674365376497952891861629879E+00 0.55469587841266441147435109867531E-01
-0.93115617176820068346594206879580E-01 0.50073133021867039090147962971468E-01
-0.82571016419649291060104666899406E-01 0.44675072040107690755426830468677E-01
-0.72023309138846282054949079239710E-01 0.39275596548254696142500807237062E-01
-0.61472863143696797971912875637808E-01 0.33874898287831137518401963354699E-01
-0.50920046281786587040006813487597E-01 0.28473169083866393078670068567093E-01
-0.40365226424562459971623589431830E-01 0.23070600839173298814586444732218E-01
-0.29808771452843078325526651350529E-01 0.17667385528652695481002283489643E-01
-0.19251049242279599079930338213098E-01 0.12263715193628759489856100605594E-01
-0.86924276487652070246210244707574E-02 0.68597819362141026250970640221478E-02
0.18667255062095648502509574969202E-02 0.14557779137082664612986712918388E-02
0.12426042450256026862293817548908E-01 -0.39481046669711008770439081252462E-02
0.22985155474842943984062236283283E-01 -0.93516735548207533793121808680867E-02
0.33543696950110198038285352066626E-01 -0.14754736460247807543995567432708E-01
0.44101299339742985468702789885295E-01 -0.20157101060527388548541741187122E-01
0.54657595215907689288009009430369E-01 -0.25558575005220240677609441661784E-01
0.65212217274251736514897975293574E-01 -0.30958965921547764641249861475608E-01
0.75764798348969324792338382065740E-01 -0.36358081419724187578202747736126E-01
0.86314971427936939015088289581691E-01 -0.41755729098242345026335515849300E-01
0.96862369667917774932631388207904E-01 -0.47151716549112644643458748564370E-01
0.10740662640984121959806168176500E+00 -0.52545851363052065816170954541891E-01
0.11794737519415749429951569538600E+00 -0.57937941134621574658808510809867E-01
0.12848424977627152833443386788356E+00 -0.63327793467309588692770410803296E-01
0.13901688414205891970903770216710E+00 -0.68715215978559970940247704433450E-01
0.14954491252346623564087149826784E+00 -0.74100016304740603045291852893802E-01
0.16006796941420058972489024514300E+00 -0.79482002106051587684497006929682E-01
0.17058568958551022265482247669557E+00 -0.84860981071370074355210971673602E-01
0.18109770810206163048934818275195E+00 -0.90236760923028425720338343516896E-01
0.19160366033791544666279350529942E+00 -0.95609149421524030329211013604585E-01
0.20210318199260497319564627233308E+00 -0.10097795437015651072906604430423E+00
0.21259590910732584341320915293309E+00 -0.10634298361959103393830997561777E+00
0.22308147808123376254477219814730E+00 -0.11170404507234265083853382290417E+00
0.23355952568786371043880193100754E+00 -0.11706094668717955395789547850328E+00
0.24402968909166863477909438271522E+00 -0.12241349648344222819902595885579E+00
0.25449160586468753310086713721186E+00 -0.12776150254527298478513907639796E+00
0.26494491400334673822244158109167E+00 -0.13310477302575458548521503710004E+00
0.27538925194540017414187842699832E+00 -0.13844311615095179434167195886058E+00
0.28582425858701637099147804980750E+00 -0.14377634022385325394871835937688E+00
0.29624957330001748163085353909764E+00 -0.14910425362820894463270344748497E+00
0.30666483594927749129228560657532E+00 -0.15442666483225795092526260997253E+00
0.31706968691028875558163784736061E+00 -0.15974338239234346821608929120888E+00
0.32746376708690236729013396300808E+00 -0.16505421495640795847041251571686E+00
0.33784671792925242574138227341002E+00 -0.17035897126736552072918741640075E+00
0.34821818145187227022600825732078E+00 -0.17565746016634435438373958550473E+00
0.35857780025201225770331600801694E+00 -0.18094949059579369624893069805864E+00
0.36892521752816899222808185698883E+00 -0.18623487160245104448877665310058E+00
0.37926007709883591288428176021485E+00 -0.19151341234016066722678237830420E+00
0.38958202342148723045826584350577E+00 -0.19678492207253904519025958808834E+00
0.39989070161180597942069624852700E+00 -0.20204921017547898788319046856241E+00
0.41018575746316890263283501973826E+00 -0.20730608613948582384223190271595E+00
0.42046683746640173376061551681855E+00 -0.21255535957183740111509354392102E+00
0.43073358882981779415666406150452E+00 -0.21779684019856028663138341441434E+00
0.44098565949955539799568813925430E+00 -0.22303033786621354532145160568178E+00
0.45122269818022949598019305858505E+00 -0.22825566254347107440154520863146E+00
0.46144435435591370189460621328995E+00 -0.23347262432249270089591735119622E+00
0.47165027831147094730677640837307E+00 -0.23868103342007495011713069520442E+00
0.48184012115425024110667731893884E+00 -0.24388070017857005561281678133328E+00
0.49201353483617097937754283403395E+00 -0.24907143506656267984877101855860E+00
0.50217017217621419756088231124020E+00 -0.25425304867929256042306130989154E+00
0.51230968688334322594653011261268E+00 -0.25942535173881084936110206660390E+00
0.52243173357987945190964671273882E+00 -0.26458815509385613304460609314702E+00
0.53253596782535461026779280885126E+00 -0.26974126971943859826281475871636E+00
0.54262204614087059540543620459311E+00 -0.27488450671611446263110048374930E+00
0.55268962603399228940770337460984E+00 -0.28001767730893884093544849193004E+00
0.56273836602420452963950847428615E+00 -0.28514059284607794058654397447532E+00
0.57276792566896673196835194134488E+00 -0.29025306479706433391035163436516E+00
0.58277796559039746159719605819744E+00 -0.29535490475067769194115242940386E+00
0.59276814750262785652275240284720E+00 -0.30044592441242952739537273682333E+00
0.60273813423986200910348990601467E+00 -0.30552593560163417905123329031228E+00
0.61268758978518508899794135334723E+00 -0.31059475024804150521673554700402E+00
0.62261617930016676679650988279198E+00 -0.31565218038800926490397580906045E+00
0.63252356915530384464051769344132E+00 -0.32069803816019150705303568105053E+00
0.64240942696135651850823573337076E+00 -0.32573213580071400537533488210064E+00
0.65227342160163068205476799500840E+00 -0.33075428563781207908655242315741E+00
0.66211522326526486458765422421705E+00 -0.33576430008589889201072394200167E+00
0.67193450348158520674652331379848E+00 -0.34076199163903348676021966024908E+00
0.68173093515559420282928314249286E+00 -0.34574717286375496394161136201107E+00
0.69150419260466559151660505707269E+00 -0.35071965639124672533994800940597E+00
0.70125395159652219347062431111650E+00 -0.35567925490879280613047934451839E+00
0.71097988938857900055053196678992E+00 -0.36062578115048518884970160945149E+00
0.72068168476874061544494038643922E+00 -0.36555904788713898375060335215886E+00
0.73035901809774757268803251594288E+00 -0.37047886791536856230981052075866E+00
0.74001157135317480653235099238864E+00 -0.37538505404577510078751148653497E+00
0.74963902817519211439236441944854E+00 -0.38027741909019231042430461571229E+00
0.75924107391420494847043775246198E+00 -0.38515577584793351260846558602134E+00
0.76881739568050432447617441619350E+00 -0.39001993709097875813764505554226E+00
0.77836768239606328443397352569063E+00 -0.39486971554803711332025685792403E+00
0.78789162484862842988345737176694E+00 -0.39970492388741370909638280494318E+00
0.79738891574826839524556546608483E+00 -0.40452537469860611174781539743022E+00
0.80685924978655203750821262376761E+00 -0.40933088047254975487968316534274E+00
0.81630232369854539894531828920515E+00 -0.41412125358042512122473609540941E+00
0.82571783632782988292915178649149E+00 -0.41889630625093370443644581058045E+00
0.83510548869476334416108350060329E+00 -0.42365585054594146226918991855073E+00
0.84446498406822323773696527394049E+00 -0.42839969833438236986965947924951E+00
0.85379602804109062079519529379112E+00 -0.43312766126430487448567573586543E+00
0.86309832860975864357031415001483E+00 -0.43783955073293494498652180671417E+00
0.87237159625797157376712503899513E+00 -0.44253517785462065955204651377530E+00
0.88161554404532799047064322136948E+00 -0.44721435342651013754729653075835E+00
0.89082988770081468889256927203155E+00 -0.45187688789180490107174123678630E+00
0.90001434572176358859051489334373E+00 -0.45652259130041624107348842934866E+00
0.90916863947867160571415280699932E+00 -0.46115127326683727853223251726379E+00
0.91829249332635070952073740839542E+00 -0.46576274292503067066814822195609E+00
0.92738563472193146268058390144240E+00 -0.47035680888010950200345832156239E+00
0.93644779435028587160578027356164E+00 -0.47493327915657570213064243609505E+00
0.94547870625749198754945802193451E+00 -0.47949196114285483962934218116258E+00
0.95447810799302535032458886460572E+00 -0.48403266153184575635710823357275E+00
0.96344574076142694831253884888577E+00 -0.48855518625717717850252543867178E+00
0.97238134958427658502176790645720E+00 -0.49305934042483534585942044066363E+00
0.98128468347338198074377619726250E+00 -0.49754492823979667920326517012795E+00
0.99015549561618925902716391128023E+00 -0.50201175292726429053519512311097E+00
0.99899354357452666072836870216219E+00 -0.50645961664806997109499293520521E+00
0.10077985894979095230819408014156E+01 -0.51088832040776068891230812061054E+00
0.10165704003527705897589156908459E+01 -0.51529766395884245052244732582360E+00
0.10253087481691242593352031946297E+01 -0.51968744569560260988485883348031E+00
0.10340134103063468325258639050993E+01 -0.52405746254087287771125223904305E+00
0.10426841697399401182219682710833E+01 -0.52840750982403158229325594623590E+00
0.10513208153713632883618708331152E+01 -0.53273738114947189825533189069674E+00
0.10599231423632589682931317800634E+01 -0.53704686825468146832235158872663E+00
0.10684909525026762359286825810597E+01 -0.54133576085698791959336326405210E+00
0.10770240545952069488812163601619E+01 -0.54560384648792487889648996221907E+00
0.10855222648933084526740064406591E+01 -0.54985091031405713394800676710446E+00
0.10939854075624935331692891800258E+01 -0.55407673494297630220017258541941E+00
0.11024133151895372530012805487147E+01 -0.55828110021303166778995629599898E+00
0.11108058293373830295410719024215E+01 -0.56246378296519835831403543375156E+00
0.11191628011520485657863879745566E+01 -0.56662455679529725403520179302339E+00
0.11274840920275407557691447603105E+01 -0.57076319178457019262861973703891E+00
0.11357695743356089423248580842299E+01 -0.57487945420637481470611878507351E+00
0.11440191322281159021635393418836E+01 -0.57897310620648616158469134024113E+00
0.11522326625209104639334044294029E+01 -0.58304390545418244235014121276350E+00
0.11604100756693698087513076111743E+01 -0.58709160476093002779059421264653E+00
0.11685512968472839398872402722281E+01 -0.59111595166307234333872453744639E+00
0.11766562671425143320944973150508E+01 -0.59511668796445170359795483262202E+00
0.11847249448849301129119647712275E+01 -0.59909354923434590846811161753977E+00
0.11927573071245676272995283063153E+01 -0.60304626425546580810339866956523E+00
0.12007533512808513730958865110824E+01 -0.60697455441602463325935617141948E+00
0.12087130969871517242174157977229E+01 -0.61087813303903312133577678531223E+00
0.12166365881590510550297959718053E+01 -0.61475670464097229650163327794049E+00
0.12245238953196021402305827977859E+01 -0.61860996411082254829721501833022E+00
0.12323751182207624228537439788981E+01 -0.62243759579905084171368812203600E+00
0.12401903888073190006391314729459E+01 -0.62623927250452803527445604607158E+00
0.12479698745782714827994568540022E+01 -0.63001465434542477558527188020385E+00
0.12557137824111875593165515128202E+01 -0.63376338749784147453308082088613E+00
0.12634223629279786156038314522652E+01 -0.63748510278319692897447603056514E+00
0.12710959154964743528635956877571E+01 -0.64117941408212047449610774102310E+00
0.12787347939819214352913916393548E+01 -0.64484591654864679080190764631134E+00
0.12863394133871551354332278144608E+01 -0.64848418459373734122134005225972E+00
0.12939102575510840471393426849619E+01 -0.65209376960134116874837964735899E+00
0.13014478881141681036264535053274E+01 -0.65567419733310693013988416532666E+00
0.13089529550092452630517914091838E+01 -0.65922496496912095938857895084993E+00
0.13164262087997758894122713333601E+01 -0.66274553772123644764957427041422E+00
0.13238685152699694817656525718161E+01 -0.66623534494209674671669738755546E+00
0.13312808727787541931059782996794E+01 -0.66969377563606965337390370406002E+00
0.13386644330311508027002557970772E+01 -0.67312017325697082239667958494304E+00
0.13460205261090508683276400711925E+01 -0.67651382965026481274904160418195E+00
0.13533506908569792991349751736007E+01 -0.67987397796247163313469413650723E+00
0.13606567120638006448694304252815E+01 -0.68319978429510283735579663211510E+00
0.13679406663579604201985066317741E+01 -0.68649033782078758291418261075091E+00
0.13752049794011645672492639616057E+01 -0.68974463899978134428670594123953E+00
0.13824524979146216721272259401540E+01 -0.69296158542733066686676364424372E+00
0.13896865814462700760101485681881E+01 -0.69613995469281368931348068238832E+00
0.13969112208172811835539856366247E+01 -0.69927838341593030553037115497312E+00
0.14041311932549303814827744221600E+01 -0.70237534129207946151209999070849E+00
0.14113522689963467056679941123208E+01 -0.70542909838564988298689803159870E+00
0.14185814919302337663564648163231E+01 -0.70843768247634156506563357371802E+00
0.14258275711190390451360701652040E+01 -0.71139881700284058786162817656274E+00
0.14331014823641551804571740134169E+01 -0.71430972225846607299066415540784E+00
0.14418862357191193274025635783043E+01 -0.71773360515523888818678207092602E+00
0.14507639676896629913816887918590E+01 -0.72107388043271572924111465720006E+00
0.14597806479572456833653907500717E+01 -0.72432385946178755846867571524585E+00
0.14690064724158378504792106469058E+01 -0.72747330729630043335433575514118E+00
0.14785552562926972107575466590662E+01 -0.73051023739300752242696511091677E+00
0.14880948206714263711833330193929E+01 -0.73327033303557305058785030472290E+00
0.14971937330245014392558947187682E+01 -0.73559189709599017998177295708383E+00
0.15058750145500698921025202289953E+01 -0.73746791077674953726428250714801E+00
0.15141555201721230078527717531033E+01 -0.73895110553850949388219735373805E+00
0.15221025382144461341827703677007E+01 -0.73978682683444926760992840944053E+00
0.15256718847615228760921163168540E+01 -0.74684244117256343992097740778052E+00
0.15298146986517040563295515282465E+01 -0.75385951532989526328008327645890E+00
0.15344675276639655956285079156511E+01 -0.76086574521773496429231664421945E+00
0.15396022434087765776847167670088E+01 -0.76786213597675762446835049940867E+00
0.15451779258415663951624953129152E+01 -0.77485407009543505509866368030619E+00
0.15508850782082124696259269086914E+01 -0.78153170367547233742385818312780E+00
0.15564653416687848163500671873602E+01 -0.78770528152365849794064586602998E+00
0.15619440297463270505628082974160E+01 -0.79349632819832198191165978781219E+00
0.15673347448113494163283827302538E+01 -0.79898111301910140163712411336551E+00
0.15726450861098629522055078744364E+01 -0.80421137412671122749861329286947E+00
0.15770126210632431055848073156085E+01 -0.80840203785328605851753751362502E+00
0.15813287490854107798739446950500E+01 -0.81245818681194316358681043508351E+00
0.15855948975289552726695340088506E+01 -0.81639225495993022516605753938795E+00
0.15898115458478300669909304556707E+01 -0.82021484174036192450842851997422E+00
0.15939790791344757377308599042719E+01 -0.82393452220231715141936772266434E+00
0.15980976407616408258837666234027E+01 -0.82755850778644496960049944159412E+00
0.16021672609088444970485371788539E+01 -0.83109286783407107530834960875831E+00
0.16061878717090289860358896768531E+01 -0.83454278004591328462674775159714E+00
0.16101593416411240627030540997885E+01 -0.83791269235550317593584739156998E+00
0.16140814924482486505406754152046E+01 -0.84120645675801418429339815239846E+00
0.16179541138093393367503719670502E+01 -0.84442743088678964772199505278786E+00
0.16217769732489428969463408824937E+01 -0.84757855936186494262061303410151E+00
0.16255498236696825180721690421682E+01 -0.85066243858510853019931727274390E+00
0.16292724088365830816411461105453E+01 -0.85368136924385933027132346677046E+00
0.16329444674710129423721614440906E+01 -0.85663739913883091248295497918864E+00
0.16365657362854757746859008344435E+01 -0.85953235845825510693055542691529E+00
0.16401359522422510217764306359919E+01 -0.86236788904704282706088039664958E+00
0.16436548542278326098556261774783E+01 -0.86514546887324659422972921446837E+00
0.16471221842889201047745518359658E+01 -0.86786643261525987123285098587692E+00
0.16505376885366113414798929261947E+01 -0.87053198909241102804923368196320E+00
0.16539011177989880454063878833188E+01 -0.87314323610754927063691125917347E+00
0.16572122280822959635749574826743E+01 -0.87570117315346918497724795521425E+00
0.16604707808863531047573303991723E+01 -0.87820671234484343637416193624323E+00
0.16636765434089104099364207431243E+01 -0.88066068786734847295915918384395E+00
0.16668292886655286701521046087302E+01 -0.88306386418081275131698322254314E+00
0.16699287955453698865312746713963E+01 -0.88541694316991909507548238269211E+00
0.16729748488186195430985434897244E+01 -0.88772057040156084397207538875902E+00
0.16759672391076829351893644451067E+01 -0.88997534062038593834921642987270E+00
0.16789057628315545071351106964686E+01 -0.89218180259185405521059675506934E+00
0.16817902221306458557593825965562E+01 -0.89434046338412969598993284258166E+00
0.16846204247777207150536454774680E+01 -0.89645179216545942157339149324537E+00
0.16873961840793151943336294814792E+01 -0.89851622358165519801561454936540E+00
0.16901173187710308115339359294433E+01 -0.90053416076839823494894205162331E+00
0.16927836529093142757617282412288E+01 -0.90250597804487766941652703172875E+00
0.16953950157617334975096456774681E+01 -0.90443202332846043619581782921980E+00
0.16979512416972834086793046726755E+01 -0.90631262030439194713305845153385E+00
0.17004521700778832246950102351501E+01 -0.90814807037975349154810102459182E+00
0.17028976451519343957564840449690E+01 -0.90993865444687848720063887167018E+00
0.17052875159505775894559330122952E+01 -0.91168463447803212524866102101198E+00
0.17076216361871082674878879569188E+01 -0.91338625497027559800425361276839E+00
0.17098998641598675866617316500583E+01 -0.91504374425698077577098578391697E+00
0.17121220626588164247985612998484E+01 -0.91665731570036634981535335690266E+00
0.17142880988759136363926617853797E+01 -0.91822716877762941655692978038522E+00
0.17163978443193530032636688240240E+01 -0.91975349007170287936548152458167E+00
0.17184511747316635039837729703448E+01 -0.92123645417633955186844966806595E+00
0.17204479700116369828862530957827E+01 -0.92267622452407170338387230896842E+00
0.17223881141400196546995152518459E+01 -0.92407295414459958746886313665766E+00
0.17242714951088817242378211235930E+01 -0.92542678636029447817231989656374E+00
0.17260980048545639694036540701376E+01 -0.92673785542474706371573092915977E+00
0.17278675391940901119485661959124E+01 -0.92800628710963248438129654194240E+00
0.17295799977649265402798649996826E+01 -0.92923219924458511206760529841374E+00
0.17312352839679675423941326459824E+01 -0.93041570221426939615495435611455E+00
0.17328333049136226397078637455281E+01 -0.93155689941638685627818074931732E+00
0.17343739713708827927952877010731E+01 -0.93265588768396571049352490050290E+00
0.17358571977192446233867695746469E+01 -0.93371275767493219938638358548888E+00
0.17372829019033736080242285404960E+01 -0.93472759423165456741750396931763E+00
0.17386510053903917250281056415802E+01 -0.93570047671287729425877173646118E+00
0.17399614331296787327072257147866E+01 -0.93663147930022020142500184440050E+00
0.17412141135150808270544181404177E+01 -0.93752067128120018915770740739440E+00
0.17424089783494253678081073260449E+01 -0.93836811731053992148575784289463E+00
0.17435459628112453894749925364413E+01 -0.93917387765135423550311754731058E+00
0.17446250054236226400363455786127E+01 -0.93993800839764970547735628085037E+00
0.17456460480250629506323383654681E+01 -0.94066056167943305196409287360272E+00
0.17466090357423229556659783949267E+01 -0.94134158585159778439627894145055E+00
0.17475139169651119963294324106364E+01 -0.94198112566764516176952502111025E+00
0.17483606433225975015489519878104E+01 -0.94257922243919258176226332736717E+00
0.17491491696616457682738370079738E+01 -0.94313591418213113273165937983995E+00
0.17498794540267283424532188254802E+01 -0.94365123575021763857062630701697E+00
0.17505514576413849784346153944731E+01 -0.94412521895687042044129941921475E+00
0.17511651448900508886114971818775E+01 -0.94455789268741059465300639961636E+00
0.17515418555906524402542576488983E+01 -0.94482340509514729813055721274623E+00
0.17518926245557310386697483355330E+01 -0.94507057642532261610623820286020E+00
0.17522174435708122646203549710894E+01 -0.94529941316658217165157473036649E+00
0.17525163050192484624657872727030E+01 -0.94550992131218037557264785969515E+00
0.17527892019035190582084617691325E+01 -0.94570210633679363181646919836126E+00
0.17530491244449610420086593502343E+01 -0.94588512371351417697169815286129E+00
0.17533090672198830625928971751280E+01 -0.94606812554690245896722396760738E+00
0.17535690302210277763093086399905E+01 -0.94625111188300801578355321717149E+00
0.17538290134410129926012085692093E+01 -0.94643408276794053862624940335893E+00
0.17540890168726090464885779263631E+01 -0.94661703824747629854534517214276E+00
0.17538290134410129926012085692093E+01 -0.94643408276794053862624940335893E+00
0.17535690302210277763093086399905E+01 -0.94625111188300801578355321717149E+00
0.17533090672198830625928971751280E+01 -0.94606812554690245896722396760738E+00
0.17530491244449610420086593502343E+01 -0.94588512371351417697169815286129E+00
0.17527892019035190582084617691325E+01 -0.94570210633679363181646919836126E+00
0.17525163050192484624657872727030E+01 -0.94550992131218037557264785969515E+00
0.17522174435708122646203549710894E+01 -0.94529941316658217165157473036649E+00
0.17518926245557310386697483355330E+01 -0.94507057642532261610623820286020E+00
0.17515418555906524402542576488983E+01 -0.94482340509514729813055721274623E+00
0.17511651448900508886114971818775E+01 -0.94455789268741059465300639961636E+00
0.17505514576413849784346153944731E+01 -0.94412521895687042044129941921475E+00
0.17498794540267283424532188254802E+01 -0.94365123575021763857062630701697E+00
0.17491491696616457682738370079738E+01 -0.94313591418213113273165937983995E+00
0.17483606433225975015489519878104E+01 -0.94257922243919258176226332736717E+00
0.17475139169651119963294324106364E+01 -0.94198112566764516176952502111025E+00
0.17466090357423229556659783949267E+01 -0.94134158585159778439627894145055E+00
0.17456460480250629506323383654681E+01 -0.94066056167943305196409287360272E+00
0.17446250054236226400363455786127E+01 -0.93993800839764970547735628085037E+00
0.17435459628112453894749925364413E+01 -0.93917387765135423550311754731058E+00
0.17424089783494253678081073260449E+01 -0.93836811731053992148575784289463E+00
0.17412141135150808270544181404177E+01 -0.93752067128120018915770740739440E+00
0.17399614331296787327072257147866E+01 -0.93663147930022020142500184440050E+00
0.17386510053903917250281056415802E+01 -0.93570047671287729425877173646118E+00
0.17372829019033736080242285404960E+01 -0.93472759423165456741750396931763E+00
0.17358571977192446233867695746469E+01 -0.93371275767493219938638358548888E+00
0.17343739713708827927952877010731E+01 -0.93265588768396571049352490050290E+00
0.17328333049136226397078637455281E+01 -0.93155689941638685627818074931732E+00
0.17312352839679675423941326459824E+01 -0.93041570221426939615495435611455E+00
0.17295799977649265402798649996826E+01 -0.92923219924458511206760529841374E+00
0.17278675391940901119485661959124E+01 -0.92800628710963248438129654194240E+00
0.17260980048545639694036540701376E+01 -0.92673785542474706371573092915977E+00
0.17242714951088817242378211235930E+01 -0.92542678636029447817231989656374E+00
0.17223881141400196546995152518459E+01 -0.92407295414459958746886313665766E+00
0.17204479700116369828862530957827E+01 -0.92267622452407170338387230896842E+00
0.17184511747316635039837729703448E+01 -0.92123645417633955186844966806595E+00
0.17163978443193530032636688240240E+01 -0.91975349007170287936548152458167E+00
0.17142880988759136363926617853797E+01 -0.91822716877762941655692978038522E+00
0.17121220626588164247985612998484E+01 -0.91665731570036634981535335690266E+00
0.17098998641598675866617316500583E+01 -0.91504374425698077577098578391697E+00
0.17076216361871082674878879569188E+01 -0.91338625497027559800425361276839E+00
0.17052875159505775894559330122952E+01 -0.91168463447803212524866102101198E+00
0.17028976451519343957564840449690E+01 -0.90993865444687848720063887167018E+00
0.17004521700778832246950102351501E+01 -0.90814807037975349154810102459182E+00
0.16979512416972834086793046726755E+01 -0.90631262030439194713305845153385E+00
0.16953950157617334975096456774681E+01 -0.90443202332846043619581782921980E+00
0.16927836529093142757617282412288E+01 -0.90250597804487766941652703172875E+00
0.16901173187710308115339359294433E+01 -0.90053416076839823494894205162331E+00
0.16873961840793151943336294814792E+01 -0.89851622358165519801561454936540E+00
0.16846204247777207150536454774680E+01 -0.89645179216545942157339149324537E+00
0.16817902221306458557593825965562E+01 -0.89434046338412969598993284258166E+00
0.16789057628315545071351106964686E+01 -0.89218180259185405521059675506934E+00
0.16759672391076829351893644451067E+01 -0.88997534062038593834921642987270E+00
0.16729748488186195430985434897244E+01 -0.88772057040156084397207538875902E+00
0.16699287955453698865312746713963E+01 -0.88541694316991909507548238269211E+00
0.16668292886655286701521046087302E+01 -0.88306386418081275131698322254314E+00
0.16636765434089104099364207431243E+01 -0.88066068786734847295915918384395E+00
0.16604707808863531047573303991723E+01 -0.87820671234484343637416193624323E+00
0.16572122280822959635749574826743E+01 -0.87570117315346918497724795521425E+00
0.16539011177989880454063878833188E+01 -0.87314323610754927063691125917347E+00
0.16505376885366113414798929261947E+01 -0.87053198909241102804923368196320E+00
0.16471221842889201047745518359658E+01 -0.86786643261525987123285098587692E+00
0.16436548542278326098556261774783E+01 -0.86514546887324659422972921446837E+00
0.16401359522422510217764306359919E+01 -0.86236788904704282706088039664958E+00
0.16365657362854757746859008344435E+01 -0.85953235845825510693055542691529E+00
0.16329444674710129423721614440906E+01 -0.85663739913883091248295497918864E+00
0.16292724088365830816411461105453E+01 -0.85368136924385933027132346677046E+00
0.16255498236696825180721690421682E+01 -0.85066243858510853019931727274390E+00
0.16217769732489428969463408824937E+01 -0.84757855936186494262061303410151E+00
0.16179541138093393367503719670502E+01 -0.84442743088678964772199505278786E+00
0.16140814924482486505406754152046E+01 -0.84120645675801418429339815239846E+00
0.16101593416411240627030540997885E+01 -0.83791269235550317593584739156998E+00
0.16061878717090289860358896768531E+01 -0.83454278004591328462674775159714E+00
0.16021672609088444970485371788539E+01 -0.83109286783407107530834960875831E+00
0.15980976407616408258837666234027E+01 -0.82755850778644496960049944159412E+00
0.15939790791344757377308599042719E+01 -0.82393452220231715141936772266434E+00
0.15898115458478300669909304556707E+01 -0.82021484174036192450842851997422E+00
0.15855948975289552726695340088506E+01 -0.81639225495993022516605753938795E+00
0.15813287490854107798739446950500E+01 -0.81245818681194316358681043508351E+00
0.15770126210632431055848073156085E+01 -0.80840203785328605851753751362502E+00
0.15726450861098629522055078744364E+01 -0.80421137412671122749861329286947E+00
0.15673347448113494163283827302538E+01 -0.79898111301910140163712411336551E+00
0.15619440297463270505628082974160E+01 -0.79349632819832198191165978781219E+00
0.15564653416687848163500671873602E+01 -0.78770528152365849794064586602998E+00
0.15508850782082124696259269086914E+01 -0.78153170367547233742385818312780E+00
0.15451779258415663951624953129152E+01 -0.77485407009543505509866368030619E+00
0.15396022434087765776847167670088E+01 -0.76786213597675762446835049940867E+00
0.15344675276639655956285079156511E+01 -0.76086574521773496429231664421945E+00
0.15298146986517040563295515282465E+01 -0.75385951532989526328008327645890E+00
0.15256718847615228760921163168540E+01 -0.74684244117256343992097740778052E+00
