0.87416534265712524176265834969772E+00 -0.84802498088059134289910486495152E+00
0.88067178325625077797218329342204E+00 -0.84302378061890688645096748601376E+00
0.88681740294592771997444935760992E+00 -0.83833639613391256766451441639641E+00
0.89257567021404367169310850172292E+00 -0.83397801322098434696000499060842E+00
0.89792313223616118460774615980068E+00 -0.82995883050930090554533744336248E+00
0.90283545360272680103017762771687E+00 -0.82629022644027248707644645894838E+00
0.90731401603291069965803716053669E+00 -0.82296492913805408572180161307582E+00
0.91144969936010423160320959764443E+00 -0.81991045508318788504982906937859E+00
0.91531965823155292575338091548287E+00 -0.81706623758075697203555746710811E+00
0.91897521480602472437099471490362E+00 -0.81439193503246198880517070039462E+00
0.92245267029611549211740703348376E+00 -0.81185897854745486587967871089157E+00
0.91897521480602472437099471490362E+00 -0.81439193503246198880517070039462E+00
0.91531965823155292575338091548287E+00 -0.81706623758075697203555746710811E+00
0.91144969936010423160320959764443E+00 -0.81991045508318788504982906937859E+00
0.90731401603291069965803716053669E+00 -0.82296492913805408572180161307582E+00
0.90283545360272680103017762771687E+00 -0.82629022644027248707644645894838E+00
0.89792313223616118460774615980068E+00 -0.82995883050930090554533744336248E+00
0.89257567021404367169310850172292E+00 -0.83397801322098434696000499060842E+00
0.88681740294592771997444935760992E+00 -0.83833639613391256766451441639641E+00
0.88067178325625077797218329342204E+00 -0.84302378061890688645096748601376E+00
0.87416534265712524176265834969772E+00 -0.84802498088059134289910486495152E+00
0.86329958191275619782673557366218E+00 -0.84332027638635629210603535257899E+00
0.85233069487946580962254067827644E+00 -0.83753656208244686600696728287985E+00
0.84105601359772507501731998794345E+00 -0.83102271945390501967342919283941E+00
0.82948645321918418166149983838334E+00 -0.82370769268203626928434545747390E+00
0.81759750475722161679694128309893E+00 -0.81560282907444489619322698722149E+00
0.80591405703752921210105925784136E+00 -0.80713580357413563226334319147437E+00
0.79480844223694719156751596710314E+00 -0.79868740251494959839013776222647E+00
0.78411037771410436185568859710355E+00 -0.79022550202838007296219649130605E+00
0.77371323432464313018654750824543E+00 -0.78173438731363039801610938445964E+00
0.76354682670603304229954368299419E+00 -0.77320403534258062951576476494248E+00
0.75521283377795625785846004666982E+00 -0.76606364557969739952591314868447E+00
0.74698170536046451593551272218905E+00 -0.75889145127759131029034692143677E+00
0.73883601748751572870404676882047E+00 -0.75168674221725702605801131426789E+00
0.73076185664316749005445729232663E+00 -0.74444908888884173007685268055614E+00
0.72274787093141134440697678742169E+00 -0.73717834503982311210872442825725E+00
0.71478467573667854336446143585452E+00 -0.72987456478431889916984704342143E+00
0.70686442754818977768687040261563E+00 -0.72253794155026869044337708101486E+00
0.69898050914582854442805039637118E+00 -0.71516876529548008978572620217474E+00
0.69112729226426397271560411405822E+00 -0.70776739253075714799010109483326E+00
0.68329995563039619495267504228913E+00 -0.70033422517273341058501309351831E+00
0.67549434340171036600796548191970E+00 -0.69286969551962725855589966250025E+00
0.66770685360209454163247879213908E+00 -0.68537425551638567361160240897855E+00
0.65993434917544982743146284751885E+00 -0.67784836905648458735051873180966E+00
0.65217408632819268146367564122158E+00 -0.67029250645442940215608661217900E+00
0.64442365625138718472850958383829E+00 -0.66270714048318168924925429264361E+00
0.63668093731372787242206851481376E+00 -0.65509274354794788178969344749258E+00
0.62894405553303615588467708097107E+00 -0.64744978568998433630729475927057E+00
0.62121135165443948520041993061039E+00 -0.63977873319938553511183284514554E+00
0.61348135354656845718759368075522E+00 -0.63208004767604658206035644822622E+00
0.60575275291258842738934360580381E+00 -0.62435418542093731704416282441458E+00
0.59802438552796612645654231427187E+00 -0.61660159707075431485858831530822E+00
0.59029521438057449734627283565936E+00 -0.60882272741147140839855649112465E+00
0.58256431521453834111652780363854E+00 -0.60101801532274930592836050784892E+00
0.57483086407674930229786682170492E+00 -0.59318789381728017525982225964191E+00
0.56709412654120679456990808135145E+00 -0.58533279014813321888287858747354E+00
0.55935344834639547699714508359866E+00 -0.57745312596387502470022757897268E+00
0.55160824722855283090931934473195E+00 -0.56954931749626471731693083922948E+00
0.54385800577174322760789188678538E+00 -0.56162177576911539941497361617553E+00
0.53610226512625443011992818703714E+00 -0.55367090681977503983419258287501E+00
0.52834061947158133075838148577885E+00 -0.54569711192685136900167870644645E+00
0.52057271112039497609946355629789E+00 -0.53770078783945813885145286680836E+00
0.51279822617635767122266452795335E+00 -0.52968232700451513951908394260106E+00
0.50501689067217848476902624784442E+00 -0.52164211778959331189917613937114E+00
0.49722846712548422938662504836817E+00 -0.51358054469952763104731154325614E+00
0.48943275145935113172472243830086E+00 -0.50549798858557391594722900820991E+00
0.48162957024207860198570637719918E+00 -0.49739482684631161562340679524730E+00
0.47381877820725263896063994554692E+00 -0.48927143361981208362786836966299E+00
0.46600025602058230382863767242090E+00 -0.48112817996683434332078596549373E+00
0.45817390826457845072548253152202E+00 -0.47296543404498927497633901360094E+00
0.45033966161602409336221102923845E+00 -0.46478356127394883694365418134050E+00
0.44249746319448324987718444626717E+00 -0.45658292449187097748224359585588E+00
0.43464727906290197271428522273371E+00 -0.44836388410328393549411667639360E+00
0.42678909286376034846827157453078E+00 -0.44012679821871725320863198165504E+00
0.41892290457629293045648730841994E+00 -0.43187202278640309415395026326838E+00
0.41104872938206537665444992929872E+00 -0.42359991171638641634804851078579E+00
0.40316659662772603037224210239438E+00 -0.41531081699739528201797773296300E+00
0.39527654887507080017510070339336E+00 -0.40700508880682237514296623027391E+00
0.38737864102970640990510368441188E+00 -0.39868307561416747118643255072872E+00
0.37947293954059465640623347793343E+00 -0.39034512427828462206708831102984E+00
0.37155952166362634404905466876440E+00 -0.38199158013876448395092311175530E+00
0.36363847478313435175217291461140E+00 -0.37362278710177568190384984713464E+00
0.35570989578591749057458448134885E+00 -0.36523908772067235580215140161123E+00
0.34777389048293228070335873449525E+00 -0.35684082327166196083036363253756E+00
0.33983057307431678075757658358936E+00 -0.34842833382481783491680763388474E+00
0.33188006565386838800018525578626E+00 -0.34000195831069690084290755548907E+00
0.32392249774949104651043228162065E+00 -0.33156203458282315002819901577392E+00
0.31595800589648257492209259305666E+00 -0.32310889947626819336183190238425E+00
0.30798673324084290282002322708881E+00 -0.31464288886255979192669577368443E+00
0.30000882917006364062280277657817E+00 -0.30616433770112915619319551375213E+00
0.29202444896910390838020421289569E+00 -0.29767358008749672425530844557233E+00
0.28403375349947831812324469015391E+00 -0.28917094929838690556680157925324E+00
0.27603690889957780500273281013486E+00 -0.28065677783394694511599513700369E+00
0.26803408630452014179694563546419E+00 -0.27213139745723828922048095806075E+00
0.26002546158398392938424759647772E+00 -0.26359513923115688424979483675749E+00
0.25201121509661799035867110597448E+00 -0.25504833355292834467835099771364E+00
0.24399153145974797598072732293219E+00 -0.24649131018631795925692603919592E+00
0.23596659933321224451533697034289E+00 -0.23792439829168321853448386027455E+00
0.22793661121626172673081361484499E+00 -0.22934792645399368677259342192033E+00
0.21990176325655428531821146445141E+00 -0.22076222270892935088852066410302E+00
0.21186225507034812560636563103715E+00 -0.21216761456716672092632771896795E+00
0.20381828957308722567878392347940E+00 -0.20356442903695414824529992711293E+00
0.19577007281962494662885297154696E+00 -0.19495299264506898757584204230531E+00
0.18771781385340621808073883445807E+00 -0.18633363145624796204710312023243E+00
0.17966172456397650758723972101786E+00 -0.17770667109117286461099629178053E+00
0.17160201955223922413852852740194E+00 -0.16907243674309082010022816671431E+00
0.16353891600293075624400688769462E+00 -0.16043125319314300340795821931175E+00
0.15547263356382094005063069889520E+00 -0.15178344482447086701804067814822E+00
0.14740339423118796234250892515293E+00 -0.14312933563516604392897694054484E+00
0.13933142224115064261041291105591E+00 -0.13446924925012494994803698261125E+00
0.13125694396647173902631938959121E+00 -0.12580350893186539649064215444760E+00
0.12318018781847735283738114789021E+00 -0.11713243759036107384838427608128E+00
0.11510138415376094332001421899376E+00 -0.10845635779194429003642833593798E+00
0.10702076518536953396058337260439E+00 -0.99775591767324642117694411035678E-01
0.98938564898186544210803787968072E-01 -0.91090461418771780077332914850944E-01
0.90855018968250027330462381011367E-01 -0.82401288326501253149262005877664E-01
0.82770364685763848695774203311352E-01 -0.73708393754308286985808208516568E-01
0.74684840881573337964766872920411E-01 -0.65012098654484411324996139050950E-01
0.66598687856897366733770279912888E-01 -0.56312723672053967703451722900428E-01
0.58512147316120365010272424345801E-01 -0.47610589148366138050961898466681E-01
0.50425462302461853756156984497624E-01 -0.38906015124071646415376310266309E-01
0.42338877136355009636870231640904E-01 -0.30199321341517548672440517853918E-01
0.34252637356374536384045044389363E-01 -0.21490827246587238458579087867030E-01
0.26166989662568302631874262045075E-01 -0.12780851990011934192775283251055E-01
0.18082181862053966085798811267515E-01 -0.40697144281827549174035868485897E-02
0.99984628167515656952702835311346E-02 0.46422668765169424606318718507735E-02
0.19160823931339634647095952948936E-02 0.13354773655831474129406744467624E-01
-0.61647085861195260071915224131414E-02 0.22067487936186463220274326970651E-01
-0.14243658388670842287191804126635E-01 0.30780092039653878734972919899664E-01
-0.22320514417368132914567950196712E-01 0.39492268585309013212585679192266E-01
-0.30395023253485001342044588138287E-01 0.48203700490961761953222726945687E-01
-0.38466930698435337940504712289450E-01 0.56914070975243012324617898497801E-01
-0.46535981814048140041189594671093E-01 0.65623063560031392547567510762937E-01
-0.54601920961477817369127011294941E-01 0.74330362073202683724580935435387E-01
-0.62664491838819503147165609055609E-01 0.83035650651687690332722002617160E-01
-0.70723437517499335196157726361401E-01 0.91738613744824688858016414474335E-01
-0.78778500477499907845535702531327E-01 0.10043893611799143183543095119792E+00
-0.86829422641481805527458845022204E-01 0.10913630285650559756471616014061E+00
-0.94875945407857802767145840670206E-01 0.11783039936977988291132993972092E+00
-0.10291780968286845369481678237254E+00 0.12652091139572052080958769812786E+00
-0.11095475591171389877368578057486E+00 0.13520752500535848351332316363808E+00
-0.11898652410878339235236867723679E+00 0.14388992660770216163492584284685E+00
-0.12701285388702919122607021840806E+00 0.15256780295480176851619377247341E+00
-0.13503348448652608547797589587298E+00 0.16124084114701585233535792642752E+00
-0.14304815480225426477508028877204E+00 0.16990872863847004352132406896130E+00
-0.15105660341114366295306609148168E+00 0.17857115324270073673596836975296E+00
-0.15905856859841345140477863489623E+00 0.18722780313847378473948884515399E+00
-0.16705378838324054697963229860526E+00 0.19587836687577077118863234154726E+00
-0.17504200054378756454616812322926E+00 0.20452253338193612872037013020891E+00
-0.18302294264161916162952129157967E+00 0.21315999196797636417659309533481E+00
-0.19099635204553597727583260717689E+00 0.22179043233500525098568015706909E+00
-0.19896196595485019067480800696124E+00 0.23041354458082899339908060564823E+00
-0.20691952142212976027784352251628E+00 0.23902901920666227439132933270436E+00
-0.21486875537543339781884618411490E+00 0.24763654712397441181339397435624E+00
-0.22280940464005877381965811300178E+00 0.25623581966145228158755586257251E+00
-0.23074120595982583218639343895965E+00 0.26482652857208259726115181932952E+00
-0.23866389601791402781124446437640E+00 0.27340836604034180395543599563703E+00
-0.24657721145727330801218812693402E+00 0.28198102468949129190324370567866E+00
-0.25448088890062661124637842068007E+00 0.29054419758897352840471460648597E+00
-0.26237466497008042518883961566734E+00 0.29909757826190248890550345310480E+00
-0.27025827630636062441686979643778E+00 0.30764086069264606507210088955027E+00
-0.27813145958768763149942212881967E+00 0.31617373933449373964450611305586E+00
-0.28599395154830633021853939484248E+00 0.32469590911740742644550812129892E+00
-0.29384548899668487561530093202535E+00 0.33320706545585086201887850113485E+00
-0.30168580883339456362691380617975E+00 0.34170690425669262322446113529813E+00
-0.30951464806868353303186906675407E+00 0.35019512192718159203763013253336E+00
-0.31733174383975771086840206433601E+00 0.35867141538298754563432832240035E+00
-0.32513683342777677102560579315014E+00 0.36713548205630814515068218440862E+00
-0.33292965427458119934293278300481E+00 0.37558701990403489494649431099339E+00
-0.34070994399915384529462210709602E+00 0.38402572741597710948080969052008E+00
-0.34847744041383295245770295487114E+00 0.39245130362314074136201650923389E+00
-0.35623188154028042755703069363322E+00 0.40086344810605808535388057746045E+00
-0.36397300562521619953722319918774E+00 0.40926186100316700577655763381822E+00
-0.37170055115592785522208555785600E+00 0.41764624301923572155458815630416E+00
-0.37941425687556195468385088246830E+00 0.42601629543383096341198866039095E+00
-0.38711386179820611450014761492322E+00 0.43437172010982776927268243465244E+00
-0.39479910522376757650270579840146E+00 0.44271221950195651221818604774419E+00
-0.40246972675265659193939380996079E+00 0.45103749666538718382405658044656E+00
-0.41012546630028055162134031198427E+00 0.45934725526434716513968546588698E+00
-0.41776606411135480522453868349150E+00 0.46764119958077039933647783803268E+00
-0.42539126077403764075045487042395E+00 0.47591903452297634336214353758555E+00
-0.43300079723389239494430274784011E+00 0.48418046563437649853311686178719E+00
-0.44059441480768571159210753881215E+00 0.49242519910220622602936623366799E+00
-0.44817185519702411800533228374371E+00 0.50065294176628034916961816920232E+00
-0.45573286050183544174412609307584E+00 0.50886340112777029690089488381209E+00
-0.46327717323369919285973698584887E+00 0.51705628535800125451747583162529E+00
-0.47080453632903123188300447035979E+00 0.52523130330726772409927893168253E+00
-0.47831469316212616348013453790951E+00 0.53338816451366534153727714217965E+00
-0.48580738755806159325616008230760E+00 0.54152657921193768529610049063325E+00
-0.49328236380546897203707796457069E+00 0.54964625834233589038864024903294E+00
-0.50073936666917467243663415529062E+00 0.55774691355949120774908613001231E+00
-0.50817814140271341370043000145440E+00 0.56582825724129634765422417533490E+00
-0.51559843376071972173716143804647E+00 0.57389000249779671015328512665632E+00
-0.52299999001119921392268196571910E+00 0.58193186318008855025780762619186E+00
-0.53038255694768299021640847014109E+00 0.58995355388922301132926080784326E+00
-0.53774588190126877491185892154183E+00 0.59795478998511546954092859286655E+00
-0.54508971275255105767895398396121E+00 0.60593528759545755649203893285222E+00
-0.55241379794344309979922110976785E+00 0.61389476362463168205058244680804E+00
-0.55971788648889368088413158129849E+00 0.62183293576262688818934497164093E+00
-0.56700172798850084547241827339779E+00 0.62974952249395319588350712157764E+00
-0.57426507263802510088217150075660E+00 0.63764424310655605270748980411733E+00
-0.58150767124080411389727533200027E+00 0.64551681770072719529439355784738E+00
-0.58872927521907193033083117241229E+00 0.65336696719801205433940806517721E+00
-0.59592963662518376727857326556063E+00 0.66119441335011272895857756908612E+00
-0.60310850815274824771238837574829E+00 0.66899887874778464930920443239704E+00
-0.61026564314767105603406827142098E+00 0.67678008682972727767933991666256E+00
-0.61740079561910882594036790639894E+00 0.68453776189146590171908365909047E+00
-0.62451372025033728187604036338311E+00 0.69227162909422572145874455217873E+00
-0.63160417240953439509574803618562E+00 0.69998141447379548835181801811479E+00
-0.63867190816048010681276184563118E+00 0.70766684494938085943360357422446E+00
-0.64571668427317460809866785457467E+00 0.71532764833244626083666725080025E+00
-0.65273825823437594463583941024267E+00 0.72296355333554397447840350354912E+00
-0.65973638825805900317590808719593E+00 0.73057428958113024395165598793273E+00
-0.66671083329579717358492418369822E+00 0.73815958761036717872334475285453E+00
-0.67366135304706676433822150986311E+00 0.74571917889190953106408596581829E+00
-0.68058770796947756597301198010653E+00 0.75325279583067615284247567173253E+00
-0.68748965928892866278740703827087E+00 0.76076017177660401628135982357553E+00
-0.69436696900969145658793820072136E+00 0.76824104103338610956467664137489E+00
-0.70121939992442163407063619712111E+00 0.77569513886718999749181424870086E+00
-0.70804671562409935784384543359402E+00 0.78312220151535850767067957382687E+00
-0.71484868050790054792931276853287E+00 0.79052196619509022550694353986531E+00
-0.72162505979299874747029832053710E+00 0.79789417111210005421771225001761E+00
-0.72837561952429930193783045272175E+00 0.80523855546925866002612448732801E+00
-0.73510012658410623996018788627462E+00 0.81255485947521013088901842677068E+00
-0.74179834870172278948776533919101E+00 0.81984282435296769535897669253201E+00
-0.74847005446298649353782980619575E+00 0.82710219234848585310785181133354E+00
-0.75511501331973924990238486397416E+00 0.83433270673920934293021947155454E+00
-0.76173299559923311499133271662812E+00 0.84153411184259754616618619280827E+00
-0.76832377251347308366757213544402E+00 0.84870615302462411997064773328096E+00
-0.77488711616849629873533714421582E+00 0.85584857670825113604250764955365E+00
-0.78142279957358955729837704728789E+00 0.86296113038187670180614801834231E+00
-0.78793059665044467114223979828193E+00 0.87004356260775646152291208775860E+00
-0.79441028224225313408322519703626E+00 0.87709562303039730439759781293391E+00
-0.80086163212273946250251154308343E+00 0.88411706238492341163773606954606E+00
-0.80728442300513516974476405720441E+00 0.89110763250541380551795945525079E+00
-0.81367843255109232113869234455842E+00 0.89806708633321087145436866538757E+00
-0.82004343937953827492045596323927E+00 0.90499517792519945857161036935956E+00
-0.82637922307547141822117548827754E+00 0.91189166246205564831192972104221E+00
-0.83268556419869840017141319709943E+00 0.91875629625646525557753608577224E+00
-0.83896224429251355705945729794604E+00 0.92558883676131086408562063927074E+00
-0.84520904589232018442649171720294E+00 0.93238904257782749206221701879572E+00
-0.85142575253419492869305045299057E+00 0.93915667346372592313981694842403E+00
-0.85761214876339472100767170880262E+00 0.94589149034128349379245408876018E+00
-0.86376802014280713652474290936125E+00 0.95259325530540183964012339727403E+00
-0.86989315326134441017949754158367E+00 0.95926173163163075828786750030102E+00
-0.87598733574228082498558129257949E+00 0.96589668378415825016285323019709E+00
-0.88205035625153463525862154292203E+00 0.97249787742376594719375875862112E+00
-0.88808200450589393572982328361145E+00 0.97906507941574945687695193767443E+00
-0.89408207128118718354048312838331E+00 0.98559805783780327850319910639509E+00
-0.90005034842039834461559180585125E+00 0.99209658198786984556414768698000E+00
-0.90598662884172703628126301409516E+00 0.99856042239195218349298168385972E+00
-0.91189070654659370652605507606857E+00 0.10049893508118897344912471692412E+01
-0.91776237662759000158544576055193E+00 0.10113831402530970384914627999947E+01
-0.92360143527637470581611588593761E+00 0.10177415649722647211539458353965E+01
-0.92940767979151504908426010513037E+00 0.10240644004850224486840924110639E+01
-0.93518090858627390083951520104546E+00 0.10303514235735633634979142182481E+01
-0.94092092119634257718313723181123E+00 0.10366024122942296918335024857280E+01
-0.94662751828751975858209779074930E+00 0.10428171459850590457548904819918E+01
-0.95230050166333634726779316866254E+00 0.10489954052732910354694563347527E+01
-0.95793967427262642903825884390926E+00 0.10551369720828337957112192502388E+01
-0.96354484021704457197206642949508E+00 0.10612416296416901109213387573736E+01
-0.96911580475852925716561999764098E+00 0.10673091624893426801250354391770E+01
-0.97465237432671281868832135887914E+00 0.10733393564840980705587399205880E+01
-0.98015435652627771051834274331149E+00 0.10793319988103892639874018837222E+01
-0.98562156014425930106724166429939E+00 0.10852868779860360633993290445248E+01
-0.99105379515729516652017235745263E+00 0.10912037838694633303418640596860E+01
-0.99645087273882095384520029232337E+00 0.10970825076668764139021603576401E+01
-0.10018126052662128772930851244943E+01 0.11029228419393936487374927893502E+01
-0.10071388063278767562931516300696E+01 0.11087245806101354548803439115557E+01
-0.10124292907302837806822731416282E+01 0.11144875189712696214504196061136E+01
-0.10176838745049528764045035261586E+01 0.11202114536910126521060529910432E+01
-0.10229023749153798125262254261503E+01 0.11258961828205865862132152156658E+01
-0.10280846104639128367901018224936E+01 0.11315415058011312438141825118550E+01
-0.10332304008985751512641768967809E+01 0.11371472234705710959003925968288E+01
-0.10383395672198339659886399695950E+01 0.11427131380704371384331977756804E+01
-0.10434119316873161154466760852656E+01 0.11482390532526428009788799224737E+01
-0.10484473178264705266783116995909E+01 0.11537247740862137314922840067746E+01
-0.10534455504351770546455446364172E+01 0.11591701070639715838259395537733E+01
-0.10584064555903021256430309759504E+01 0.11645748601091707401666725362742E+01
-0.10633298606542007864941373297764E+01 0.11699388425820884284951173209328E+01
-0.10682155942811653479962020115040E+01 0.11752618652865673027473534383842E+01
-0.10730634864238205271741400275685E+01 0.11805437404765105584994509802622E+01
-0.10778733683394649906810063163515E+01 0.11857842818623293056445080313700E+01
-0.10826450725963594388907952934536E+01 0.11909833046173414484845203406994E+01
-0.10873784330799608519409916989786E+01 0.11961406253841226085650559142657E+01
-0.10920732849991032465255106729095E+01 0.12012560622808077443788334967972E+01
-0.10967294648921245857829363603333E+01 0.12063294349073443643031908931070E+01
-0.11013468106329400020912186765109E+01 0.12113605643516958565524485134736E+01
-0.11059251614370609761585017907088E+01 0.12163492731959957228411677804226E+01
-0.11104643578675609175188765352760E+01 0.12212953855226517169548558513773E+01
-0.11149642418409865428077150406401E+01 0.12261987269203999440927787859437E+01
-0.11194246566332151859302679732879E+01 0.12310591244903085263560229651155E+01
-0.11238454468852583758314114332238E+01 0.12358764068517307016778912384877E+01
-0.11282264586090107892165204980052E+01 0.12406504041482070478585719798253E+01
-0.11325675391929453141266603498990E+01 0.12453809480533164639118863052321E+01
-0.11368685374077536781102314077802E+01 0.12500678717764756746186513565394E+01
-0.11411293034119326865559524417953E+01 0.12547110100686873553469972946498E+01
-0.11453496887573161815870235085596E+01 0.12593101992282359443019232596958E+01
-0.11495295463945521484538967196155E+01 0.12638652771063317673402542672658E+01
-0.11536687306785257265123438005512E+01 0.12683760831127022162054608566574E+01
-0.11577670973737269952138314847823E+01 0.12728424582211308938239115134084E+01
-0.11618245036595644313276699691858E+01 0.12772642449749433891584101865672E+01
-0.11658408081356233607642326117689E+01 0.12816412874924400995022374361426E+01
-0.11698158708268695102434066776920E+01 0.12859734314722760485195029215283E+01
-0.11737495531887975396463232782889E+01 0.12902605241987864529611642412985E+01
-0.11776417181125247195028375485821E+01 0.12945024145472592376230630217700E+01
-0.11814922299298290445135973553058E+01 0.12986989529891530164089674721919E+01
-0.11853009544181324826696329147350E+01 0.13028499915972610914043025638618E+01
-0.11890677588054287786286345847748E+01 0.13069553840508210241863127072881E+01
-0.11927925117751557870540102255058E+01 0.13110149856405693077158164335148E+01
-0.11964750834710123749024529808288E+01 0.13150286532737414973277321244426E+01
-0.12001153455017197688000092937028E+01 0.13189962454790170694287532030415E+01
-0.12037131709457271974161532837277E+01 0.13229176224114089438563610720465E+01
-0.12072684343558618605983903424260E+01 0.13267926458570978862113678604538E+01
-0.12107810117639228014942661607067E+01 0.13306211792382105888783313200234E+01
-0.12142507806852194652745955538843E+01 0.13344030876175425574981982778371E+01
-0.12176776201230535470497942383171E+01 0.13381382377032244733096449598449E+01
-0.12210614105731450770253512685765E+01 0.13418264978533325154188824151875E+01
-0.12244020340280025864886705533793E+01 0.13454677380804420343286165667094E+01
-0.12276993739812364643869277399395E+01 0.13490618300561247423078179400706E+01
-0.12309533154318164763775464341862E+01 0.13526086471153891851957413492838E+01
-0.12341637448882725447455227220469E+01 0.13561080642610638022054943214433E+01
-0.12373305503728391465794421916147E+01 0.13595599581681232677421551332820E+01
-0.12404536214255431019832749642833E+01 0.13629642071879572258220564277516E+01
-0.12435328491082346109737660266120E+01 0.13663206913525814460371696072360E+01
-0.12465681260085616742201238351738E+01 0.13696292923787915289055754369135E+01
-0.12495593462438874990485966018179E+01 0.13728898936722584798115249790340E+01
-0.12525064054651510435979573949554E+01 0.13761023803315663535865803993116E+01
-0.12554092008606707722545739544591E+01 0.13792666391521918140006742173191E+01
-0.12582676311598907424827345290334E+01 0.13823825586304250409640442435559E+01
-0.12610815966370701847491625761646E+01 0.13854500289672325025509796965117E+01
-0.12638509991149154849886994207154E+01 0.13884689420720607779347027487270E+01
-0.12665757419681547718308113826942E+01 0.13914391915665816523119916296108E+01
-0.12692557301270552562034808826432E+01 0.13943606727883781656571159871635E+01
-0.12718908700808830542396071481145E+01 0.13972332827945717656125683565847E+01
-0.12744810698813054825530943363973E+01 0.14000569203653899018821860600502E+01
-0.12770262391457354579687201246309E+01 0.14028314860076745096701225937922E+01
-0.12795262890606185294688967300678E+01 0.14055568819583305828830421574307E+01
-0.12819811323846619748948622684759E+01 0.14082330121877154894504046462829E+01
-0.12843906834520058818617094494935E+01 0.14108597824029681200822859260985E+01
-0.12867548581753365528682013925396E+01 0.14134371000512783310336753149811E+01
-0.12890735740489417162944523901307E+01 0.14159648743230960934019588812548E+01
-0.12913467501517077007955290835652E+01 0.14184430161552806076178709751656E+01
-0.12935743071500585488077205755793E+01 0.14208714382341891268371128085468E+01
-0.12957561673008367193558498175375E+01 0.14232500549987050166920529518273E+01
-0.12978922544541256874629423101442E+01 0.14255787826432056631933936246896E+01
-0.12999824940560140982158364081462E+01 0.14278575391204693720972456370633E+01
-0.13020268131513016410457783279403E+01 0.14300862441445215518144115942390E+01
-0.13040251403861460573367548573032E+01 0.14322648191934202500547764858145E+01
-0.13059774060106521070842164544737E+01 0.14343931875119800021045438488860E+01
-0.13078835418814015787173762527980E+01 0.14364712741144355060892491925426E+01
-0.13097434814639247836151558407005E+01 0.14384990057870430089661942556556E+01
-0.13115571598351131898557072502101E+01 0.14404763110906212244516597459864E+01
-0.13133245136855734351975548686362E+01 0.14424031203630303628348958550652E+01
-0.13150454813219223635200845992767E+01 0.14442793657215896668770736970366E+01
-0.13167200026690232213784681361118E+01 0.14461049810654334961329571850247E+01
-0.13183480192721628443904541589884E+01 0.14478799020778054445503308637477E+01
-0.13199294742991699073527074570202E+01 0.14496040662282908854192646249472E+01
-0.13214643125424740976148238828619E+01 0.14512774127749874914454213218006E+01
-0.13229524804211060480189532412909E+01 0.14528998827666137092009232523094E+01
-0.13243939259826383192901983777044E+01 0.14544714190445553422986523278941E+01
-0.13257885989050669966530832468552E+01 0.14559919662448498163517785951204E+01
-0.13271364504986340826815951306201E+01 0.14574614708001084370948723964101E+01
-0.13284374337075907278589486202309E+01 0.14588798809413760425095880503269E+01
-0.13296915031119007261809463233695E+01 0.14602471466999285513374744501022E+01
-0.13308986149288852003751119063439E+01 0.14615632199090080163292231869895E+01
-0.13320587270148072246495774062409E+01 0.14628280542054950312082003764881E+01
-0.13331717988663974995450693444028E+01 0.14640416050315187716447926171491E+01
-0.13342377916223201998649346310901E+01 0.14652038296360042401771902417280E+01
-0.13352566680645793744451417618766E+01 0.14663146870761568905352049852222E+01
-0.13362283926198658176232256209660E+01 0.14673741382188844913013083278248E+01
-0.13371529313608442178015178073752E+01 0.14683821457421561488165213475451E+01
-0.13380302520073806976561004716194E+01 0.14693386741362985756459921317131E+01
-0.13388603239277108378522948231832E+01 0.14702436897052292110411187264986E+01
-0.13396431181395473655418284144315E+01 0.14710971605676269287046478408988E+01
-0.13403786073111298586159996209000E+01 0.14718990566580382510483026476797E+01
-0.13410667657622097121415324965313E+01 0.14726493497279249353066462793846E+01
-0.13417075694649895423160601974339E+01 0.14733480133466355453162840982777E+01
-0.13423009960449619521151422596349E+01 0.14739950229023512756969607580658E+01
-0.13428470247818048596760060805717E+01 0.14745903556028618131673829059284E+01
-0.13433456366098849911523740193633E+01 0.14751339904765826477383439154992E+01
-0.13436516931026737314673567769010E+01 0.14754676831787024300882014892655E+01
-0.13439366628923984361766724024117E+01 0.14757783852956492472493485939703E+01
-0.13442005415567126437973550407362E+01 0.14760660919629485152968307161036E+01
-0.13444433250005531017993493215774E+01 0.14763307986761674454882987104993E+01
-0.13446650094562205673597227452763E+01 0.14765725012909708093071236237384E+01
-0.13448761487053177090494195437521E+01 0.14768027065726295616591636796863E+01
-0.13450872988777763430421508638757E+01 0.14770329238694753886617686082033E+01
-0.13452984599739444223474905789266E+01 0.14772631531818821977001916777871E+01
-0.13455096319941843394292240830719E+01 0.14774933945102106742482669646071E+01
-0.13457208149388134761739876616300E+01 0.14777236478548627853385386543057E+01
-0.13455096319941843394292240830719E+01 0.14774933945102106742482669646071E+01
-0.13452984599739444223474905789266E+01 0.14772631531818821977001916777871E+01
-0.13450872988777763430421508638757E+01 0.14770329238694753886617686082033E+01
-0.13448761487053177090494195437521E+01 0.14768027065726295616591636796863E+01
-0.13446650094562205673597227452763E+01 0.14765725012909708093071236237384E+01
-0.13444433250005531017993493215774E+01 0.14763307986761674454882987104993E+01
-0.13442005415567126437973550407362E+01 0.14760660919629485152968307161036E+01
-0.13439366628923984361766724024117E+01 0.14757783852956492472493485939703E+01
-0.13436516931026737314673567769010E+01 0.14754676831787024300882014892655E+01
-0.13433456366098849911523740193633E+01 0.14751339904765826477383439154992E+01
-0.13428470247818048596760060805717E+01 0.14745903556028618131673829059284E+01
-0.13423009960449619521151422596349E+01 0.14739950229023512756969607580658E+01
-0.13417075694649895423160601974339E+01 0.14733480133466355453162840982777E+01
-0.13410667657622097121415324965313E+01 0.14726493497279249353066462793846E+01
-0.13403786073111298586159996209000E+01 0.14718990566580382510483026476797E+01
-0.13396431181395473655418284144315E+01 0.14710971605676269287046478408988E+01
-0.13388603239277108378522948231832E+01 0.14702436897052292110411187264986E+01
-0.13380302520073806976561004716194E+01 0.14693386741362985756459921317131E+01
-0.13371529313608442178015178073752E+01 0.14683821457421561488165213475451E+01
-0.13362283926198658176232256209660E+01 0.14673741382188844913013083278248E+01
-0.13352566680645793744451417618766E+01 0.14663146870761568905352049852222E+01
-0.13342377916223201998649346310901E+01 0.14652038296360042401771902417280E+01
-0.13331717988663974995450693444028E+01 0.14640416050315187716447926171491E+01
-0.13320587270148072246495774062409E+01 0.14628280542054950312082003764881E+01
-0.13308986149288852003751119063439E+01 0.14615632199090080163292231869895E+01
-0.13296915031119007261809463233695E+01 0.14602471466999285513374744501022E+01
-0.13284374337075907278589486202309E+01 0.14588798809413760425095880503269E+01
-0.13271364504986340826815951306201E+01 0.14574614708001084370948723964101E+01
-0.13257885989050669966530832468552E+01 0.14559919662448498163517785951204E+01
-0.13243939259826383192901983777044E+01 0.14544714190445553422986523278941E+01
-0.13229524804211060480189532412909E+01 0.14528998827666137092009232523094E+01
-0.13214643125424740976148238828619E+01 0.14512774127749874914454213218006E+01
-0.13199294742991699073527074570202E+01 0.14496040662282908854192646249472E+01
-0.13183480192721628443904541589884E+01 0.14478799020778054445503308637477E+01
-0.13167200026690232213784681361118E+01 0.14461049810654334961329571850247E+01
-0.13150454813219223635200845992767E+01 0.14442793657215896668770736970366E+01
-0.13133245136855734351975548686362E+01 0.14424031203630303628348958550652E+01
-0.13115571598351131898557072502101E+01 0.14404763110906212244516597459864E+01
-0.13097434814639247836151558407005E+01 0.14384990057870430089661942556556E+01
-0.13078835418814015787173762527980E+01 0.14364712741144355060892491925426E+01
-0.13059774060106521070842164544737E+01 0.14343931875119800021045438488860E+01
-0.13040251403861460573367548573032E+01 0.14322648191934202500547764858145E+01
-0.13020268131513016410457783279403E+01 0.14300862441445215518144115942390E+01
-0.12999824940560140982158364081462E+01 0.14278575391204693720972456370633E+01
-0.12978922544541256874629423101442E+01 0.14255787826432056631933936246896E+01
-0.12957561673008367193558498175375E+01 0.14232500549987050166920529518273E+01
-0.12935743071500585488077205755793E+01 0.14208714382341891268371128085468E+01
-0.12913467501517077007955290835652E+01 0.14184430161552806076178709751656E+01
-0.12890735740489417162944523901307E+01 0.14159648743230960934019588812548E+01
-0.12867548581753365528682013925396E+01 0.14134371000512783310336753149811E+01
-0.12843906834520058818617094494935E+01 0.14108597824029681200822859260985E+01
-0.12819811323846619748948622684759E+01 0.14082330121877154894504046462829E+01
-0.12795262890606185294688967300678E+01 0.14055568819583305828830421574307E+01
-0.12770262391457354579687201246309E+01 0.14028314860076745096701225937922E+01
-0.12744810698813054825530943363973E+01 0.14000569203653899018821860600502E+01
-0.12718908700808830542396071481145E+01 0.13972332827945717656125683565847E+01
-0.12692557301270552562034808826432E+01 0.13943606727883781656571159871635E+01
-0.12665757419681547718308113826942E+01 0.13914391915665816523119916296108E+01
-0.12638509991149154849886994207154E+01 0.13884689420720607779347027487270E+01
-0.12610815966370701847491625761646E+01 0.13854500289672325025509796965117E+01
-0.12582676311598907424827345290334E+01 0.13823825586304250409640442435559E+01
-0.12554092008606707722545739544591E+01 0.13792666391521918140006742173191E+01
-0.12525064054651510435979573949554E+01 0.13761023803315663535865803993116E+01
-0.12495593462438874990485966018179E+01 0.13728898936722584798115249790340E+01
-0.12465681260085616742201238351738E+01 0.13696292923787915289055754369135E+01
-0.12435328491082346109737660266120E+01 0.13663206913525814460371696072360E+01
-0.12404536214255431019832749642833E+01 0.13629642071879572258220564277516E+01
-0.12373305503728391465794421916147E+01 0.13595599581681232677421551332820E+01
-0.12341637448882725447455227220469E+01 0.13561080642610638022054943214433E+01
-0.12309533154318164763775464341862E+01 0.13526086471153891851957413492838E+01
-0.12276993739812364643869277399395E+01 0.13490618300561247423078179400706E+01
-0.12244020340280025864886705533793E+01 0.13454677380804420343286165667094E+01
-0.12210614105731450770253512685765E+01 0.13418264978533325154188824151875E+01
-0.12176776201230535470497942383171E+01 0.13381382377032244733096449598449E+01
-0.12142507806852194652745955538843E+01 0.13344030876175425574981982778371E+01
-0.12107810117639228014942661607067E+01 0.13306211792382105888783313200234E+01
-0.12072684343558618605983903424260E+01 0.13267926458570978862113678604538E+01
-0.12037131709457271974161532837277E+01 0.13229176224114089438563610720465E+01
-0.12001153455017197688000092937028E+01 0.13189962454790170694287532030415E+01
-0.11964750834710123749024529808288E+01 0.13150286532737414973277321244426E+01
-0.11927925117751557870540102255058E+01 0.13110149856405693077158164335148E+01
-0.11890677588054287786286345847748E+01 0.13069553840508210241863127072881E+01
-0.11853009544181324826696329147350E+01 0.13028499915972610914043025638618E+01
-0.11814922299298290445135973553058E+01 0.12986989529891530164089674721919E+01
-0.11776417181125247195028375485821E+01 0.12945024145472592376230630217700E+01
-0.11737495531887975396463232782889E+01 0.12902605241987864529611642412985E+01
-0.11698158708268695102434066776920E+01 0.12859734314722760485195029215283E+01
-0.11658408081356233607642326117689E+01 0.12816412874924400995022374361426E+01
-0.11618245036595644313276699691858E+01 0.12772642449749433891584101865672E+01
-0.11577670973737269952138314847823E+01 0.12728424582211308938239115134084E+01
-0.11536687306785257265123438005512E+01 0.12683760831127022162054608566574E+01
-0.11495295463945521484538967196155E+01 0.12638652771063317673402542672658E+01
-0.11453496887573161815870235085596E+01 0.12593101992282359443019232596958E+01
-0.11411293034119326865559524417953E+01 0.12547110100686873553469972946498E+01
-0.11368685374077536781102314077802E+01 0.12500678717764756746186513565394E+01
-0.11325675391929453141266603498990E+01 0.12453809480533164639118863052321E+01
-0.11282264586090107892165204980052E+01 0.12406504041482070478585719798253E+01
-0.11238454468852583758314114332238E+01 0.12358764068517307016778912384877E+01
-0.11194246566332151859302679732879E+01 0.12310591244903085263560229651155E+01
-0.11149642418409865428077150406401E+01 0.12261987269203999440927787859437E+01
-0.11104643578675609175188765352760E+01 0.12212953855226517169548558513773E+01
-0.11059251614370609761585017907088E+01 0.12163492731959957228411677804226E+01
-0.11013468106329400020912186765109E+01 0.12113605643516958565524485134736E+01
-0.10967294648921245857829363603333E+01 0.12063294349073443643031908931070E+01
-0.10920732849991032465255106729095E+01 0.12012560622808077443788334967972E+01
-0.10873784330799608519409916989786E+01 0.11961406253841226085650559142657E+01
-0.10826450725963594388907952934536E+01 0.11909833046173414484845203406994E+01
-0.10778733683394649906810063163515E+01 0.11857842818623293056445080313700E+01
-0.10730634864238205271741400275685E+01 0.11805437404765105584994509802622E+01
-0.10682155942811653479962020115040E+01 0.11752618652865673027473534383842E+01
-0.10633298606542007864941373297764E+01 0.11699388425820884284951173209328E+01
-0.10584064555903021256430309759504E+01 0.11645748601091707401666725362742E+01
-0.10534455504351770546455446364172E+01 0.11591701070639715838259395537733E+01
-0.10484473178264705266783116995909E+01 0.11537247740862137314922840067746E+01
-0.10434119316873161154466760852656E+01 0.11482390532526428009788799224737E+01
-0.10383395672198339659886399695950E+01 0.11427131380704371384331977756804E+01
-0.10332304008985751512641768967809E+01 0.11371472234705710959003925968288E+01
-0.10280846104639128367901018224936E+01 0.11315415058011312438141825118550E+01
-0.10229023749153798125262254261503E+01 0.11258961828205865862132152156658E+01
-0.10176838745049528764045035261586E+01 0.11202114536910126521060529910432E+01
-0.10124292907302837806822731416282E+01 0.11144875189712696214504196061136E+01
-0.10071388063278767562931516300696E+01 0.11087245806101354548803439115557E+01
-0.10018126052662128772930851244943E+01 0.11029228419393936487374927893502E+01
-0.99645087273882095384520029232337E+00 0.10970825076668764139021603576401E+01
-0.99105379515729516652017235745263E+00 0.10912037838694633303418640596860E+01
-0.98562156014425930106724166429939E+00 0.10852868779860360633993290445248E+01
-0.98015435652627771051834274331149E+00 0.10793319988103892639874018837222E+01
-0.97465237432671281868832135887914E+00 0.10733393564840980705587399205880E+01
-0.96911580475852925716561999764098E+00 0.10673091624893426801250354391770E+01
-0.96354484021704457197206642949508E+00 0.10612416296416901109213387573736E+01
-0.95793967427262642903825884390926E+00 0.10551369720828337957112192502388E+01
-0.95230050166333634726779316866254E+00 0.10489954052732910354694563347527E+01
-0.94662751828751975858209779074930E+00 0.10428171459850590457548904819918E+01
-0.94092092119634257718313723181123E+00 0.10366024122942296918335024857280E+01
-0.93518090858627390083951520104546E+00 0.10303514235735633634979142182481E+01
-0.92940767979151504908426010513037E+00 0.10240644004850224486840924110639E+01
-0.92360143527637470581611588593761E+00 0.10177415649722647211539458353965E+01
-0.91776237662759000158544576055193E+00 0.10113831402530970384914627999947E+01
-0.91189070654659370652605507606857E+00 0.10049893508118897344912471692412E+01
-0.90598662884172703628126301409516E+00 0.99856042239195218349298168385972E+00
-0.90005034842039834461559180585125E+00 0.99209658198786984556414768698000E+00
-0.89408207128118718354048312838331E+00 0.98559805783780327850319910639509E+00
-0.88808200450589393572982328361145E+00 0.97906507941574945687695193767443E+00
-0.88205035625153463525862154292203E+00 0.97249787742376594719375875862112E+00
-0.87598733574228082498558129257949E+00 0.96589668378415825016285323019709E+00
-0.86989315326134441017949754158367E+00 0.95926173163163075828786750030102E+00
-0.86376802014280713652474290936125E+00 0.95259325530540183964012339727403E+00
-0.85761214876339472100767170880262E+00 0.94589149034128349379245408876018E+00
-0.85142575253419492869305045299057E+00 0.93915667346372592313981694842403E+00
-0.84520904589232018442649171720294E+00 0.93238904257782749206221701879572E+00
-0.83896224429251355705945729794604E+00 0.92558883676131086408562063927074E+00
-0.83268556419869840017141319709943E+00 0.91875629625646525557753608577224E+00
-0.82637922307547141822117548827754E+00 0.91189166246205564831192972104221E+00
-0.82004343937953827492045596323927E+00 0.90499517792519945857161036935956E+00
-0.81367843255109232113869234455842E+00 0.89806708633321087145436866538757E+00
-0.80728442300513516974476405720441E+00 0.89110763250541380551795945525079E+00
-0.80086163212273946250251154308343E+00 0.88411706238492341163773606954606E+00
-0.79441028224225313408322519703626E+00 0.87709562303039730439759781293391E+00
-0.78793059665044467114223979828193E+00 0.87004356260775646152291208775860E+00
-0.78142279957358955729837704728789E+00 0.86296113038187670180614801834231E+00
-0.77488711616849629873533714421582E+00 0.85584857670825113604250764955365E+00
-0.76832377251347308366757213544402E+00 0.84870615302462411997064773328096E+00
-0.76173299559923311499133271662812E+00 0.84153411184259754616618619280827E+00
-0.75511501331973924990238486397416E+00 0.83433270673920934293021947155454E+00
-0.74847005446298649353782980619575E+00 0.82710219234848585310785181133354E+00
-0.74179834870172278948776533919101E+00 0.81984282435296769535897669253201E+00
-0.73510012658410623996018788627462E+00 0.81255485947521013088901842677068E+00
-0.72837561952429930193783045272175E+00 0.80523855546925866002612448732801E+00
-0.72162505979299874747029832053710E+00 0.79789417111210005421771225001761E+00
-0.71484868050790054792931276853287E+00 0.79052196619509022550694353986531E+00
-0.70804671562409935784384543359402E+00 0.78312220151535850767067957382687E+00
-0.70121939992442163407063619712111E+00 0.77569513886718999749181424870086E+00
-0.69436696900969145658793820072136E+00 0.76824104103338610956467664137489E+00
-0.68748965928892866278740703827087E+00 0.76076017177660401628135982357553E+00
-0.68058770796947756597301198010653E+00 0.75325279583067615284247567173253E+00
-0.67366135304706676433822150986311E+00 0.74571917889190953106408596581829E+00
-0.66671083329579717358492418369822E+00 0.73815958761036717872334475285453E+00
-0.65973638825805900317590808719593E+00 0.73057428958113024395165598793273E+00
-0.65273825823437594463583941024267E+00 0.72296355333554397447840350354912E+00
-0.64571668427317460809866785457467E+00 0.71532764833244626083666725080025E+00
-0.63867190816048010681276184563118E+00 0.70766684494938085943360357422446E+00
-0.63160417240953439509574803618562E+00 0.69998141447379548835181801811479E+00
-0.62451372025033728187604036338311E+00 0.69227162909422572145874455217873E+00
-0.61740079561910882594036790639894E+00 0.68453776189146590171908365909047E+00
-0.61026564314767105603406827142098E+00 0.67678008682972727767933991666256E+00
-0.60310850815274824771238837574829E+00 0.66899887874778464930920443239704E+00
-0.59592963662518376727857326556063E+00 0.66119441335011272895857756908612E+00
-0.58872927521907193033083117241229E+00 0.65336696719801205433940806517721E+00
-0.58150767124080411389727533200027E+00 0.64551681770072719529439355784738E+00
-0.57426507263802510088217150075660E+00 0.63764424310655605270748980411733E+00
-0.56700172798850084547241827339779E+00 0.62974952249395319588350712157764E+00
-0.55971788648889368088413158129849E+00 0.62183293576262688818934497164093E+00
-0.55241379794344309979922110976785E+00 0.61389476362463168205058244680804E+00
-0.54508971275255105767895398396121E+00 0.60593528759545755649203893285222E+00
-0.53774588190126877491185892154183E+00 0.59795478998511546954092859286655E+00
-0.53038255694768299021640847014109E+00 0.58995355388922301132926080784326E+00
-0.52299999001119921392268196571910E+00 0.58193186318008855025780762619186E+00
-0.51559843376071972173716143804647E+00 0.57389000249779671015328512665632E+00
-0.50817814140271341370043000145440E+00 0.56582825724129634765422417533490E+00
-0.50073936666917467243663415529062E+00 0.55774691355949120774908613001231E+00
-0.49328236380546897203707796457069E+00 0.54964625834233589038864024903294E+00
-0.48580738755806159325616008230760E+00 0.54152657921193768529610049063325E+00
-0.47831469316212616348013453790951E+00 0.53338816451366534153727714217965E+00
-0.47080453632903123188300447035979E+00 0.52523130330726772409927893168253E+00
-0.46327717323369919285973698584887E+00 0.51705628535800125451747583162529E+00
-0.45573286050183544174412609307584E+00 0.50886340112777029690089488381209E+00
-0.44817185519702411800533228374371E+00 0.50065294176628034916961816920232E+00
-0.44059441480768571159210753881215E+00 0.49242519910220622602936623366799E+00
-0.43300079723389239494430274784011E+00 0.48418046563437649853311686178719E+00
-0.42539126077403764075045487042395E+00 0.47591903452297634336214353758555E+00
-0.41776606411135480522453868349150E+00 0.46764119958077039933647783803268E+00
-0.41012546630028055162134031198427E+00 0.45934725526434716513968546588698E+00
-0.40246972675265659193939380996079E+00 0.45103749666538718382405658044656E+00
-0.39479910522376757650270579840146E+00 0.44271221950195651221818604774419E+00
-0.38711386179820611450014761492322E+00 0.43437172010982776927268243465244E+00
-0.37941425687556195468385088246830E+00 0.42601629543383096341198866039095E+00
-0.37170055115592785522208555785600E+00 0.41764624301923572155458815630416E+00
-0.36397300562521619953722319918774E+00 0.40926186100316700577655763381822E+00
-0.35623188154028042755703069363322E+00 0.40086344810605808535388057746045E+00
-0.34847744041383295245770295487114E+00 0.39245130362314074136201650923389E+00
-0.34070994399915384529462210709602E+00 0.38402572741597710948080969052008E+00
-0.33292965427458119934293278300481E+00 0.37558701990403489494649431099339E+00
-0.32513683342777677102560579315014E+00 0.36713548205630814515068218440862E+00
-0.31733174383975771086840206433601E+00 0.35867141538298754563432832240035E+00
-0.30951464806868353303186906675407E+00 0.35019512192718159203763013253336E+00
-0.30168580883339456362691380617975E+00 0.34170690425669262322446113529813E+00
-0.29384548899668487561530093202535E+00 0.33320706545585086201887850113485E+00
-0.28599395154830633021853939484248E+00 0.32469590911740742644550812129892E+00
-0.27813145958768763149942212881967E+00 0.31617373933449373964450611305586E+00
-0.27025827630636062441686979643778E+00 0.30764086069264606507210088955027E+00
-0.26237466497008042518883961566734E+00 0.29909757826190248890550345310480E+00
-0.25448088890062661124637842068007E+00 0.29054419758897352840471460648597E+00
-0.24657721145727330801218812693402E+00 0.28198102468949129190324370567866E+00
-0.23866389601791402781124446437640E+00 0.27340836604034180395543599563703E+00
-0.23074120595982583218639343895965E+00 0.26482652857208259726115181932952E+00
-0.22280940464005877381965811300178E+00 0.25623581966145228158755586257251E+00
-0.21486875537543339781884618411490E+00 0.24763654712397441181339397435624E+00
-0.20691952142212976027784352251628E+00 0.23902901920666227439132933270436E+00
-0.19896196595485019067480800696124E+00 0.23041354458082899339908060564823E+00
-0.19099635204553597727583260717689E+00 0.22179043233500525098568015706909E+00
-0.18302294264161916162952129157967E+00 0.21315999196797636417659309533481E+00
-0.17504200054378756454616812322926E+00 0.20452253338193612872037013020891E+00
-0.16705378838324054697963229860526E+00 0.19587836687577077118863234154726E+00
-0.15905856859841345140477863489623E+00 0.18722780313847378473948884515399E+00
-0.15105660341114366295306609148168E+00 0.17857115324270073673596836975296E+00
-0.14304815480225426477508028877204E+00 0.16990872863847004352132406896130E+00
-0.13503348448652608547797589587298E+00 0.16124084114701585233535792642752E+00
-0.12701285388702919122607021840806E+00 0.15256780295480176851619377247341E+00
-0.11898652410878339235236867723679E+00 0.14388992660770216163492584284685E+00
-0.11095475591171389877368578057486E+00 0.13520752500535848351332316363808E+00
-0.10291780968286845369481678237254E+00 0.12652091139572052080958769812786E+00
-0.94875945407857802767145840670206E-01 0.11783039936977988291132993972092E+00
-0.86829422641481805527458845022204E-01 0.10913630285650559756471616014061E+00
-0.78778500477499907845535702531327E-01 0.10043893611799143183543095119792E+00
-0.70723437517499335196157726361401E-01 0.91738613744824688858016414474335E-01
-0.62664491838819503147165609055609E-01 0.83035650651687690332722002617160E-01
-0.54601920961477817369127011294941E-01 0.74330362073202683724580935435387E-01
-0.46535981814048140041189594671093E-01 0.65623063560031392547567510762937E-01
-0.38466930698435337940504712289450E-01 0.56914070975243012324617898497801E-01
-0.30395023253485001342044588138287E-01 0.48203700490961761953222726945687E-01
-0.22320514417368132914567950196712E-01 0.39492268585309013212585679192266E-01
-0.14243658388670842287191804126635E-01 0.30780092039653878734972919899664E-01
-0.61647085861195260071915224131414E-02 0.22067487936186463220274326970651E-01
0.19160823931339634647095952948936E-02 0.13354773655831474129406744467624E-01
0.99984628167515656952702835311346E-02 0.46422668765169424606318718507735E-02
0.18082181862053966085798811267515E-01 -0.40697144281827549174035868485897E-02
0.26166989662568302631874262045075E-01 -0.12780851990011934192775283251055E-01
0.34252637356374536384045044389363E-01 -0.21490827246587238458579087867030E-01
0.42338877136355009636870231640904E-01 -0.30199321341517548672440517853918E-01
0.50425462302461853756156984497624E-01 -0.38906015124071646415376310266309E-01
0.58512147316120365010272424345801E-01 -0.47610589148366138050961898466681E-01
0.66598687856897366733770279912888E-01 -0.56312723672053967703451722900428E-01
0.74684840881573337964766872920411E-01 -0.65012098654484411324996139050950E-01
0.82770364685763848695774203311352E-01 -0.73708393754308286985808208516568E-01
0.90855018968250027330462381011367E-01 -0.82401288326501253149262005877664E-01
0.98938564898186544210803787968072E-01 -0.91090461418771780077332914850944E-01
0.10702076518536953396058337260439E+00 -0.99775591767324642117694411035678E-01
0.11510138415376094332001421899376E+00 -0.10845635779194429003642833593798E+00
0.12318018781847735283738114789021E+00 -0.11713243759036107384838427608128E+00
0.13125694396647173902631938959121E+00 -0.12580350893186539649064215444760E+00
0.13933142224115064261041291105591E+00 -0.13446924925012494994803698261125E+00
0.14740339423118796234250892515293E+00 -0.14312933563516604392897694054484E+00
0.15547263356382094005063069889520E+00 -0.15178344482447086701804067814822E+00
0.16353891600293075624400688769462E+00 -0.16043125319314300340795821931175E+00
0.17160201955223922413852852740194E+00 -0.16907243674309082010022816671431E+00
0.17966172456397650758723972101786E+00 -0.17770667109117286461099629178053E+00
0.18771781385340621808073883445807E+00 -0.18633363145624796204710312023243E+00
0.19577007281962494662885297154696E+00 -0.19495299264506898757584204230531E+00
0.20381828957308722567878392347940E+00 -0.20356442903695414824529992711293E+00
0.21186225507034812560636563103715E+00 -0.21216761456716672092632771896795E+00
0.21990176325655428531821146445141E+00 -0.22076222270892935088852066410302E+00
0.22793661121626172673081361484499E+00 -0.22934792645399368677259342192033E+00
0.23596659933321224451533697034289E+00 -0.23792439829168321853448386027455E+00
0.24399153145974797598072732293219E+00 -0.24649131018631795925692603919592E+00
0.25201121509661799035867110597448E+00 -0.25504833355292834467835099771364E+00
0.26002546158398392938424759647772E+00 -0.26359513923115688424979483675749E+00
0.26803408630452014179694563546419E+00 -0.27213139745723828922048095806075E+00
0.27603690889957780500273281013486E+00 -0.28065677783394694511599513700369E+00
0.28403375349947831812324469015391E+00 -0.28917094929838690556680157925324E+00
0.29202444896910390838020421289569E+00 -0.29767358008749672425530844557233E+00
0.30000882917006364062280277657817E+00 -0.30616433770112915619319551375213E+00
0.30798673324084290282002322708881E+00 -0.31464288886255979192669577368443E+00
0.31595800589648257492209259305666E+00 -0.32310889947626819336183190238425E+00
0.32392249774949104651043228162065E+00 -0.33156203458282315002819901577392E+00
0.33188006565386838800018525578626E+00 -0.34000195831069690084290755548907E+00
0.33983057307431678075757658358936E+00 -0.34842833382481783491680763388474E+00
0.34777389048293228070335873449525E+00 -0.35684082327166196083036363253756E+00
0.35570989578591749057458448134885E+00 -0.36523908772067235580215140161123E+00
0.36363847478313435175217291461140E+00 -0.37362278710177568190384984713464E+00
0.37155952166362634404905466876440E+00 -0.38199158013876448395092311175530E+00
0.37947293954059465640623347793343E+00 -0.39034512427828462206708831102984E+00
0.38737864102970640990510368441188E+00 -0.39868307561416747118643255072872E+00
0.39527654887507080017510070339336E+00 -0.40700508880682237514296623027391E+00
0.40316659662772603037224210239438E+00 -0.41531081699739528201797773296300E+00
0.41104872938206537665444992929872E+00 -0.42359991171638641634804851078579E+00
0.41892290457629293045648730841994E+00 -0.43187202278640309415395026326838E+00
0.42678909286376034846827157453078E+00 -0.44012679821871725320863198165504E+00
0.43464727906290197271428522273371E+00 -0.44836388410328393549411667639360E+00
0.44249746319448324987718444626717E+00 -0.45658292449187097748224359585588E+00
0.45033966161602409336221102923845E+00 -0.46478356127394883694365418134050E+00
0.45817390826457845072548253152202E+00 -0.47296543404498927497633901360094E+00
0.46600025602058230382863767242090E+00 -0.48112817996683434332078596549373E+00
0.47381877820725263896063994554692E+00 -0.48927143361981208362786836966299E+00
0.48162957024207860198570637719918E+00 -0.49739482684631161562340679524730E+00
0.48943275145935113172472243830086E+00 -0.50549798858557391594722900820991E+00
0.49722846712548422938662504836817E+00 -0.51358054469952763104731154325614E+00
0.50501689067217848476902624784442E+00 -0.52164211778959331189917613937114E+00
0.51279822617635767122266452795335E+00 -0.52968232700451513951908394260106E+00
0.52057271112039497609946355629789E+00 -0.53770078783945813885145286680836E+00
0.52834061947158133075838148577885E+00 -0.54569711192685136900167870644645E+00
0.53610226512625443011992818703714E+00 -0.55367090681977503983419258287501E+00
0.54385800577174322760789188678538E+00 -0.56162177576911539941497361617553E+00
0.55160824722855283090931934473195E+00 -0.56954931749626471731693083922948E+00
0.55935344834639547699714508359866E+00 -0.57745312596387502470022757897268E+00
0.56709412654120679456990808135145E+00 -0.58533279014813321888287858747354E+00
0.57483086407674930229786682170492E+00 -0.59318789381728017525982225964191E+00
0.58256431521453834111652780363854E+00 -0.60101801532274930592836050784892E+00
0.59029521438057449734627283565936E+00 -0.60882272741147140839855649112465E+00
0.59802438552796612645654231427187E+00 -0.61660159707075431485858831530822E+00
0.60575275291258842738934360580381E+00 -0.62435418542093731704416282441458E+00
0.61348135354656845718759368075522E+00 -0.63208004767604658206035644822622E+00
0.62121135165443948520041993061039E+00 -0.63977873319938553511183284514554E+00
0.62894405553303615588467708097107E+00 -0.64744978568998433630729475927057E+00
0.63668093731372787242206851481376E+00 -0.65509274354794788178969344749258E+00
0.64442365625138718472850958383829E+00 -0.66270714048318168924925429264361E+00
0.65217408632819268146367564122158E+00 -0.67029250645442940215608661217900E+00
0.65993434917544982743146284751885E+00 -0.67784836905648458735051873180966E+00
0.66770685360209454163247879213908E+00 -0.68537425551638567361160240897855E+00
0.67549434340171036600796548191970E+00 -0.69286969551962725855589966250025E+00
0.68329995563039619495267504228913E+00 -0.70033422517273341058501309351831E+00
0.69112729226426397271560411405822E+00 -0.70776739253075714799010109483326E+00
0.69898050914582854442805039637118E+00 -0.71516876529548008978572620217474E+00
0.70686442754818977768687040261563E+00 -0.72253794155026869044337708101486E+00
0.71478467573667854336446143585452E+00 -0.72987456478431889916984704342143E+00
0.72274787093141134440697678742169E+00 -0.73717834503982311210872442825725E+00
0.73076185664316749005445729232663E+00 -0.74444908888884173007685268055614E+00
0.73883601748751572870404676882047E+00 -0.75168674221725702605801131426789E+00
0.74698170536046451593551272218905E+00 -0.75889145127759131029034692143677E+00
0.75521283377795625785846004666982E+00 -0.76606364557969739952591314868447E+00
0.76354682670603304229954368299419E+00 -0.77320403534258062951576476494248E+00
0.77371323432464313018654750824543E+00 -0.78173438731363039801610938445964E+00
0.78411037771410436185568859710355E+00 -0.79022550202838007296219649130605E+00
0.79480844223694719156751596710314E+00 -0.79868740251494959839013776222647E+00
0.80591405703752921210105925784136E+00 -0.80713580357413563226334319147437E+00
0.81759750475722161679694128309893E+00 -0.81560282907444489619322698722149E+00
0.82948645321918418166149983838334E+00 -0.82370769268203626928434545747390E+00
0.84105601359772507501731998794345E+00 -0.83102271945390501967342919283941E+00
0.85233069487946580962254067827644E+00 -0.83753656208244686600696728287985E+00
0.86329958191275619782673557366218E+00 -0.84332027638635629210603535257899E+00
0.87416534265712524176265834969772E+00 -0.84802498088059134289910486495152E+00
0.87608471057228865262919418366930E+00 -0.85964663023733603435778264122205E+00
0.87884258227570857669727227142735E+00 -0.87154000965515534252597185112033E+00
0.88232863531446519367655640121255E+00 -0.88373324436711876765247640786692E+00
0.88652143499739411137854373271654E+00 -0.89622482486361623394275551224849E+00
0.89136996821288749353995586346263E+00 -0.90901603293641912301007249811540E+00
0.89658084569311022895030011566242E+00 -0.92151505722956581728463334710779E+00
0.90187179059953846675871862313131E+00 -0.93331281775036956430372124474919E+00
0.90722602523643312263585600891793E+00 -0.94458915834132898914093931338305E+00
0.91262988635202820244962665964290E+00 -0.95545561038103576561858600428289E+00
0.91807186900681496404277372382531E+00 -0.96598689906691136149246491596614E+00
0.92262992790971506037540201776765E+00 -0.97454496872604831285872339265917E+00
0.92720249670863700173107185704876E+00 -0.98293032086239060941405847920952E+00
0.93178649449200690372382041677958E+00 -0.99116048616283867805808464759935E+00
0.93637803661272900738882398541120E+00 -0.99925017184003417528674179681210E+00
0.94097405774561476873422878638175E+00 -0.10072112037675110021890811575751E+01
0.94557170606113371250001127270350E+00 -0.10150534367489396423668183136646E+01
0.95016846713797863898978439603096E+00 -0.10227850977556541920491468337787E+01
0.95476206451508873291974999120966E+00 -0.10304131462690396805377353931651E+01
0.95935044282659914711061680230778E+00 -0.10379435108378016604042633652956E+01
0.96393173264083318172066467934425E+00 -0.10453812821898160561852050682672E+01
0.96850422800426501374915383300734E+00 -0.10527308595501959027622268736903E+01
0.97306636534834268722325287828038E+00 -0.10599960672121348745673577830348E+01
0.97761670640219141634637079583853E+00 -0.10671802470234262450606497242271E+01
0.98215392343975250681798654730543E+00 -0.10742863330173057187171380798913E+01
0.98667678675628255571504166452886E+00 -0.10813169120484348231905823022859E+01
0.99118415389171473309773659531850E+00 -0.10882742735404506646722167967803E+01
0.99567496034235641848075478848600E+00 -0.10951604506082020409710067519747E+01
0.10001482115092351297641446902290E+01 -0.11019772543053906692375909885746E+01
0.10046029756917776594719739752343E+01 -0.11087263023381421036717189572492E+01
0.10090383779655005103648667973167E+01 -0.11154090432904227785392224573119E+01
0.10134535948121856516500912920593E+01 -0.11220267771817501029123701190469E+01
0.10178478493930481133651840983708E+01 -0.11285806730072767748595091675292E+01
0.10222204073738306213692185105912E+01 -0.11350717837790776011421940748464E+01
0.10265705732255348073849428661783E+01 -0.11415010594858820571085397682518E+01
0.10308976869366366213288852397755E+01 -0.11478693583090759221719455287309E+01
0.10352011210825838908045996122680E+01 -0.11541774563702730271422197219332E+01
0.10394802782065910239027901206283E+01 -0.11604260562361618631492871745206E+01
0.10437345884725623261885716357609E+01 -0.11666157943667284675970639061755E+01
0.10479635075566504811378629488123E+01 -0.11727472476611264903430422400528E+01
0.10521665147487084015832374571422E+01 -0.11788209392297285315199608981090E+01
0.10563431112388816347363608476950E+01 -0.11848373434999637568613734505831E+01
0.10604928185679551841420358431795E+01 -0.11907968907464352120126798023256E+01
0.10646151772229166144867756373888E+01 -0.11966999711217482054957625320035E+01
0.10687097453616188706836858886777E+01 -0.12025469382528682587174417631396E+01
0.10727760976524898624289192949679E+01 -0.12083381124581939922251423638741E+01
0.10768138242170009202123457635499E+01 -0.12140737836325024279840097380692E+01
0.10808225296641210545414160744259E+01 -0.12197542138402071373968144362594E+01
0.10848018322072882871327582954346E+01 -0.12253796396517271158244530007314E+01
0.10887513628555537096569529964849E+01 -0.12309502742530046457901003313954E+01
0.10926707646715294991582218129830E+01 -0.12364663093541837520121006202122E+01
0.10965596920896159147290105259753E+01 -0.12419279169200385043680793856943E+01
0.11004178102887204254338015991955E+01 -0.12473352507418262261074071509988E+01
0.11042447946143218326774992724101E+01 -0.12526884478677477243441224110437E+01
0.11080403300452949122475960942987E+01 -0.12579876299070588065813512683595E+01
0.11118041107014036997738894747729E+01 -0.12632329042210402089540827781381E+01
0.11155358393878017773504130320756E+01 -0.12684243650124459915143825656984E+01
0.11192352271732613227266712228836E+01 -0.12735620943236797940430059270836E+01
0.11229019929991861183529573959496E+01 -0.12786461629527589382990364058602E+01
0.11265358633167619728910713635455E+01 -0.12836766312950922657966741096634E+01
0.11301365717498608265623502643219E+01 -0.12886535501181961851397460815903E+01
0.11337038587815473175262447972119E+01 -0.12935769612756869284649526669112E+01
0.11372374714622455741558404822875E+01 -0.12984468983661970284811302621606E+01
0.11407371631378075596634256034607E+01 -0.13032633873422595940794994465264E+01
0.11442026931958894734532637539866E+01 -0.13080264470736719392482304546710E+01
0.11476338268291914127936689422471E+01 -0.13127360898693815639890781392441E+01
0.11510303348142446756642542735921E+01 -0.13173923219615239160792210123755E+01
0.11543919933045525362399020814038E+01 -0.13219951439548744098067401154950E+01
0.11577185836369943389850009064732E+01 -0.13265445512446538279495677915093E+01
0.11610098921504992808881390839560E+01 -0.13310405344053377330161552169055E+01
0.11642657100160818463383055067302E+01 -0.13354830795528636925647026921223E+01
0.11674858330774087750713074541486E+01 -0.13398721686824029623871073132149E+01
0.11706700617011376813606052448582E+01 -0.13442077799836582534759439359552E+01
0.11738182006363298699256090515927E+01 -0.13484898881354684000837246302985E+01
0.11769300588822987021789022950180E+01 -0.13527184645813361609731433859325E+01
0.11800054495643057670857872234747E+01 -0.13568934777873507785718938399796E+01
0.11830441898165646216297311265971E+01 -0.13610148934838441254372400156408E+01
0.11860461006720552655410048797379E+01 -0.13650826748920023290108581267814E+01
0.11890110069586911274294259421618E+01 -0.13690967829365478284066559201804E+01
0.11919387372014155782627583218656E+01 -0.13730571764455108016174311707098E+01
0.11948291235298386366290696040546E+01 -0.13769638123380229311068928797874E+01
0.11976820015910527770418085090862E+01 -0.13808166458009877053419564231695E+01
0.12004972104672947055604262674366E+01 -0.13846156304554104132036336043420E+01
0.12032745925981445410120622622723E+01 -0.13883607185131073527293173918765E+01
0.12060139937069765137964054764026E+01 -0.13920518609244548613789889258414E+01
0.12087152627313958055433970592557E+01 -0.13956890075177864520588653074912E+01
0.12113782517574159170504962361144E+01 -0.13992721071309970722247832906560E+01
0.12140028159571475399405102765511E+01 -0.14028011077358710348107635102268E+01
0.12165888135297875640535810341681E+01 -0.14062759565556091468682860217983E+01
0.12191361056457092161079924301827E+01 -0.14096966001759941090954708806925E+01
0.12216445563934709571747602117384E+01 -0.14130629846506008068377039083180E+01
0.12241140327295719343932714089961E+01 -0.14163750556004260992850805517130E+01
0.12265444044307947095567344492320E+01 -0.14196327583082864533824370085518E+01
0.12289355440489863517936663842068E+01 -0.14228360378083050012500748017366E+01
0.12312873268681386903763500847737E+01 -0.14259848389707863383309729111740E+01
0.12335996308636384276211078679811E+01 -0.14290791065827565372549551144030E+01
0.12358723366635651642510722395845E+01 -0.14321187854244249950133848806201E+01
0.12381053275119244996673004457056E+01 -0.14351038203418074238677866850243E+01
0.12402984892337096576309006993000E+01 -0.14380341563157321817765910856593E+01
0.12424517102016922319386700471946E+01 -0.14409097385274359241057794082062E+01
0.12445648813048497953548178095406E+01 -0.14437305124209426294175914624482E+01
0.12466378959183416127160823920599E+01 -0.14464964237624035223189120947523E+01
0.12486706498749525679458305114160E+01 -0.14492074186965663562019484258118E+01
0.12506630414379266153208604894031E+01 -0.14518634438005296457338968169255E+01
0.12526149712751194053764253767270E+01 -0.14544644461349272214052621924188E+01
0.12545263424344014399154476573591E+01 -0.14570103732926794032601811010317E+01
0.12563970603202484622340859831421E+01 -0.14595011734454374584549319386264E+01
0.12582270326714596775645604629873E+01 -0.14619367953878405552826072308885E+01
0.12600161695399472249082640446374E+01 -0.14643171885796958923601740583772E+01
0.12617643832705443076207609283733E+01 -0.14666423031861860998087462758272E+01
0.12634715884817824784040338178499E+01 -0.14689120901162013915157529506481E+01
0.12651377020475909717774190656466E+01 -0.14711265010588873219399649226764E+01
0.12667626430798743244431988774162E+01 -0.14732854885184938332720880203628E+01
0.12683463329119267217561276434355E+01 -0.14753890058476054884771295599992E+01
0.12698886950826441881748406600903E+01 -0.14774370072788278436183915362386E+01
0.12713896553214975721331656765012E+01 -0.14794294479550007500546638717644E+01
0.12728491415342319308533728930304E+01 -0.14813662839580041448985670615258E+01
0.12742670837892595735618789125909E+01 -0.14832474723362185877237446627192E+01
0.12756434143047158791128354121803E+01 -0.14850729711306986665474207087911E+01
0.12769780674361490360420349677262E+01 -0.14868427394001138582369923185791E+01
0.12782709796648163601581348076778E+01 -0.14885567372445080041288070781198E+01
0.12795220895865612843839213493415E+01 -0.14902149258279256916127843280054E+01
0.12807313379012468385666233173740E+01 -0.14918172673999505036017836592376E+01
0.12818986674027227539595198743615E+01 -0.14933637253161978941937917358142E+01
0.12830240229693046371323183000387E+01 -0.14948542640578019771077195379075E+01
0.12841073515547448543968430466020E+01 -0.14962888492499341592538944292655E+01
0.12851486021796760523209780077990E+01 -0.14976674476793882028468416010253E+01
0.12861477259235094281619281555550E+01 -0.14989900273112649032902876992339E+01
0.12871046759167707411103851923462E+01 -0.15002565573047871052904461097727E+01
0.12880194073338580852730758469009E+01 -0.15014670080282737382099404950149E+01
0.12888918773862068784484847831955E+01 -0.15026213510733003457889499839165E+01
0.12897220453158475149867637777727E+01 -0.15037195592680709158724350320161E+01
0.12905098723893431493540083797924E+01 -0.15047616066900249997492926609755E+01
0.12912553218920949400945150830304E+01 -0.15057474686777020557953511500685E+01
0.12919583591230032860262930427950E+01 -0.15066771218418834471638173096547E+01
0.12926189513894746522835784243689E+01 -0.15075505440760317047749800511684E+01
0.12932370680027635377917577241272E+01 -0.15083677145660441917385853251551E+01
0.12938126802736403764593407001049E+01 -0.15091286137993386050938019568094E+01
0.12943457615083756926808294635426E+01 -0.15098332235732857084582700014713E+01
0.12948362870050261056234748924297E+01 -0.15104815270030084397535424387435E+01
0.12952842340498770945695996116228E+01 -0.15110735085286647598805259625671E+01
0.12955592004012773048841757953596E+01 -0.15114368658499393686075252324713E+01
0.12958152280896112161968813884582E+01 -0.15117751809776458453151724106941E+01
0.12960523118557473735914217604639E+01 -0.15120884502895371616640248178739E+01
0.12962704468293450521530102580191E+01 -0.15123766704305658080976403116022E+01
0.12964696285313084851142978376290E+01 -0.15126398383114213740372927888201E+01
0.12966593386886962318977895864394E+01 -0.15128904835866436056190339345846E+01
0.12968490618185762148397144530502E+01 -0.15131411378390101630851428303128E+01
0.12970387979194441286582322980965E+01 -0.15133918010717376033522363378125E+01
0.12972285469897806344023146147129E+01 -0.15136424732880520351480917562110E+01
0.12974183090280853872479316981195E+01 -0.15138931544911633465292586061149E+01
0.12972285469897806344023146147129E+01 -0.15136424732880520351480917562110E+01
0.12970387979194441286582322980965E+01 -0.15133918010717376033522363378125E+01
0.12968490618185762148397144530502E+01 -0.15131411378390101630851428303128E+01
0.12966593386886962318977895864394E+01 -0.15128904835866436056190339345846E+01
0.12964696285313084851142978376290E+01 -0.15126398383114213740372927888201E+01
0.12962704468293450521530102580191E+01 -0.15123766704305658080976403116022E+01
0.12960523118557473735914217604639E+01 -0.15120884502895371616640248178739E+01
0.12958152280896112161968813884582E+01 -0.15117751809776458453151724106941E+01
0.12955592004012773048841757953596E+01 -0.15114368658499393686075252324713E+01
0.12952842340498770945695996116228E+01 -0.15110735085286647598805259625671E+01
0.12948362870050261056234748924297E+01 -0.15104815270030084397535424387435E+01
0.12943457615083756926808294635426E+01 -0.15098332235732857084582700014713E+01
0.12938126802736403764593407001049E+01 -0.15091286137993386050938019568094E+01
0.12932370680027635377917577241272E+01 -0.15083677145660441917385853251551E+01
0.12926189513894746522835784243689E+01 -0.15075505440760317047749800511684E+01
0.12919583591230032860262930427950E+01 -0.15066771218418834471638173096547E+01
0.12912553218920949400945150830304E+01 -0.15057474686777020557953511500685E+01
0.12905098723893431493540083797924E+01 -0.15047616066900249997492926609755E+01
0.12897220453158475149867637777727E+01 -0.15037195592680709158724350320161E+01
0.12888918773862068784484847831955E+01 -0.15026213510733003457889499839165E+01
0.12880194073338580852730758469009E+01 -0.15014670080282737382099404950149E+01
0.12871046759167707411103851923462E+01 -0.15002565573047871052904461097727E+01
0.12861477259235094281619281555550E+01 -0.14989900273112649032902876992339E+01
0.12851486021796760523209780077990E+01 -0.14976674476793882028468416010253E+01
0.12841073515547448543968430466020E+01 -0.14962888492499341592538944292655E+01
0.12830240229693046371323183000387E+01 -0.14948542640578019771077195379075E+01
0.12818986674027227539595198743615E+01 -0.14933637253161978941937917358142E+01
0.12807313379012468385666233173740E+01 -0.14918172673999505036017836592376E+01
0.12795220895865612843839213493415E+01 -0.14902149258279256916127843280054E+01
0.12782709796648163601581348076778E+01 -0.14885567372445080041288070781198E+01
0.12769780674361490360420349677262E+01 -0.14868427394001138582369923185791E+01
0.12756434143047158791128354121803E+01 -0.14850729711306986665474207087911E+01
0.12742670837892595735618789125909E+01 -0.14832474723362185877237446627192E+01
0.12728491415342319308533728930304E+01 -0.14813662839580041448985670615258E+01
0.12713896553214975721331656765012E+01 -0.14794294479550007500546638717644E+01
0.12698886950826441881748406600903E+01 -0.14774370072788278436183915362386E+01
0.12683463329119267217561276434355E+01 -0.14753890058476054884771295599992E+01
0.12667626430798743244431988774162E+01 -0.14732854885184938332720880203628E+01
0.12651377020475909717774190656466E+01 -0.14711265010588873219399649226764E+01
0.12634715884817824784040338178499E+01 -0.14689120901162013915157529506481E+01
0.12617643832705443076207609283733E+01 -0.14666423031861860998087462758272E+01
0.12600161695399472249082640446374E+01 -0.14643171885796958923601740583772E+01
0.12582270326714596775645604629873E+01 -0.14619367953878405552826072308885E+01
0.12563970603202484622340859831421E+01 -0.14595011734454374584549319386264E+01
0.12545263424344014399154476573591E+01 -0.14570103732926794032601811010317E+01
0.12526149712751194053764253767270E+01 -0.14544644461349272214052621924188E+01
0.12506630414379266153208604894031E+01 -0.14518634438005296457338968169255E+01
0.12486706498749525679458305114160E+01 -0.14492074186965663562019484258118E+01
0.12466378959183416127160823920599E+01 -0.14464964237624035223189120947523E+01
0.12445648813048497953548178095406E+01 -0.14437305124209426294175914624482E+01
0.12424517102016922319386700471946E+01 -0.14409097385274359241057794082062E+01
0.12402984892337096576309006993000E+01 -0.14380341563157321817765910856593E+01
0.12381053275119244996673004457056E+01 -0.14351038203418074238677866850243E+01
0.12358723366635651642510722395845E+01 -0.14321187854244249950133848806201E+01
0.12335996308636384276211078679811E+01 -0.14290791065827565372549551144030E+01
0.12312873268681386903763500847737E+01 -0.14259848389707863383309729111740E+01
0.12289355440489863517936663842068E+01 -0.14228360378083050012500748017366E+01
0.12265444044307947095567344492320E+01 -0.14196327583082864533824370085518E+01
0.12241140327295719343932714089961E+01 -0.14163750556004260992850805517130E+01
0.12216445563934709571747602117384E+01 -0.14130629846506008068377039083180E+01
0.12191361056457092161079924301827E+01 -0.14096966001759941090954708806925E+01
0.12165888135297875640535810341681E+01 -0.14062759565556091468682860217983E+01
0.12140028159571475399405102765511E+01 -0.14028011077358710348107635102268E+01
0.12113782517574159170504962361144E+01 -0.13992721071309970722247832906560E+01
0.12087152627313958055433970592557E+01 -0.13956890075177864520588653074912E+01
0.12060139937069765137964054764026E+01 -0.13920518609244548613789889258414E+01
0.12032745925981445410120622622723E+01 -0.13883607185131073527293173918765E+01
0.12004972104672947055604262674366E+01 -0.13846156304554104132036336043420E+01
0.11976820015910527770418085090862E+01 -0.13808166458009877053419564231695E+01
0.11948291235298386366290696040546E+01 -0.13769638123380229311068928797874E+01
0.11919387372014155782627583218656E+01 -0.13730571764455108016174311707098E+01
0.11890110069586911274294259421618E+01 -0.13690967829365478284066559201804E+01
0.11860461006720552655410048797379E+01 -0.13650826748920023290108581267814E+01
0.11830441898165646216297311265971E+01 -0.13610148934838441254372400156408E+01
0.11800054495643057670857872234747E+01 -0.13568934777873507785718938399796E+01
0.11769300588822987021789022950180E+01 -0.13527184645813361609731433859325E+01
0.11738182006363298699256090515927E+01 -0.13484898881354684000837246302985E+01
0.11706700617011376813606052448582E+01 -0.13442077799836582534759439359552E+01
0.11674858330774087750713074541486E+01 -0.13398721686824029623871073132149E+01
0.11642657100160818463383055067302E+01 -0.13354830795528636925647026921223E+01
0.11610098921504992808881390839560E+01 -0.13310405344053377330161552169055E+01
0.11577185836369943389850009064732E+01 -0.13265445512446538279495677915093E+01
0.11543919933045525362399020814038E+01 -0.13219951439548744098067401154950E+01
0.11510303348142446756642542735921E+01 -0.13173923219615239160792210123755E+01
0.11476338268291914127936689422471E+01 -0.13127360898693815639890781392441E+01
0.11442026931958894734532637539866E+01 -0.13080264470736719392482304546710E+01
0.11407371631378075596634256034607E+01 -0.13032633873422595940794994465264E+01
0.11372374714622455741558404822875E+01 -0.12984468983661970284811302621606E+01
0.11337038587815473175262447972119E+01 -0.12935769612756869284649526669112E+01
0.11301365717498608265623502643219E+01 -0.12886535501181961851397460815903E+01
0.11265358633167619728910713635455E+01 -0.12836766312950922657966741096634E+01
0.11229019929991861183529573959496E+01 -0.12786461629527589382990364058602E+01
0.11192352271732613227266712228836E+01 -0.12735620943236797940430059270836E+01
0.11155358393878017773504130320756E+01 -0.12684243650124459915143825656984E+01
0.11118041107014036997738894747729E+01 -0.12632329042210402089540827781381E+01
0.11080403300452949122475960942987E+01 -0.12579876299070588065813512683595E+01
0.11042447946143218326774992724101E+01 -0.12526884478677477243441224110437E+01
0.11004178102887204254338015991955E+01 -0.12473352507418262261074071509988E+01
0.10965596920896159147290105259753E+01 -0.12419279169200385043680793856943E+01
0.10926707646715294991582218129830E+01 -0.12364663093541837520121006202122E+01
0.10887513628555537096569529964849E+01 -0.12309502742530046457901003313954E+01
0.10848018322072882871327582954346E+01 -0.12253796396517271158244530007314E+01
0.10808225296641210545414160744259E+01 -0.12197542138402071373968144362594E+01
0.10768138242170009202123457635499E+01 -0.12140737836325024279840097380692E+01
0.10727760976524898624289192949679E+01 -0.12083381124581939922251423638741E+01
0.10687097453616188706836858886777E+01 -0.12025469382528682587174417631396E+01
0.10646151772229166144867756373888E+01 -0.11966999711217482054957625320035E+01
0.10604928185679551841420358431795E+01 -0.11907968907464352120126798023256E+01
0.10563431112388816347363608476950E+01 -0.11848373434999637568613734505831E+01
0.10521665147487084015832374571422E+01 -0.11788209392297285315199608981090E+01
0.10479635075566504811378629488123E+01 -0.11727472476611264903430422400528E+01
0.10437345884725623261885716357609E+01 -0.11666157943667284675970639061755E+01
0.10394802782065910239027901206283E+01 -0.11604260562361618631492871745206E+01
0.10352011210825838908045996122680E+01 -0.11541774563702730271422197219332E+01
0.10308976869366366213288852397755E+01 -0.11478693583090759221719455287309E+01
0.10265705732255348073849428661783E+01 -0.11415010594858820571085397682518E+01
0.10222204073738306213692185105912E+01 -0.11350717837790776011421940748464E+01
0.10178478493930481133651840983708E+01 -0.11285806730072767748595091675292E+01
0.10134535948121856516500912920593E+01 -0.11220267771817501029123701190469E+01
0.10090383779655005103648667973167E+01 -0.11154090432904227785392224573119E+01
0.10046029756917776594719739752343E+01 -0.11087263023381421036717189572492E+01
0.10001482115092351297641446902290E+01 -0.11019772543053906692375909885746E+01
0.99567496034235641848075478848600E+00 -0.10951604506082020409710067519747E+01
0.99118415389171473309773659531850E+00 -0.10882742735404506646722167967803E+01
0.98667678675628255571504166452886E+00 -0.10813169120484348231905823022859E+01
0.98215392343975250681798654730543E+00 -0.10742863330173057187171380798913E+01
0.97761670640219141634637079583853E+00 -0.10671802470234262450606497242271E+01
0.97306636534834268722325287828038E+00 -0.10599960672121348745673577830348E+01
0.96850422800426501374915383300734E+00 -0.10527308595501959027622268736903E+01
0.96393173264083318172066467934425E+00 -0.10453812821898160561852050682672E+01
0.95935044282659914711061680230778E+00 -0.10379435108378016604042633652956E+01
0.95476206451508873291974999120966E+00 -0.10304131462690396805377353931651E+01
0.95016846713797863898978439603096E+00 -0.10227850977556541920491468337787E+01
0.94557170606113371250001127270350E+00 -0.10150534367489396423668183136646E+01
0.94097405774561476873422878638175E+00 -0.10072112037675110021890811575751E+01
0.93637803661272900738882398541120E+00 -0.99925017184003417528674179681210E+00
0.93178649449200690372382041677958E+00 -0.99116048616283867805808464759935E+00
0.92720249670863700173107185704876E+00 -0.98293032086239060941405847920952E+00
0.92262992790971506037540201776765E+00 -0.97454496872604831285872339265917E+00
0.91807186900681496404277372382531E+00 -0.96598689906691136149246491596614E+00
0.91262988635202820244962665964290E+00 -0.95545561038103576561858600428289E+00
0.90722602523643312263585600891793E+00 -0.94458915834132898914093931338305E+00
0.90187179059953846675871862313131E+00 -0.93331281775036956430372124474919E+00
0.89658084569311022895030011566242E+00 -0.92151505722956581728463334710779E+00
0.89136996821288749353995586346263E+00 -0.90901603293641912301007249811540E+00
0.88652143499739411137854373271654E+00 -0.89622482486361623394275551224849E+00
0.88232863531446519367655640121255E+00 -0.88373324436711876765247640786692E+00
0.87884258227570857669727227142735E+00 -0.87154000965515534252597185112033E+00
0.87608471057228865262919418366930E+00 -0.85964663023733603435778264122205E+00
