0.98464595435925508381487676952255E+00 -0.86296191555973765210891692674630E+00
0.99059085577116429538917655442732E+00 -0.85787595233350061857151567672671E+00
0.99621024881678095901070947271661E+00 -0.85310952762251139737587588477609E+00
0.10014793785494011347680777884916E+01 -0.84867766489155203002022059349826E+00
0.10063759579451232171097999196845E+01 -0.84459074733831696163907767866667E+00
0.10108769042541566686389157069827E+01 -0.84086035063114775716336681100494E+00
0.10149827449395893777846865541662E+01 -0.83747907668260718928004339977890E+00
0.10187761985379615045773781671147E+01 -0.83437321555647095886827384432853E+00
0.10223276054155097115843154868082E+01 -0.83148117602821960049186710335228E+00
0.10256837479591007071158173303516E+01 -0.82876193363586355332393233872416E+00
0.10288777118660072141193513705191E+01 -0.82618643565285922433494604499769E+00
0.10256837479591007071158173303516E+01 -0.82876193363586355332393233872416E+00
0.10223276054155097115843154868082E+01 -0.83148117602821960049186710335228E+00
0.10187761985379615045773781671147E+01 -0.83437321555647095886827384432853E+00
0.10149827449395893777846865541662E+01 -0.83747907668260718928004339977890E+00
0.10108769042541566686389157069827E+01 -0.84086035063114775716336681100494E+00
0.10063759579451232171097999196845E+01 -0.84459074733831696163907767866667E+00
0.10014793785494011347680777884916E+01 -0.84867766489155203002022059349826E+00
0.99621024881678095901070947271661E+00 -0.85310952762251139737587588477609E+00
0.99059085577116429538917655442732E+00 -0.85787595233350061857151567672671E+00
0.98464595435925508381487676952255E+00 -0.86296191555973765210891692674630E+00
0.97406316627474987120340920449645E+00 -0.85902815233887079644661293095351E+00
0.96331876264028662949791858988190E+00 -0.85407403441800930603601050428224E+00
0.95223655397696335691277200224913E+00 -0.84843989244256390621544854668102E+00
0.94082204298597298043044776810118E+00 -0.84205627499632452738006207735269E+00
0.92905116183393675051630670808279E+00 -0.83493390506689238924170928119843E+00
0.91744671931784504008904149346800E+00 -0.82745271754266571517575087573463E+00
0.90638518459923277260869096457468E+00 -0.81995640111388526978605683211257E+00
0.89570326221595328126430258339528E+00 -0.81242275661367136693170483405448E+00
0.88529895515354795822422348434784E+00 -0.80484206476866981467267940940010E+00
0.87510518247599350699254213969124E+00 -0.79720820063266742496257442052691E+00
0.86673482167154928009212407580495E+00 -0.79080621706781107476028908139268E+00
0.85845603365730214232711254665426E+00 -0.78436577194507657122055939893104E+00
0.85025226874067171032624457307475E+00 -0.77788703678116258020857153975751E+00
0.84211032445645835551016534115448E+00 -0.77137027571892426940927192444319E+00
0.83401944348631021634212343202755E+00 -0.76481589688942758256534072657502E+00
0.82597074508613060014709886699446E+00 -0.75822440297824692388972355086786E+00
0.81795681741091144026450736617728E+00 -0.75159635413304233668477268666670E+00
0.80997141653527131329839267543947E+00 -0.74493234273265146897696759784869E+00
0.80200923969653350822666761172551E+00 -0.73823297651483326142538572673151E+00
0.79406575156048295613201814058404E+00 -0.73149886737519523111758829624526E+00
0.78613704915207674019994233200801E+00 -0.72473062400259749345733396586436E+00
0.77821975547837122397745695952356E+00 -0.71792884712031341685001870207478E+00
0.77031093477268174122829176297932E+00 -0.71109412650507659821260569512745E+00
0.76240802425643736936007477405755E+00 -0.70422703922273585504483512587382E+00
0.75450877867663872428490818960561E+00 -0.69732814869666630244667031932228E+00
0.74661122483590493075098910857037E+00 -0.69039800434431278688681086412031E+00
0.73871362401859620377497356835816E+00 -0.68343714159819187555033378530459E+00
0.73081444071503393811151701556309E+00 -0.67644608218319735976847390336899E+00
0.72291231641267481239002623022585E+00 -0.66942533456047846551866892100265E+00
0.71500604749628946358447442622219E+00 -0.66237539447497257418855239750044E+00
0.70709456650493454615806614283031E+00 -0.65529674556251573133339600166100E+00
0.69917692615003129019784402189421E+00 -0.64818985998577308589996955947624E+00
0.69125228561909486813491370149937E+00 -0.64105519907768967259991388659791E+00
0.68331989878282937359102762220168E+00 -0.63389321397790194374736384383755E+00
0.67537910399609754654728626925888E+00 -0.62670434625235994117200041947536E+00
0.66742931524060068348183351654945E+00 -0.61948902848984960726205558337603E+00
0.65947001440256251482332955342665E+00 -0.61224768487155006235457895652073E+00
0.65150074451501715513922064182396E+00 -0.60498073171150275710286336842583E+00
0.64352110382347485381879106492650E+00 -0.59768857796709676554704188994590E+00
0.63553074055732657742628045370704E+00 -0.59037162571952612904117202000538E+00
0.62752934830853024063669967929843E+00 -0.58303027062476654346551178908303E+00
0.61951666193479886174714873285394E+00 -0.57566490233600605107074576591478E+00
0.61149245391739511380510192689501E+00 -0.56827590489871780027173143311850E+00
0.60345653111427678708223105630620E+00 -0.56086365711971146301835218152539E+00
0.59540873185815662386117184982274E+00 -0.55342853291157590071327744614473E+00
0.58734892335639657913223861410048E+00 -0.54597090161395337185802865639431E+00
0.57927699935580295989705604525716E+00 -0.53849112829307286943502548826159E+00
0.57119287804055632702918564041042E+00 -0.53098957402093489730697017754823E+00
0.56309650013586426822219341640909E+00 -0.52346659613549193357867122821242E+00
0.55498782719361083688989379599647E+00 -0.51592254848310207110882721952527E+00
0.54686684003940767873572013785489E+00 -0.50835778164446999812386500645996E+00
0.53873353736311453536450493479147E+00 -0.50077264314521723745895877886983E+00
0.53058793443717867275078774625518E+00 -0.49316747765215323278744020789651E+00
0.52243006194909528565257431851169E+00 -0.48554262715624849679399838642272E+00
0.51425996493597028079597047228964E+00 -0.47789843114324425377283476721984E+00
0.50607770181061620539447566689818E+00 -0.47023522675276860159318256085888E+00
0.49788334346986384873502680490458E+00 -0.46255334892676512885211234441530E+00
0.48967697247685739242380293571539E+00 -0.45485313054798515989951970888204E+00
0.48145868231004598168143855979497E+00 -0.44713490256923824367527344918324E+00
0.47322857667240436272136205527632E+00 -0.43939899413404383735809900025345E+00
0.46498676885513511535728677423724E+00 -0.43164573268928201765791492405108E+00
0.45673338115073162387900011130631E+00 -0.42387544409039512035556067002030E+00
0.44846854431083362532675858681000E+00 -0.41608845269965026505664434690619E+00
0.44019239704478945433759649600824E+00 -0.40828508147793814526104689439601E+00
0.43190508555526773334350531658691E+00 -0.40046565207054462078881837391012E+00
0.42360676310763624102595182422481E+00 -0.39263048488730175233280832687508E+00
0.41529758963016104266264139923309E+00 -0.38477989917749337241027449643403E+00
0.40697773134236902998273346272550E+00 -0.37691421309986406673878068982925E+00
0.39864736040918526080333649479747E+00 -0.36903374378805335804006302696960E+00
0.39030665461868369968443877393235E+00 -0.36113880741175481023246696544289E+00
0.38195579708150077699288262951885E+00 -0.35322971923387662009245275768589E+00
0.37359497595014359324625266120177E+00 -0.34530679366396240587050462221637E+00
0.36522438415659085817885179752816E+00 -0.33737034430810894148163185478681E+00
0.35684421916673422029760742122830E+00 -0.32942068401560488460186519128951E+00
0.34845468275033547557387000289795E+00 -0.32145812492249467231498571860901E+00
0.34005598076529940504457606052474E+00 -0.31348297849226063122577325584624E+00
0.33164832295516450467339558444952E+00 -0.30549555555380010893493676611725E+00
0.32323192275881210614383602264327E+00 -0.29749616633686474881800020775175E+00
0.31480699713148342592482733887749E+00 -0.28948512050511541743548724354498E+00
0.30637376637626339156080145099250E+00 -0.28146272718693627294519065879832E+00
0.29793245398527520364707230926606E+00 -0.27342929500414345709465110631298E+00
0.28948328648987724215265552043441E+00 -0.26538513209871126865481166159073E+00
0.28102649331922658786307457651385E+00 -0.25733054615763359717295885997869E+00
0.27256230666661481196922810512987E+00 -0.24926584443603112466848120850218E+00
0.26409096136303544724630505364934E+00 -0.24119133377860081735810145859380E+00
0.25561269475748553299137490944967E+00 -0.23310732063950992437781649722805E+00
0.24712774660353892351343373299132E+00 -0.22501411110081604536491298597666E+00
0.23863635895177080717634328145032E+00 -0.21691201088950206706240697693173E+00
0.23013877604764128964504558789655E+00 -0.20880132539320064541134718739155E+00
0.22163524423447730236471390573630E+00 -0.20068235967468146067764600499001E+00
0.21312601186122018733106704033646E+00 -0.19255541848517088632741244047324E+00
0.20461132919462918948556173035858E+00 -0.18442080627656642642473555147308E+00
0.19609144833565745477178236843617E+00 -0.17627882721260679490931677741574E+00
0.18756662313973401166791874440499E+00 -0.16812978517905410645002691709567E+00
0.17903710914070711967280590396084E+00 -0.15997398379294038970677142915934E+00
0.17050316347822206976343697864710E+00 -0.15181172641092903612755077493645E+00
0.16196504482832123400387452992112E+00 -0.14364331613683660782432927411058E+00
0.15342301333707025578981151415756E+00 -0.13546905582836067614498270728480E+00
0.14487733055702773831962626174400E+00 -0.12728924810305347676468939766895E+00
0.13632825938638836238987902330693E+00 -0.11910419534358067552266884019301E+00
0.12777606401064126258630743927284E+00 -0.11091419970230265580695511632360E+00
0.11922100984659574017714010632009E+00 -0.10271956310521184223562930642064E+00
0.11066336348863715348792132360662E+00 -0.94520587255259100092858869532407E-01
0.10210339265708457912460314430261E+00 -0.86317573635100017976606583927993E-01
0.93541366148529523924916641048477E-01 -0.78110823509289633488279159066638E-01
0.84977553788045114725568432724238E-01 -0.69900637925953474639602265498256E-01
0.76412226383159952691169489862626E-01 -0.61687317717959801560985522100670E-01
0.67845655679498155267798823559760E-01 -0.53471163503618888309051985084938E-01
0.59278114317996604494938956597742E-01 -0.45252475686931260534814739498511E-01
0.50709875793609162060037873665847E-01 -0.37031554457406549022751138306410E-01
0.42141214415422134438034743577851E-01 -0.28808699789475333546144951074101E-01
0.33572405268101650703087644121141E-01 -0.20584211441511129871662186905443E-01
0.25003724174604071698547044073123E-01 -0.12358388954482159326171238388474E-01
0.16435447660083554926343674630507E-01 -0.41315316502521908135529978599181E-02
0.78678529169318638473224517640608E-02 0.40960613704572949156707983174295E-02
-0.69878222910472104191736273188595E-03 0.12324091230422555127139932346495E-01
-0.92641793517895323676537119363075E-02 0.20552259278580210741183975164395E-01
-0.17828059456291727752217395238328E-01 0.28780267092980545904068583360659E-01
-0.26390143010160872360276047725747E-01 0.37007816484017457340478994994662E-01
-0.34950149973430543737422277797362E-01 0.45234609497924988788300080148682E-01
-0.43507799827889093461838842083749E-01 0.53460348420524675595687049364903E-01
-0.52062811605562293657592520017359E-01 0.61684735781214973679360190118626E-01
-0.60614903916444188409465921148533E-01 0.69907474357191599595983920831535E-01
-0.69163794975512443045669952840866E-01 0.78128267177885123741115432704452E-01
-0.77709202629063607548983712692274E-01 0.86346817529610981536699059448265E-01
-0.86250844380398724732737391085828E-01 0.94562828960417623652605173093796E-01
-0.94788437414891595526045066730230E-01 0.10277600528512652500554447280939E+00
-0.10332169862446717730408639049094E+00 0.11098605059055509864897348511314E+00
-0.11185034463151748396023587193731E+00 0.11919266924091320168611747799419E+00
-0.12037409181228149764428465098441E+00 0.12739556588336662111060945605762E+00
-0.12889265631971226878312224135084E+00 0.13559444545375919903915169936009E+00
-0.13740575410585483402435216736627E+00 0.14378901318248705987788393275109E+00
-0.14591310094375688691152598085738E+00 0.15197897460051783600897120019760E+00
-0.15441441244893219442857758913423E+00 0.16016403554554806303142684540174E+00
-0.16290940410039657809666466400552E+00 0.16834390216829359146894039357600E+00
-0.17139779126129534853126192759172E+00 0.17651828093890571279548302874249E+00
-0.17987928919913878573146736329806E+00 0.18468687865350794602326988049104E+00
-0.18835361310566329083150155621269E+00 0.19284940244084848295742526912782E+00
-0.19682047811633277343200531238747E+00 0.20100555976906224445221345050437E+00
-0.20527959932949690987660800703544E+00 0.20915505845253795099318004683470E+00
-0.21373069182521869743873711171492E+00 0.21729760665888561678401563544612E+00
-0.22217347068378524584981614390192E+00 0.22543291291599937843265319684426E+00
-0.23060765100391577595973554283446E+00 0.23356068611921197127241988137016E+00
-0.23903294792067723632333057578675E+00 0.24168063553853539628542393339052E+00
-0.24744907662311998956822744791746E+00 0.24979247082598582075427752696843E+00
-0.25585575237164493413681319230855E+00 0.25789590202298623596045447535609E+00
-0.26425269051511013630830650661132E+00 0.26599063956784517615298275655654E+00
-0.27263960650769190826974208279227E+00 0.27407639430330730658063630104270E+00
-0.28101621592550212905629332997653E+00 0.28215287748417167477257481189791E+00
-0.28938223448297928155973753950130E+00 0.29021980078497572374854649614879E+00
-0.29773737804905454268707311203923E+00 0.29827687630774089920693818408867E+00
-0.30608136266310526102343537642610E+00 0.30632381658977582195143104652688E+00
-0.31441390455070242353644756890808E+00 0.31436033461153822285687143423879E+00
-0.32273472013915821970007454229293E+00 0.32238614380454595294525699774621E+00
-0.33104352607288362791399522375070E+00 0.33040095805934176901894044026396E+00
-0.33934003922855868937477683224949E+00 0.33840449173350337618723983351324E+00
-0.34762397673012532425929790943825E+00 0.34639645965969930372037785208431E+00
-0.35589505596360719550791400394636E+00 0.35437657715378779514380039537350E+00
-0.36415299459176198193205243081283E+00 0.36234456002295511562077733385646E+00
-0.37239751056857309238746135892808E+00 0.37030012457389257073294075243479E+00
-0.38062832215358336135591910966913E+00 0.37824298762100868679722971802823E+00
-0.38884514792607946943928809679227E+00 0.38617286649467534884928761779521E+00
-0.39704770679912827512642504419410E+00 0.39408947904950545248492740230278E+00
-0.40523571803347188871763742608583E+00 0.40199254367265974157108062416114E+00
-0.41340890125128426379732828697246E+00 0.40988177929218225684300668225269E+00
-0.42156697644979499744328109905933E+00 0.41775690538536023366896623592198E+00
-0.42970966401478326611687951914437E+00 0.42561764198710931832937373179123E+00
-0.43783668473394539353515754702547E+00 0.43346370969837995643017024779597E+00
-0.44594775981014022628686548071363E+00 0.44129482969458519528907002503308E+00
-0.45404261087451624422400630918732E+00 0.44911072373404660676807332844581E+00
-0.46212095999952216837051691962591E+00 0.45691111416645812839933097642745E+00
-0.47018252971180541340054317763404E+00 0.46469572394136573564991189997749E+00
-0.47822704300500100347013985918554E+00 0.47246427661666097122270731609136E+00
-0.48625422335241357595794353628941E+00 0.48021649636708739767294714456883E+00
-0.49426379471959553417168193004934E+00 0.48795210799275927729453352913826E+00
-0.50225548157682362639953679037168E+00 0.49567083692768911717700657198318E+00
-0.51022900891147651428337858549232E+00 0.50337240924832489091461691571739E+00
-0.51818410224031593224280965651275E+00 0.51105655168209467891414963910972E+00
-0.52612048762167318309025099475324E+00 0.51872299161595688414859083136737E+00
-0.53403789166754360469600481429172E+00 0.52637145710495615090202070660511E+00
-0.54193604155559066185864381832372E+00 0.53400167688078300008715618049864E+00
-0.54981466504106208551372237424869E+00 0.54161338036033570545436711731733E+00
-0.55767349046861968660401960709771E+00 0.54920629765428405684933990573988E+00
-0.56551224678408362085437363195475E+00 0.55678015957563369754411137088184E+00
-0.57333066354609546488671965141054E+00 0.56433469764828963726769410069778E+00
-0.58112847093769862109054100039981E+00 0.57186964411561796862653221513749E+00
-0.58890539977783967108398385103425E+00 0.57938473194900544323879318201734E+00
-0.59666118153279117586591056412657E+00 0.58687969485641509625701281834967E+00
-0.60439554832749786665489918903484E+00 0.59435426729093670000141723414459E+00
-0.61210823295684760244345151020587E+00 0.60180818445933308761108269900161E+00
-0.61979896889686741437942382435909E+00 0.60924118233057850747639102285190E+00
-0.62746749031584719670729277281601E+00 0.61665299764439060047750153561217E+00
-0.63511353208539164532212003010265E+00 0.62404336791975369489414976878603E+00
-0.64273682979140068249363139988137E+00 0.63141203146343303639346572797979E+00
-0.65033711974498151761743624094247E+00 0.63875872737847953226399040959167E+00
-0.65791413899329095136858128602499E+00 0.64608319557272298324174501391696E+00
-0.66546762533031055656371436911046E+00 0.65338517676725444346521821639975E+00
-0.67299731730755530003986443186437E+00 0.66066441250489619862545906520258E+00
-0.68050295424471557636739715632370E+00 0.66792064515865782490336195207918E+00
-0.68798427624023523154288106401038E+00 0.67515361794017977102895915632585E+00
-0.69544102418182418354455016599209E+00 0.68236307490816122830506952208122E+00
-0.70287293975690865105458754374023E+00 0.68954876097677304560345295234843E+00
-0.71027976546301778350642597827692E+00 0.69671042192405511425869389386805E+00
-0.71766124461810850240068709174244E+00 0.70384780440029619866129755068698E+00
-0.72501712137082907963268622190246E+00 0.71096065593639723013708563455512E+00
-0.73234714071072148367568245150626E+00 0.71804872495221582153146131770534E+00
-0.73965104847836361546181304748137E+00 0.72511176076489279835077153449133E+00
-0.74692859137545202168958926455087E+00 0.73214951359715887458086886727780E+00
-0.75417951697482513988460571052086E+00 0.73916173458562157230491280491435E+00
-0.76140357373042809277686683297048E+00 0.74614817578903163282250370359688E+00
-0.76860051098721879179647475579564E+00 0.75310859019652815724056015648270E+00
-0.77577007899101707547442148341897E+00 0.76004273173586182998356730171795E+00
-0.78291202889829552603110705722475E+00 0.76695035528159619312634009123158E+00
-0.79002611278591417122202292836431E+00 0.77383121666328555692975575668813E+00
-0.79711208366079783785516598639859E+00 0.78068507267362969119411798226136E+00
-0.80416969546955787891980108407377E+00 0.78751168107660419876552824217732E+00
-0.81119870310805758257307808337735E+00 0.79431080061556671156786930052650E+00
-0.81819886243092204747955120344970E+00 0.80108219102133735992144881636228E+00
-0.82516993026099300807905434422651E+00 0.80782561302025423420912355329786E+00
-0.83211166439872804896832562649072E+00 0.81454082834220202544517626357419E+00
-0.83902382363154571961026884845271E+00 0.82122759972861447671849596711875E+00
-0.84590616774311543967096188127542E+00 0.82788569094044929246691312798007E+00
-0.85275845752259354437367009101693E+00 0.83451486676613552690895556546729E+00
-0.85958045477380508390693379266914E+00 0.84111489302949276389926089187967E+00
-0.86637192232437137517350269673873E+00 0.84768553659762138310222279906009E+00
-0.87313262403478432114155072493765E+00 0.85422656538876418473361692734469E+00
-0.87986232480742667753573374794702E+00 0.86073774838013781991472264377369E+00
-0.88656079059553922271419585026543E+00 0.86721885561573451524069974352472E+00
-0.89322778841213426566901496828043E+00 0.87366965821409330003599398521775E+00
-0.89986308633885625289314857887277E+00 0.88008992837603986184051024869137E+00
-0.90646645353478925963556477123941E+00 0.88647943939239542885548232395069E+00
-0.91303766024521131479826914547805E+00 0.89283796565165352474623188023077E+00
-0.91957647781029610161888896480801E+00 0.89916528264762454443409732470824E+00
-0.92608267867376165844459195981601E+00 0.90546116698704753595356998249944E+00
-0.93255603639146654938227003512393E+00 0.91172539639716894780289219030871E+00
-0.93899632563995310193895925268173E+00 0.91795774973328777052474906327753E+00
-0.94540332222493829860712811339894E+00 0.92415800698626670754879629222547E+00
-0.95177680308975195722935474141693E+00 0.93032594929000906268260358680514E+00
-0.95811654632372235287987522677336E+00 0.93646135892890076923490296842755E+00
-0.96442233117050942484600559502073E+00 0.94256401934521743339775891765032E+00
-0.97069393803638539328342755877309E+00 0.94863371514649563696880247909801E+00
-0.97693114849846301023615948197574E+00 0.95467023211286851589242721812543E+00
-0.98313374531287119108965738016482E+00 0.96067335720436495137439092850818E+00
-0.98930151242287829629103799658528E+00 0.96664287856817207214937383233344E+00
-0.99543423496696286522340543824011E+00 0.97257858554586080633222181538879E+00
-0.10015316992868318548433152775530E+01 0.97848026868057395376879489488823E+00
-0.10075936929353863654510803799694E+01 0.98434771972417655900489404811270E+00
-0.10136200046846348005812565000018E+01 0.99018073164436811943625607723701E+00
-0.10196104245335534798806175121571E+01 0.99597909863175636901045558170978E+00
-0.10255647437158945738764426587904E+01 0.10017426161068922239531691427461E+01
-0.10314827547079414494427311034115E+01 0.10074710807272655819360062493436E+01
-0.10373642512362112299205561109915E+01 0.10131642903942616277567251944553E+01
-0.10432090282851046736109728889788E+01 0.10188220442600772911170837766167E+01
-0.10490168821045031416959644511866E+01 0.10244441427345975714012674162492E+01
-0.10547876102173127717229022960454E+01 0.10300303874922313561343762152138E+01
-0.10605210114269556979380734656248E+01 0.10355805814787064151642075611167E+01
-0.10662168858248081551668587167302E+01 0.10410945289178232712414263697376E+01
-0.10718750347975856788493740704757E+01 0.10465720353181676562565073238846E+01
-0.10774952610346749601354592446883E+01 0.10520129074797811181828409917541E+01
-0.10830773685354126510554070664240E+01 0.10574169535007896396629683661425E+01
-0.10886211626163106452370186098433E+01 0.10627839827839898614027092397297E+01
-0.10941264499182281293528436869667E+01 0.10681138060433925585500382863745E+01
-0.10995930384134900950573265579002E+01 0.10734062353107232453706357383249E+01
-0.11050207374129521797134681614940E+01 0.10786610839418793776233160365602E+01
-0.11104093575730119696198470178664E+01 0.10838781666233441275747602286639E+01
-0.11157587109025664057154310056434E+01 0.10890572993785561817608372298937E+01
-0.11210686107699155245614438290217E+01 0.10941982995742354227936219255384E+01
-0.11263388719096118705761643236091E+01 0.10993009859266642579715996142814E+01
-0.11315693104292562770492079787598E+01 0.11043651785079241676585132362539E+01
-0.11367597438162392049016691807584E+01 0.11093906987520872276795863397967E+01
-0.11419099909444277868706500575759E+01 0.11143773694613624766441122255450E+01
-0.11470198720807987052062113247526E+01 0.11193250148121967806691249344942E+01
-0.11520892088920162873766235363393E+01 0.11242334603613296495530747208152E+01
-0.11571178244509563791668883247019E+01 0.11291025330518023907952731091993E+01
-0.11621055432431750711882287250008E+01 0.11339320612189206056738025181621E+01
-0.11670521911733229189800109156525E+01 0.11387218745961702012851662107132E+01
-0.11719575955715041889791977023078E+01 0.11434718043210866976950901923423E+01
-0.11768215851995808122249480006275E+01 0.11481816829410772196228374482686E+01
-0.11816439902574216372611974738030E+01 0.11528513444191953818504157840141E+01
-0.11864246423890957636163228043645E+01 0.11574806241398683887566871957334E+01
-0.11911633746890111817507293817105E+01 0.11620693589145764147522433734699E+01
-0.11958600217079972552938927725104E+01 0.11666173869874839279684458470156E+01
-0.12005144194593320715453487709788E+01 0.11711245480410225299977530912517E+01
-0.12051264054247136792002262338082E+01 0.11755906832014256025356508747713E+01
-0.12096958185601757189269031535696E+01 0.11800156350442136500049434419481E+01
-0.12142224993019468474079004017239E+01 0.11843992475996311695549013202378E+01
-0.12187062895722541418851026422149E+01 0.11887413663580338906402460584060E+01
-0.12231470327850703811616078201679E+01 0.11930418382752267951645965452786E+01
-0.12275445738518047867130987249283E+01 0.11973005117777522010334923791687E+01
-0.12318987591869373240982049346463E+01 0.12015172367681282535580457835115E+01
-0.12362094367135965448365392179055E+01 0.12056918646300369536667095433962E+01
-0.12404764558690805420731516411950E+01 0.12098242482334620746140737447575E+01
-0.12446996676103213049530350726837E+01 0.12139142419397764690381768631881E+01
-0.12488789244192916671972269963416E+01 0.12179617016067785780376859565443E+01
-0.12530140803083558283035977258295E+01 0.12219664845936779530291492070346E+01
-0.12571049908255620725174619425255E+01 0.12259284497660296357191295341822E+01
-0.12611515130598784506962381155104E+01 0.12298474575006171777264010101247E+01
-0.12651535056463711960405945019840E+01 0.12337233696902840980100473601317E+01
-0.12691108287713250560350326346415E+01 0.12375560497487133164171767908980E+01
-0.12730233441773066160116974397347E+01 0.12413453626151551691034831878654E+01
-0.12768909151681692368713489227207E+01 0.12450911747591025869633053309746E+01
-0.12807134066140004859884318160293E+01 0.12487933541849143363303918193472E+01
-0.12844906849560113693842513004019E+01 0.12524517704363858101482078899129E+01
-0.12882226182113673455879477871959E+01 0.12560662946012665644707635663082E+01
-0.12919090759779613469487675621420E+01 0.12596367993157256352673165860016E+01
-0.12955499294391281271467697039792E+01 0.12631631587687632095486730993518E+01
-0.12991450513683002210352831593649E+01 0.12666452487065693374507714913140E+01
-0.13026943161336055687364064157364E+01 0.12700829464368291010800507683035E+01
-0.13061975997024057981580915272850E+01 0.12734761308329740688754645861520E+01
-0.13096547796457763696778038893158E+01 0.12768246823383802895049038904158E+01
-0.13130657351429273672932341457018E+01 0.12801284829705119899148400517788E+01
-0.13164303469855653741078813332403E+01 0.12833874163250111854161410450348E+01
-0.13197484975821960607176301445761E+01 0.12866013675797334157261234222451E+01
-0.13230200709623676159675081585122E+01 0.12897702234987284120753635638272E+01
-0.13262449527808549719452361817639E+01 0.12928938724361666721985575060432E+01
-0.13294230303217840996119586029953E+01 0.12959722043402110928437192373492E+01
-0.13325541925026970855836642226697E+01 0.12990051107568336841298293816058E+01
-0.13356383298785574223603324415968E+01 0.13019924848335771656419934060969E+01
-0.13386753346456954207559127617666E+01 0.13049342213232614973940450084767E+01
-0.13416651006456938256857293121151E+01 0.13078302165876350621819191311506E+01
-0.13446075233692133622277912113645E+01 0.13106803686009700778623745639340E+01
-0.13475024999597581602323897420407E+01 0.13134845769536027520308181914933E+01
-0.13503499292173811277234407407059E+01 0.13162427428554174308652987095171E+01
-0.13531497116023288010535803154190E+01 0.13189547691392747538324375302494E+01
-0.13559017492386259963467861449492E+01 0.13216205602643840403588086732844E+01
-0.13586059459175998513684960860641E+01 0.13242400223196192733740346804546E+01
-0.13612622071013434064981679849539E+01 0.13268130630267786925242068285931E+01
-0.13638704399261183134520954886087E+01 0.13293395917437882867176997995806E+01
-0.13664305532056969731454244806289E+01 0.13318195194678483729377284718916E+01
-0.13689424574346437234892416004363E+01 0.13342527588385236791194850359966E+01
-0.13714060647915352115140320603209E+01 0.13366392241407765167568498325857E+01
-0.13738212891421193432424235411404E+01 0.13389788313079431261037470111264E+01
-0.13761880460424136868800273583939E+01 0.13412714979246528574441581430295E+01
-0.13785062527417422380830569381548E+01 0.13435171432296903005774825828058E+01
-0.13807758281857111260211990740046E+01 0.13457156881188000623226038990823E+01
-0.13829966930191227775352141825322E+01 0.13478670551474342948595077507684E+01
-0.13851687695888287697697979168281E+01 0.13499711685334424895863036003073E+01
-0.13872919819465212620743286311467E+01 0.13520279541597040009449253140211E+01
-0.13893662558514624758965902216267E+01 0.13540373395767025868359815915100E+01
-0.13913915187731528816590695341086E+01 0.13559992540050433785048053417404E+01
-0.13933676998939373592193478716096E+01 0.13579136283379117904046352765960E+01
-0.13952947301115497081711655203847E+01 0.13597803951434746167420988662049E+01
-0.13971725420415953429696015837599E+01 0.13615994886672228939265646833089E+01
-0.13990010700199715098643190397177E+01 0.13633708448342566393324480501030E+01
-0.14007802501052263595574780033197E+01 0.13650944012515114462595713418591E+01
-0.14025100200808549744337786540904E+01 0.13667700972099265058389215832940E+01
-0.14041903194575340574020676983376E+01 0.13683978736865544502019582680361E+01
-0.14058210894752937870253581985617E+01 0.13699776733466126436322235698401E+01
-0.14074022731056277291624868789748E+01 0.13715094405454755500791164922798E+01
-0.14089338150535403877437830130858E+01 0.13729931213306090884061272228661E+01
-0.14104156617595321343665055379854E+01 0.13744286634434455107174096779554E+01
-0.14118477614015219942614841733124E+01 0.13758160163212001109546684605094E+01
-0.14132300638967077042487342963743E+01 0.13771551310986286295898295257610E+01
-0.14145625209033632665991202916740E+01 0.13784459606097258669350733984803E+01
-0.14158450858225739349764749703700E+01 0.13796884593893653490571313334689E+01
-0.14170777137999084650450145554979E+01 0.13808825836748797668737532884055E+01
-0.14182603617270287883213743190485E+01 0.13820282914075823934685401656578E+01
-0.14193929882432367524821495084240E+01 0.13831255422342292792582057963485E+01
-0.14204755537369581876974879976221E+01 0.13841742975084221584558316511377E+01
-0.14215080203471641374935682111905E+01 0.13851745202919521138281757651379E+01
-0.14224903519647291574777739462986E+01 0.13861261753560838007291864662987E+01
-0.14234225142337266799485290978385E+01 0.13870292291827804187912356035652E+01
-0.14243044745526615863200046884174E+01 0.13878836499658689467431664759490E+01
-0.14251362020756393013483250646736E+01 0.13886894076121464508446335428501E+01
-0.14259176677134732636460895867768E+01 0.13894464737424254251210385892263E+01
-0.14266488441347252756952798496164E+01 0.13901548216925236788532003130245E+01
-0.14273297057666944675259109569453E+01 0.13908144265141825982814312980154E+01
-0.14279602287963094967844067035785E+01 0.13914252649759604622687485403205E+01
-0.14285403911710537396766313341458E+01 0.13919873155639668199724638426291E+01
-0.14290701725995529356019336230671E+01 0.13925005584828204419507357031641E+01
-0.14293953615813146532334793982495E+01 0.13928155960594441807897052854349E+01
-0.14296981457050041511477861411642E+01 0.13931089283378808821203092888766E+01
-0.14299785202639606299997569965639E+01 0.13933805507264818774202221796112E+01
-0.14302364808998532324513500447841E+01 0.13936304589734467252769716802649E+01
-0.14304720236027628761798450247180E+01 0.13938586491668761395297449450005E+01
-0.14306963619023251660358879082366E+01 0.13940759847851007989517666092317E+01
-0.14309207118274721252056114257449E+01 0.13942933317446409797415047586299E+01
-0.14311450733785717367013776808714E+01 0.13945106900458499738873745902669E+01
-0.14313694465560039086046936103589E+01 0.13947280596890687514299076391682E+01
-0.14315938313601113451300527061271E+01 0.13949454406746767109633877365110E+01
-0.14313694465560039086046936103589E+01 0.13947280596890687514299076391682E+01
-0.14311450733785717367013776808714E+01 0.13945106900458499738873745902669E+01
-0.14309207118274721252056114257449E+01 0.13942933317446409797415047586299E+01
-0.14306963619023251660358879082366E+01 0.13940759847851007989517666092317E+01
-0.14304720236027628761798450247180E+01 0.13938586491668761395297449450005E+01
-0.14302364808998532324513500447841E+01 0.13936304589734467252769716802649E+01
-0.14299785202639606299997569965639E+01 0.13933805507264818774202221796112E+01
-0.14296981457050041511477861411642E+01 0.13931089283378808821203092888766E+01
-0.14293953615813146532334793982495E+01 0.13928155960594441807897052854349E+01
-0.14290701725995529356019336230671E+01 0.13925005584828204419507357031641E+01
-0.14285403911710537396766313341458E+01 0.13919873155639668199724638426291E+01
-0.14279602287963094967844067035785E+01 0.13914252649759604622687485403205E+01
-0.14273297057666944675259109569453E+01 0.13908144265141825982814312980154E+01
-0.14266488441347252756952798496164E+01 0.13901548216925236788532003130245E+01
-0.14259176677134732636460895867768E+01 0.13894464737424254251210385892263E+01
-0.14251362020756393013483250646736E+01 0.13886894076121464508446335428501E+01
-0.14243044745526615863200046884174E+01 0.13878836499658689467431664759490E+01
-0.14234225142337266799485290978385E+01 0.13870292291827804187912356035652E+01
-0.14224903519647291574777739462986E+01 0.13861261753560838007291864662987E+01
-0.14215080203471641374935682111905E+01 0.13851745202919521138281757651379E+01
-0.14204755537369581876974879976221E+01 0.13841742975084221584558316511377E+01
-0.14193929882432367524821495084240E+01 0.13831255422342292792582057963485E+01
-0.14182603617270287883213743190485E+01 0.13820282914075823934685401656578E+01
-0.14170777137999084650450145554979E+01 0.13808825836748797668737532884055E+01
-0.14158450858225739349764749703700E+01 0.13796884593893653490571313334689E+01
-0.14145625209033632665991202916740E+01 0.13784459606097258669350733984803E+01
-0.14132300638967077042487342963743E+01 0.13771551310986286295898295257610E+01
-0.14118477614015219942614841733124E+01 0.13758160163212001109546684605094E+01
-0.14104156617595321343665055379854E+01 0.13744286634434455107174096779554E+01
-0.14089338150535403877437830130858E+01 0.13729931213306090884061272228661E+01
-0.14074022731056277291624868789748E+01 0.13715094405454755500791164922798E+01
-0.14058210894752937870253581985617E+01 0.13699776733466126436322235698401E+01
-0.14041903194575340574020676983376E+01 0.13683978736865544502019582680361E+01
-0.14025100200808549744337786540904E+01 0.13667700972099265058389215832940E+01
-0.14007802501052263595574780033197E+01 0.13650944012515114462595713418591E+01
-0.13990010700199715098643190397177E+01 0.13633708448342566393324480501030E+01
-0.13971725420415953429696015837599E+01 0.13615994886672228939265646833089E+01
-0.13952947301115497081711655203847E+01 0.13597803951434746167420988662049E+01
-0.13933676998939373592193478716096E+01 0.13579136283379117904046352765960E+01
-0.13913915187731528816590695341086E+01 0.13559992540050433785048053417404E+01
-0.13893662558514624758965902216267E+01 0.13540373395767025868359815915100E+01
-0.13872919819465212620743286311467E+01 0.13520279541597040009449253140211E+01
-0.13851687695888287697697979168281E+01 0.13499711685334424895863036003073E+01
-0.13829966930191227775352141825322E+01 0.13478670551474342948595077507684E+01
-0.13807758281857111260211990740046E+01 0.13457156881188000623226038990823E+01
-0.13785062527417422380830569381548E+01 0.13435171432296903005774825828058E+01
-0.13761880460424136868800273583939E+01 0.13412714979246528574441581430295E+01
-0.13738212891421193432424235411404E+01 0.13389788313079431261037470111264E+01
-0.13714060647915352115140320603209E+01 0.13366392241407765167568498325857E+01
-0.13689424574346437234892416004363E+01 0.13342527588385236791194850359966E+01
-0.13664305532056969731454244806289E+01 0.13318195194678483729377284718916E+01
-0.13638704399261183134520954886087E+01 0.13293395917437882867176997995806E+01
-0.13612622071013434064981679849539E+01 0.13268130630267786925242068285931E+01
-0.13586059459175998513684960860641E+01 0.13242400223196192733740346804546E+01
-0.13559017492386259963467861449492E+01 0.13216205602643840403588086732844E+01
-0.13531497116023288010535803154190E+01 0.13189547691392747538324375302494E+01
-0.13503499292173811277234407407059E+01 0.13162427428554174308652987095171E+01
-0.13475024999597581602323897420407E+01 0.13134845769536027520308181914933E+01
-0.13446075233692133622277912113645E+01 0.13106803686009700778623745639340E+01
-0.13416651006456938256857293121151E+01 0.13078302165876350621819191311506E+01
-0.13386753346456954207559127617666E+01 0.13049342213232614973940450084767E+01
-0.13356383298785574223603324415968E+01 0.13019924848335771656419934060969E+01
-0.13325541925026970855836642226697E+01 0.12990051107568336841298293816058E+01
-0.13294230303217840996119586029953E+01 0.12959722043402110928437192373492E+01
-0.13262449527808549719452361817639E+01 0.12928938724361666721985575060432E+01
-0.13230200709623676159675081585122E+01 0.12897702234987284120753635638272E+01
-0.13197484975821960607176301445761E+01 0.12866013675797334157261234222451E+01
-0.13164303469855653741078813332403E+01 0.12833874163250111854161410450348E+01
-0.13130657351429273672932341457018E+01 0.12801284829705119899148400517788E+01
-0.13096547796457763696778038893158E+01 0.12768246823383802895049038904158E+01
-0.13061975997024057981580915272850E+01 0.12734761308329740688754645861520E+01
-0.13026943161336055687364064157364E+01 0.12700829464368291010800507683035E+01
-0.12991450513683002210352831593649E+01 0.12666452487065693374507714913140E+01
-0.12955499294391281271467697039792E+01 0.12631631587687632095486730993518E+01
-0.12919090759779613469487675621420E+01 0.12596367993157256352673165860016E+01
-0.12882226182113673455879477871959E+01 0.12560662946012665644707635663082E+01
-0.12844906849560113693842513004019E+01 0.12524517704363858101482078899129E+01
-0.12807134066140004859884318160293E+01 0.12487933541849143363303918193472E+01
-0.12768909151681692368713489227207E+01 0.12450911747591025869633053309746E+01
-0.12730233441773066160116974397347E+01 0.12413453626151551691034831878654E+01
-0.12691108287713250560350326346415E+01 0.12375560497487133164171767908980E+01
-0.12651535056463711960405945019840E+01 0.12337233696902840980100473601317E+01
-0.12611515130598784506962381155104E+01 0.12298474575006171777264010101247E+01
-0.12571049908255620725174619425255E+01 0.12259284497660296357191295341822E+01
-0.12530140803083558283035977258295E+01 0.12219664845936779530291492070346E+01
-0.12488789244192916671972269963416E+01 0.12179617016067785780376859565443E+01
-0.12446996676103213049530350726837E+01 0.12139142419397764690381768631881E+01
-0.12404764558690805420731516411950E+01 0.12098242482334620746140737447575E+01
-0.12362094367135965448365392179055E+01 0.12056918646300369536667095433962E+01
-0.12318987591869373240982049346463E+01 0.12015172367681282535580457835115E+01
-0.12275445738518047867130987249283E+01 0.11973005117777522010334923791687E+01
-0.12231470327850703811616078201679E+01 0.11930418382752267951645965452786E+01
-0.12187062895722541418851026422149E+01 0.11887413663580338906402460584060E+01
-0.12142224993019468474079004017239E+01 0.11843992475996311695549013202378E+01
-0.12096958185601757189269031535696E+01 0.11800156350442136500049434419481E+01
-0.12051264054247136792002262338082E+01 0.11755906832014256025356508747713E+01
-0.12005144194593320715453487709788E+01 0.11711245480410225299977530912517E+01
-0.11958600217079972552938927725104E+01 0.11666173869874839279684458470156E+01
-0.11911633746890111817507293817105E+01 0.11620693589145764147522433734699E+01
-0.11864246423890957636163228043645E+01 0.11574806241398683887566871957334E+01
-0.11816439902574216372611974738030E+01 0.11528513444191953818504157840141E+01
-0.11768215851995808122249480006275E+01 0.11481816829410772196228374482686E+01
-0.11719575955715041889791977023078E+01 0.11434718043210866976950901923423E+01
-0.11670521911733229189800109156525E+01 0.11387218745961702012851662107132E+01
-0.11621055432431750711882287250008E+01 0.11339320612189206056738025181621E+01
-0.11571178244509563791668883247019E+01 0.11291025330518023907952731091993E+01
-0.11520892088920162873766235363393E+01 0.11242334603613296495530747208152E+01
-0.11470198720807987052062113247526E+01 0.11193250148121967806691249344942E+01
-0.11419099909444277868706500575759E+01 0.11143773694613624766441122255450E+01
-0.11367597438162392049016691807584E+01 0.11093906987520872276795863397967E+01
-0.11315693104292562770492079787598E+01 0.11043651785079241676585132362539E+01
-0.11263388719096118705761643236091E+01 0.10993009859266642579715996142814E+01
-0.11210686107699155245614438290217E+01 0.10941982995742354227936219255384E+01
-0.11157587109025664057154310056434E+01 0.10890572993785561817608372298937E+01
-0.11104093575730119696198470178664E+01 0.10838781666233441275747602286639E+01
-0.11050207374129521797134681614940E+01 0.10786610839418793776233160365602E+01
-0.10995930384134900950573265579002E+01 0.10734062353107232453706357383249E+01
-0.10941264499182281293528436869667E+01 0.10681138060433925585500382863745E+01
-0.10886211626163106452370186098433E+01 0.10627839827839898614027092397297E+01
-0.10830773685354126510554070664240E+01 0.10574169535007896396629683661425E+01
-0.10774952610346749601354592446883E+01 0.10520129074797811181828409917541E+01
-0.10718750347975856788493740704757E+01 0.10465720353181676562565073238846E+01
-0.10662168858248081551668587167302E+01 0.10410945289178232712414263697376E+01
-0.10605210114269556979380734656248E+01 0.10355805814787064151642075611167E+01
-0.10547876102173127717229022960454E+01 0.10300303874922313561343762152138E+01
-0.10490168821045031416959644511866E+01 0.10244441427345975714012674162492E+01
-0.10432090282851046736109728889788E+01 0.10188220442600772911170837766167E+01
-0.10373642512362112299205561109915E+01 0.10131642903942616277567251944553E+01
-0.10314827547079414494427311034115E+01 0.10074710807272655819360062493436E+01
-0.10255647437158945738764426587904E+01 0.10017426161068922239531691427461E+01
-0.10196104245335534798806175121571E+01 0.99597909863175636901045558170978E+00
-0.10136200046846348005812565000018E+01 0.99018073164436811943625607723701E+00
-0.10075936929353863654510803799694E+01 0.98434771972417655900489404811270E+00
-0.10015316992868318548433152775530E+01 0.97848026868057395376879489488823E+00
-0.99543423496696286522340543824011E+00 0.97257858554586080633222181538879E+00
-0.98930151242287829629103799658528E+00 0.96664287856817207214937383233344E+00
-0.98313374531287119108965738016482E+00 0.96067335720436495137439092850818E+00
-0.97693114849846301023615948197574E+00 0.95467023211286851589242721812543E+00
-0.97069393803638539328342755877309E+00 0.94863371514649563696880247909801E+00
-0.96442233117050942484600559502073E+00 0.94256401934521743339775891765032E+00
-0.95811654632372235287987522677336E+00 0.93646135892890076923490296842755E+00
-0.95177680308975195722935474141693E+00 0.93032594929000906268260358680514E+00
-0.94540332222493829860712811339894E+00 0.92415800698626670754879629222547E+00
-0.93899632563995310193895925268173E+00 0.91795774973328777052474906327753E+00
-0.93255603639146654938227003512393E+00 0.91172539639716894780289219030871E+00
-0.92608267867376165844459195981601E+00 0.90546116698704753595356998249944E+00
-0.91957647781029610161888896480801E+00 0.89916528264762454443409732470824E+00
-0.91303766024521131479826914547805E+00 0.89283796565165352474623188023077E+00
-0.90646645353478925963556477123941E+00 0.88647943939239542885548232395069E+00
-0.89986308633885625289314857887277E+00 0.88008992837603986184051024869137E+00
-0.89322778841213426566901496828043E+00 0.87366965821409330003599398521775E+00
-0.88656079059553922271419585026543E+00 0.86721885561573451524069974352472E+00
-0.87986232480742667753573374794702E+00 0.86073774838013781991472264377369E+00
-0.87313262403478432114155072493765E+00 0.85422656538876418473361692734469E+00
-0.86637192232437137517350269673873E+00 0.84768553659762138310222279906009E+00
-0.85958045477380508390693379266914E+00 0.84111489302949276389926089187967E+00
-0.85275845752259354437367009101693E+00 0.83451486676613552690895556546729E+00
-0.84590616774311543967096188127542E+00 0.82788569094044929246691312798007E+00
-0.83902382363154571961026884845271E+00 0.82122759972861447671849596711875E+00
-0.83211166439872804896832562649072E+00 0.81454082834220202544517626357419E+00
-0.82516993026099300807905434422651E+00 0.80782561302025423420912355329786E+00
-0.81819886243092204747955120344970E+00 0.80108219102133735992144881636228E+00
-0.81119870310805758257307808337735E+00 0.79431080061556671156786930052650E+00
-0.80416969546955787891980108407377E+00 0.78751168107660419876552824217732E+00
-0.79711208366079783785516598639859E+00 0.78068507267362969119411798226136E+00
-0.79002611278591417122202292836431E+00 0.77383121666328555692975575668813E+00
-0.78291202889829552603110705722475E+00 0.76695035528159619312634009123158E+00
-0.77577007899101707547442148341897E+00 0.76004273173586182998356730171795E+00
-0.76860051098721879179647475579564E+00 0.75310859019652815724056015648270E+00
-0.76140357373042809277686683297048E+00 0.74614817578903163282250370359688E+00
-0.75417951697482513988460571052086E+00 0.73916173458562157230491280491435E+00
-0.74692859137545202168958926455087E+00 0.73214951359715887458086886727780E+00
-0.73965104847836361546181304748137E+00 0.72511176076489279835077153449133E+00
-0.73234714071072148367568245150626E+00 0.71804872495221582153146131770534E+00
-0.72501712137082907963268622190246E+00 0.71096065593639723013708563455512E+00
-0.71766124461810850240068709174244E+00 0.70384780440029619866129755068698E+00
-0.71027976546301778350642597827692E+00 0.69671042192405511425869389386805E+00
-0.70287293975690865105458754374023E+00 0.68954876097677304560345295234843E+00
-0.69544102418182418354455016599209E+00 0.68236307490816122830506952208122E+00
-0.68798427624023523154288106401038E+00 0.67515361794017977102895915632585E+00
-0.68050295424471557636739715632370E+00 0.66792064515865782490336195207918E+00
-0.67299731730755530003986443186437E+00 0.66066441250489619862545906520258E+00
-0.66546762533031055656371436911046E+00 0.65338517676725444346521821639975E+00
-0.65791413899329095136858128602499E+00 0.64608319557272298324174501391696E+00
-0.65033711974498151761743624094247E+00 0.63875872737847953226399040959167E+00
-0.64273682979140068249363139988137E+00 0.63141203146343303639346572797979E+00
-0.63511353208539164532212003010265E+00 0.62404336791975369489414976878603E+00
-0.62746749031584719670729277281601E+00 0.61665299764439060047750153561217E+00
-0.61979896889686741437942382435909E+00 0.60924118233057850747639102285190E+00
-0.61210823295684760244345151020587E+00 0.60180818445933308761108269900161E+00
-0.60439554832749786665489918903484E+00 0.59435426729093670000141723414459E+00
-0.59666118153279117586591056412657E+00 0.58687969485641509625701281834967E+00
-0.58890539977783967108398385103425E+00 0.57938473194900544323879318201734E+00
-0.58112847093769862109054100039981E+00 0.57186964411561796862653221513749E+00
-0.57333066354609546488671965141054E+00 0.56433469764828963726769410069778E+00
-0.56551224678408362085437363195475E+00 0.55678015957563369754411137088184E+00
-0.55767349046861968660401960709771E+00 0.54920629765428405684933990573988E+00
-0.54981466504106208551372237424869E+00 0.54161338036033570545436711731733E+00
-0.54193604155559066185864381832372E+00 0.53400167688078300008715618049864E+00
-0.53403789166754360469600481429172E+00 0.52637145710495615090202070660511E+00
-0.52612048762167318309025099475324E+00 0.51872299161595688414859083136737E+00
-0.51818410224031593224280965651275E+00 0.51105655168209467891414963910972E+00
-0.51022900891147651428337858549232E+00 0.50337240924832489091461691571739E+00
-0.50225548157682362639953679037168E+00 0.49567083692768911717700657198318E+00
-0.49426379471959553417168193004934E+00 0.48795210799275927729453352913826E+00
-0.48625422335241357595794353628941E+00 0.48021649636708739767294714456883E+00
-0.47822704300500100347013985918554E+00 0.47246427661666097122270731609136E+00
-0.47018252971180541340054317763404E+00 0.46469572394136573564991189997749E+00
-0.46212095999952216837051691962591E+00 0.45691111416645812839933097642745E+00
-0.45404261087451624422400630918732E+00 0.44911072373404660676807332844581E+00
-0.44594775981014022628686548071363E+00 0.44129482969458519528907002503308E+00
-0.43783668473394539353515754702547E+00 0.43346370969837995643017024779597E+00
-0.42970966401478326611687951914437E+00 0.42561764198710931832937373179123E+00
-0.42156697644979499744328109905933E+00 0.41775690538536023366896623592198E+00
-0.41340890125128426379732828697246E+00 0.40988177929218225684300668225269E+00
-0.40523571803347188871763742608583E+00 0.40199254367265974157108062416114E+00
-0.39704770679912827512642504419410E+00 0.39408947904950545248492740230278E+00
-0.38884514792607946943928809679227E+00 0.38617286649467534884928761779521E+00
-0.38062832215358336135591910966913E+00 0.37824298762100868679722971802823E+00
-0.37239751056857309238746135892808E+00 0.37030012457389257073294075243479E+00
-0.36415299459176198193205243081283E+00 0.36234456002295511562077733385646E+00
-0.35589505596360719550791400394636E+00 0.35437657715378779514380039537350E+00
-0.34762397673012532425929790943825E+00 0.34639645965969930372037785208431E+00
-0.33934003922855868937477683224949E+00 0.33840449173350337618723983351324E+00
-0.33104352607288362791399522375070E+00 0.33040095805934176901894044026396E+00
-0.32273472013915821970007454229293E+00 0.32238614380454595294525699774621E+00
-0.31441390455070242353644756890808E+00 0.31436033461153822285687143423879E+00
-0.30608136266310526102343537642610E+00 0.30632381658977582195143104652688E+00
-0.29773737804905454268707311203923E+00 0.29827687630774089920693818408867E+00
-0.28938223448297928155973753950130E+00 0.29021980078497572374854649614879E+00
-0.28101621592550212905629332997653E+00 0.28215287748417167477257481189791E+00
-0.27263960650769190826974208279227E+00 0.27407639430330730658063630104270E+00
-0.26425269051511013630830650661132E+00 0.26599063956784517615298275655654E+00
-0.25585575237164493413681319230855E+00 0.25789590202298623596045447535609E+00
-0.24744907662311998956822744791746E+00 0.24979247082598582075427752696843E+00
-0.23903294792067723632333057578675E+00 0.24168063553853539628542393339052E+00
-0.23060765100391577595973554283446E+00 0.23356068611921197127241988137016E+00
-0.22217347068378524584981614390192E+00 0.22543291291599937843265319684426E+00
-0.21373069182521869743873711171492E+00 0.21729760665888561678401563544612E+00
-0.20527959932949690987660800703544E+00 0.20915505845253795099318004683470E+00
-0.19682047811633277343200531238747E+00 0.20100555976906224445221345050437E+00
-0.18835361310566329083150155621269E+00 0.19284940244084848295742526912782E+00
-0.17987928919913878573146736329806E+00 0.18468687865350794602326988049104E+00
-0.17139779126129534853126192759172E+00 0.17651828093890571279548302874249E+00
-0.16290940410039657809666466400552E+00 0.16834390216829359146894039357600E+00
-0.15441441244893219442857758913423E+00 0.16016403554554806303142684540174E+00
-0.14591310094375688691152598085738E+00 0.15197897460051783600897120019760E+00
-0.13740575410585483402435216736627E+00 0.14378901318248705987788393275109E+00
-0.12889265631971226878312224135084E+00 0.13559444545375919903915169936009E+00
-0.12037409181228149764428465098441E+00 0.12739556588336662111060945605762E+00
-0.11185034463151748396023587193731E+00 0.11919266924091320168611747799419E+00
-0.10332169862446717730408639049094E+00 0.11098605059055509864897348511314E+00
-0.94788437414891595526045066730230E-01 0.10277600528512652500554447280939E+00
-0.86250844380398724732737391085828E-01 0.94562828960417623652605173093796E-01
-0.77709202629063607548983712692274E-01 0.86346817529610981536699059448265E-01
-0.69163794975512443045669952840866E-01 0.78128267177885123741115432704452E-01
-0.60614903916444188409465921148533E-01 0.69907474357191599595983920831535E-01
-0.52062811605562293657592520017359E-01 0.61684735781214973679360190118626E-01
-0.43507799827889093461838842083749E-01 0.53460348420524675595687049364903E-01
-0.34950149973430543737422277797362E-01 0.45234609497924988788300080148682E-01
-0.26390143010160872360276047725747E-01 0.37007816484017457340478994994662E-01
-0.17828059456291727752217395238328E-01 0.28780267092980545904068583360659E-01
-0.92641793517895323676537119363075E-02 0.20552259278580210741183975164395E-01
-0.69878222910472104191736273188595E-03 0.12324091230422555127139932346495E-01
0.78678529169318638473224517640608E-02 0.40960613704572949156707983174295E-02
0.16435447660083554926343674630507E-01 -0.41315316502521908135529978599181E-02
0.25003724174604071698547044073123E-01 -0.12358388954482159326171238388474E-01
0.33572405268101650703087644121141E-01 -0.20584211441511129871662186905443E-01
0.42141214415422134438034743577851E-01 -0.28808699789475333546144951074101E-01
0.50709875793609162060037873665847E-01 -0.37031554457406549022751138306410E-01
0.59278114317996604494938956597742E-01 -0.45252475686931260534814739498511E-01
0.67845655679498155267798823559760E-01 -0.53471163503618888309051985084938E-01
0.76412226383159952691169489862626E-01 -0.61687317717959801560985522100670E-01
0.84977553788045114725568432724238E-01 -0.69900637925953474639602265498256E-01
0.93541366148529523924916641048477E-01 -0.78110823509289633488279159066638E-01
0.10210339265708457912460314430261E+00 -0.86317573635100017976606583927993E-01
0.11066336348863715348792132360662E+00 -0.94520587255259100092858869532407E-01
0.11922100984659574017714010632009E+00 -0.10271956310521184223562930642064E+00
0.12777606401064126258630743927284E+00 -0.11091419970230265580695511632360E+00
0.13632825938638836238987902330693E+00 -0.11910419534358067552266884019301E+00
0.14487733055702773831962626174400E+00 -0.12728924810305347676468939766895E+00
0.15342301333707025578981151415756E+00 -0.13546905582836067614498270728480E+00
0.16196504482832123400387452992112E+00 -0.14364331613683660782432927411058E+00
0.17050316347822206976343697864710E+00 -0.15181172641092903612755077493645E+00
0.17903710914070711967280590396084E+00 -0.15997398379294038970677142915934E+00
0.18756662313973401166791874440499E+00 -0.16812978517905410645002691709567E+00
0.19609144833565745477178236843617E+00 -0.17627882721260679490931677741574E+00
0.20461132919462918948556173035858E+00 -0.18442080627656642642473555147308E+00
0.21312601186122018733106704033646E+00 -0.19255541848517088632741244047324E+00
0.22163524423447730236471390573630E+00 -0.20068235967468146067764600499001E+00
0.23013877604764128964504558789655E+00 -0.20880132539320064541134718739155E+00
0.23863635895177080717634328145032E+00 -0.21691201088950206706240697693173E+00
0.24712774660353892351343373299132E+00 -0.22501411110081604536491298597666E+00
0.25561269475748553299137490944967E+00 -0.23310732063950992437781649722805E+00
0.26409096136303544724630505364934E+00 -0.24119133377860081735810145859380E+00
0.27256230666661481196922810512987E+00 -0.24926584443603112466848120850218E+00
0.28102649331922658786307457651385E+00 -0.25733054615763359717295885997869E+00
0.28948328648987724215265552043441E+00 -0.26538513209871126865481166159073E+00
0.29793245398527520364707230926606E+00 -0.27342929500414345709465110631298E+00
0.30637376637626339156080145099250E+00 -0.28146272718693627294519065879832E+00
0.31480699713148342592482733887749E+00 -0.28948512050511541743548724354498E+00
0.32323192275881210614383602264327E+00 -0.29749616633686474881800020775175E+00
0.33164832295516450467339558444952E+00 -0.30549555555380010893493676611725E+00
0.34005598076529940504457606052474E+00 -0.31348297849226063122577325584624E+00
0.34845468275033547557387000289795E+00 -0.32145812492249467231498571860901E+00
0.35684421916673422029760742122830E+00 -0.32942068401560488460186519128951E+00
0.36522438415659085817885179752816E+00 -0.33737034430810894148163185478681E+00
0.37359497595014359324625266120177E+00 -0.34530679366396240587050462221637E+00
0.38195579708150077699288262951885E+00 -0.35322971923387662009245275768589E+00
0.39030665461868369968443877393235E+00 -0.36113880741175481023246696544289E+00
0.39864736040918526080333649479747E+00 -0.36903374378805335804006302696960E+00
0.40697773134236902998273346272550E+00 -0.37691421309986406673878068982925E+00
0.41529758963016104266264139923309E+00 -0.38477989917749337241027449643403E+00
0.42360676310763624102595182422481E+00 -0.39263048488730175233280832687508E+00
0.43190508555526773334350531658691E+00 -0.40046565207054462078881837391012E+00
0.44019239704478945433759649600824E+00 -0.40828508147793814526104689439601E+00
0.44846854431083362532675858681000E+00 -0.41608845269965026505664434690619E+00
0.45673338115073162387900011130631E+00 -0.42387544409039512035556067002030E+00
0.46498676885513511535728677423724E+00 -0.43164573268928201765791492405108E+00
0.47322857667240436272136205527632E+00 -0.43939899413404383735809900025345E+00
0.48145868231004598168143855979497E+00 -0.44713490256923824367527344918324E+00
0.48967697247685739242380293571539E+00 -0.45485313054798515989951970888204E+00
0.49788334346986384873502680490458E+00 -0.46255334892676512885211234441530E+00
0.50607770181061620539447566689818E+00 -0.47023522675276860159318256085888E+00
0.51425996493597028079597047228964E+00 -0.47789843114324425377283476721984E+00
0.52243006194909528565257431851169E+00 -0.48554262715624849679399838642272E+00
0.53058793443717867275078774625518E+00 -0.49316747765215323278744020789651E+00
0.53873353736311453536450493479147E+00 -0.50077264314521723745895877886983E+00
0.54686684003940767873572013785489E+00 -0.50835778164446999812386500645996E+00
0.55498782719361083688989379599647E+00 -0.51592254848310207110882721952527E+00
0.56309650013586426822219341640909E+00 -0.52346659613549193357867122821242E+00
0.57119287804055632702918564041042E+00 -0.53098957402093489730697017754823E+00
0.57927699935580295989705604525716E+00 -0.53849112829307286943502548826159E+00
0.58734892335639657913223861410048E+00 -0.54597090161395337185802865639431E+00
0.59540873185815662386117184982274E+00 -0.55342853291157590071327744614473E+00
0.60345653111427678708223105630620E+00 -0.56086365711971146301835218152539E+00
0.61149245391739511380510192689501E+00 -0.56827590489871780027173143311850E+00
0.61951666193479886174714873285394E+00 -0.57566490233600605107074576591478E+00
0.62752934830853024063669967929843E+00 -0.58303027062476654346551178908303E+00
0.63553074055732657742628045370704E+00 -0.59037162571952612904117202000538E+00
0.64352110382347485381879106492650E+00 -0.59768857796709676554704188994590E+00
0.65150074451501715513922064182396E+00 -0.60498073171150275710286336842583E+00
0.65947001440256251482332955342665E+00 -0.61224768487155006235457895652073E+00
0.66742931524060068348183351654945E+00 -0.61948902848984960726205558337603E+00
0.67537910399609754654728626925888E+00 -0.62670434625235994117200041947536E+00
0.68331989878282937359102762220168E+00 -0.63389321397790194374736384383755E+00
0.69125228561909486813491370149937E+00 -0.64105519907768967259991388659791E+00
0.69917692615003129019784402189421E+00 -0.64818985998577308589996955947624E+00
0.70709456650493454615806614283031E+00 -0.65529674556251573133339600166100E+00
0.71500604749628946358447442622219E+00 -0.66237539447497257418855239750044E+00
0.72291231641267481239002623022585E+00 -0.66942533456047846551866892100265E+00
0.73081444071503393811151701556309E+00 -0.67644608218319735976847390336899E+00
0.73871362401859620377497356835816E+00 -0.68343714159819187555033378530459E+00
0.74661122483590493075098910857037E+00 -0.69039800434431278688681086412031E+00
0.75450877867663872428490818960561E+00 -0.69732814869666630244667031932228E+00
0.76240802425643736936007477405755E+00 -0.70422703922273585504483512587382E+00
0.77031093477268174122829176297932E+00 -0.71109412650507659821260569512745E+00
0.77821975547837122397745695952356E+00 -0.71792884712031341685001870207478E+00
0.78613704915207674019994233200801E+00 -0.72473062400259749345733396586436E+00
0.79406575156048295613201814058404E+00 -0.73149886737519523111758829624526E+00
0.80200923969653350822666761172551E+00 -0.73823297651483326142538572673151E+00
0.80997141653527131329839267543947E+00 -0.74493234273265146897696759784869E+00
0.81795681741091144026450736617728E+00 -0.75159635413304233668477268666670E+00
0.82597074508613060014709886699446E+00 -0.75822440297824692388972355086786E+00
0.83401944348631021634212343202755E+00 -0.76481589688942758256534072657502E+00
0.84211032445645835551016534115448E+00 -0.77137027571892426940927192444319E+00
0.85025226874067171032624457307475E+00 -0.77788703678116258020857153975751E+00
0.85845603365730214232711254665426E+00 -0.78436577194507657122055939893104E+00
0.86673482167154928009212407580495E+00 -0.79080621706781107476028908139268E+00
0.87510518247599350699254213969124E+00 -0.79720820063266742496257442052691E+00
0.88529895515354795822422348434784E+00 -0.80484206476866981467267940940010E+00
0.89570326221595328126430258339528E+00 -0.81242275661367136693170483405448E+00
0.90638518459923277260869096457468E+00 -0.81995640111388526978605683211257E+00
0.91744671931784504008904149346800E+00 -0.82745271754266571517575087573463E+00
0.92905116183393675051630670808279E+00 -0.83493390506689238924170928119843E+00
0.94082204298597298043044776810118E+00 -0.84205627499632452738006207735269E+00
0.95223655397696335691277200224913E+00 -0.84843989244256390621544854668102E+00
0.96331876264028662949791858988190E+00 -0.85407403441800930603601050428224E+00
0.97406316627474987120340920449645E+00 -0.85902815233887079644661293095351E+00
0.98464595435925508381487676952255E+00 -0.86296191555973765210891692674630E+00
0.98705720960300982090832922004479E+00 -0.87392429207135746911978629946106E+00
0.99027934577028610565708834830870E+00 -0.88509504619769372465056328986768E+00
0.99420943066922802229428766808529E+00 -0.89650452270896663246462730568081E+00
0.99882487682969061328489112268685E+00 -0.90815131565073268541103045780949E+00
0.10040760707063891068061792404161E+01 -0.92003787335548030786667609055530E+00
0.10096531647443859096173135201261E+01 -0.93161732570172017461070948392937E+00
0.10152669962244335462866836740055E+01 -0.94251733820855538493318955366605E+00
0.10209104817881329700419089823629E+01 -0.95291037052686862090907038085655E+00
0.10265761139011424712560029820804E+01 -0.96290357912924315080206597033125E+00
0.10322566159414910874732035692977E+01 -0.97256890321373275813880680810723E+00
0.10369978164108384739385273206408E+01 -0.98040951227151227265539459240744E+00
0.10417409091305165435112929109213E+01 -0.98808037992659686141843876734059E+00
0.10464837951557881858901125172660E+01 -0.99559843340275424186568222389928E+00
0.10512234990824460701284098106198E+01 -0.10029779293102523595915713304330E+01
0.10559576746565814502827915241822E+01 -0.10102303370832429310445133617713E+01
0.10606840853413720044579936962269E+01 -0.10173652311385440638441203768092E+01
0.10654007350299346637516625156423E+01 -0.10243906146838659198545570999078E+01
0.10701057925721291261753295195724E+01 -0.10313132678515151435735049553537E+01
0.10747975869002480297028604764121E+01 -0.10381389746796791417163557603815E+01
0.10794745832300456252662649895513E+01 -0.10448727091706980076310258897814E+01
0.10841353688271982848371807988884E+01 -0.10515187761833934947350051341651E+01
0.10887786386750196461068777187104E+01 -0.10580809238183256180683335626420E+01
0.10934031837422226612057142437410E+01 -0.10645624326265298497193825290225E+01
0.10980078806006443518415559323367E+01 -0.10709661876489047290788796695801E+01
0.11025916824727367908728089368871E+01 -0.10772947369830776825786318348418E+01
0.11071536114067678189876730405109E+01 -0.10835503398644560811353305141465E+01
0.11116927514441549473559776711429E+01 -0.10897350064354453419411925225136E+01
0.11162082426261820040084492208935E+01 -0.10958505308864386790905811565303E+01
0.11206992757239663387180112491206E+01 -0.11018985192580642957068407445564E+01
0.11251650875897189888336275605024E+01 -0.11078804129113757194746163292288E+01
0.11296049570444987655698347997883E+01 -0.11137975084560146137716870649272E+01
0.11340182012302411211058537562409E+01 -0.11196509747626350992489514082798E+01
0.11384041723648990245595789785241E+01 -0.11254418675596627050830199551898E+01
0.11427622548485872615117910725616E+01 -0.11311711420167362703569861386165E+01
0.11470918626762591572462517179993E+01 -0.11368396636407456859894756829384E+01
0.11513924371188353914516698759505E+01 -0.11424482177501800241029812356915E+01
0.11556634446400835372644815668619E+01 -0.11479975177457289007071295308666E+01
0.11599043750210860462740658420101E+01 -0.11534882123569169018622045957412E+01
0.11641147396679707570260356974054E+01 -0.11589208920138668811626242904360E+01
0.11682940700818355177777231629103E+01 -0.11642960944684664581570790143129E+01
0.11724419164725670551007687375195E+01 -0.11696143097690216099570011648584E+01
0.11765578465006191919232093882278E+01 -0.11748759846759651925910769652819E+01
0.11806414441328357762541931150082E+01 -0.11800815265926110584073749919132E+01
0.11846923086001395883842347990357E+01 -0.11852313070737286521983033688402E+01
0.11887100534464005782461580097541E+01 -0.11903256649654035440158250733169E+01
0.11926943056590835208660086451705E+01 -0.11953649092218911557447589212389E+01
0.11966447048733887993003849202436E+01 -0.12003493214386745131177267058558E+01
0.12005609026425648975672099450569E+01 -0.12052791581354793143247914849530E+01
0.12044425617679094994108849474890E+01 -0.12101546528183943416885423348819E+01
0.12082893556827074861291858161654E+01 -0.12149760178463460835929061933303E+01
0.12121009678849905665045790686264E+01 -0.12197434461238645035397380235178E+01
0.12158770914145636290943644685631E+01 -0.12244571126392514475105570969049E+01
0.12196174283702301254722791952222E+01 -0.12291171758648501093757827841643E+01
0.12233216894635807214366980557499E+01 -0.12337237790340394365180852820082E+01
0.12269895936060882705374865575688E+01 -0.12382770513077974277590658872347E+01
0.12306208675265850305819133207550E+01 -0.12427771088421370558266665231803E+01
0.12342152454164960490852250524084E+01 -0.12472240557663890976794040742027E+01
0.12377724686004626320880751553003E+01 -0.12516179850811512150765831736612E+01
0.12412922852302229215705226381786E+01 -0.12559589794837186045353663978057E+01
0.12447744499998235668014279159485E+01 -0.12602471121279368932979072911549E+01
0.12482187238804197965220409357515E+01 -0.12644824473246525077851360458110E+01
0.12516248738730859695649366043483E+01 -0.12686650411882659967082290290863E+01
0.12549926727782050384980806783201E+01 -0.12727949422343064918968029204435E+01
0.12583218989801362953826725650571E+01 -0.12768721919324267757996567447484E+01
0.12616123362459798945241853335384E+01 -0.12808968252187646344598605969076E+01
0.12648637735373597526960715773025E+01 -0.12848688709712112741206891384079E+01
0.12680760048342438313521967779044E+01 -0.12887883524507730848639063029883E+01
0.12712488289699052253768131528234E+01 -0.12926552877118959727505050576871E+01
0.12743820494762041214563469186652E+01 -0.12964696899843413580155286803132E+01
0.12774754744384411354323522129232E+01 -0.13002315680289538471931900507764E+01
0.12805289163590950038029131488593E+01 -0.13039409264694363441807351082820E+01
0.12835421920298145456195304768971E+01 -0.13075977661020521809437546509912E+01
0.12865151224110863785980823225204E+01 -0.13112020841849942154192879732412E+01
0.12894475325190468666425303452115E+01 -0.13147538747090025990845445943318E+01
0.12923392513189492154571389594473E+01 -0.13182531286506706644366972509095E+01
0.12951901116248350626525998472041E+01 -0.13216998342097491844773574197496E+01
0.12979999500049956172973866148800E+01 -0.13250939770316449164444435574266E+01
0.13007686066928392944025336246757E+01 -0.13284355404162052587191367880861E+01
0.13034959255028114974423320757129E+01 -0.13317245055137864240642799469537E+01
0.13061817537510403737482731798275E+01 -0.13349608515095196182521614512757E+01
0.13088259421804054582895401704770E+01 -0.13381445557966110532523341277848E+01
0.13114283448897490228028799421675E+01 -0.13412755941394440673414237200282E+01
0.13139888192669708533580591382170E+01 -0.13443539408271879146382532042673E+01
0.13165072259257656936081266356085E+01 -0.13473795688185610988521085138926E+01
0.13189834286457796008895655405440E+01 -0.13503524498783449660971375049823E+01
0.13214172943159779534713628839894E+01 -0.13532725547061963636278872174219E+01
0.13238086928810319730454876951567E+01 -0.13561398530582652032794016773109E+01
0.13261574972905448231060408690671E+01 -0.13589543138620834040940080492332E+01
0.13284635834509492311623661830917E+01 -0.13617159053251561022231808399744E+01
0.13307268301799222142635011581921E+01 -0.13644245950376531977488573780677E+01
0.13329471191631709810438228437353E+01 -0.13670803500695693467117330325241E+01
0.13351243349134552156228447775312E+01 -0.13696831370626933918632862390444E+01
0.13372583647317193917713491981505E+01 -0.13722329223177029418539246383361E+01
0.13393490986702170688879665066469E+01 -0.13747296718766763109750687339646E+01
0.13413964294975174176686989478953E+01 -0.13771733516012940365970134346452E+01
0.13434002526652905951111320296600E+01 -0.13795639272469814038095958259700E+01
0.13453604662767760757597000075622E+01 -0.13819013645332263698393998800976E+01
0.13472769710568433821202850906528E+01 -0.13841856292102906100217665676468E+01
0.13491496703235610970637806491066E+01 -0.13864166871225157947768257883861E+01
0.13509784699611956099125929926824E+01 -0.13885945042684139139518992641793E+01
0.13527632783945641844611286092373E+01 -0.13907190468577167284871967602621E+01
0.13545040065646747466722940241926E+01 -0.13927902813655478990585565618407E+01
0.13562005679055855999144630709057E+01 -0.13948081745838705741733767769490E+01
0.13578528783224253292697261953219E+01 -0.13967726936703516409257706836000E+01
0.13594608561705147222105614038615E+01 -0.13986838061947762641385542698064E+01
0.13610244222355373220161025727106E+01 -0.14005414801831356231133891676610E+01
0.13625434997147081499611397393434E+01 -0.14023456841595039627657025079512E+01
0.13640180141988929822063573847977E+01 -0.14040963871858126317720244446701E+01
0.13654478936556337378841891316443E+01 -0.14057935588996218444897465436660E+01
0.13668330684130383051818229339874E+01 -0.14074371695499848166906811415610E+01
0.13681734711444952867892815951704E+01 -0.14090271900314918809400673012619E+01
0.13694690368541769575187800712275E+01 -0.14105635919165773503443929992427E+01
0.13707197028632956969519631159269E+01 -0.14120463474861657538368724005917E+01
0.13719254087970813220970070252702E+01 -0.14134754297587295295868342211821E+01
0.13730860965724488966534282470323E+01 -0.14148508125178258968903460169659E+01
0.13742017103863281757822194967820E+01 -0.14161724703381747697665423387746E+01
0.13752721967046278700137647554300E+01 -0.14174403786103377643801050916075E+01
0.13762975042518095449518011107226E+01 -0.14186545135640520456116530636739E+01
0.13772775840010472807686157952439E+01 -0.14198148522902710589114046787175E+01
0.13782123891649512474857143469289E+01 -0.14209213727619596006494938084535E+01
0.13791018751868341584799613255873E+01 -0.14219740538536879254819840612918E+01
0.13799459997325014043273159921076E+01 -0.14229728753600665642893778650523E+01
0.13807447226825467044349323648943E+01 -0.14239178180130603674765186698809E+01
0.13814980061251363145416699775867E+01 -0.14248088634982178643385198576920E+01
0.13822058143492661448533429814633E+01 -0.14256459944698494036193245252368E+01
0.13828681138384769729303035487596E+01 -0.14264291945651849306519497022781E+01
0.13834848732650139923586753224583E+01 -0.14271584484175404415531330040205E+01
0.13840560634844166748423230464903E+01 -0.14278337416685205763496075724186E+01
0.13845816575305189531509540258884E+01 -0.14284550609792887742257229998459E+01
0.13850616306106641907398271469036E+01 -0.14290223940410838748693581464437E+01
0.13853562564239257987066485416715E+01 -0.14293706181118730737110443839221E+01
0.13856305899832808730222790368212E+01 -0.14296948401846398369987704773622E+01
0.13858846255501963814529237250822E+01 -0.14299950573847449376657254777148E+01
0.13861183578101799506714475190986E+01 -0.14302712670489818304778117775965E+01
0.13863317818760678754639399872827E+01 -0.14305234667233478324623163435858E+01
0.13865350573988519614638873791124E+01 -0.14307636642086981352212140223764E+01
0.13867383470733893736711128849601E+01 -0.14310038688395079691787373712611E+01
0.13869416508976633442268547820902E+01 -0.14312440806203852273517660511336E+01
0.13871449688696371892974870181946E+01 -0.14314842995559514026752130673764E+01
0.13873483009872998062927990038088E+01 -0.14317245256508030653972112424746E+01
0.13871449688696371892974870181946E+01 -0.14314842995559514026752130673764E+01
0.13869416508976633442268547820902E+01 -0.14312440806203852273517660511336E+01
0.13867383470733893736711128849601E+01 -0.14310038688395079691787373712611E+01
0.13865350573988519614638873791124E+01 -0.14307636642086981352212140223764E+01
0.13863317818760678754639399872827E+01 -0.14305234667233478324623163435858E+01
0.13861183578101799506714475190986E+01 -0.14302712670489818304778117775965E+01
0.13858846255501963814529237250822E+01 -0.14299950573847449376657254777148E+01
0.13856305899832808730222790368212E+01 -0.14296948401846398369987704773622E+01
0.13853562564239257987066485416715E+01 -0.14293706181118730737110443839221E+01
0.13850616306106641907398271469036E+01 -0.14290223940410838748693581464437E+01
0.13845816575305189531509540258884E+01 -0.14284550609792887742257229998459E+01
0.13840560634844166748423230464903E+01 -0.14278337416685205763496075724186E+01
0.13834848732650139923586753224583E+01 -0.14271584484175404415531330040205E+01
0.13828681138384769729303035487596E+01 -0.14264291945651849306519497022781E+01
0.13822058143492661448533429814633E+01 -0.14256459944698494036193245252368E+01
0.13814980061251363145416699775867E+01 -0.14248088634982178643385198576920E+01
0.13807447226825467044349323648943E+01 -0.14239178180130603674765186698809E+01
0.13799459997325014043273159921076E+01 -0.14229728753600665642893778650523E+01
0.13791018751868341584799613255873E+01 -0.14219740538536879254819840612918E+01
0.13782123891649512474857143469289E+01 -0.14209213727619596006494938084535E+01
0.13772775840010472807686157952439E+01 -0.14198148522902710589114046787175E+01
0.13762975042518095449518011107226E+01 -0.14186545135640520456116530636739E+01
0.13752721967046278700137647554300E+01 -0.14174403786103377643801050916075E+01
0.13742017103863281757822194967820E+01 -0.14161724703381747697665423387746E+01
0.13730860965724488966534282470323E+01 -0.14148508125178258968903460169659E+01
0.13719254087970813220970070252702E+01 -0.14134754297587295295868342211821E+01
0.13707197028632956969519631159269E+01 -0.14120463474861657538368724005917E+01
0.13694690368541769575187800712275E+01 -0.14105635919165773503443929992427E+01
0.13681734711444952867892815951704E+01 -0.14090271900314918809400673012619E+01
0.13668330684130383051818229339874E+01 -0.14074371695499848166906811415610E+01
0.13654478936556337378841891316443E+01 -0.14057935588996218444897465436660E+01
0.13640180141988929822063573847977E+01 -0.14040963871858126317720244446701E+01
0.13625434997147081499611397393434E+01 -0.14023456841595039627657025079512E+01
0.13610244222355373220161025727106E+01 -0.14005414801831356231133891676610E+01
0.13594608561705147222105614038615E+01 -0.13986838061947762641385542698064E+01
0.13578528783224253292697261953219E+01 -0.13967726936703516409257706836000E+01
0.13562005679055855999144630709057E+01 -0.13948081745838705741733767769490E+01
0.13545040065646747466722940241926E+01 -0.13927902813655478990585565618407E+01
0.13527632783945641844611286092373E+01 -0.13907190468577167284871967602621E+01
0.13509784699611956099125929926824E+01 -0.13885945042684139139518992641793E+01
0.13491496703235610970637806491066E+01 -0.13864166871225157947768257883861E+01
0.13472769710568433821202850906528E+01 -0.13841856292102906100217665676468E+01
0.13453604662767760757597000075622E+01 -0.13819013645332263698393998800976E+01
0.13434002526652905951111320296600E+01 -0.13795639272469814038095958259700E+01
0.13413964294975174176686989478953E+01 -0.13771733516012940365970134346452E+01
0.13393490986702170688879665066469E+01 -0.13747296718766763109750687339646E+01
0.13372583647317193917713491981505E+01 -0.13722329223177029418539246383361E+01
0.13351243349134552156228447775312E+01 -0.13696831370626933918632862390444E+01
0.13329471191631709810438228437353E+01 -0.13670803500695693467117330325241E+01
0.13307268301799222142635011581921E+01 -0.13644245950376531977488573780677E+01
0.13284635834509492311623661830917E+01 -0.13617159053251561022231808399744E+01
0.13261574972905448231060408690671E+01 -0.13589543138620834040940080492332E+01
0.13238086928810319730454876951567E+01 -0.13561398530582652032794016773109E+01
0.13214172943159779534713628839894E+01 -0.13532725547061963636278872174219E+01
0.13189834286457796008895655405440E+01 -0.13503524498783449660971375049823E+01
0.13165072259257656936081266356085E+01 -0.13473795688185610988521085138926E+01
0.13139888192669708533580591382170E+01 -0.13443539408271879146382532042673E+01
0.13114283448897490228028799421675E+01 -0.13412755941394440673414237200282E+01
0.13088259421804054582895401704770E+01 -0.13381445557966110532523341277848E+01
0.13061817537510403737482731798275E+01 -0.13349608515095196182521614512757E+01
0.13034959255028114974423320757129E+01 -0.13317245055137864240642799469537E+01
0.13007686066928392944025336246757E+01 -0.13284355404162052587191367880861E+01
0.12979999500049956172973866148800E+01 -0.13250939770316449164444435574266E+01
0.12951901116248350626525998472041E+01 -0.13216998342097491844773574197496E+01
0.12923392513189492154571389594473E+01 -0.13182531286506706644366972509095E+01
0.12894475325190468666425303452115E+01 -0.13147538747090025990845445943318E+01
0.12865151224110863785980823225204E+01 -0.13112020841849942154192879732412E+01
0.12835421920298145456195304768971E+01 -0.13075977661020521809437546509912E+01
0.12805289163590950038029131488593E+01 -0.13039409264694363441807351082820E+01
0.12774754744384411354323522129232E+01 -0.13002315680289538471931900507764E+01
0.12743820494762041214563469186652E+01 -0.12964696899843413580155286803132E+01
0.12712488289699052253768131528234E+01 -0.12926552877118959727505050576871E+01
0.12680760048342438313521967779044E+01 -0.12887883524507730848639063029883E+01
0.12648637735373597526960715773025E+01 -0.12848688709712112741206891384079E+01
0.12616123362459798945241853335384E+01 -0.12808968252187646344598605969076E+01
0.12583218989801362953826725650571E+01 -0.12768721919324267757996567447484E+01
0.12549926727782050384980806783201E+01 -0.12727949422343064918968029204435E+01
0.12516248738730859695649366043483E+01 -0.12686650411882659967082290290863E+01
0.12482187238804197965220409357515E+01 -0.12644824473246525077851360458110E+01
0.12447744499998235668014279159485E+01 -0.12602471121279368932979072911549E+01
0.12412922852302229215705226381786E+01 -0.12559589794837186045353663978057E+01
0.12377724686004626320880751553003E+01 -0.12516179850811512150765831736612E+01
0.12342152454164960490852250524084E+01 -0.12472240557663890976794040742027E+01
0.12306208675265850305819133207550E+01 -0.12427771088421370558266665231803E+01
0.12269895936060882705374865575688E+01 -0.12382770513077974277590658872347E+01
0.12233216894635807214366980557499E+01 -0.12337237790340394365180852820082E+01
0.12196174283702301254722791952222E+01 -0.12291171758648501093757827841643E+01
0.12158770914145636290943644685631E+01 -0.12244571126392514475105570969049E+01
0.12121009678849905665045790686264E+01 -0.12197434461238645035397380235178E+01
0.12082893556827074861291858161654E+01 -0.12149760178463460835929061933303E+01
0.12044425617679094994108849474890E+01 -0.12101546528183943416885423348819E+01
0.12005609026425648975672099450569E+01 -0.12052791581354793143247914849530E+01
0.11966447048733887993003849202436E+01 -0.12003493214386745131177267058558E+01
0.11926943056590835208660086451705E+01 -0.11953649092218911557447589212389E+01
0.11887100534464005782461580097541E+01 -0.11903256649654035440158250733169E+01
0.11846923086001395883842347990357E+01 -0.11852313070737286521983033688402E+01
0.11806414441328357762541931150082E+01 -0.11800815265926110584073749919132E+01
0.11765578465006191919232093882278E+01 -0.11748759846759651925910769652819E+01
0.11724419164725670551007687375195E+01 -0.11696143097690216099570011648584E+01
0.11682940700818355177777231629103E+01 -0.11642960944684664581570790143129E+01
0.11641147396679707570260356974054E+01 -0.11589208920138668811626242904360E+01
0.11599043750210860462740658420101E+01 -0.11534882123569169018622045957412E+01
0.11556634446400835372644815668619E+01 -0.11479975177457289007071295308666E+01
0.11513924371188353914516698759505E+01 -0.11424482177501800241029812356915E+01
0.11470918626762591572462517179993E+01 -0.11368396636407456859894756829384E+01
0.11427622548485872615117910725616E+01 -0.11311711420167362703569861386165E+01
0.11384041723648990245595789785241E+01 -0.11254418675596627050830199551898E+01
0.11340182012302411211058537562409E+01 -0.11196509747626350992489514082798E+01
0.11296049570444987655698347997883E+01 -0.11137975084560146137716870649272E+01
0.11251650875897189888336275605024E+01 -0.11078804129113757194746163292288E+01
0.11206992757239663387180112491206E+01 -0.11018985192580642957068407445564E+01
0.11162082426261820040084492208935E+01 -0.10958505308864386790905811565303E+01
0.11116927514441549473559776711429E+01 -0.10897350064354453419411925225136E+01
0.11071536114067678189876730405109E+01 -0.10835503398644560811353305141465E+01
0.11025916824727367908728089368871E+01 -0.10772947369830776825786318348418E+01
0.10980078806006443518415559323367E+01 -0.10709661876489047290788796695801E+01
0.10934031837422226612057142437410E+01 -0.10645624326265298497193825290225E+01
0.10887786386750196461068777187104E+01 -0.10580809238183256180683335626420E+01
0.10841353688271982848371807988884E+01 -0.10515187761833934947350051341651E+01
0.10794745832300456252662649895513E+01 -0.10448727091706980076310258897814E+01
0.10747975869002480297028604764121E+01 -0.10381389746796791417163557603815E+01
0.10701057925721291261753295195724E+01 -0.10313132678515151435735049553537E+01
0.10654007350299346637516625156423E+01 -0.10243906146838659198545570999078E+01
0.10606840853413720044579936962269E+01 -0.10173652311385440638441203768092E+01
0.10559576746565814502827915241822E+01 -0.10102303370832429310445133617713E+01
0.10512234990824460701284098106198E+01 -0.10029779293102523595915713304330E+01
0.10464837951557881858901125172660E+01 -0.99559843340275424186568222389928E+00
0.10417409091305165435112929109213E+01 -0.98808037992659686141843876734059E+00
0.10369978164108384739385273206408E+01 -0.98040951227151227265539459240744E+00
0.10322566159414910874732035692977E+01 -0.97256890321373275813880680810723E+00
0.10265761139011424712560029820804E+01 -0.96290357912924315080206597033125E+00
0.10209104817881329700419089823629E+01 -0.95291037052686862090907038085655E+00
0.10152669962244335462866836740055E+01 -0.94251733820855538493318955366605E+00
0.10096531647443859096173135201261E+01 -0.93161732570172017461070948392937E+00
0.10040760707063891068061792404161E+01 -0.92003787335548030786667609055530E+00
0.99882487682969061328489112268685E+00 -0.90815131565073268541103045780949E+00
0.99420943066922802229428766808529E+00 -0.89650452270896663246462730568081E+00
0.99027934577028610565708834830870E+00 -0.88509504619769372465056328986768E+00
0.98705720960300982090832922004479E+00 -0.87392429207135746911978629946106E+00
