0.14239243091767486353692983824223E+01 0.91460806806908599178210768570637E+00
0.14276249840251312786611181916841E+01 0.91050467728827590042740576635540E+00
0.14311440666810227521802982702824E+01 0.90666413670964941701754325977990E+00
0.14344598803377773901870988487290E+01 0.90309704243484274244023839111810E+00
0.14375553298049946301853655136534E+01 0.89981145194552935107727541030871E+00
0.14404126650278096522131836746491E+01 0.89681597762522895092352177641571E+00
0.14430291615243165020022217935927E+01 0.89410385086581605331951972589680E+00
0.14454550070579567591258105859527E+01 0.89161521479287040611146635749957E+00
0.14477333528208697840972180564993E+01 0.88930016897392028520136182020734E+00
0.14498928623529182003602019504137E+01 0.88712546095115745273586773977526E+00
0.14519537852294596457884198488407E+01 0.88506753323721114144997785468886E+00
0.14498928623529182003602019504137E+01 0.88712546095115745273586773977526E+00
0.14477333528208697840972180564993E+01 0.88930016897392028520136182020734E+00
0.14454550070579567591258105859527E+01 0.89161521479287040611146635749957E+00
0.14430291615243165020022217935927E+01 0.89410385086581605331951972589680E+00
0.14404126650278096522131836746491E+01 0.89681597762522895092352177641571E+00
0.14375553298049946301853655136534E+01 0.89981145194552935107727541030871E+00
0.14344598803377773901870988487290E+01 0.90309704243484274244023839111810E+00
0.14311440666810227521802982702824E+01 0.90666413670964941701754325977990E+00
0.14276249840251312786611181916841E+01 0.91050467728827590042740576635540E+00
0.14239243091767486353692983824223E+01 0.91460806806908599178210768570637E+00
0.14265587115248029020651880042265E+01 0.92206891933983978017702796657982E+00
0.14299098738022108840186540713409E+01 0.92950053775499611249825689489318E+00
0.14337099592741788533121916416080E+01 0.93700515990305233596836925138872E+00
0.14379823511171499761553201796046E+01 0.94455987376817337936182058374922E+00
0.14426935493030271057197769253963E+01 0.95216165756680695419053222794920E+00
0.14475709832924266137937265858791E+01 0.95946760298755017037473377444746E+00
0.14523812787438572696162951201729E+01 0.96625846308319930804085391406408E+00
0.14571360935078250881777209101146E+01 0.97265734069173880606279157402335E+00
0.14618396853870690434086440899968E+01 0.97874176127239193224409093106385E+00
0.14664942540149404087482437838580E+01 0.98456338589008629221679564153268E+00
0.14703347057752625296234250587736E+01 0.98924190219103025887564951893523E+00
0.14741405769483082702037246025019E+01 0.99378031273764486907902000182907E+00
0.14779112161580790944441877714904E+01 0.99819162218767180771129859137653E+00
0.14816459673426100308348739404552E+01 0.10024863086381704912422825436376E+01
0.14853441391213066287131860653373E+01 0.10066729829451880170669926995472E+01
0.14890050285572780300374684570643E+01 0.10107588158948627932337790280370E+01
0.14926279380294110171085045884727E+01 0.10147498462501513438360790610692E+01
0.14962121857343458389544698765012E+01 0.10186512090745372527867304439540E+01
0.14997571118531354179043510021506E+01 0.10224673083565181939486603002755E+01
0.15032620818959287306780570022624E+01 0.10262019497149387274595228308922E+01
0.15067264882327880499373505823264E+01 0.10298584439105437802664126654817E+01
0.15101497504695173771690884885955E+01 0.10334396886341997626648096210497E+01
0.15135313150988099660534825507553E+01 0.10369482338816267732053943640224E+01
0.15168706547085812459092411679588E+01 0.10403863347559560087882710118166E+01
0.15201672669325454807384396635374E+01 0.10437559945210167770523248861315E+01
0.15234206732644897158683874441610E+01 0.10470590000093763771290942445319E+01
0.15266304178156012683788752758144E+01 0.10502969509735843997101163187115E+01
0.15297960660661630802450060089803E+01 0.10534712845939526782754251250508E+01
0.15329172036441661427425523974342E+01 0.10565832960796645273600312375718E+01
0.15359934351508023020327648315800E+01 0.10596341560936772608463000536452E+01
0.15390243830443584244863447936835E+01 0.10626249255762159490288665056243E+01
0.15420096865883952204988417665383E+01 0.10655565684230085715317543714782E+01
0.15449490008663563927838788708995E+01 0.10684299623831109896718485285864E+01
0.15478419958623134873693098293642E+01 0.10712459084702918426091143515078E+01
0.15506883556060005055553513972180E+01 0.10740051391264661737130282506636E+01
0.15534877773793370636766790740310E+01 0.10767083253319006190299059138700E+01
0.15562399709811055221324611293586E+01 0.10793560828221412521807433059673E+01
0.15589446580461812591134684713677E+01 0.10819489775437966174688078863196E+01
0.15616015714156422279096368024439E+01 0.10844875304589142035431819235084E+01
0.15642104545541286992857467073033E+01 0.10869722217895490202851430067887E+01
0.15667710610109467650404150490184E+01 0.10894034947793473784808273153772E+01
0.15692831539215805465403000230151E+01 0.10917817590368680659780927137594E+01
0.15717465055464728814581443388397E+01 0.10941073935154021654242726085259E+01
0.15741608968441427849864138486880E+01 0.10963807491758127631124850055365E+01
0.15765261170759183908711108367907E+01 0.10986021513720702743778653725058E+01
0.15788419634397689667348241523738E+01 0.11007719019934431752193755900301E+01
0.15811082407309188426144219557958E+01 0.11028902813925153233558827193155E+01
0.15833247610271125936213091607953E+01 0.11049575501241708085419850305249E+01
0.15854913433965773577268006331415E+01 0.11069739505172830730674092455008E+01
0.15876078136268913465974447334980E+01 0.11089397080979589184720983152400E+01
0.15896740039731191249802836613200E+01 0.11108550328807330447166794482603E+01
0.15916897529237139123899867861413E+01 0.11127201205420135091333814112220E+01
0.15936549049828148903021421160861E+01 0.11145351534882833525821731061120E+01
0.15955693104676850939995036838490E+01 0.11163003018300227195509606052340E+01
0.15974328253201428082067259373885E+01 0.11180157242709878688623861591741E+01
0.15992453109309371484699131463936E+01 0.11196815689213357666761659296855E+01
0.16010066339761083510213173088638E+01 0.11212979740420892873861502285140E+01
0.16027166662644545328774517539519E+01 0.11228650687275746043522166914597E+01
0.16043752845953012096540508491072E+01 0.11243829735317098679347992060194E+01
0.16059823706258379846222502583094E+01 0.11258518010433681862439560509798E+01
0.16075378107473480733667687314010E+01 0.11272716564154628289915019448143E+01
0.16090414959697133543788560499279E+01 0.11286426378518986196059397631682E+01
0.16104933218136290932235691999728E+01 0.11299648370560896610957288023349E+01
0.16118931882100088053909932348214E+01 0.11312383396443535283172508214259E+01
0.16132409994061040265257548826868E+01 0.11324632255271460813495733186944E+01
0.16145366638779015884487159301918E+01 0.11336395692607959128666779889864E+01
0.16157800942483980506480093096725E+01 0.11347674403721264895663024470066E+01
0.16169712072113841732392328262853E+01 0.11358469036581121213932173555543E+01
0.16181099234603993698194688506115E+01 0.11368780194625020973414488603711E+01
0.16191961676225535957929918653063E+01 0.11378608439311462710210052468315E+01
0.16202298681969126785737827873138E+01 0.11387954292476119973447940068847E+01
0.16212109574972433264836557708159E+01 0.11396818238504449354134530374730E+01
0.16221393715987140519488493441311E+01 0.11405200726335324371849741139211E+01
0.16230150502888128991377797537374E+01 0.11413102171301897807860609187154E+01
0.16238379370208897290524417928761E+01 0.11420522956835515776522360272095E+01
0.16246079788741741566129067345059E+01 0.11427463435997321549646871443036E+01
0.16253251265084641088127039642779E+01 0.11433923932975102013165556216523E+01
0.16259893341468412382138210803835E+01 0.11439904744181080511075185806822E+01
0.16266005594903294579668316457635E+01 0.11445406140022853139984993204386E+01
0.16271587638382615921437793834421E+01 0.11450428364311039802265841695566E+01
0.16275014262895105283297953194085E+01 0.11453510418169606924755970464822E+01
0.16278204984519098012463878471737E+01 0.11456379664919908752154294060863E+01
0.16281159713744296880839956588169E+01 0.11459036159577810080322252618510E+01
0.16283878367875641231121829361935E+01 0.11461479952621126224712140604412E+01
0.16286360870916599789420377848562E+01 0.11463711090180008437114934699983E+01
0.16288725384460184013263468613582E+01 0.11465835848923248399549143303749E+01
0.16291090117324950939337503499222E+01 0.11467960477222992989950647738735E+01
0.16293455069401081998178330738417E+01 0.11470084975509331430252605634444E+01
0.16295820240493813168611133279896E+01 0.11472209344305912642293745747339E+01
0.16298185630674667348732854642956E+01 0.11474333583838887362593164293350E+01
0.16295820240493813168611133279896E+01 0.11472209344305912642293745747339E+01
0.16293455069401081998178330738417E+01 0.11470084975509331430252605634444E+01
0.16291090117324950939337503499222E+01 0.11467960477222992989950647738735E+01
0.16288725384460184013263468613582E+01 0.11465835848923248399549143303749E+01
0.16286360870916599789420377848562E+01 0.11463711090180008437114934699983E+01
0.16283878367875641231121829361935E+01 0.11461479952621126224712140604412E+01
0.16281159713744296880839956588169E+01 0.11459036159577810080322252618510E+01
0.16278204984519098012463878471737E+01 0.11456379664919908752154294060863E+01
0.16275014262895105283297953194085E+01 0.11453510418169606924755970464822E+01
0.16271587638382615921437793834421E+01 0.11450428364311039802265841695566E+01
0.16266005594903294579668316457635E+01 0.11445406140022853139984993204386E+01
0.16259893341468412382138210803835E+01 0.11439904744181080511075185806822E+01
0.16253251265084641088127039642779E+01 0.11433923932975102013165556216523E+01
0.16246079788741741566129067345059E+01 0.11427463435997321549646871443036E+01
0.16238379370208897290524417928761E+01 0.11420522956835515776522360272095E+01
0.16230150502888128991377797537374E+01 0.11413102171301897807860609187154E+01
0.16221393715987140519488493441311E+01 0.11405200726335324371849741139211E+01
0.16212109574972433264836557708159E+01 0.11396818238504449354134530374730E+01
0.16202298681969126785737827873138E+01 0.11387954292476119973447940068847E+01
0.16191961676225535957929918653063E+01 0.11378608439311462710210052468315E+01
0.16181099234603993698194688506115E+01 0.11368780194625020973414488603711E+01
0.16169712072113841732392328262853E+01 0.11358469036581121213932173555543E+01
0.16157800942483980506480093096725E+01 0.11347674403721264895663024470066E+01
0.16145366638779015884487159301918E+01 0.11336395692607959128666779889864E+01
0.16132409994061040265257548826868E+01 0.11324632255271460813495733186944E+01
0.16118931882100088053909932348214E+01 0.11312383396443535283172508214259E+01
0.16104933218136290932235691999728E+01 0.11299648370560896610957288023349E+01
0.16090414959697133543788560499279E+01 0.11286426378518986196059397631682E+01
0.16075378107473480733667687314010E+01 0.11272716564154628289915019448143E+01
0.16059823706258379846222502583094E+01 0.11258518010433681862439560509798E+01
0.16043752845953012096540508491072E+01 0.11243829735317098679347992060194E+01
0.16027166662644545328774517539519E+01 0.11228650687275746043522166914597E+01
0.16010066339761083510213173088638E+01 0.11212979740420892873861502285140E+01
0.15992453109309371484699131463936E+01 0.11196815689213357666761659296855E+01
0.15974328253201428082067259373885E+01 0.11180157242709878688623861591741E+01
0.15955693104676850939995036838490E+01 0.11163003018300227195509606052340E+01
0.15936549049828148903021421160861E+01 0.11145351534882833525821731061120E+01
0.15916897529237139123899867861413E+01 0.11127201205420135091333814112220E+01
0.15896740039731191249802836613200E+01 0.11108550328807330447166794482603E+01
0.15876078136268913465974447334980E+01 0.11089397080979589184720983152400E+01
0.15854913433965773577268006331415E+01 0.11069739505172830730674092455008E+01
0.15833247610271125936213091607953E+01 0.11049575501241708085419850305249E+01
0.15811082407309188426144219557958E+01 0.11028902813925153233558827193155E+01
0.15788419634397689667348241523738E+01 0.11007719019934431752193755900301E+01
0.15765261170759183908711108367907E+01 0.10986021513720702743778653725058E+01
0.15741608968441427849864138486880E+01 0.10963807491758127631124850055365E+01
0.15717465055464728814581443388397E+01 0.10941073935154021654242726085259E+01
0.15692831539215805465403000230151E+01 0.10917817590368680659780927137594E+01
0.15667710610109467650404150490184E+01 0.10894034947793473784808273153772E+01
0.15642104545541286992857467073033E+01 0.10869722217895490202851430067887E+01
0.15616015714156422279096368024439E+01 0.10844875304589142035431819235084E+01
0.15589446580461812591134684713677E+01 0.10819489775437966174688078863196E+01
0.15562399709811055221324611293586E+01 0.10793560828221412521807433059673E+01
0.15534877773793370636766790740310E+01 0.10767083253319006190299059138700E+01
0.15506883556060005055553513972180E+01 0.10740051391264661737130282506636E+01
0.15478419958623134873693098293642E+01 0.10712459084702918426091143515078E+01
0.15449490008663563927838788708995E+01 0.10684299623831109896718485285864E+01
0.15420096865883952204988417665383E+01 0.10655565684230085715317543714782E+01
0.15390243830443584244863447936835E+01 0.10626249255762159490288665056243E+01
0.15359934351508023020327648315800E+01 0.10596341560936772608463000536452E+01
0.15329172036441661427425523974342E+01 0.10565832960796645273600312375718E+01
0.15297960660661630802450060089803E+01 0.10534712845939526782754251250508E+01
0.15266304178156012683788752758144E+01 0.10502969509735843997101163187115E+01
0.15234206732644897158683874441610E+01 0.10470590000093763771290942445319E+01
0.15201672669325454807384396635374E+01 0.10437559945210167770523248861315E+01
0.15168706547085812459092411679588E+01 0.10403863347559560087882710118166E+01
0.15135313150988099660534825507553E+01 0.10369482338816267732053943640224E+01
0.15101497504695173771690884885955E+01 0.10334396886341997626648096210497E+01
0.15067264882327880499373505823264E+01 0.10298584439105437802664126654817E+01
0.15032620818959287306780570022624E+01 0.10262019497149387274595228308922E+01
0.14997571118531354179043510021506E+01 0.10224673083565181939486603002755E+01
0.14962121857343458389544698765012E+01 0.10186512090745372527867304439540E+01
0.14926279380294110171085045884727E+01 0.10147498462501513438360790610692E+01
0.14890050285572780300374684570643E+01 0.10107588158948627932337790280370E+01
0.14853441391213066287131860653373E+01 0.10066729829451880170669926995472E+01
0.14816459673426100308348739404552E+01 0.10024863086381704912422825436376E+01
0.14779112161580790944441877714904E+01 0.99819162218767180771129859137653E+00
0.14741405769483082702037246025019E+01 0.99378031273764486907902000182907E+00
0.14703347057752625296234250587736E+01 0.98924190219103025887564951893523E+00
0.14664942540149404087482437838580E+01 0.98456338589008629221679564153268E+00
0.14618396853870690434086440899968E+01 0.97874176127239193224409093106385E+00
0.14571360935078250881777209101146E+01 0.97265734069173880606279157402335E+00
0.14523812787438572696162951201729E+01 0.96625846308319930804085391406408E+00
0.14475709832924266137937265858791E+01 0.95946760298755017037473377444746E+00
0.14426935493030271057197769253963E+01 0.95216165756680695419053222794920E+00
0.14379823511171499761553201796046E+01 0.94455987376817337936182058374922E+00
0.14337099592741788533121916416080E+01 0.93700515990305233596836925138872E+00
0.14299098738022108840186540713409E+01 0.92950053775499611249825689489318E+00
0.14265587115248029020651880042265E+01 0.92206891933983978017702796657982E+00
0.14239243091767486353692983824223E+01 0.91460806806908599178210768570637E+00
0.14161454676506006034813855266667E+01 0.91277587302860019052189736131695E+00
0.14080807840208724717064110130839E+01 0.91038965292947883086730406985101E+00
0.13996797894196729013560915811440E+01 0.90751050015531618870269016931489E+00
0.13909195364995007764809505157114E+01 0.90412985536830939288639846614132E+00
0.13817727389321833753516170500426E+01 0.90026304987076171447321707199315E+00
0.13726502060292820997269399088978E+01 0.89611830175065045515873813606722E+00
0.13638620643571808151414712056409E+01 0.89189908069907983963718330591391E+00
0.13552934090439160117057000209194E+01 0.88760491357256609040583316963483E+00
0.13468734897022846143578577170638E+01 0.88323735266110157191520494220161E+00
0.13385552344177086494235021897234E+01 0.87879879565312571411218094542440E+00
0.13316773262022778893449826007038E+01 0.87504684876161175111109309012686E+00
0.13248325177472519671849404099671E+01 0.87124919834714394644929384933330E+00
0.13180101125599263527277888279802E+01 0.86740632975833885029826639519453E+00
0.13112010714420905573309034638419E+01 0.86351969039735056210253785253710E+00
0.13043982230372806269746020408305E+01 0.85959030460377235763485142136449E+00
0.12975956225322682963122562955877E+01 0.85561922534441243938850434016510E+00
0.12907883540590436871155152374049E+01 0.85160739153899833484225644710000E+00
0.12839722943980431816570332884918E+01 0.84755568332384190422117362538241E+00
0.12771439655551224917348365610877E+01 0.84346491273168788352101377637362E+00
0.12703004117590846841398517929155E+01 0.83933583539404343285906391728088E+00
0.12634391074628690680105663405923E+01 0.83516915473264671003885479489995E+00
0.12565578838829783275617954472773E+01 0.83096552791762791889319078998738E+00
0.12496548709805103243823658934098E+01 0.82672557051233362233439563500800E+00
0.12427284507187948197635967698854E+01 0.82244986085044040962587376186000E+00
0.12357772191957687046829097354431E+01 0.81813894385323419415041786138265E+00
0.12287999556494768179751445794160E+01 0.81379333444486993843083580025005E+00
0.12217955969038552892088785445882E+01 0.80941352057575336217458115235351E+00
0.12147632161398546526832330267782E+01 0.80499996590990233429321322436506E+00
0.12077020051423474300385361259564E+01 0.80055311221223393469234936796779E+00
0.12006112593600509571758332189266E+01 0.79607338147285623857275016360938E+00
0.11934903652597332629701928108899E+01 0.79156117779961100842908826756278E+00
0.11863387895642274508834494271762E+01 0.78701688910688513900359831357925E+00
0.11791560700472234998278043280711E+01 0.78244088862506302915310307378051E+00
0.11719418076222480976489738132556E+01 0.77783353625197736654403951039079E+00
0.11646956595135780413932467802616E+01 0.77319517976498293044093033086510E+00
0.11574173333363936311644870662321E+01 0.76852615590991042560686646556803E+00
0.11501065819448251272679814395331E+01 0.76382679138108942864323949147423E+00
0.11427631989315368171221071847837E+01 0.75909740370483305518364689209301E+00
0.11353870146825555095204422205283E+01 0.75433830203722136462066349960540E+00
0.11279778929072480386617147226987E+01 0.74954978788566971476329551560630E+00
0.11205357275765058868904626826644E+01 0.74473215576259986087923380898735E+00
0.11130604402129359663751239104079E+01 0.73988569377851622869824368158863E+00
0.11055519774856686132410347437394E+01 0.73501068418091129687232922071515E+00
0.10980103090696637606694222835254E+01 0.73010740384465793037794206964930E+00
0.10904354257354158543755358082715E+01 0.72517612471888247287357951848372E+00
0.10828273376399682555437814799903E+01 0.72021711423473258372049012908358E+00
0.10751860727943356648599251748927E+01 0.71523063567794860701442268828889E+00
0.10675116756859427675776761215320E+01 0.71021694852970540514179695440465E+00
0.10598042060376466763698958653266E+01 0.70517630877880561112092930036342E+00
0.10520637376874085625736951569903E+01 0.70010896920796516316329729516829E+00
0.10442903575748013719483910354345E+01 0.69501517965663664730877035301665E+00
0.10364841648223430637311405588443E+01 0.68989518726255127122048917903359E+00
0.10286452699011851231275476381274E+01 0.68474923668393267217357024611305E+00
0.10207737938720060275194482861084E+01 0.67957757030413052885576377028522E+00
0.10128698676930894819328139448214E+01 0.67438042842024158183577061590169E+00
0.10049336315885451452054056383176E+01 0.66915804941712914256015750905442E+00
0.99696523447047032361929659524459E+00 0.66391066992810708592757010024590E+00
0.98896483340958111797953309341044E+00 0.65863852498343212200834828937032E+00
0.98093259314947491913706086374385E+00 0.65334184814763506039838779693908E+00
0.97286868566023655467963024352405E+00 0.64802087164662206403843957941466E+00
0.96477328972758176413958363793283E+00 0.64267582648538953391548168716972E+00
0.95664659057415138064384601714219E+00 0.63730694255711546583597267696691E+00
0.94848877950993763358743590316114E+00 0.63191444874432021574279503164944E+00
0.94030005360914826604841120957259E+00 0.62649857301272628494302685316755E+00
0.93208061541109686119253212098391E+00 0.62105954249838744716447852119511E+00
0.92383067264295990479691581240248E+00 0.61559758358861058477858787146718E+00
0.91555043796246251681699451816659E+00 0.61011292199714281943036989999295E+00
0.90724012871874976391690724663846E+00 0.60460578283405802962742203506261E+00
0.89889996672987503214969346647588E+00 0.59907639067073838471033763995764E+00
0.89053017807549112845364703561519E+00 0.59352496960031293456763531746806E+00
0.88213099290346709393616686931695E+00 0.58795174329388446745167565181087E+00
0.87370264524927551657186645104000E+00 0.58235693505284790977925299368151E+00
0.86524537286710489829398917809846E+00 0.57674076785757976943406048632857E+00
0.85675941707174923794047511700820E+00 0.57110346441275346310234809122176E+00
0.84824502259041342623416212478178E+00 0.56544524718951601935972367268054E+00
0.83970243742365277510161008837856E+00 0.55976633846474285368330167105670E+00
0.83113191271473436426484825114239E+00 0.55406696035756914614330053428571E+00
0.82253370262677078899092968179630E+00 0.54834733486338176273517318662415E+00
0.81390806422703551564502694329461E+00 0.54260768388544166196428405572799E+00
0.80525525737791821381495702945158E+00 0.53684822926429192228979627731251E+00
0.79657554463402623260166781862739E+00 0.53106919280509730652342090147532E+00
0.78786919114497977989098586016315E+00 0.52527079630304837320290721573244E+00
0.77913646456348649061036327384032E+00 0.51945326156695387884176809693189E+00
0.77037763495831464717168242632011E+00 0.51361681044113614741565434575346E+00
0.76159297473181639194654262708442E+00 0.50776166482573629240899088399730E+00
0.75278275854168013556039729833857E+00 0.50188804669552701915209498300036E+00
0.74394726322661726755747219706149E+00 0.49599617811732555925446125989495E+00
0.73508676773571089145106937032179E+00 0.49008628126609044952043272776306E+00
0.72620155306117651889595089550564E+00 0.48415857843978357587487308986519E+00
0.71729190217430442393648796973138E+00 0.47821329207306837894681219233402E+00
0.70835809996436942004044777565198E+00 0.47225064474991542440015473095894E+00
0.69940043318031165159940602873971E+00 0.46627085921517716220145965807434E+00
0.69041919037500629180686327838803E+00 0.46027415838519290056711954107223E+00
0.68141466185195346221996068606475E+00 0.45426076535747932296262358482529E+00
0.67238713961423242451177506221188E+00 0.44823090341955743229715609980103E+00
0.66333691731557499981448302417869E+00 0.44218479605696650788361048495522E+00
0.65426429021342435474109063509967E+00 0.43612266696050807687972442220430E+00
0.64516955512385416550958417952939E+00 0.43004474003276456035732962366352E+00
0.63605301037823341744846900598018E+00 0.42395123939393131508873331496846E+00
0.62691495578152765578257467477528E+00 0.41784238938699770685753362196130E+00
0.61775569257213797881371239665413E+00 0.41171841458231692967284295075996E+00
0.60857552338318435236609145729727E+00 0.40557953978159021839624092021898E+00
0.59937475220514545744443716936173E+00 0.39942599002130364844274302939374E+00
0.59015368434977612096450326232693E+00 0.39325799057564022858792794807262E+00
0.58091262641522471202596199762789E+00 0.38707576695889813953501153750075E+00
0.57165188625228223921979415738788E+00 0.38087954492743926149560831662548E+00
0.56237177293169553832264925945239E+00 0.37466955048119147763871763477215E+00
0.55307259671248429042991230387065E+00 0.36844600986472840209260769399221E+00
0.54375466901120464460718357784299E+00 0.36220914956794706217377541270919E+00
0.53441830237210467978850869340351E+00 0.35595919632636331630628081590375E+00
0.52506381043812224927930563119189E+00 0.34969637712104459051989045121961E+00
0.51569150792267810291083912162534E+00 0.34342091917819687784953579134990E+00
0.50630171058221987268256018277225E+00 0.33713304996842366733023319498874E+00
0.49689473518947623563759636377482E+00 0.33083299720567139473835346236948E+00
0.48747089950738103758770149234287E+00 0.32452098884587758784077539441883E+00
0.47803052226363345345103732141038E+00 0.31819725308533514750712106057065E+00
0.46857392312585736395124900930679E+00 0.31186201835878626380958234664237E+00
0.45910142267732958898878085987615E+00 0.30551551333725831848820586404320E+00
0.44961334239324700127521156539983E+00 0.29915796692565447989612085077988E+00
0.44011000461750228626920887286530E+00 0.29278960826010929581082115609598E+00
0.43059173253994440725264457954041E+00 0.28641066670512056033616877722814E+00
0.42105885017409638837753482869309E+00 0.28002137185046784067513785606333E+00
0.41151168233530808427007729011031E+00 0.27362195350792657161710040566995E+00
0.40195055461932168273282028871723E+00 0.26721264170778750324117714776063E+00
0.39237579338122806535304232946544E+00 0.26079366669518965785188925890941E+00
0.38278772571479579248570060389481E+00 0.25436525892627562065304825129757E+00
0.37318667943215289301400228793753E+00 0.24792764906417608661291585656736E+00
0.36357298304380381843567372646981E+00 0.24148106797483175217534391835292E+00
0.35394696573896734613175086313559E+00 0.23502574672266027581517183467213E+00
0.34430895736621548646545403630070E+00 0.22856191656607253118033586382471E+00
0.33465928841440337172202344399273E+00 0.22208980895284803427973333294732E+00
0.32499828999387334808172233034185E+00 0.21560965551537212253929957886300E+00
0.31532629381792015847842233000762E+00 0.20912168806574349472176345872465E+00
0.30564363218450640210558486727052E+00 0.20262613859075637380170560693513E+00
0.29595063795821499731695515910552E+00 0.19612323924676156840219564831711E+00
0.28624764455242865922320916286779E+00 0.18961322235441425898254719452382E+00
0.27653498591172494053896286320061E+00 0.18309632039330994189468754245214E+00
0.26681299649447719695302172996849E+00 0.17657276599651524600303584278410E+00
0.25708201125565304455173693088922E+00 0.17004279194499853411183509101638E+00
0.24734236562979942164725974502357E+00 0.16350663116196108583118991510730E+00
0.23759439551420798431237283181458E+00 0.15696451670707766356293553967092E+00
0.22783843725225164518036953407331E+00 0.15041668177064585527358747587636E+00
0.21807482761688415551866282687552E+00 0.14386335966765037353306482310697E+00
0.20830390379429768443861881195385E+00 0.13730478383174541848191118015837E+00
0.19852600336772908733673565566970E+00 0.13074118780915771872765406827512E+00
0.18874146430141020268863300685413E+00 0.12417280525251402587631683126027E+00
0.17895062492465555694085626655598E+00 0.11759986991459596407369305646351E+00
0.16915382391608153084245721689715E+00 0.11102261564202537965618930749418E+00
0.15935140028795138637348333544089E+00 0.10444127636888264946651424406586E+00
0.14954369337064165654963820900294E+00 0.97856086110260609331054992579521E-01
0.13973104279722419194121168927584E+00 0.91267278955757384812870068389719E-01
0.12991378848816024337051760171964E+00 0.84675089062909905982999562173020E-01
0.12009227063609993904254805094137E+00 0.78079750650570669516709126659098E-01
0.11026682969078634921492912011636E+00 0.71481497992230183762836120301684E-01
0.10043780634405689424173987927364E+00 0.64880565409287324646716019004047E-01
0.90605541514940251136714545956463E-01 0.58277187264269360589271231577268E-01
0.80770376334844402990937880647553E-01 0.51671597954004715590128779612809E-01
0.70932652132832717628879655695290E-01 0.45064031902748634869985289535329E-01
0.61092710420985185669500673861243E-01 0.38454723555265748272537385537101E-01
0.51250892879840166601482052764163E-01 0.31843907369869670240488940048594E-01
0.41407541343916115113238311259448E-01 0.25231817811422681516589409790252E-01
0.31562997787308485385978147257695E-01 0.18618689344296285353246844263988E-01
0.21717604309360120329426404013318E-01 0.12004756425293937190735174533536E-01
0.11871703120403492167624452489222E-01 0.53902534965399353683938380303586E-02
0.20256365275690899373725177980726E-02 -0.12245850216674124108473283271125E-02
-0.78202530793366261414813982233201E-02 -0.78395247380346101220415401748198E-02
-0.17665623241892196256339671911654E-01 -0.14454331297481759270692719918492E-01
-0.27510131447057997235381787986666E-01 -0.21068770388384002014258724113045E-01
-0.37353435141113433273519305840644E-01 -0.27682607749836963908838385488717E-01
-0.47195191743535964145002157340204E-01 -0.34295609178954273921690428926543E-01
-0.57035058660822935391767715118318E-01 -0.40907540538186343906707018671359E-01
-0.66872693300258464264322180774993E-01 -0.47518167762666647525907196610236E-01
-0.76707753083626873242682751172662E-01 -0.54127256867580715216627167762576E-01
-0.86539895460873485008709312896098E-01 -0.60734573955556617937624528656842E-01
-0.96368777923715587253872441155493E-01 -0.67339885224077643955236020008889E-01
-0.10619405801920299676029294081716E+00 -0.73942956972914051123223723419368E-01
-0.11601539336323088591973637279640E+00 -0.80543555611574764063375122928722E-01
-0.12583244165400523977701074663049E+00 -0.87141447666776547389030828520996E-01
-0.13564486068546277005541762832078E+00 -0.93736399789929952934948169043592E-01
-0.14545230836064572782933778541818E+00 -0.10032817876464208304929894688917E+00
-0.15525444270503215742467579606301E+00 -0.10691655151423336620276307060813E+00
-0.16505092187982413086194837834852E+00 -0.11350128510926985657035065486948E+00
-0.17484140419519320691574216748262E+00 -0.12008214677510739791675030646913E+00
-0.18462554812348437360942403843788E+00 -0.12665890389944925014603533393934E+00
-0.19440301231237981891543010299202E+00 -0.13323132403991462399988620308580E+00
-0.20417345559802263198274290063986E+00 -0.13979917493161869922615704622297E+00
-0.21393653701810149419831226788760E+00 -0.14636222449476176319546349250830E+00
-0.22369191582489648407472157656689E+00 -0.15292024084222799073356714381916E+00
-0.23343925149828700471913833065068E+00 -0.15947299228719253089035227497124E+00
-0.24317820375872283161232284786163E+00 -0.16602024735073644346851960880209E+00
-0.25290843258015722494498818888736E+00 -0.17256177476946789111736057941271E+00
-0.26262959820294464949430516373116E+00 -0.17909734350315028923607946129373E+00
-0.27234136114670233991673916863092E+00 -0.18562672274233575340054123128010E+00
-0.28204338222313516155657827350667E+00 -0.19214968191600287625757615384206E+00
-0.29173532254882754898640207734955E+00 -0.19866599069919932431418716098258E+00
-0.30141684355799810496033787775380E+00 -0.20517541902068768503892344447475E+00
-0.31108760701522169457050639141760E+00 -0.21167773707059354229620721154551E+00
-0.32074727502811661793553951654638E+00 -0.21817271530805720139536199226169E+00
-0.33039551005999736053954375609122E+00 -0.22466012446888552948259594534586E+00
-0.34003197494249481358234571234132E+00 -0.23113973557320562084305535750807E+00
-0.34965633288814171322075450020518E+00 -0.23761131993311891360268500630306E+00
-0.35926824750292619000020868735067E+00 -0.24407464916035443386102175967335E+00
-0.36886738279881180008297598240392E+00 -0.25052949517392214357112482614714E+00
-0.37845340320622327751891912759729E+00 -0.25697563020776433517695794506637E+00
-0.38802597358650243531213591909778E+00 -0.26341282681840589361087547768148E+00
-0.39758475924432836298478154561260E+00 -0.26984085789260126577641446219652E+00
-0.40712942594010704906809547418571E+00 -0.27625949665497905906238571297699E+00
-0.41665963990232809735468864108970E+00 -0.28266851667568321144567374340618E+00
-0.42617506783988841691582755154565E+00 -0.28906769187800999196072451402529E+00
-0.43567537695438452072122192039855E+00 -0.29545679654604068256710062711500E+00
-0.44516023495237180518901472750019E+00 -0.30183560533226910486036640438621E+00
-0.45462931005759181322213068767644E+00 -0.30820389326522395616437229354999E+00
-0.46408227102316737984162217689759E+00 -0.31456143575708503365357917246799E+00
-0.47351878714376492829911284487319E+00 -0.32090800861129278761585828358307E+00
-0.48293852826772525811621467175290E+00 -0.32724338803015193142483314587960E+00
-0.49234116480916124629065577026089E+00 -0.33356735062242636978570656066369E+00
-0.50172636776002337897074667573403E+00 -0.33987967341092739798353598831275E+00
-0.51109380870213333286781458526587E+00 -0.34618013384009332449268767708574E+00
-0.52044315981918406905856291691748E+00 -0.35246850978355999105713434694146E+00
-0.52977409390870815770416189503243E+00 -0.35874457955172291219144753174237E+00
-0.53908628439401321207626823562019E+00 -0.36500812189928917542999097565990E+00
-0.54837940533608406672512769937389E+00 -0.37125891603282001204483729866262E+00
-0.55765313144545271416079613377050E+00 -0.37749674161826221658074320443604E+00
-0.56690713809403464937794442203932E+00 -0.38372137878846941368752955441213E+00
-0.57614110132693277344099627492916E+00 -0.38993260815071174758101496651700E+00
-0.58535469787420709988811865482846E+00 -0.39613021079417407130646649801806E+00
-0.59454760516261155258007343612721E+00 -0.40231396829744190179627026169564E+00
-0.60371950132729759243584039691895E+00 -0.40848366273597532849992574203694E+00
-0.61287006522348312402598098916419E+00 -0.41463907668956974089948861902420E+00
-0.62199897643808839171839506375857E+00 -0.42077999324980346909674406327866E+00
-0.63110591530133741579922509742692E+00 -0.42690619602747201554800685103407E+00
-0.64019056289832477010789558023692E+00 -0.43301746916000805438633927249208E+00
-0.64925260108054950306170784025218E+00 -0.43911359731888711227776338358231E+00
-0.65829171247741165009701039767199E+00 -0.44519436571701912742145572487520E+00
-0.66730758050767746682502167156810E+00 -0.45125956011612355967686033941850E+00
-0.67629988939090629011037014690531E+00 -0.45730896683409111889003456732600E+00
-0.68526832415884436052735488741295E+00 -0.46334237275232749254287342416089E+00
-0.69421257066678253294244249700785E+00 -0.46935956532308252425934702884574E+00
-0.70313231560487811001823766330707E+00 -0.47536033257676223579719769522955E+00
-0.71202724650944139612605677804717E+00 -0.48134446312922396898072091848427E+00
-0.72089705177418537012532712675857E+00 -0.48731174618905483918529268431746E+00
-0.72974142066143976100189516295242E+00 -0.49326197156483173002725910115833E+00
-0.73856004331332831716244702286998E+00 -0.49919492967236443803584145251871E+00
-0.74735261076290923618970860083272E+00 -0.50511041154191989318780399781952E+00
-0.75611881494527871253652826156334E+00 -0.51100820882542808769227648065158E+00
-0.76485834870863675467191643411849E+00 -0.51688811380366927049757168691779E+00
-0.77357090582531665529163581342609E+00 -0.52274991939344146813161466912922E+00
-0.78225618100277522398885251050562E+00 -0.52859341915470924266812065401459E+00
-0.79091386989454610776958807425913E+00 -0.53441840729773182168559637397089E+00
-0.79954366911115428492678272370404E+00 -0.54022467869017153758189716880270E+00
-0.80814527623099259278958339305087E+00 -0.54601202886418153419035617898738E+00
-0.81671838981115886325746080596766E+00 -0.55178025402347300787866327193769E+00
-0.82526270939825436798927839276640E+00 -0.55752915105036104055618285659723E+00
-0.83377793553914295289849094475937E+00 -0.56325851751278896859224659114495E+00
-0.84226376979167079918246249055357E+00 -0.56896815167133141943463088864734E+00
-0.85071991473534571379580615061102E+00 -0.57465785248617494142554500199988E+00
-0.85914607398197722556073690421151E+00 -0.58032741962407643247573241459959E+00
-0.86754195218627571173838494422050E+00 -0.58597665346529909413605117745131E+00
-0.87590725505641090294884901756184E+00 -0.59160535511052522477068945262934E+00
-0.88424168936452993253058630951286E+00 -0.59721332638774593753495974540520E+00
-0.89254496295723373786788423936390E+00 -0.60280036985912743332715190326769E+00
-0.90081678476601214647383738579657E+00 -0.60836628882785328162396061315409E+00
-0.90905686481763753688018862170021E+00 -0.61391088734494275179092264992087E+00
-0.91726491424451596221158774962084E+00 -0.61943397021604488967941927960663E+00
-0.92544064529499638136112249512588E+00 -0.62493534300820761794143430890948E+00
-0.93358377134363727026230021746095E+00 -0.63041481205662216835715441423217E+00
-0.94169400690143034743692994233547E+00 -0.63587218447134229815648370595417E+00
-0.94977106762598102965973134320771E+00 -0.64130726814397798205808877024562E+00
-0.95781467033164552280071525251908E+00 -0.64671987175436307244733245843069E+00
-0.96582453299962485842221509668740E+00 -0.65210980477719730511941607226858E+00
-0.97380037478801371371195186973906E+00 -0.65747687748866200329265555867497E+00
-0.98174191604180616619712833909306E+00 -0.66282090097300871675936039001948E+00
-0.98964887830285625856864995996516E+00 -0.66814168712912161531116799622477E+00
-0.99752098431979386067172367838829E+00 -0.67343904867705232184626300589426E+00
-0.10053579580578956645116863638289E+01 -0.67871279916452765282462902714613E+00
-0.10131595247089104043218282435629E+01 -0.68396275297342959462384793786961E+00
-0.10209254107008387191924355148945E+01 -0.68918872532624729489684847039550E+00
-0.10286553437076669962011069625821E+01 -0.69439053229250123969328302636674E+00
-0.10363490526590546095586726716840E+01 -0.69956799079513851299997138441472E+00
-0.10440062677499755051320117883324E+01 -0.70472091861689979060530909665609E+00
-0.10516267204503118228251265266044E+01 -0.70984913440665735421925175779642E+00
-0.10592101435144013684317156169718E+01 -0.71495245768572366438902310979323E+00
-0.10667562709905374316525933304128E+01 -0.72003070885413090955945995126200E+00
-0.10742648382304204706413243419615E+01 -0.72508370919688058493564159966872E+00
-0.10817355818985627286336184513314E+01 -0.73011128089016324983047662372191E+00
-0.10891682399816437800576940781739E+01 -0.73511324700754821961932745537883E+00
-0.10965625517978182497929497636156E+01 -0.74008943152614269952565142571457E+00
-0.11039182580059741340929122431824E+01 -0.74503965933272034238469912678415E+00
-0.11112351006149426146514565587361E+01 -0.74996375622981906232714251133633E+00
-0.11185128229926582178933736028304E+01 -0.75486154894180745089233628711359E+00
-0.11257511698752691962518598415775E+01 -0.75973286512092009270036885176773E+00
-0.11329498873761983981689550029059E+01 -0.76457753335326117260606403298913E+00
-0.11401087229951537354968484697142E+01 -0.76939538316477620738168950450748E+00
-0.11472274256270880936290365585071E+01 -0.77418624502719202317790248568630E+00
-0.11543057455711087298733640719017E+01 -0.77894995036392396849055797123681E+00
-0.11613434345393353595820984986474E+01 -0.78368633155595106611009919463689E+00
-0.11683402456657073965821721435359E+01 -0.78839522194765820268319459903567E+00
-0.11752959335147389650513364652535E+01 -0.79307645585264536979397580729777E+00
-0.11822102540902229227909041263131E+01 -0.79772986855950388587437878143964E+00
-0.11890829648438818275069650277979E+01 -0.80235529633755892048375126217632E+00
-0.11959138246839673851924189323756E+01 -0.80695257644257880373247383276338E+00
-0.12027025939838066068196345471075E+01 -0.81152154712245003622476956006627E+00
-0.12094490345902953861057727560563E+01 -0.81606204762281868692949796267791E+00
-0.12161529098323388272961722450228E+01 -0.82057391819269718140955403957710E+00
-0.12228139845292379527515599644185E+01 -0.82505700009003684517229675233263E+00
-0.12294320249990229510585939222700E+01 -0.82951113558726549435510284583005E+00
-0.12360067990667320816254765107607E+01 -0.83393616797679050324829346373739E+00
-0.12425380760726368079291691496745E+01 -0.83833194157646638262203675367779E+00
-0.12490256268804119783553438862810E+01 -0.84269830173502726226388295040834E+00
-0.12554692238852512762141534672008E+01 -0.84703509483748376695707606822427E+00
-0.12618686410219280327764382544610E+01 -0.85134216831048421067866586212937E+00
-0.12682236537728002020739861562296E+01 -0.85561937062763982073874939008172E+00
-0.12745340391757602087424575335894E+01 -0.85986655131481392952219855136651E+00
-0.12807995758321286663694488163799E+01 -0.86408356095537459391130405182487E+00
-0.12870200439144923732788681371395E+01 -0.86827025119541115874743080153077E+00
-0.12931952251744856572482306204077E+01 -0.87242647474891344327009756693143E+00
-0.12993249029505152606521912445674E+01 -0.87655208540291469319591763815779E+00
-0.13054088621754286828426553270442E+01 -0.88064693802259701423409880109120E+00
-0.13114468893841249146437971232082E+01 -0.88471088855635942349728019624287E+00
-0.13174387727211083969483299265553E+01 -0.88874379404084901762161082332909E+00
-0.13233843019479850962818176001169E+01 -0.89274551260595361779935872509275E+00
-0.13292832684509008622580963441695E+01 -0.89671590347975724971056334152828E+00
-0.13351354652479217950617361546926E+01 -0.90065482699345729810264757563459E+00
-0.13409406869963562023437366639431E+01 -0.90456214458624334034379026980432E+00
-0.13466987300000181835223075658535E+01 -0.90843771881013786603947144253924E+00
-0.13524093922164323439381418385946E+01 -0.91228141333479809788406195669880E+00
-0.13580724732639795042029309296436E+01 -0.91609309295227926137883603163510E+00
-0.13636877744289833543737637821898E+01 -0.91987262358175890298539103135037E+00
-0.13692550986727372921740671817179E+01 -0.92361987227422171880606999771762E+00
-0.13747742506384718770594604279295E+01 -0.92733470721710591768291032295658E+00
-0.13802450366582623600200031182906E+01 -0.93101699773890918966998477433344E+00
-0.13856672647598758031471992112247E+01 -0.93466661431375557926164547304988E+00
-0.13910407446735579903882445548612E+01 -0.93828342856592247661837576353048E+00
-0.13963652878387597658957347727139E+01 -0.94186731327432763434625098495605E+00
-0.14016407074108025216258855369720E+01 -0.94541814237697596800035369366691E+00
-0.14068668182674825334263403231400E+01 -0.94893579097536605902502396073876E+00
-0.14120434370156141672889386504587E+01 -0.95242013533885642991372919619384E+00
-0.14171703819975115943264358995899E+01 -0.95587105290899084281020784428473E+00
-0.14222474732974086501362404419680E+01 -0.95928842230378306374227587430466E+00
-0.14272745327478170395917317403697E+01 -0.96267212332196070163437968838170E+00
-0.14322513839358222336712006816646E+01 -0.96602203694716774699453556741250E+00
-0.14371778522093170011596778886744E+01 -0.96933804535212606795967368812161E+00
-0.14420537646831726923886895418652E+01 -0.97262003190275551642417643106724E+00
-0.14468789502453474141265182230541E+01 -0.97586788116225218905493052582984E+00
-0.14516532395629314886520168890709E+01 -0.97908147889512543112267994744194E+00
-0.14563764650881297356517453005090E+01 -0.98226071207119265769997306809561E+00
-0.14610484610641803968960871516335E+01 -0.98540546886953224770241819668796E+00
-0.14656690635312103989445300347317E+01 -0.98851563868239437315390945515506E+00
-0.14702381103320270539256847682911E+01 -0.99159111211906960742128912542070E+00
-0.14747554411178457867863040337223E+01 -0.99463178100971487024305853025584E+00
-0.14792208973539537096482904920473E+01 -0.99763753840913705261165600362166E+00
-0.14836343223253087672679123493820E+01 -0.10006082786005336875006087661805E+01
-0.14879955611420745716928926128086E+01 -0.10035438970991912404815469147694E+01
-0.14923044607450905769217156590758E+01 -0.10064442906561397513937639971035E+01
-0.14965608699112771079981738908418E+01 -0.10093093572617650676258413080242E+01
-0.15007646392589755844655459479801E+01 -0.10121389961493772580647044997836E+01
-0.15049156212532234768095357384526E+01 -0.10149331077987360995659970509679E+01
-0.15090136702109638098181174795659E+01 -0.10176915939395328262005504948994E+01
-0.15130586423061891000379583298658E+01 -0.10204143575548281750084879274558E+01
-0.15170503955750194825238919673883E+01 -0.10231013028844470769157438918819E+01
-0.15209887899207150127734219904013E+01 -0.10257523354283289478529425297361E+01
-0.15248736871186218143155565070427E+01 -0.10283673619498345221612619427570E+01
-0.15287049508210520798019378638383E+01 -0.10309462904790081341679814327648E+01
-0.15324824465620973411994708517340E+01 -0.10334890303157957969402026422378E+01
-0.15362060417623755321663802575608E+01 -0.10359954920332196037120118462426E+01
-0.15398756057337110947395609021545E+01 -0.10384655874805063516137982959997E+01
-0.15434910096837481058541878862629E+01 -0.10408992297861731766995012823193E+01
-0.15470521267204966647015487248588E+01 -0.10432963333610670502672568690553E+01
-0.15505588318568116315502664239464E+01 -0.10456568139013604865076828035042E+01
-0.15540110020148044269622508032108E+01 -0.10479805883915018556501325668332E+01
-0.15574085160301869247302830160732E+01 -0.10502675751071207204378125342387E+01
-0.15607512546565480118709440401354E+01 -0.10525176936178882571326760909050E+01
-0.15640391005695622308833250348897E+01 -0.10547308647903322377522241351496E+01
-0.15672719383711303137373977719781E+01 -0.10569070107906067326507550922764E+01
-0.15704496545934518498303482948114E+01 -0.10590460550872164973230256083777E+01
-0.15735721377030296584372986272452E+01 -0.10611479224536956821378094744282E+01
-0.15766392781046057555932691734453E+01 -0.10632125389712410498899448613143E+01
-0.15796509681450288904330144010246E+01 -0.10652398320312993029967540746454E+01
-0.15826071021170533150879947949672E+01 -0.10672297303381088255135230098642E+01
-0.15855075762630691211567716257588E+01 -0.10691821639111953474032113215914E+01
-0.15883522887787632458270723567186E+01 -0.10710970640878216566844138819638E+01
-0.15911411398167118673857567277916E+01 -0.10729743635253912271940298543939E+01
-0.15938740314899035279350304866974E+01 -0.10748139962038057466080073777886E+01
-0.15965508678751928411836592667364E+01 -0.10766158974277762366299324448770E+01
-0.15991715550166852157708982837202E+01 -0.10783800038290879798425216544888E+01
-0.16017360009290517052167467190554E+01 -0.10801062533688189929829120929084E+01
-0.16042441156007745361308000950905E+01 -0.10817945853395119143312869037798E+01
-0.16066958109973228458613339614723E+01 -0.10834449403672994167819494365415E+01
-0.16090910010642585446553862765404E+01 -0.10850572604139828915037453260787E+01
-0.16114296017302724386764644308584E+01 -0.10866314887790644601646111228326E+01
-0.16137115309101501319322718151240E+01 -0.10881675701017320894785450173108E+01
-0.16159367085076679233730064621463E+01 -0.10896654503627979553164911777441E+01
-0.16181050564184186055658955590490E+01 -0.10911250768865898166607080187608E+01
-0.16202164985325665438891865750657E+01 -0.10925463983427951901417527545220E+01
-0.16222709607375329309806080013604E+01 -0.10939293647482588192572714754801E+01
-0.16242683709206100522178498464516E+01 -0.10952739274687325877156821782747E+01
-0.16262086589715051359475499364735E+01 -0.10965800392205785821156087945605E+01
-0.16280917567848136615383733861239E+01 -0.10978476540724246363146864465145E+01
-0.16299175982624217166534760333363E+01 -0.10990767274467725748792293420156E+01
-0.16316861193158376370445914968344E+01 -0.11002672161215592703899757080663E+01
-0.16333972578684526286166198544338E+01 -0.11014190782316699286722588741786E+01
-0.16350509538577304796559807032782E+01 -0.11025322732704041762964147731298E+01
-0.16366471492373262204499935428531E+01 -0.11036067620908944861878852377289E+01
-0.16381857879791335018492388617894E+01 -0.11046425069074768278503908284813E+01
-0.16396668160752609587410842122401E+01 -0.11056394712970140356681851740958E+01
-0.16410901815399371279820462964497E+01 -0.11065976202001710706341091525543E+01
-0.16424558344113440710318787434582E+01 -0.11075169199226428310265444692426E+01
-0.16437637267533796946207273777584E+01 -0.11083973381363340659014493005000E+01
-0.16450138126573484177287231586345E+01 -0.11092388438804914165370546825184E+01
-0.16462060482435804812545108495911E+01 -0.11100414075627876481924193582393E+01
-0.16473403916629795973733439261327E+01 -0.11108050009603579462917887888817E+01
-0.16484168030984989659531467793167E+01 -0.11115295972207882641167521372804E+01
-0.16494352447665456271075488464746E+01 -0.11122151708630556643587294845881E+01
-0.16503956809183131081566793582300E+01 -0.11128616977784206631234634817767E+01
-0.16512980778410422485967200060738E+01 -0.11134691552312715383892169376008E+01
-0.16521424038592102407974070154197E+01 -0.11140375218599205106427337746080E+01
-0.16529286293356477542562064177947E+01 -0.11145667776773518357235462323171E+01
-0.16536567266725842882873116275031E+01 -0.11150569040719217670009006604739E+01
-0.16543266703126214419072246943334E+01 -0.11155078838080103364591571299336E+01
-0.16549384367396344179568718831055E+01 -0.11159197010266248168007141612443E+01
-0.16553139496618907515919861324343E+01 -0.11161724816766826368429994859793E+01
-0.16556635906006895773989444569849E+01 -0.11164078463479542716665359978621E+01
-0.16559873541013586738329904360858E+01 -0.11166257913618842487074501269472E+01
-0.16562852351129336967352182870655E+01 -0.11168263133121710718719251258616E+01
-0.16565572289882356970732977517778E+01 -0.11170094090648227339599508465767E+01
-0.16568162845836997097069021406095E+01 -0.11171837952850049248629982583194E+01
-0.16570753536522390904570028462583E+01 -0.11173581905912258201036647116179E+01
-0.16573344361942762157622992285089E+01 -0.11175325949837683014286134692845E+01
-0.16575935322102334775571312339132E+01 -0.11177070084629152433507058061053E+01
-0.16578526417005332804040266649651E+01 -0.11178814310289495364290880350286E+01
-0.16575935322102334775571312339132E+01 -0.11177070084629152433507058061053E+01
-0.16573344361942762157622992285089E+01 -0.11175325949837683014286134692845E+01
-0.16570753536522390904570028462583E+01 -0.11173581905912258201036647116179E+01
-0.16568162845836997097069021406095E+01 -0.11171837952850049248629982583194E+01
-0.16565572289882356970732977517778E+01 -0.11170094090648227339599508465767E+01
-0.16562852351129336967352182870655E+01 -0.11168263133121710718719251258616E+01
-0.16559873541013586738329904360858E+01 -0.11166257913618842487074501269472E+01
-0.16556635906006895773989444569849E+01 -0.11164078463479542716665359978621E+01
-0.16553139496618907515919861324343E+01 -0.11161724816766826368429994859793E+01
-0.16549384367396344179568718831055E+01 -0.11159197010266248168007141612443E+01
-0.16543266703126214419072246943334E+01 -0.11155078838080103364591571299336E+01
-0.16536567266725842882873116275031E+01 -0.11150569040719217670009006604739E+01
-0.16529286293356477542562064177947E+01 -0.11145667776773518357235462323171E+01
-0.16521424038592102407974070154197E+01 -0.11140375218599205106427337746080E+01
-0.16512980778410422485967200060738E+01 -0.11134691552312715383892169376008E+01
-0.16503956809183131081566793582300E+01 -0.11128616977784206631234634817767E+01
-0.16494352447665456271075488464746E+01 -0.11122151708630556643587294845881E+01
-0.16484168030984989659531467793167E+01 -0.11115295972207882641167521372804E+01
-0.16473403916629795973733439261327E+01 -0.11108050009603579462917887888817E+01
-0.16462060482435804812545108495911E+01 -0.11100414075627876481924193582393E+01
-0.16450138126573484177287231586345E+01 -0.11092388438804914165370546825184E+01
-0.16437637267533796946207273777584E+01 -0.11083973381363340659014493005000E+01
-0.16424558344113440710318787434582E+01 -0.11075169199226428310265444692426E+01
-0.16410901815399371279820462964497E+01 -0.11065976202001710706341091525543E+01
-0.16396668160752609587410842122401E+01 -0.11056394712970140356681851740958E+01
-0.16381857879791335018492388617894E+01 -0.11046425069074768278503908284813E+01
-0.16366471492373262204499935428531E+01 -0.11036067620908944861878852377289E+01
-0.16350509538577304796559807032782E+01 -0.11025322732704041762964147731298E+01
-0.16333972578684526286166198544338E+01 -0.11014190782316699286722588741786E+01
-0.16316861193158376370445914968344E+01 -0.11002672161215592703899757080663E+01
-0.16299175982624217166534760333363E+01 -0.10990767274467725748792293420156E+01
-0.16280917567848136615383733861239E+01 -0.10978476540724246363146864465145E+01
-0.16262086589715051359475499364735E+01 -0.10965800392205785821156087945605E+01
-0.16242683709206100522178498464516E+01 -0.10952739274687325877156821782747E+01
-0.16222709607375329309806080013604E+01 -0.10939293647482588192572714754801E+01
-0.16202164985325665438891865750657E+01 -0.10925463983427951901417527545220E+01
-0.16181050564184186055658955590490E+01 -0.10911250768865898166607080187608E+01
-0.16159367085076679233730064621463E+01 -0.10896654503627979553164911777441E+01
-0.16137115309101501319322718151240E+01 -0.10881675701017320894785450173108E+01
-0.16114296017302724386764644308584E+01 -0.10866314887790644601646111228326E+01
-0.16090910010642585446553862765404E+01 -0.10850572604139828915037453260787E+01
-0.16066958109973228458613339614723E+01 -0.10834449403672994167819494365415E+01
-0.16042441156007745361308000950905E+01 -0.10817945853395119143312869037798E+01
-0.16017360009290517052167467190554E+01 -0.10801062533688189929829120929084E+01
-0.15991715550166852157708982837202E+01 -0.10783800038290879798425216544888E+01
-0.15965508678751928411836592667364E+01 -0.10766158974277762366299324448770E+01
-0.15938740314899035279350304866974E+01 -0.10748139962038057466080073777886E+01
-0.15911411398167118673857567277916E+01 -0.10729743635253912271940298543939E+01
-0.15883522887787632458270723567186E+01 -0.10710970640878216566844138819638E+01
-0.15855075762630691211567716257588E+01 -0.10691821639111953474032113215914E+01
-0.15826071021170533150879947949672E+01 -0.10672297303381088255135230098642E+01
-0.15796509681450288904330144010246E+01 -0.10652398320312993029967540746454E+01
-0.15766392781046057555932691734453E+01 -0.10632125389712410498899448613143E+01
-0.15735721377030296584372986272452E+01 -0.10611479224536956821378094744282E+01
-0.15704496545934518498303482948114E+01 -0.10590460550872164973230256083777E+01
-0.15672719383711303137373977719781E+01 -0.10569070107906067326507550922764E+01
-0.15640391005695622308833250348897E+01 -0.10547308647903322377522241351496E+01
-0.15607512546565480118709440401354E+01 -0.10525176936178882571326760909050E+01
-0.15574085160301869247302830160732E+01 -0.10502675751071207204378125342387E+01
-0.15540110020148044269622508032108E+01 -0.10479805883915018556501325668332E+01
-0.15505588318568116315502664239464E+01 -0.10456568139013604865076828035042E+01
-0.15470521267204966647015487248588E+01 -0.10432963333610670502672568690553E+01
-0.15434910096837481058541878862629E+01 -0.10408992297861731766995012823193E+01
-0.15398756057337110947395609021545E+01 -0.10384655874805063516137982959997E+01
-0.15362060417623755321663802575608E+01 -0.10359954920332196037120118462426E+01
-0.15324824465620973411994708517340E+01 -0.10334890303157957969402026422378E+01
-0.15287049508210520798019378638383E+01 -0.10309462904790081341679814327648E+01
-0.15248736871186218143155565070427E+01 -0.10283673619498345221612619427570E+01
-0.15209887899207150127734219904013E+01 -0.10257523354283289478529425297361E+01
-0.15170503955750194825238919673883E+01 -0.10231013028844470769157438918819E+01
-0.15130586423061891000379583298658E+01 -0.10204143575548281750084879274558E+01
-0.15090136702109638098181174795659E+01 -0.10176915939395328262005504948994E+01
-0.15049156212532234768095357384526E+01 -0.10149331077987360995659970509679E+01
-0.15007646392589755844655459479801E+01 -0.10121389961493772580647044997836E+01
-0.14965608699112771079981738908418E+01 -0.10093093572617650676258413080242E+01
-0.14923044607450905769217156590758E+01 -0.10064442906561397513937639971035E+01
-0.14879955611420745716928926128086E+01 -0.10035438970991912404815469147694E+01
-0.14836343223253087672679123493820E+01 -0.10006082786005336875006087661805E+01
-0.14792208973539537096482904920473E+01 -0.99763753840913705261165600362166E+00
-0.14747554411178457867863040337223E+01 -0.99463178100971487024305853025584E+00
-0.14702381103320270539256847682911E+01 -0.99159111211906960742128912542070E+00
-0.14656690635312103989445300347317E+01 -0.98851563868239437315390945515506E+00
-0.14610484610641803968960871516335E+01 -0.98540546886953224770241819668796E+00
-0.14563764650881297356517453005090E+01 -0.98226071207119265769997306809561E+00
-0.14516532395629314886520168890709E+01 -0.97908147889512543112267994744194E+00
-0.14468789502453474141265182230541E+01 -0.97586788116225218905493052582984E+00
-0.14420537646831726923886895418652E+01 -0.97262003190275551642417643106724E+00
-0.14371778522093170011596778886744E+01 -0.96933804535212606795967368812161E+00
-0.14322513839358222336712006816646E+01 -0.96602203694716774699453556741250E+00
-0.14272745327478170395917317403697E+01 -0.96267212332196070163437968838170E+00
-0.14222474732974086501362404419680E+01 -0.95928842230378306374227587430466E+00
-0.14171703819975115943264358995899E+01 -0.95587105290899084281020784428473E+00
-0.14120434370156141672889386504587E+01 -0.95242013533885642991372919619384E+00
-0.14068668182674825334263403231400E+01 -0.94893579097536605902502396073876E+00
-0.14016407074108025216258855369720E+01 -0.94541814237697596800035369366691E+00
-0.13963652878387597658957347727139E+01 -0.94186731327432763434625098495605E+00
-0.13910407446735579903882445548612E+01 -0.93828342856592247661837576353048E+00
-0.13856672647598758031471992112247E+01 -0.93466661431375557926164547304988E+00
-0.13802450366582623600200031182906E+01 -0.93101699773890918966998477433344E+00
-0.13747742506384718770594604279295E+01 -0.92733470721710591768291032295658E+00
-0.13692550986727372921740671817179E+01 -0.92361987227422171880606999771762E+00
-0.13636877744289833543737637821898E+01 -0.91987262358175890298539103135037E+00
-0.13580724732639795042029309296436E+01 -0.91609309295227926137883603163510E+00
-0.13524093922164323439381418385946E+01 -0.91228141333479809788406195669880E+00
-0.13466987300000181835223075658535E+01 -0.90843771881013786603947144253924E+00
-0.13409406869963562023437366639431E+01 -0.90456214458624334034379026980432E+00
-0.13351354652479217950617361546926E+01 -0.90065482699345729810264757563459E+00
-0.13292832684509008622580963441695E+01 -0.89671590347975724971056334152828E+00
-0.13233843019479850962818176001169E+01 -0.89274551260595361779935872509275E+00
-0.13174387727211083969483299265553E+01 -0.88874379404084901762161082332909E+00
-0.13114468893841249146437971232082E+01 -0.88471088855635942349728019624287E+00
-0.13054088621754286828426553270442E+01 -0.88064693802259701423409880109120E+00
-0.12993249029505152606521912445674E+01 -0.87655208540291469319591763815779E+00
-0.12931952251744856572482306204077E+01 -0.87242647474891344327009756693143E+00
-0.12870200439144923732788681371395E+01 -0.86827025119541115874743080153077E+00
-0.12807995758321286663694488163799E+01 -0.86408356095537459391130405182487E+00
-0.12745340391757602087424575335894E+01 -0.85986655131481392952219855136651E+00
-0.12682236537728002020739861562296E+01 -0.85561937062763982073874939008172E+00
-0.12618686410219280327764382544610E+01 -0.85134216831048421067866586212937E+00
-0.12554692238852512762141534672008E+01 -0.84703509483748376695707606822427E+00
-0.12490256268804119783553438862810E+01 -0.84269830173502726226388295040834E+00
-0.12425380760726368079291691496745E+01 -0.83833194157646638262203675367779E+00
-0.12360067990667320816254765107607E+01 -0.83393616797679050324829346373739E+00
-0.12294320249990229510585939222700E+01 -0.82951113558726549435510284583005E+00
-0.12228139845292379527515599644185E+01 -0.82505700009003684517229675233263E+00
-0.12161529098323388272961722450228E+01 -0.82057391819269718140955403957710E+00
-0.12094490345902953861057727560563E+01 -0.81606204762281868692949796267791E+00
-0.12027025939838066068196345471075E+01 -0.81152154712245003622476956006627E+00
-0.11959138246839673851924189323756E+01 -0.80695257644257880373247383276338E+00
-0.11890829648438818275069650277979E+01 -0.80235529633755892048375126217632E+00
-0.11822102540902229227909041263131E+01 -0.79772986855950388587437878143964E+00
-0.11752959335147389650513364652535E+01 -0.79307645585264536979397580729777E+00
-0.11683402456657073965821721435359E+01 -0.78839522194765820268319459903567E+00
-0.11613434345393353595820984986474E+01 -0.78368633155595106611009919463689E+00
-0.11543057455711087298733640719017E+01 -0.77894995036392396849055797123681E+00
-0.11472274256270880936290365585071E+01 -0.77418624502719202317790248568630E+00
-0.11401087229951537354968484697142E+01 -0.76939538316477620738168950450748E+00
-0.11329498873761983981689550029059E+01 -0.76457753335326117260606403298913E+00
-0.11257511698752691962518598415775E+01 -0.75973286512092009270036885176773E+00
-0.11185128229926582178933736028304E+01 -0.75486154894180745089233628711359E+00
-0.11112351006149426146514565587361E+01 -0.74996375622981906232714251133633E+00
-0.11039182580059741340929122431824E+01 -0.74503965933272034238469912678415E+00
-0.10965625517978182497929497636156E+01 -0.74008943152614269952565142571457E+00
-0.10891682399816437800576940781739E+01 -0.73511324700754821961932745537883E+00
-0.10817355818985627286336184513314E+01 -0.73011128089016324983047662372191E+00
-0.10742648382304204706413243419615E+01 -0.72508370919688058493564159966872E+00
-0.10667562709905374316525933304128E+01 -0.72003070885413090955945995126200E+00
-0.10592101435144013684317156169718E+01 -0.71495245768572366438902310979323E+00
-0.10516267204503118228251265266044E+01 -0.70984913440665735421925175779642E+00
-0.10440062677499755051320117883324E+01 -0.70472091861689979060530909665609E+00
-0.10363490526590546095586726716840E+01 -0.69956799079513851299997138441472E+00
-0.10286553437076669962011069625821E+01 -0.69439053229250123969328302636674E+00
-0.10209254107008387191924355148945E+01 -0.68918872532624729489684847039550E+00
-0.10131595247089104043218282435629E+01 -0.68396275297342959462384793786961E+00
-0.10053579580578956645116863638289E+01 -0.67871279916452765282462902714613E+00
-0.99752098431979386067172367838829E+00 -0.67343904867705232184626300589426E+00
-0.98964887830285625856864995996516E+00 -0.66814168712912161531116799622477E+00
-0.98174191604180616619712833909306E+00 -0.66282090097300871675936039001948E+00
-0.97380037478801371371195186973906E+00 -0.65747687748866200329265555867497E+00
-0.96582453299962485842221509668740E+00 -0.65210980477719730511941607226858E+00
-0.95781467033164552280071525251908E+00 -0.64671987175436307244733245843069E+00
-0.94977106762598102965973134320771E+00 -0.64130726814397798205808877024562E+00
-0.94169400690143034743692994233547E+00 -0.63587218447134229815648370595417E+00
-0.93358377134363727026230021746095E+00 -0.63041481205662216835715441423217E+00
-0.92544064529499638136112249512588E+00 -0.62493534300820761794143430890948E+00
-0.91726491424451596221158774962084E+00 -0.61943397021604488967941927960663E+00
-0.90905686481763753688018862170021E+00 -0.61391088734494275179092264992087E+00
-0.90081678476601214647383738579657E+00 -0.60836628882785328162396061315409E+00
-0.89254496295723373786788423936390E+00 -0.60280036985912743332715190326769E+00
-0.88424168936452993253058630951286E+00 -0.59721332638774593753495974540520E+00
-0.87590725505641090294884901756184E+00 -0.59160535511052522477068945262934E+00
-0.86754195218627571173838494422050E+00 -0.58597665346529909413605117745131E+00
-0.85914607398197722556073690421151E+00 -0.58032741962407643247573241459959E+00
-0.85071991473534571379580615061102E+00 -0.57465785248617494142554500199988E+00
-0.84226376979167079918246249055357E+00 -0.56896815167133141943463088864734E+00
-0.83377793553914295289849094475937E+00 -0.56325851751278896859224659114495E+00
-0.82526270939825436798927839276640E+00 -0.55752915105036104055618285659723E+00
-0.81671838981115886325746080596766E+00 -0.55178025402347300787866327193769E+00
-0.80814527623099259278958339305087E+00 -0.54601202886418153419035617898738E+00
-0.79954366911115428492678272370404E+00 -0.54022467869017153758189716880270E+00
-0.79091386989454610776958807425913E+00 -0.53441840729773182168559637397089E+00
-0.78225618100277522398885251050562E+00 -0.52859341915470924266812065401459E+00
-0.77357090582531665529163581342609E+00 -0.52274991939344146813161466912922E+00
-0.76485834870863675467191643411849E+00 -0.51688811380366927049757168691779E+00
-0.75611881494527871253652826156334E+00 -0.51100820882542808769227648065158E+00
-0.74735261076290923618970860083272E+00 -0.50511041154191989318780399781952E+00
-0.73856004331332831716244702286998E+00 -0.49919492967236443803584145251871E+00
-0.72974142066143976100189516295242E+00 -0.49326197156483173002725910115833E+00
-0.72089705177418537012532712675857E+00 -0.48731174618905483918529268431746E+00
-0.71202724650944139612605677804717E+00 -0.48134446312922396898072091848427E+00
-0.70313231560487811001823766330707E+00 -0.47536033257676223579719769522955E+00
-0.69421257066678253294244249700785E+00 -0.46935956532308252425934702884574E+00
-0.68526832415884436052735488741295E+00 -0.46334237275232749254287342416089E+00
-0.67629988939090629011037014690531E+00 -0.45730896683409111889003456732600E+00
-0.66730758050767746682502167156810E+00 -0.45125956011612355967686033941850E+00
-0.65829171247741165009701039767199E+00 -0.44519436571701912742145572487520E+00
-0.64925260108054950306170784025218E+00 -0.43911359731888711227776338358231E+00
-0.64019056289832477010789558023692E+00 -0.43301746916000805438633927249208E+00
-0.63110591530133741579922509742692E+00 -0.42690619602747201554800685103407E+00
-0.62199897643808839171839506375857E+00 -0.42077999324980346909674406327866E+00
-0.61287006522348312402598098916419E+00 -0.41463907668956974089948861902420E+00
-0.60371950132729759243584039691895E+00 -0.40848366273597532849992574203694E+00
-0.59454760516261155258007343612721E+00 -0.40231396829744190179627026169564E+00
-0.58535469787420709988811865482846E+00 -0.39613021079417407130646649801806E+00
-0.57614110132693277344099627492916E+00 -0.38993260815071174758101496651700E+00
-0.56690713809403464937794442203932E+00 -0.38372137878846941368752955441213E+00
-0.55765313144545271416079613377050E+00 -0.37749674161826221658074320443604E+00
-0.54837940533608406672512769937389E+00 -0.37125891603282001204483729866262E+00
-0.53908628439401321207626823562019E+00 -0.36500812189928917542999097565990E+00
-0.52977409390870815770416189503243E+00 -0.35874457955172291219144753174237E+00
-0.52044315981918406905856291691748E+00 -0.35246850978355999105713434694146E+00
-0.51109380870213333286781458526587E+00 -0.34618013384009332449268767708574E+00
-0.50172636776002337897074667573403E+00 -0.33987967341092739798353598831275E+00
-0.49234116480916124629065577026089E+00 -0.33356735062242636978570656066369E+00
-0.48293852826772525811621467175290E+00 -0.32724338803015193142483314587960E+00
-0.47351878714376492829911284487319E+00 -0.32090800861129278761585828358307E+00
-0.46408227102316737984162217689759E+00 -0.31456143575708503365357917246799E+00
-0.45462931005759181322213068767644E+00 -0.30820389326522395616437229354999E+00
-0.44516023495237180518901472750019E+00 -0.30183560533226910486036640438621E+00
-0.43567537695438452072122192039855E+00 -0.29545679654604068256710062711500E+00
-0.42617506783988841691582755154565E+00 -0.28906769187800999196072451402529E+00
-0.41665963990232809735468864108970E+00 -0.28266851667568321144567374340618E+00
-0.40712942594010704906809547418571E+00 -0.27625949665497905906238571297699E+00
-0.39758475924432836298478154561260E+00 -0.26984085789260126577641446219652E+00
-0.38802597358650243531213591909778E+00 -0.26341282681840589361087547768148E+00
-0.37845340320622327751891912759729E+00 -0.25697563020776433517695794506637E+00
-0.36886738279881180008297598240392E+00 -0.25052949517392214357112482614714E+00
-0.35926824750292619000020868735067E+00 -0.24407464916035443386102175967335E+00
-0.34965633288814171322075450020518E+00 -0.23761131993311891360268500630306E+00
-0.34003197494249481358234571234132E+00 -0.23113973557320562084305535750807E+00
-0.33039551005999736053954375609122E+00 -0.22466012446888552948259594534586E+00
-0.32074727502811661793553951654638E+00 -0.21817271530805720139536199226169E+00
-0.31108760701522169457050639141760E+00 -0.21167773707059354229620721154551E+00
-0.30141684355799810496033787775380E+00 -0.20517541902068768503892344447475E+00
-0.29173532254882754898640207734955E+00 -0.19866599069919932431418716098258E+00
-0.28204338222313516155657827350667E+00 -0.19214968191600287625757615384206E+00
-0.27234136114670233991673916863092E+00 -0.18562672274233575340054123128010E+00
-0.26262959820294464949430516373116E+00 -0.17909734350315028923607946129373E+00
-0.25290843258015722494498818888736E+00 -0.17256177476946789111736057941271E+00
-0.24317820375872283161232284786163E+00 -0.16602024735073644346851960880209E+00
-0.23343925149828700471913833065068E+00 -0.15947299228719253089035227497124E+00
-0.22369191582489648407472157656689E+00 -0.15292024084222799073356714381916E+00
-0.21393653701810149419831226788760E+00 -0.14636222449476176319546349250830E+00
-0.20417345559802263198274290063986E+00 -0.13979917493161869922615704622297E+00
-0.19440301231237981891543010299202E+00 -0.13323132403991462399988620308580E+00
-0.18462554812348437360942403843788E+00 -0.12665890389944925014603533393934E+00
-0.17484140419519320691574216748262E+00 -0.12008214677510739791675030646913E+00
-0.16505092187982413086194837834852E+00 -0.11350128510926985657035065486948E+00
-0.15525444270503215742467579606301E+00 -0.10691655151423336620276307060813E+00
-0.14545230836064572782933778541818E+00 -0.10032817876464208304929894688917E+00
-0.13564486068546277005541762832078E+00 -0.93736399789929952934948169043592E-01
-0.12583244165400523977701074663049E+00 -0.87141447666776547389030828520996E-01
-0.11601539336323088591973637279640E+00 -0.80543555611574764063375122928722E-01
-0.10619405801920299676029294081716E+00 -0.73942956972914051123223723419368E-01
-0.96368777923715587253872441155493E-01 -0.67339885224077643955236020008889E-01
-0.86539895460873485008709312896098E-01 -0.60734573955556617937624528656842E-01
-0.76707753083626873242682751172662E-01 -0.54127256867580715216627167762576E-01
-0.66872693300258464264322180774993E-01 -0.47518167762666647525907196610236E-01
-0.57035058660822935391767715118318E-01 -0.40907540538186343906707018671359E-01
-0.47195191743535964145002157340204E-01 -0.34295609178954273921690428926543E-01
-0.37353435141113433273519305840644E-01 -0.27682607749836963908838385488717E-01
-0.27510131447057997235381787986666E-01 -0.21068770388384002014258724113045E-01
-0.17665623241892196256339671911654E-01 -0.14454331297481759270692719918492E-01
-0.78202530793366261414813982233201E-02 -0.78395247380346101220415401748198E-02
0.20256365275690899373725177980726E-02 -0.12245850216674124108473283271125E-02
0.11871703120403492167624452489222E-01 0.53902534965399353683938380303586E-02
0.21717604309360120329426404013318E-01 0.12004756425293937190735174533536E-01
0.31562997787308485385978147257695E-01 0.18618689344296285353246844263988E-01
0.41407541343916115113238311259448E-01 0.25231817811422681516589409790252E-01
0.51250892879840166601482052764163E-01 0.31843907369869670240488940048594E-01
0.61092710420985185669500673861243E-01 0.38454723555265748272537385537101E-01
0.70932652132832717628879655695290E-01 0.45064031902748634869985289535329E-01
0.80770376334844402990937880647553E-01 0.51671597954004715590128779612809E-01
0.90605541514940251136714545956463E-01 0.58277187264269360589271231577268E-01
0.10043780634405689424173987927364E+00 0.64880565409287324646716019004047E-01
0.11026682969078634921492912011636E+00 0.71481497992230183762836120301684E-01
0.12009227063609993904254805094137E+00 0.78079750650570669516709126659098E-01
0.12991378848816024337051760171964E+00 0.84675089062909905982999562173020E-01
0.13973104279722419194121168927584E+00 0.91267278955757384812870068389719E-01
0.14954369337064165654963820900294E+00 0.97856086110260609331054992579521E-01
0.15935140028795138637348333544089E+00 0.10444127636888264946651424406586E+00
0.16915382391608153084245721689715E+00 0.11102261564202537965618930749418E+00
0.17895062492465555694085626655598E+00 0.11759986991459596407369305646351E+00
0.18874146430141020268863300685413E+00 0.12417280525251402587631683126027E+00
0.19852600336772908733673565566970E+00 0.13074118780915771872765406827512E+00
0.20830390379429768443861881195385E+00 0.13730478383174541848191118015837E+00
0.21807482761688415551866282687552E+00 0.14386335966765037353306482310697E+00
0.22783843725225164518036953407331E+00 0.15041668177064585527358747587636E+00
0.23759439551420798431237283181458E+00 0.15696451670707766356293553967092E+00
0.24734236562979942164725974502357E+00 0.16350663116196108583118991510730E+00
0.25708201125565304455173693088922E+00 0.17004279194499853411183509101638E+00
0.26681299649447719695302172996849E+00 0.17657276599651524600303584278410E+00
0.27653498591172494053896286320061E+00 0.18309632039330994189468754245214E+00
0.28624764455242865922320916286779E+00 0.18961322235441425898254719452382E+00
0.29595063795821499731695515910552E+00 0.19612323924676156840219564831711E+00
0.30564363218450640210558486727052E+00 0.20262613859075637380170560693513E+00
0.31532629381792015847842233000762E+00 0.20912168806574349472176345872465E+00
0.32499828999387334808172233034185E+00 0.21560965551537212253929957886300E+00
0.33465928841440337172202344399273E+00 0.22208980895284803427973333294732E+00
0.34430895736621548646545403630070E+00 0.22856191656607253118033586382471E+00
0.35394696573896734613175086313559E+00 0.23502574672266027581517183467213E+00
0.36357298304380381843567372646981E+00 0.24148106797483175217534391835292E+00
0.37318667943215289301400228793753E+00 0.24792764906417608661291585656736E+00
0.38278772571479579248570060389481E+00 0.25436525892627562065304825129757E+00
0.39237579338122806535304232946544E+00 0.26079366669518965785188925890941E+00
0.40195055461932168273282028871723E+00 0.26721264170778750324117714776063E+00
0.41151168233530808427007729011031E+00 0.27362195350792657161710040566995E+00
0.42105885017409638837753482869309E+00 0.28002137185046784067513785606333E+00
0.43059173253994440725264457954041E+00 0.28641066670512056033616877722814E+00
0.44011000461750228626920887286530E+00 0.29278960826010929581082115609598E+00
0.44961334239324700127521156539983E+00 0.29915796692565447989612085077988E+00
0.45910142267732958898878085987615E+00 0.30551551333725831848820586404320E+00
0.46857392312585736395124900930679E+00 0.31186201835878626380958234664237E+00
0.47803052226363345345103732141038E+00 0.31819725308533514750712106057065E+00
0.48747089950738103758770149234287E+00 0.32452098884587758784077539441883E+00
0.49689473518947623563759636377482E+00 0.33083299720567139473835346236948E+00
0.50630171058221987268256018277225E+00 0.33713304996842366733023319498874E+00
0.51569150792267810291083912162534E+00 0.34342091917819687784953579134990E+00
0.52506381043812224927930563119189E+00 0.34969637712104459051989045121961E+00
0.53441830237210467978850869340351E+00 0.35595919632636331630628081590375E+00
0.54375466901120464460718357784299E+00 0.36220914956794706217377541270919E+00
0.55307259671248429042991230387065E+00 0.36844600986472840209260769399221E+00
0.56237177293169553832264925945239E+00 0.37466955048119147763871763477215E+00
0.57165188625228223921979415738788E+00 0.38087954492743926149560831662548E+00
0.58091262641522471202596199762789E+00 0.38707576695889813953501153750075E+00
0.59015368434977612096450326232693E+00 0.39325799057564022858792794807262E+00
0.59937475220514545744443716936173E+00 0.39942599002130364844274302939374E+00
0.60857552338318435236609145729727E+00 0.40557953978159021839624092021898E+00
0.61775569257213797881371239665413E+00 0.41171841458231692967284295075996E+00
0.62691495578152765578257467477528E+00 0.41784238938699770685753362196130E+00
0.63605301037823341744846900598018E+00 0.42395123939393131508873331496846E+00
0.64516955512385416550958417952939E+00 0.43004474003276456035732962366352E+00
0.65426429021342435474109063509967E+00 0.43612266696050807687972442220430E+00
0.66333691731557499981448302417869E+00 0.44218479605696650788361048495522E+00
0.67238713961423242451177506221188E+00 0.44823090341955743229715609980103E+00
0.68141466185195346221996068606475E+00 0.45426076535747932296262358482529E+00
0.69041919037500629180686327838803E+00 0.46027415838519290056711954107223E+00
0.69940043318031165159940602873971E+00 0.46627085921517716220145965807434E+00
0.70835809996436942004044777565198E+00 0.47225064474991542440015473095894E+00
0.71729190217430442393648796973138E+00 0.47821329207306837894681219233402E+00
0.72620155306117651889595089550564E+00 0.48415857843978357587487308986519E+00
0.73508676773571089145106937032179E+00 0.49008628126609044952043272776306E+00
0.74394726322661726755747219706149E+00 0.49599617811732555925446125989495E+00
0.75278275854168013556039729833857E+00 0.50188804669552701915209498300036E+00
0.76159297473181639194654262708442E+00 0.50776166482573629240899088399730E+00
0.77037763495831464717168242632011E+00 0.51361681044113614741565434575346E+00
0.77913646456348649061036327384032E+00 0.51945326156695387884176809693189E+00
0.78786919114497977989098586016315E+00 0.52527079630304837320290721573244E+00
0.79657554463402623260166781862739E+00 0.53106919280509730652342090147532E+00
0.80525525737791821381495702945158E+00 0.53684822926429192228979627731251E+00
0.81390806422703551564502694329461E+00 0.54260768388544166196428405572799E+00
0.82253370262677078899092968179630E+00 0.54834733486338176273517318662415E+00
0.83113191271473436426484825114239E+00 0.55406696035756914614330053428571E+00
0.83970243742365277510161008837856E+00 0.55976633846474285368330167105670E+00
0.84824502259041342623416212478178E+00 0.56544524718951601935972367268054E+00
0.85675941707174923794047511700820E+00 0.57110346441275346310234809122176E+00
0.86524537286710489829398917809846E+00 0.57674076785757976943406048632857E+00
0.87370264524927551657186645104000E+00 0.58235693505284790977925299368151E+00
0.88213099290346709393616686931695E+00 0.58795174329388446745167565181087E+00
0.89053017807549112845364703561519E+00 0.59352496960031293456763531746806E+00
0.89889996672987503214969346647588E+00 0.59907639067073838471033763995764E+00
0.90724012871874976391690724663846E+00 0.60460578283405802962742203506261E+00
0.91555043796246251681699451816659E+00 0.61011292199714281943036989999295E+00
0.92383067264295990479691581240248E+00 0.61559758358861058477858787146718E+00
0.93208061541109686119253212098391E+00 0.62105954249838744716447852119511E+00
0.94030005360914826604841120957259E+00 0.62649857301272628494302685316755E+00
0.94848877950993763358743590316114E+00 0.63191444874432021574279503164944E+00
0.95664659057415138064384601714219E+00 0.63730694255711546583597267696691E+00
0.96477328972758176413958363793283E+00 0.64267582648538953391548168716972E+00
0.97286868566023655467963024352405E+00 0.64802087164662206403843957941466E+00
0.98093259314947491913706086374385E+00 0.65334184814763506039838779693908E+00
0.98896483340958111797953309341044E+00 0.65863852498343212200834828937032E+00
0.99696523447047032361929659524459E+00 0.66391066992810708592757010024590E+00
0.10049336315885451452054056383176E+01 0.66915804941712914256015750905442E+00
0.10128698676930894819328139448214E+01 0.67438042842024158183577061590169E+00
0.10207737938720060275194482861084E+01 0.67957757030413052885576377028522E+00
0.10286452699011851231275476381274E+01 0.68474923668393267217357024611305E+00
0.10364841648223430637311405588443E+01 0.68989518726255127122048917903359E+00
0.10442903575748013719483910354345E+01 0.69501517965663664730877035301665E+00
0.10520637376874085625736951569903E+01 0.70010896920796516316329729516829E+00
0.10598042060376466763698958653266E+01 0.70517630877880561112092930036342E+00
0.10675116756859427675776761215320E+01 0.71021694852970540514179695440465E+00
0.10751860727943356648599251748927E+01 0.71523063567794860701442268828889E+00
0.10828273376399682555437814799903E+01 0.72021711423473258372049012908358E+00
0.10904354257354158543755358082715E+01 0.72517612471888247287357951848372E+00
0.10980103090696637606694222835254E+01 0.73010740384465793037794206964930E+00
0.11055519774856686132410347437394E+01 0.73501068418091129687232922071515E+00
0.11130604402129359663751239104079E+01 0.73988569377851622869824368158863E+00
0.11205357275765058868904626826644E+01 0.74473215576259986087923380898735E+00
0.11279778929072480386617147226987E+01 0.74954978788566971476329551560630E+00
0.11353870146825555095204422205283E+01 0.75433830203722136462066349960540E+00
0.11427631989315368171221071847837E+01 0.75909740370483305518364689209301E+00
0.11501065819448251272679814395331E+01 0.76382679138108942864323949147423E+00
0.11574173333363936311644870662321E+01 0.76852615590991042560686646556803E+00
0.11646956595135780413932467802616E+01 0.77319517976498293044093033086510E+00
0.11719418076222480976489738132556E+01 0.77783353625197736654403951039079E+00
0.11791560700472234998278043280711E+01 0.78244088862506302915310307378051E+00
0.11863387895642274508834494271762E+01 0.78701688910688513900359831357925E+00
0.11934903652597332629701928108899E+01 0.79156117779961100842908826756278E+00
0.12006112593600509571758332189266E+01 0.79607338147285623857275016360938E+00
0.12077020051423474300385361259564E+01 0.80055311221223393469234936796779E+00
0.12147632161398546526832330267782E+01 0.80499996590990233429321322436506E+00
0.12217955969038552892088785445882E+01 0.80941352057575336217458115235351E+00
0.12287999556494768179751445794160E+01 0.81379333444486993843083580025005E+00
0.12357772191957687046829097354431E+01 0.81813894385323419415041786138265E+00
0.12427284507187948197635967698854E+01 0.82244986085044040962587376186000E+00
0.12496548709805103243823658934098E+01 0.82672557051233362233439563500800E+00
0.12565578838829783275617954472773E+01 0.83096552791762791889319078998738E+00
0.12634391074628690680105663405923E+01 0.83516915473264671003885479489995E+00
0.12703004117590846841398517929155E+01 0.83933583539404343285906391728088E+00
0.12771439655551224917348365610877E+01 0.84346491273168788352101377637362E+00
0.12839722943980431816570332884918E+01 0.84755568332384190422117362538241E+00
0.12907883540590436871155152374049E+01 0.85160739153899833484225644710000E+00
0.12975956225322682963122562955877E+01 0.85561922534441243938850434016510E+00
0.13043982230372806269746020408305E+01 0.85959030460377235763485142136449E+00
0.13112010714420905573309034638419E+01 0.86351969039735056210253785253710E+00
0.13180101125599263527277888279802E+01 0.86740632975833885029826639519453E+00
0.13248325177472519671849404099671E+01 0.87124919834714394644929384933330E+00
0.13316773262022778893449826007038E+01 0.87504684876161175111109309012686E+00
0.13385552344177086494235021897234E+01 0.87879879565312571411218094542440E+00
0.13468734897022846143578577170638E+01 0.88323735266110157191520494220161E+00
0.13552934090439160117057000209194E+01 0.88760491357256609040583316963483E+00
0.13638620643571808151414712056409E+01 0.89189908069907983963718330591391E+00
0.13726502060292820997269399088978E+01 0.89611830175065045515873813606722E+00
0.13817727389321833753516170500426E+01 0.90026304987076171447321707199315E+00
0.13909195364995007764809505157114E+01 0.90412985536830939288639846614132E+00
0.13996797894196729013560915811440E+01 0.90751050015531618870269016931489E+00
0.14080807840208724717064110130839E+01 0.91038965292947883086730406985101E+00
0.14161454676506006034813855266667E+01 0.91277587302860019052189736131695E+00
