0.25636738806711723567202967317275E+00 0.53875101695991180584033828377826E+00
0.26600322177937720124343829631236E+00 0.53665692076433122476188768564131E+00
0.27508359107195063586975939546261E+00 0.53469886090241201522065792450960E+00
0.28356906695625600833307071122276E+00 0.53288037474745930020049079177960E+00
0.29143006508323898348219338205894E+00 0.53120593879811863925044261785848E+00
0.29863548960169100581175431263849E+00 0.52968000178403424743626985019757E+00
0.30519159076556856451275659008739E+00 0.52829902271929433922964546340175E+00
0.31123479099426768003259710045372E+00 0.52703239840971528766153295663030E+00
0.31688025234399750866141625263461E+00 0.52585462544327598203546001803590E+00
0.32220461451336269078168597438788E+00 0.52474870198842092837296044047154E+00
0.32726210928868225079781336015504E+00 0.52370257939840310887358440521609E+00
0.32220461451336269078168597438788E+00 0.52474870198842092837296044047154E+00
0.31688025234399750866141625263461E+00 0.52585462544327598203546001803590E+00
0.31123479099426768003259710045372E+00 0.52703239840971528766153295663030E+00
0.30519159076556856451275659008739E+00 0.52829902271929433922964546340175E+00
0.29863548960169100581175431263849E+00 0.52968000178403424743626985019757E+00
0.29143006508323898348219338205894E+00 0.53120593879811863925044261785848E+00
0.28356906695625600833307071122276E+00 0.53288037474745930020049079177960E+00
0.27508359107195063586975939546261E+00 0.53469886090241201522065792450960E+00
0.26600322177937720124343829631236E+00 0.53665692076433122476188768564131E+00
0.25636738806711723567202967317275E+00 0.53875101695991180584033828377826E+00
0.25232789206713297599271108885666E+00 0.55235286132737558434900466790833E+00
0.24928514447181150819681051201210E+00 0.56678898954056933286994044938558E+00
0.24674985498080720457794264142213E+00 0.58195275810876950439962389913706E+00
0.24479082317418547802951980306786E+00 0.59786429391488621763539537137321E+00
0.24337329469810569010731665963304E+00 0.61451262075590513377685579001407E+00
0.24248665664010774871513309711296E+00 0.63109697719226633752789936689966E+00
0.24204487704510271239572331111107E+00 0.64701302675416436133756456794563E+00
0.24194101244525316061039650919264E+00 0.66244596426154357918442922688808E+00
0.24210366112338963782896232925282E+00 0.67750871493566961000891045371638E+00
0.24248490191193995490532000142517E+00 0.69227556240965106615529985221507E+00
0.24294041517545437315389952993428E+00 0.70439301641362491594098867146504E+00
0.24350513176876857400330041710249E+00 0.71636315667105580500340617189196E+00
0.24416538545830049325038125907856E+00 0.72820321374373169055980365305424E+00
0.24491005125353897255220629402316E+00 0.73992688046313361831209162848944E+00
0.24572981269276473189207128369920E+00 0.75154520600559955529908677495046E+00
0.24661676439705683879386253678771E+00 0.76306722039873682301228880443525E+00
0.24756412673683829015302224157957E+00 0.77450038395923689397645954673793E+00
0.24856603217100179360666337579071E+00 0.78585091783608177755782006771572E+00
0.24961736160556554409240082574807E+00 0.79712405170192330408148804346419E+00
0.25071361690849562217124308711597E+00 0.80832421243301105551669175868776E+00
0.25185082016363609145561048000763E+00 0.81945516994475980084027685574296E+00
0.25302543305893793767142691468123E+00 0.83052015138742974903448627189445E+00
0.25423429166947275174848406439073E+00 0.84152193161827592769156508643911E+00
0.25547455317054817894818867769147E+00 0.85246290564073719699362533333155E+00
0.25674365190747539351685133328185E+00 0.86334514716538132080921071336273E+00
0.25803926288340562270184825297173E+00 0.87417045636904973693110277187890E+00
0.25935927118632789608735456798307E+00 0.88494039915964902432291643756314E+00
0.26070174621399718674685149867681E+00 0.89565633969770251267001218335950E+00
0.26206491980688705210643916712201E+00 0.90631946751798392822763406616307E+00
0.26344716758854963886202917397637E+00 0.91693082029202623899257218126801E+00
0.26484699295689805012153339732459E+00 0.92749130304534499811866538076000E+00
0.26626301328077775317773404318449E+00 0.93800170447120779683110865280696E+00
0.26769394794224667501998035322351E+00 0.94846271085115574617148360009772E+00
0.26913860793236628195391829119365E+00 0.95887491799086556019413107793685E+00
0.27059588676148868464137784858935E+00 0.96923884150083786395269798053837E+00
0.27206475248732120869937757006283E+00 0.97955492568933164518611718852945E+00
0.27354424069792242937612028112706E+00 0.98982355128592514485217162893366E+00
0.27503344831409011498521467709467E+00 0.10000450421750557036968797710995E+01
0.27653152809774731305924809851438E+00 0.10102196712876393131781281371265E+01
0.27803768377100889242776415608797E+00 0.10203476657736941762291024657167E+01
0.27955116566542956286636677719866E+00 0.10304292115584816505537286527672E+01
0.28107126683316431162527694546617E+00 0.10404644573680595428206686352433E+01
0.28259731956190098056155661920405E+00 0.10504535182965230057266154216176E+01
0.28412869224386005245949123715647E+00 0.10603964789760026974864983821889E+01
0.28566478655621183656921983503602E+00 0.10702933964012300416555741060925E+01
0.28720503491618351290222012171638E+00 0.10801443024527777499375312242007E+01
0.28874889817912528186071400492822E+00 0.10899492061566731475020601836664E+01
0.29029586355203379036586576741138E+00 0.10997080957127052325438233485501E+01
0.29184544269861796451134826921623E+00 0.11094209403192293071441507875023E+01
0.29339717001506078498825595000872E+00 0.11190876918184655150375042868634E+01
0.29495060105824418985600794488520E+00 0.11287082861830560817439410250954E+01
0.29650531111045356025229922366287E+00 0.11382826448619111990251130304842E+01
0.29806089386651284902455542476102E+00 0.11478106760010327151984656990796E+01
0.29961696023096942594627923943812E+00 0.11572922755530098055780683351077E+01
0.30117313721439390443668494996088E+00 0.11667273282871693350768554586611E+01
0.30272906691911444827351035446636E+00 0.11761157087108886650064307879120E+01
0.30428440560579709703102762733254E+00 0.11854572819113110153997345133175E+01
0.30583882283323503042327821901528E+00 0.11947519043256050113184583512903E+01
0.30739200066454409173609863154343E+00 0.12039994244469571352891579874382E+01
0.30894363293369134833045344464692E+00 0.12131996834726613199594548904455E+01
0.31049342456692458762993033849519E+00 0.12223525158999470490729466811782E+01
0.31204109095423602891065938995488E+00 0.12314577500745600829352250280382E+01
0.31358635736649259528387144009407E+00 0.12405152086965590509883477645404E+01
0.31512895841430366388405030120556E+00 0.12495247092873088391986879002024E+01
0.31666863754508945221723413593877E+00 0.12584860646212272606395309009365E+01
0.31820514657515878113000432784731E+00 0.12673990831254690371661159903336E+01
0.31973824525391331853952037632303E+00 0.12762635692503998262296629857686E+01
0.32126770085756878381839652607200E+00 0.12850793238134255811595969837257E+01
0.32279328781002954297085949366044E+00 0.12938461443184798060804615139244E+01
0.32431478732877154148717825729416E+00 0.13025638252532474189520392934986E+01
0.32583198709378381072481840249951E+00 0.13112321583659967713988674438517E+01
0.32734468093779457890555611674515E+00 0.13198509329237134072665199660585E+01
0.32885266855616620654924518397397E+00 0.13284199359530666159140074139251E+01
0.33035575523498470421763070767981E+00 0.13369389524655945619758033817861E+01
0.33185375159599633636408546178458E+00 0.13454077656683684781244480914253E+01
0.33334647335716161693588002635649E+00 0.13538261571612769718184510184782E+01
0.33483374110769656721700229429730E+00 0.13621939071219707872255222016062E+01
0.33631538009657076779731872201416E+00 0.13705107944794155489341155247809E+01
0.33779122003351194274859477260878E+00 0.13787765970769116051232456441464E+01
0.33926109490164666095637750188282E+00 0.13869910918253752573250421908747E+01
0.34072484278097708528837884200711E+00 0.13951540548475929871556371512145E+01
0.34218230568195475077494802029580E+00 0.14032652616141140878692986450287E+01
0.34363332938847395799034882557863E+00 0.14113244870713801102392150984167E+01
0.34507776330965714430035820581823E+00 0.14193315057626454855649612802737E+01
0.34651546033985441730257556139596E+00 0.14272860919421967038995123226566E+01
0.34794627672632274405580230174413E+00 0.14351880196833344150038434250276E+01
0.34937007194409038442137528340970E+00 0.14430370629805486749773708824638E+01
0.35078670857754933901633839746904E+00 0.14508329958462802489332784661664E+01
0.35219605220835185429616497212221E+00 0.14585755924026311380896143253365E+01
0.35359797130921836917048482129302E+00 0.14662646269683601006378629081955E+01
0.35499233714329113830779063348847E+00 0.14738998741414707643359756531484E+01
0.35637902366869613113168593249947E+00 0.14814811088776794561327789465541E+01
0.35775790744799749715077997049797E+00 0.14890081065650245468917052311329E+01
0.35912886756225222412833994754152E+00 0.14964806430948632187601305172084E+01
0.36049178552939163194140487925175E+00 0.15038984949294806938770295658158E+01
0.36184654522667674050335045617158E+00 0.15112614391665216736536953716596E+01
0.36319303281699014114794931039335E+00 0.15185692536004382007808092743885E+01
0.36453113667874337185627868177292E+00 0.15258217167811341985897066781389E+01
0.36586074733919381665038596477971E+00 0.15330186080699741482001738880922E+01
0.36718175741097882064096047254052E+00 0.15401597076933118954334422307786E+01
0.36849406153168607918799827909348E+00 0.15472447967936835923114201542927E+01
0.36979755630629258142316005866998E+00 0.15542736574788004919347447912940E+01
0.37109214025231421485439237672734E+00 0.15612460728684664178818983098121E+01
0.37237771374751818923024962605126E+00 0.15681618271395369967496678269417E+01
0.37365417898005991378351562456189E+00 0.15750207055690303933578118194149E+01
0.37492143990091481494455190076125E+00 0.15818224945754903504324965514849E+01
0.37617940217848301248052981332651E+00 0.15885669817586975188317475132004E+01
0.37742797315525219198770112018011E+00 0.15952539559378180175380299185072E+01
0.37866706180641247592256735441956E+00 0.16018832071880708895705189645162E+01
0.37989657870032061974979409533114E+00 0.16084545268759946338100435460587E+01
0.38111643596071997563195397445736E+00 0.16149677076933830634812221486474E+01
0.38232654723062658846990589815783E+00 0.16214225436899605942009368851991E+01
0.38352682763779667269548481423059E+00 0.16278188303048599318074734450546E+01
0.38471719376169679689985471194361E+00 0.16341563643969617149362855680204E+01
0.38589756360190241180813665511236E+00 0.16404349442741539755087663194526E+01
0.38706785654785352282019858450067E+00 0.16466543697215617474232997696175E+01
0.38822799334990210816923291392068E+00 0.16528144420287985408329539304697E+01
0.38937789609158735619023937596410E+00 0.16589149640162854970816823114843E+01
0.39051748816308097918234064385693E+00 0.16649557400606809808191362493639E+01
0.39164669423574558037595145929896E+00 0.16709365761194640292601937386681E+01
0.39276544023775378096318949065741E+00 0.16768572797547079073993149926681E+01
0.39387365333071820466694198832319E+00 0.16827176601560821582946050568973E+01
0.39497126188728491399566763223860E+00 0.16885175281631167957333968023853E+01
0.39605819546964529765989182917318E+00 0.16942566962867605646842011492092E+01
0.39713438480892493610094248855410E+00 0.16999349787302649997874964478360E+01
0.39819976178540847996368802873761E+00 0.17055521914094217410143468773373E+01
0.39925425940956289105002235922884E+00 0.17111081519721813010752290544632E+01
0.40029781180382341265443673629711E+00 0.17166026798176785577226914300222E+01
0.40133035418510737957296327367889E+00 0.17220355961146889035058733252627E+01
0.40235182284802419277923562646872E+00 0.17274067238195387381152305835882E+01
0.40336215514875018618367459028121E+00 0.17327158876934909970096557719556E+01
0.40436128948953974096986348227010E+00 0.17379629143196269165207999750999E+01
0.40534916530384438423898855433219E+00 0.17431476321192430495162946149694E+01
0.40632572304201391400108322490306E+00 0.17482698713677818413562465137713E+01
0.40729090415755464572173012773941E+00 0.17533294642103132193546496430030E+01
0.40824465109392047646124551892354E+00 0.17583262446765836112551364542050E+01
0.40918690727181463226241074128681E+00 0.17632600486956476909594146930343E+01
0.41011761707698049736565432151664E+00 0.17681307141100980501893516289661E+01
0.41103672584846094692573794033450E+00 0.17729380806899061846533283643227E+01
0.41194417986730675814079780249437E+00 0.17776819901458886860628901414542E+01
0.41283992634571532115333250645414E+00 0.17823622861428105439345557014319E+01
0.41372391341658270399428574151230E+00 0.17869788143121379379617683354732E+01
0.41459609012345113143036229263890E+00 0.17915314222644517436363393042686E+01
0.41545640641083684066933389424361E+00 0.17960199596015323437453418255958E+01
0.41630481311492251953081054361011E+00 0.18004442779281259741234678685222E+01
0.41714126195459950469854195971277E+00 0.18048042308634026704195821546153E+01
0.41796570552284688839376056605868E+00 0.18090996740521140494655726832430E+01
0.41877809727843253146034392698893E+00 0.18133304651754613542240043065655E+01
0.41957839153792531844419311325456E+00 0.18174964639616798076999347285678E+01
0.42036654346800485570228509516686E+00 0.18215975321963496153666343532847E+01
0.42114250907805804548831013095606E+00 0.18256335337324391853938977276923E+01
0.42190624521305136573435029234718E+00 0.18296043345000886953066242568187E+01
0.42265770954666798767020407546868E+00 0.18335098025161408756120409840875E+01
0.42339686057470022918127901896683E+00 0.18373498078934248766377594541985E+01
0.42412365760868705219460834504247E+00 0.18411242228498000425697326198270E+01
0.42483806076978807165274601146197E+00 0.18448329217169650055087647963570E+01
0.42554003098288501382325280971168E+00 0.18484757809490379179310361217657E+01
0.42622952997090214054137183394652E+00 0.18520526791309132080102376343562E+01
0.42690652024933788461081278424987E+00 0.18555634969863996846496059009481E+01
0.42757096512099968294607857879289E+00 0.18590081173861452124771650129225E+01
0.42822282867093518474504342767812E+00 0.18623864253553520001368326928564E+01
0.42886207576155222884750199331197E+00 0.18656983080812876835980228463108E+01
0.42948867202792133500166832141636E+00 0.18689436549205956111711083624112E+01
0.43010258387325404104659065043225E+00 0.18721223574064088314239823533677E+01
0.43070377846455118271344634602525E+00 0.18752343092552713559767338934881E+01
0.43129222372841496330540089109880E+00 0.18782794063738705120474837604214E+01
0.43186788834701937612504135126175E+00 0.18812575468655836768594617470051E+01
0.43243074175423358035309511729406E+00 0.18841686310368427244543995699509E+01
0.43298075413189313027436877398208E+00 0.18870125614033194012998531550421E+01
0.43351789640621395692114783883302E+00 0.18897892426959347065311220466123E+01
0.43404214024434463700060549943548E+00 0.18924985818666948188168470633655E+01
0.43455345805105233279917881573767E+00 0.18951404880943567187487875731649E+01
0.43505182296553801135908125146946E+00 0.18977148727899258266723272214724E+01
0.43553720885837703292913007957266E+00 0.19002216496019881700652314257888E+01
0.43600959032858101449862177943362E+00 0.19026607344218795937008014558380E+01
0.43646894270077721078350764356453E+00 0.19050320453886941099245427939200E+01
0.43691524202250196013745145097625E+00 0.19073355028941335593202201740260E+01
0.43734846506160457243192719235116E+00 0.19095710295872007735623484565485E+01
0.43776858930375849291813844783225E+00 0.19117385503787379716227246547695E+01
0.43817559295007660257957214716236E+00 0.19138379924458123912009496636339E+01
0.43856945491482764004003856183761E+00 0.19158692852359509106883018636132E+01
0.43895015482325087348215567605967E+00 0.19178323604712253007581729304921E+01
0.43931767300946629760366201676664E+00 0.19197271521521897066588242951343E+01
0.43967199051447793395105423545419E+00 0.19215535965616718308572022118535E+01
0.44001308908426745160713804640378E+00 0.19233116322684195225914880644728E+01
0.44034095116797604150704707808931E+00 0.19250012001306036954170510560334E+01
0.44065555991617217437185843173136E+00 0.19266222432991792722295211838836E+01
0.44095689917920316104047462346990E+00 0.19281747072211052048381005000681E+01
0.44124495350562846520991731334105E+00 0.19296585396424247261671831309823E+01
0.44151970814073301998612856856727E+00 0.19310736906112070221694342505479E+01
0.44178114902511818673465874393767E+00 0.19324201124803513232440180881789E+01
0.44202926279337036573814161523908E+00 0.19336977599102542022075317128007E+01
0.44226403677280066839413469110638E+00 0.19349065898713418948648204910090E+01
0.44248545898226850525719846198790E+00 0.19360465616464656790864742497615E+01
0.44269351813104627544333091167726E+00 0.19371176368331693442269114481550E+01
0.44288820361784345055749792554165E+00 0.19381197793458060307685464136982E+01
0.44306950552964391314653769403760E+00 0.19390529554175723559691085973708E+01
0.44323741464134872531628070412995E+00 0.19399171336022674069733500886074E+01
0.44339192241337786144078442360200E+00 0.19407122847763300558440715032356E+01
0.44353302099535540761997462412627E+00 0.19414383821395763671904383680367E+01
0.44361963359632267784541980859561E+00 0.19418840716389030435711174783783E+01
0.44370028140242460259048032514817E+00 0.19422990529532819583147059154355E+01
0.44377496259382258338476184551175E+00 0.19426833198654124084236277213581E+01
0.44384367548600048188184180997932E+00 0.19430368666178829356680624891922E+01
0.44390641852942575191762861370176E+00 0.19433596879133643469557224698677E+01
0.44396617841021971992391328203403E+00 0.19436671525093112933745870256346E+01
0.44402594277978422358765960778738E+00 0.19439746324651423666979776769734E+01
0.44408571163782437280022387961940E+00 0.19442821277815916901496680623682E+01
0.44414548498378511271263289137672E+00 0.19445896384594438620309037194937E+01
0.44420526281792394796527618252268E+00 0.19448971644993254375667490331254E+01
0.44414548498378511271263289137672E+00 0.19445896384594438620309037194937E+01
0.44408571163782437280022387961940E+00 0.19442821277815916901496680623682E+01
0.44402594277978422358765960778738E+00 0.19439746324651423666979776769734E+01
0.44396617841021971992391328203403E+00 0.19436671525093112933745870256346E+01
0.44390641852942575191762861370176E+00 0.19433596879133643469557224698677E+01
0.44384367548600048188184180997932E+00 0.19430368666178829356680624891922E+01
0.44377496259382258338476184551175E+00 0.19426833198654124084236277213581E+01
0.44370028140242460259048032514817E+00 0.19422990529532819583147059154355E+01
0.44361963359632267784541980859561E+00 0.19418840716389030435711174783783E+01
0.44353302099535540761997462412627E+00 0.19414383821395763671904383680367E+01
0.44339192241337786144078442360200E+00 0.19407122847763300558440715032356E+01
0.44323741464134872531628070412995E+00 0.19399171336022674069733500886074E+01
0.44306950552964391314653769403760E+00 0.19390529554175723559691085973708E+01
0.44288820361784345055749792554165E+00 0.19381197793458060307685464136982E+01
0.44269351813104627544333091167726E+00 0.19371176368331693442269114481550E+01
0.44248545898226850525719846198790E+00 0.19360465616464656790864742497615E+01
0.44226403677280066839413469110638E+00 0.19349065898713418948648204910090E+01
0.44202926279337036573814161523908E+00 0.19336977599102542022075317128007E+01
0.44178114902511818673465874393767E+00 0.19324201124803513232440180881789E+01
0.44151970814073301998612856856727E+00 0.19310736906112070221694342505479E+01
0.44124495350562846520991731334105E+00 0.19296585396424247261671831309823E+01
0.44095689917920316104047462346990E+00 0.19281747072211052048381005000681E+01
0.44065555991617217437185843173136E+00 0.19266222432991792722295211838836E+01
0.44034095116797604150704707808931E+00 0.19250012001306036954170510560334E+01
0.44001308908426745160713804640378E+00 0.19233116322684195225914880644728E+01
0.43967199051447793395105423545419E+00 0.19215535965616718308572022118535E+01
0.43931767300946629760366201676664E+00 0.19197271521521897066588242951343E+01
0.43895015482325087348215567605967E+00 0.19178323604712253007581729304921E+01
0.43856945491482764004003856183761E+00 0.19158692852359509106883018636132E+01
0.43817559295007660257957214716236E+00 0.19138379924458123912009496636339E+01
0.43776858930375849291813844783225E+00 0.19117385503787379716227246547695E+01
0.43734846506160457243192719235116E+00 0.19095710295872007735623484565485E+01
0.43691524202250196013745145097625E+00 0.19073355028941335593202201740260E+01
0.43646894270077721078350764356453E+00 0.19050320453886941099245427939200E+01
0.43600959032858101449862177943362E+00 0.19026607344218795937008014558380E+01
0.43553720885837703292913007957266E+00 0.19002216496019881700652314257888E+01
0.43505182296553801135908125146946E+00 0.18977148727899258266723272214724E+01
0.43455345805105233279917881573767E+00 0.18951404880943567187487875731649E+01
0.43404214024434463700060549943548E+00 0.18924985818666948188168470633655E+01
0.43351789640621395692114783883302E+00 0.18897892426959347065311220466123E+01
0.43298075413189313027436877398208E+00 0.18870125614033194012998531550421E+01
0.43243074175423358035309511729406E+00 0.18841686310368427244543995699509E+01
0.43186788834701937612504135126175E+00 0.18812575468655836768594617470051E+01
0.43129222372841496330540089109880E+00 0.18782794063738705120474837604214E+01
0.43070377846455118271344634602525E+00 0.18752343092552713559767338934881E+01
0.43010258387325404104659065043225E+00 0.18721223574064088314239823533677E+01
0.42948867202792133500166832141636E+00 0.18689436549205956111711083624112E+01
0.42886207576155222884750199331197E+00 0.18656983080812876835980228463108E+01
0.42822282867093518474504342767812E+00 0.18623864253553520001368326928564E+01
0.42757096512099968294607857879289E+00 0.18590081173861452124771650129225E+01
0.42690652024933788461081278424987E+00 0.18555634969863996846496059009481E+01
0.42622952997090214054137183394652E+00 0.18520526791309132080102376343562E+01
0.42554003098288501382325280971168E+00 0.18484757809490379179310361217657E+01
0.42483806076978807165274601146197E+00 0.18448329217169650055087647963570E+01
0.42412365760868705219460834504247E+00 0.18411242228498000425697326198270E+01
0.42339686057470022918127901896683E+00 0.18373498078934248766377594541985E+01
0.42265770954666798767020407546868E+00 0.18335098025161408756120409840875E+01
0.42190624521305136573435029234718E+00 0.18296043345000886953066242568187E+01
0.42114250907805804548831013095606E+00 0.18256335337324391853938977276923E+01
0.42036654346800485570228509516686E+00 0.18215975321963496153666343532847E+01
0.41957839153792531844419311325456E+00 0.18174964639616798076999347285678E+01
0.41877809727843253146034392698893E+00 0.18133304651754613542240043065655E+01
0.41796570552284688839376056605868E+00 0.18090996740521140494655726832430E+01
0.41714126195459950469854195971277E+00 0.18048042308634026704195821546153E+01
0.41630481311492251953081054361011E+00 0.18004442779281259741234678685222E+01
0.41545640641083684066933389424361E+00 0.17960199596015323437453418255958E+01
0.41459609012345113143036229263890E+00 0.17915314222644517436363393042686E+01
0.41372391341658270399428574151230E+00 0.17869788143121379379617683354732E+01
0.41283992634571532115333250645414E+00 0.17823622861428105439345557014319E+01
0.41194417986730675814079780249437E+00 0.17776819901458886860628901414542E+01
0.41103672584846094692573794033450E+00 0.17729380806899061846533283643227E+01
0.41011761707698049736565432151664E+00 0.17681307141100980501893516289661E+01
0.40918690727181463226241074128681E+00 0.17632600486956476909594146930343E+01
0.40824465109392047646124551892354E+00 0.17583262446765836112551364542050E+01
0.40729090415755464572173012773941E+00 0.17533294642103132193546496430030E+01
0.40632572304201391400108322490306E+00 0.17482698713677818413562465137713E+01
0.40534916530384438423898855433219E+00 0.17431476321192430495162946149694E+01
0.40436128948953974096986348227010E+00 0.17379629143196269165207999750999E+01
0.40336215514875018618367459028121E+00 0.17327158876934909970096557719556E+01
0.40235182284802419277923562646872E+00 0.17274067238195387381152305835882E+01
0.40133035418510737957296327367889E+00 0.17220355961146889035058733252627E+01
0.40029781180382341265443673629711E+00 0.17166026798176785577226914300222E+01
0.39925425940956289105002235922884E+00 0.17111081519721813010752290544632E+01
0.39819976178540847996368802873761E+00 0.17055521914094217410143468773373E+01
0.39713438480892493610094248855410E+00 0.16999349787302649997874964478360E+01
0.39605819546964529765989182917318E+00 0.16942566962867605646842011492092E+01
0.39497126188728491399566763223860E+00 0.16885175281631167957333968023853E+01
0.39387365333071820466694198832319E+00 0.16827176601560821582946050568973E+01
0.39276544023775378096318949065741E+00 0.16768572797547079073993149926681E+01
0.39164669423574558037595145929896E+00 0.16709365761194640292601937386681E+01
0.39051748816308097918234064385693E+00 0.16649557400606809808191362493639E+01
0.38937789609158735619023937596410E+00 0.16589149640162854970816823114843E+01
0.38822799334990210816923291392068E+00 0.16528144420287985408329539304697E+01
0.38706785654785352282019858450067E+00 0.16466543697215617474232997696175E+01
0.38589756360190241180813665511236E+00 0.16404349442741539755087663194526E+01
0.38471719376169679689985471194361E+00 0.16341563643969617149362855680204E+01
0.38352682763779667269548481423059E+00 0.16278188303048599318074734450546E+01
0.38232654723062658846990589815783E+00 0.16214225436899605942009368851991E+01
0.38111643596071997563195397445736E+00 0.16149677076933830634812221486474E+01
0.37989657870032061974979409533114E+00 0.16084545268759946338100435460587E+01
0.37866706180641247592256735441956E+00 0.16018832071880708895705189645162E+01
0.37742797315525219198770112018011E+00 0.15952539559378180175380299185072E+01
0.37617940217848301248052981332651E+00 0.15885669817586975188317475132004E+01
0.37492143990091481494455190076125E+00 0.15818224945754903504324965514849E+01
0.37365417898005991378351562456189E+00 0.15750207055690303933578118194149E+01
0.37237771374751818923024962605126E+00 0.15681618271395369967496678269417E+01
0.37109214025231421485439237672734E+00 0.15612460728684664178818983098121E+01
0.36979755630629258142316005866998E+00 0.15542736574788004919347447912940E+01
0.36849406153168607918799827909348E+00 0.15472447967936835923114201542927E+01
0.36718175741097882064096047254052E+00 0.15401597076933118954334422307786E+01
0.36586074733919381665038596477971E+00 0.15330186080699741482001738880922E+01
0.36453113667874337185627868177292E+00 0.15258217167811341985897066781389E+01
0.36319303281699014114794931039335E+00 0.15185692536004382007808092743885E+01
0.36184654522667674050335045617158E+00 0.15112614391665216736536953716596E+01
0.36049178552939163194140487925175E+00 0.15038984949294806938770295658158E+01
0.35912886756225222412833994754152E+00 0.14964806430948632187601305172084E+01
0.35775790744799749715077997049797E+00 0.14890081065650245468917052311329E+01
0.35637902366869613113168593249947E+00 0.14814811088776794561327789465541E+01
0.35499233714329113830779063348847E+00 0.14738998741414707643359756531484E+01
0.35359797130921836917048482129302E+00 0.14662646269683601006378629081955E+01
0.35219605220835185429616497212221E+00 0.14585755924026311380896143253365E+01
0.35078670857754933901633839746904E+00 0.14508329958462802489332784661664E+01
0.34937007194409038442137528340970E+00 0.14430370629805486749773708824638E+01
0.34794627672632274405580230174413E+00 0.14351880196833344150038434250276E+01
0.34651546033985441730257556139596E+00 0.14272860919421967038995123226566E+01
0.34507776330965714430035820581823E+00 0.14193315057626454855649612802737E+01
0.34363332938847395799034882557863E+00 0.14113244870713801102392150984167E+01
0.34218230568195475077494802029580E+00 0.14032652616141140878692986450287E+01
0.34072484278097708528837884200711E+00 0.13951540548475929871556371512145E+01
0.33926109490164666095637750188282E+00 0.13869910918253752573250421908747E+01
0.33779122003351194274859477260878E+00 0.13787765970769116051232456441464E+01
0.33631538009657076779731872201416E+00 0.13705107944794155489341155247809E+01
0.33483374110769656721700229429730E+00 0.13621939071219707872255222016062E+01
0.33334647335716161693588002635649E+00 0.13538261571612769718184510184782E+01
0.33185375159599633636408546178458E+00 0.13454077656683684781244480914253E+01
0.33035575523498470421763070767981E+00 0.13369389524655945619758033817861E+01
0.32885266855616620654924518397397E+00 0.13284199359530666159140074139251E+01
0.32734468093779457890555611674515E+00 0.13198509329237134072665199660585E+01
0.32583198709378381072481840249951E+00 0.13112321583659967713988674438517E+01
0.32431478732877154148717825729416E+00 0.13025638252532474189520392934986E+01
0.32279328781002954297085949366044E+00 0.12938461443184798060804615139244E+01
0.32126770085756878381839652607200E+00 0.12850793238134255811595969837257E+01
0.31973824525391331853952037632303E+00 0.12762635692503998262296629857686E+01
0.31820514657515878113000432784731E+00 0.12673990831254690371661159903336E+01
0.31666863754508945221723413593877E+00 0.12584860646212272606395309009365E+01
0.31512895841430366388405030120556E+00 0.12495247092873088391986879002024E+01
0.31358635736649259528387144009407E+00 0.12405152086965590509883477645404E+01
0.31204109095423602891065938995488E+00 0.12314577500745600829352250280382E+01
0.31049342456692458762993033849519E+00 0.12223525158999470490729466811782E+01
0.30894363293369134833045344464692E+00 0.12131996834726613199594548904455E+01
0.30739200066454409173609863154343E+00 0.12039994244469571352891579874382E+01
0.30583882283323503042327821901528E+00 0.11947519043256050113184583512903E+01
0.30428440560579709703102762733254E+00 0.11854572819113110153997345133175E+01
0.30272906691911444827351035446636E+00 0.11761157087108886650064307879120E+01
0.30117313721439390443668494996088E+00 0.11667273282871693350768554586611E+01
0.29961696023096942594627923943812E+00 0.11572922755530098055780683351077E+01
0.29806089386651284902455542476102E+00 0.11478106760010327151984656990796E+01
0.29650531111045356025229922366287E+00 0.11382826448619111990251130304842E+01
0.29495060105824418985600794488520E+00 0.11287082861830560817439410250954E+01
0.29339717001506078498825595000872E+00 0.11190876918184655150375042868634E+01
0.29184544269861796451134826921623E+00 0.11094209403192293071441507875023E+01
0.29029586355203379036586576741138E+00 0.10997080957127052325438233485501E+01
0.28874889817912528186071400492822E+00 0.10899492061566731475020601836664E+01
0.28720503491618351290222012171638E+00 0.10801443024527777499375312242007E+01
0.28566478655621183656921983503602E+00 0.10702933964012300416555741060925E+01
0.28412869224386005245949123715647E+00 0.10603964789760026974864983821889E+01
0.28259731956190098056155661920405E+00 0.10504535182965230057266154216176E+01
0.28107126683316431162527694546617E+00 0.10404644573680595428206686352433E+01
0.27955116566542956286636677719866E+00 0.10304292115584816505537286527672E+01
0.27803768377100889242776415608797E+00 0.10203476657736941762291024657167E+01
0.27653152809774731305924809851438E+00 0.10102196712876393131781281371265E+01
0.27503344831409011498521467709467E+00 0.10000450421750557036968797710995E+01
0.27354424069792242937612028112706E+00 0.98982355128592514485217162893366E+00
0.27206475248732120869937757006283E+00 0.97955492568933164518611718852945E+00
0.27059588676148868464137784858935E+00 0.96923884150083786395269798053837E+00
0.26913860793236628195391829119365E+00 0.95887491799086556019413107793685E+00
0.26769394794224667501998035322351E+00 0.94846271085115574617148360009772E+00
0.26626301328077775317773404318449E+00 0.93800170447120779683110865280696E+00
0.26484699295689805012153339732459E+00 0.92749130304534499811866538076000E+00
0.26344716758854963886202917397637E+00 0.91693082029202623899257218126801E+00
0.26206491980688705210643916712201E+00 0.90631946751798392822763406616307E+00
0.26070174621399718674685149867681E+00 0.89565633969770251267001218335950E+00
0.25935927118632789608735456798307E+00 0.88494039915964902432291643756314E+00
0.25803926288340562270184825297173E+00 0.87417045636904973693110277187890E+00
0.25674365190747539351685133328185E+00 0.86334514716538132080921071336273E+00
0.25547455317054817894818867769147E+00 0.85246290564073719699362533333155E+00
0.25423429166947275174848406439073E+00 0.84152193161827592769156508643911E+00
0.25302543305893793767142691468123E+00 0.83052015138742974903448627189445E+00
0.25185082016363609145561048000763E+00 0.81945516994475980084027685574296E+00
0.25071361690849562217124308711597E+00 0.80832421243301105551669175868776E+00
0.24961736160556554409240082574807E+00 0.79712405170192330408148804346419E+00
0.24856603217100179360666337579071E+00 0.78585091783608177755782006771572E+00
0.24756412673683829015302224157957E+00 0.77450038395923689397645954673793E+00
0.24661676439705683879386253678771E+00 0.76306722039873682301228880443525E+00
0.24572981269276473189207128369920E+00 0.75154520600559955529908677495046E+00
0.24491005125353897255220629402316E+00 0.73992688046313361831209162848944E+00
0.24416538545830049325038125907856E+00 0.72820321374373169055980365305424E+00
0.24350513176876857400330041710249E+00 0.71636315667105580500340617189196E+00
0.24294041517545437315389952993428E+00 0.70439301641362491594098867146504E+00
0.24248490191193995490532000142517E+00 0.69227556240965106615529985221507E+00
0.24210366112338963782896232925282E+00 0.67750871493566961000891045371638E+00
0.24194101244525316061039650919264E+00 0.66244596426154357918442922688808E+00
0.24204487704510271239572331111107E+00 0.64701302675416436133756456794563E+00
0.24248665664010774871513309711296E+00 0.63109697719226633752789936689966E+00
0.24337329469810569010731665963304E+00 0.61451262075590513377685579001407E+00
0.24479082317418547802951980306786E+00 0.59786429391488621763539537137321E+00
0.24674985498080720457794264142213E+00 0.58195275810876950439962389913706E+00
0.24928514447181150819681051201210E+00 0.56678898954056933286994044938558E+00
0.25232789206713297599271108885666E+00 0.55235286132737558434900466790833E+00
0.25636738806711723567202967317275E+00 0.53875101695991180584033828377826E+00
0.24709426491300788019628840759630E+00 0.52797860749228234300123308643310E+00
0.23812535715717159763777959363633E+00 0.51615722804953467638371736279146E+00
0.22932978083123371022947819195849E+00 0.50335243473931108777921308958911E+00
0.22069349794146615936528961279031E+00 0.48955598616988279794485346326434E+00
0.21216982175230061421828731651643E+00 0.47479028529463212517185945174093E+00
0.20410359059902167676918517367983E+00 0.45978638017284236272456590023293E+00
0.19668660371602049911813282780116E+00 0.44514276630383165522796189640227E+00
0.18974608464826160861979414828573E+00 0.43073747652710617410425714699358E+00
0.18317295072940917055422715811902E+00 0.41649801748765259853501451740849E+00
0.17689268749135571778978772134619E+00 0.40237808136290821689450823324070E+00
0.17184519483920596114580787064722E+00 0.39067932238504428198626777075450E+00
0.16693941613077586167523317813358E+00 0.37902903279006018293690664227779E+00
0.16215808564823132299668502907563E+00 0.36741663899997689230246682417126E+00
0.15748550410096940199959473187752E+00 0.35583462038963713463188400481700E+00
0.15290924302041196163107115980581E+00 0.34427684717378409977175214473589E+00
0.14841873114431724548599815628119E+00 0.33273851402483702031895074077580E+00
0.14400509379600842865289958493810E+00 0.32121573999196365735563887732116E+00
0.13966074093624331604992693297176E+00 0.30970539336449532329082140836763E+00
0.13537915107672915533098484633051E+00 0.29820492417411139712875659177758E+00
0.13115467211884646538950942927595E+00 0.28671225038833493583102580777886E+00
0.12698237611389484671261535665993E+00 0.27522566687878577103846709530416E+00
0.12285794053466557646381626791951E+00 0.26374377623902418796452243895300E+00
0.11877755424260931039054041797222E+00 0.25226543413482959323184518977629E+00
0.11473784091666329826791709731011E+00 0.24078970615790975735822789071756E+00
0.11073579657304006366647552750594E+00 0.22931583327048398640889856693060E+00
0.10676873800168862604755895667967E+00 0.21784320393649020869666432115772E+00
0.10283425993192719165427370583986E+00 0.20637133144472425580183118386342E+00
0.98930199179323106891849114958795E-01 0.19489983532361628235966756699284E+00
0.95054604444213720470103021829925E-01 0.18342842600163091464771546754996E+00
0.91205710714367613376051688545099E-01 0.17195689206548285783400167581164E+00
0.87381917447974295897453029786140E-01 0.16048508961252093441210672449628E+00
0.83581769880696781173109930980923E-01 0.14901293330334555737958492742006E+00
0.79803942930913327433476659603291E-01 0.13754038880374812421875836373996E+00
0.76047227278366744931363819994009E-01 0.12606746636886509527944646132110E+00
0.72310517270886155334679407925518E-01 0.11459421537174667072346516996176E+00
0.68592800376615170180523698428042E-01 0.10312071961698448054464669060292E+00
0.64893147949172827812752766948302E-01 0.91647093310226810515843390716834E-01
0.61210707113250517083689038007532E-01 0.80173477578269135750593304223253E-01
0.57544693610474438734776342217625E-01 0.68700037453397921986086416276779E-01
0.53894385471600694526844308769384E-01 0.57226959250860764597120257236900E-01
0.50259117402523121451191672533749E-01 0.45754448280579030135915980683050E-01
0.46638275789137957299734085386596E-01 0.34282726844122419697278060969969E-01
0.43031294240599201265107254993392E-01 0.22812032476029770409280340417469E-01
0.39437649602499626225314557156543E-01 0.11342616395153763871669247506869E-01
0.35856858381501529499080364293298E-01 -0.12525786287876407571187930210613E-03
0.32288473531294851080612492151999E-01 -0.11591315656526092963623447411158E-01
0.28732081556766687616142923416006E-01 -0.23055272313243069029024516956656E-01
0.25187299899176181931472638803750E-01 -0.34516834086094710054673613486701E-01
0.21653774570121919459396105508753E-01 -0.45975699007146314090961048815768E-01
0.18131178006332648488961507739745E-01 -0.57431557650547914567981330832639E-01
0.14619207120922248660659029125384E-01 -0.68884093816411265353880850458275E-01
0.11117581529838969009877374801335E-01 -0.80332985145048896603965227484775E-01
0.76260419348832846747300453556886E-02 -0.91777903669842672817182826256095E-01
0.41443486469467094955991785872534E-02 -0.10321851631590665076432467468044E+00
0.67228023508399149706316902638570E-03 -0.11465448535077188092002193466586E+00
-0.27903677112711222421912021335828E-02 -0.12608546879251224321290187955239E+00
-0.62437837181641464116806363637552E-02 -0.13751112078004743169612902738163E+00
-0.96881414709920855765375892146455E-02 -0.14893109190976317559116458910612E+00
-0.13123600775214712097141176980236E-01 -0.16034502954208192001505902758576E+00
-0.16550308441754442511962212227391E-01 -0.17175257808117573704299139061765E+00
-0.19968399104085350818902813050475E-01 -0.18315337923063252735636200081014E+00
-0.23377995973259333346233482490196E-01 -0.19454707222755607257860273502336E+00
-0.26779211536463698092961770340138E-01 -0.20593329405729309716427655366631E+00
-0.30172148204121463199369673989455E-01 -0.21731167965072865090350532697672E+00
-0.33556898910034770199959864596537E-01 -0.22868186206587530876767160563174E+00
-0.36933547668620746929955529984590E-01 -0.24004347265528603816207159065243E+00
-0.40302170092883059959155651447726E-01 -0.25139614122065579292953714018206E+00
-0.43662833876410833088857237789925E-01 -0.26273949615582857227690508238241E+00
-0.47015599242375779523677787040297E-01 -0.27407316457929621624816290098598E+00
-0.50360519362217761747797543976878E-01 -0.28539677245716073029927341135735E+00
-0.53697640746455665830942908082639E-01 -0.29670994471743178913853189155053E+00
-0.57027003609834483638343509665944E-01 -0.30801230535644093595866402323360E+00
-0.60348642212819454673707068663958E-01 -0.31930347753807402415651409012864E+00
-0.63662585181263989974171208727376E-01 -0.33058308368645442577632840411049E+00
-0.66968855805918036139343475793927E-01 -0.34185074557264642044914934117654E+00
-0.70267472323295552871352214783155E-01 -0.35310608439589145889830704559772E+00
-0.73558448179288183851772646083138E-01 -0.36434872085984208680069729005664E+00
-0.76841792276794051992531206478344E-01 -0.37557827524421312112338152708326E+00
-0.80117509208522162048922565862883E-01 -0.38679436747222875588730869478604E+00
-0.83385599476036014350397592883275E-01 -0.39799661717421182631830852423573E+00
-0.86646059696012938495691000721352E-01 -0.40918464374762624832250651375361E+00
-0.89898882794614740747659006139360E-01 -0.42035806641385730706559115343443E+00
-0.93144058190793097295311957783519E-01 -0.43151650427198785228455256552647E+00
-0.96381571969288217296005987742917E-01 -0.44265957634980603564253634496097E+00
-0.99611407044018761968101987841734E-01 -0.45378690165225808116300044552506E+00
-0.10283354331250607984913182576676E+00 -0.46489809920754243015451264678537E+00
-0.10604795780192711824345032966441E+00 -0.47599278811102288958957502981265E+00
-0.10925462480734405564343726214867E+00 -0.48707058756712579190347561118245E+00
-0.11245351602261879932551919925917E+00 -0.49813111692936791581761908880168E+00
-0.11564460066447974446469837176483E+00 -0.50917399573865441106292808459191E+00
-0.11882784559017699731882914301818E+00 -0.52019884375997032738241217972762E+00
-0.12200321540912741594712961061530E+00 -0.53120528101758185873107102473757E+00
-0.12517067258892394452029905461245E+00 -0.54219292782885229100409821916454E+00
-0.12833017755605518695599622682571E+00 -0.55316140483676932494101503255804E+00
-0.13148168879165738492289301725673E+00 -0.56411033304127431343159271291988E+00
-0.13462516292259892959742642610386E+00 -0.57503933382947373097562270370013E+00
-0.13776055480817485644210268511020E+00 -0.58594802900481019460946034650039E+00
-0.14088781762267220627400079210867E+00 -0.59683604081526154765668377385598E+00
-0.14400690293404625698434761276913E+00 -0.60770299198063180675052659661073E+00
-0.14711776077893396487464146601457E+00 -0.61854850571899658288203430960708E+00
-0.15022033973421564431985268079625E+00 -0.62937220577235195373634773920120E+00
-0.15331458698531843469230826299860E+00 -0.64017371643152416965077292947998E+00
-0.15640044839144902701029464981445E+00 -0.65095266256038122215323991210966E+00
-0.15947786854792284983706511607730E+00 -0.66170866961939341368060294845530E+00
-0.16254679084575352799846857775387E+00 -0.67244136368858149941214691644538E+00
-0.16560715752865066538253660638553E+00 -0.68315037148988937863796606329988E+00
-0.16865890974756733949205904018794E+00 -0.69383532040901717817309252434241E+00
-0.17170198761292935496223847295393E+00 -0.70449583851674520280258963735427E+00
-0.17473633024466905970646367442472E+00 -0.71513155458977903849436656197869E+00
-0.17776187582018020707019696155229E+00 -0.72574209813114407042150843024542E+00
-0.18077856162030275025306697520231E+00 -0.73632709939015380717785279251282E+00
-0.18378632407343947046607356125342E+00 -0.74688618938197696933427654701998E+00
-0.18678509879790078559808743138939E+00 -0.75741899990682422744444887980847E+00
-0.18977482064256791449203356890248E+00 -0.76792516356877694815064378890979E+00
-0.19275542372595945904376354256849E+00 -0.77840431379427554542595645017550E+00
-0.19572684147378164506465851686320E+00 -0.78885608485028581066897567787920E+00
-0.19868900665503708162405134489180E+00 -0.79928011186216063072212780443352E+00
-0.20164185141676340798428875415011E+00 -0.80967603083121145026822275626453E+00
-0.20458530731746882880966569024124E+00 -0.82004347865200475912157825826684E+00
-0.20751930535932695275515359961525E+00 -0.83038209312939693319242827628388E+00
-0.21044377601919167833485896273985E+00 -0.84069151299531988233273871867293E+00
-0.21335864927848718199172364318257E+00 -0.85097137792532957768831512135760E+00
-0.21626385465202681935530374424045E+00 -0.86122132855492804929989253237328E+00
-0.21915932121581094861104467071677E+00 -0.87144100649566965914084058101337E+00
-0.22204497763385071193916831236107E+00 -0.88163005435106078992541621305985E+00
-0.22492075218406366964393728304532E+00 -0.89178811573226208172592576208467E+00
-0.22778657278328186441204990387417E+00 -0.90191483527360182333725728021822E+00
-0.23064236701141500359362923902028E+00 -0.91200985864790839527331587024113E+00
-0.23348806213480434660966868674575E+00 -0.92207283258166786115649192557877E+00
-0.23632358512880458591460402585789E+00 -0.93210340487001651471038209010203E+00
-0.23914886269962821299005005511038E+00 -0.94210122439157070066516947786075E+00
-0.24196382130548318499342067027108E+00 -0.95206594112310405833063950721117E+00
-0.24476838717703649181425163157825E+00 -0.96199720615407534546233292411263E+00
-0.24756248633723122548202607501793E+00 -0.97189467170101207196044730265848E+00
-0.25034604462048540883678408763116E+00 -0.98175799112175681961701847463817E+00
-0.25311898769129921030487928844612E+00 -0.99158681892957850314160064157653E+00
-0.25588124106229403284546672184982E+00 -0.10013808108071548058844312793919E+01
-0.25863273011170928440866417644914E+00 -0.10111396236204293902246047836872E+01
-0.26137338010037742492662278886358E+00 -0.10208629154323459613504055513075E+01
-0.26410311618819951673207125856465E+00 -0.10305503455164666270130807584575E+01
-0.26682186345014181861641989461652E+00 -0.10402015743704730610730515585555E+01
-0.26952954689177209327791675877850E+00 -0.10498162637295577720077810895749E+01
-0.27222609146435476330600874523686E+00 -0.10593940765797065233265374908481E+01
-0.27491142207952185849434173502441E+00 -0.10689346771708739292147193967552E+01
-0.27758546362353716989339602524080E+00 -0.10784377310300571032121956401758E+01
-0.28024814097116837071564594253279E+00 -0.10879029049742675112812424709354E+01
-0.28289937899918367673610768523927E+00 -0.10973298671234045925766515521724E+01
-0.28553910259948638120380570745627E+00 -0.11067182869130330642152590621412E+01
-0.28816723669190146563092989955469E+00 -0.11160678351070654296792156149738E+01
-0.29078370623662767318271053057570E+00 -0.11253781838103523792010593357079E+01
-0.29338843624636703946628122184583E+00 -0.11346490064811818708086200032254E+01
-0.29598135179814422417249592803491E+00 -0.11438799779436892261018062706752E+01
-0.29856237804482703999200139038125E+00 -0.11530707744001799253443597171737E+01
-0.30113144022635869357774552526521E+00 -0.11622210734433651494950628994314E+01
-0.30368846368071316307448328909510E+00 -0.11713305540685135438660099742117E+01
-0.30623337385458204387041626471294E+00 -0.11803988966855189354208535457722E+01
-0.30876609631380406022904255027227E+00 -0.11894257831308850224128603533574E+01
-0.31128655675354515557413392716094E+00 -0.11984108966796293455546065243752E+01
-0.31379468100823849991892786222680E+00 -0.12073539220571065026468399079468E+01
-0.31629039506129221271102467517692E+00 -0.12162545454507523037390414068830E+01
-0.31877362505457336748694795466056E+00 -0.12251124545217486252622056123101E+01
-0.32124429729767533352280947094257E+00 -0.12339273384166111130850138311349E+01
-0.32370233827697579082462445975175E+00 -0.12426988877786999311659020869904E+01
-0.32614767466449303588503225254138E+00 -0.12514267947596535361824158127393E+01
-0.32858023332654628053014136464223E+00 -0.12601107530307476139499810146448E+01
-0.33099994133222704047054219497482E+00 -0.12687504577941785786689956462531E+01
-0.33340672596168751896280803628971E+00 -0.12773456057942719915570750567396E+01
-0.33580051471425169946189715986324E+00 -0.12858958953286188744548671765189E+01
-0.33818123531635523046973170561092E+00 -0.12944010262591356055689768355591E+01
-0.34054881572931849121641269191696E+00 -0.13028607000230538659379450153003E+01
-0.34290318415695990316013217250550E+00 -0.13112746196438355036215511438818E+01
-0.34524426905305172411312833701715E+00 -0.13196424897420162135693757735150E+01
-0.34757199912862566211182910025503E+00 -0.13279640165459770471836918907037E+01
-0.34988630335913162618602998143050E+00 -0.13362389079026440609478308991491E+01
-0.35218711099145366557668597848939E+00 -0.13444668732881169261414263443843E+01
-0.35447435155078846039001453686126E+00 -0.13526476238182257811059012225834E+01
-0.35674795484738891099125831618141E+00 -0.13607808722590172895247300967410E+01
-0.35900785098317854758636689006592E+00 -0.13688663330371704636944554125866E+01
-0.36125397035823828554132140125276E+00 -0.13769037222503410513918380854687E+01
-0.36348624367717123393328480112203E+00 -0.13848927576774361416491618546167E+01
-0.36570460195534735819940597961206E+00 -0.13928331587888176489964631233058E+01
-0.36790897652503214196374196790205E+00 -0.14007246467564366192428048309507E+01
-0.37009929904140247726337623069137E+00 -0.14085669444638964791224259914198E+01
-0.37227550148845189109267812278486E+00 -0.14163597765164464473922071242073E+01
-0.37443751618478952122302875014577E+00 -0.14241028692509050456147696731727E+01
-0.37658527578933399450026964153688E+00 -0.14317959507455136072408861639822E+01
-0.37871871330690671069967225408401E+00 -0.14394387508297197386797131158537E+01
-0.38083776209372526943962352605924E+00 -0.14470310010938909495801931539474E+01
-0.38294235586280066294535479224665E+00 -0.14545724348989576298635910171903E+01
-0.38503242868924137819158556686199E+00 -0.14620627873859875953393052555797E+01
-0.38710791501546395359527995168250E+00 -0.14695017954856885445889129906618E+01
-0.38916874965631612269581416303658E+00 -0.14768891979278423519917779131556E+01
-0.39121486780411081979052067421707E+00 -0.14842247352506681586958972800574E+01
-0.39324620503357621719941881710976E+00 -0.14915081498101154548784308522079E+01
-0.39526269730672168639312451932853E+00 -0.14987391857890874180472879931669E+01
-0.39726428097762273983268618169555E+00 -0.15059175892065932870046100258163E+01
-0.39925089279712655595539984486034E+00 -0.15130431079268307613598431773814E+01
-0.40122246991747932613859907449767E+00 -0.15201154916681980255606614526327E+01
-0.40317894989687803021328513492950E+00 -0.15271344920122346290062637224565E+01
-0.40512027070394769434736381426192E+00 -0.15340998624124922190125648619251E+01
-0.40704637072214568653697823318084E+00 -0.15410113582033342697210747471695E+01
-0.40895718875409509597489563534575E+00 -0.15478687366086650210725991583946E+01
-0.41085266402584803499957815307256E+00 -0.15546717567505870253995575314658E+01
-0.41273273619108082190397590905257E+00 -0.15614201796579877093692748134349E+01
-0.41459734533522194163312639866175E+00 -0.15681137682750551655715732252002E+01
-0.41644643197951472489231933409905E+00 -0.15747522874697214298790168107473E+01
-0.41827993708501525984138942893369E+00 -0.15813355040420350914790551009148E+01
-0.42009780205652745277664352030216E+00 -0.15878631867324618016041339638578E+01
-0.42189996874647593733386439396457E+00 -0.15943351062301127941560226331723E+01
-0.42368637945871837241079226517918E+00 -0.16007510351809017132140585647785E+01
-0.42545697695229792856131628757540E+00 -0.16071107481956289058134282068359E+01
-0.42721170444513710549076121753851E+00 -0.16134140218579936180620305780597E+01
-0.42895050561767408057495590515154E+00 -0.16196606347325336365752490681702E+01
-0.43067332461644233209001844808957E+00 -0.16258503673724919468148987100779E+01
-0.43238010605759460842654962739683E+00 -0.16319830023276113076337625425395E+01
-0.43407079503037229938737239180901E+00 -0.16380583241518548561814349585976E+01
-0.43574533710052086215554872648579E+00 -0.16440761194110542540412585070744E+01
-0.43740367831365235383111076903965E+00 -0.16500361766904845424123086007203E+01
-0.43904576519855562270853447600222E+00 -0.16559382866023645904134837156321E+01
-0.44067154477045566908557820773569E+00 -0.16617822417932851912406089799273E+01
-0.44228096453422166822867649907506E+00 -0.16675678369515620679010156356214E+01
-0.44387397248752607722005085600706E+00 -0.16732948688145156332739522051379E+01
-0.44545051712395405347624796433472E+00 -0.16789631361756763615829769396146E+01
-0.44701054743606448731301222576586E+00 -0.16845724398919155302333446383648E+01
-0.44855401291840386919355932492260E+00 -0.16901225828905018430101824720990E+01
-0.45008086357047237319996118291746E+00 -0.16956133701760828212640691153637E+01
-0.45159104989964417458239122499256E+00 -0.17010446088375915897956531481882E+01
-0.45308452292404160779126032120536E+00 -0.17064161080550788568593640450843E+01
-0.45456123417536395139596760874774E+00 -0.17117276791064688254085585373449E+01
-0.45602113570167220363771356227731E+00 -0.17169791353742406071857074155983E+01
-0.45746418007012879845813760659747E+00 -0.17221702923520332695548976500157E+01
-0.45889032036969466856054145815169E+00 -0.17273009676511755525499482269369E+01
-0.46029951021378275833471607317117E+00 -0.17323709810071394499453137860058E+01
-0.46169170374286889269321578395382E+00 -0.17373801542859177612405173797908E+01
-0.46306685562706099408757151667156E+00 -0.17423283114903251392207846199568E+01
-0.46442492106862618493011648879683E+00 -0.17472152787662229345067628632896E+01
-0.46576585580447709647505522720184E+00 -0.17520408844086671421690616577814E+01
-0.46708961610861719861837991353380E+00 -0.17568049588679796836411147709564E+01
-0.46839615879454592885025629385040E+00 -0.17615073347557426514400928790236E+01
-0.46968544121762389873419667289649E+00 -0.17661478468507153674570986838509E+01
-0.47095742127739841681762407213980E+00 -0.17707263321046742079476878144835E+01
-0.47221205741989011432207885781462E+00 -0.17752426296481747452111871849814E+01
-0.47344930863984057615235844372314E+00 -0.17796965807962365235173739085766E+01
-0.47466913448292162450485638868235E+00 -0.17840880290539497576105732685589E+01
-0.47587149504790655405323766451935E+00 -0.17884168201220040748125230113865E+01
-0.47705635098880350844242103864755E+00 -0.17926828019021393969940483821884E+01
-0.47822366351695143423404196747931E+00 -0.17968858245025181227001439314841E+01
-0.47937339440307898731202839319522E+00 -0.18010257402430191267269706746922E+01
-0.48050550597932648495833277956134E+00 -0.18051024036604529914560279534158E+01
-0.48161996114123144592551426754076E+00 -0.18091156715136986514033460923524E+01
-0.48271672334967766086002737892227E+00 -0.18130654027887609206290347975289E+01
-0.48379575663280845326362732180441E+00 -0.18169514587037489728871360209555E+01
-0.48485702558790417216974806339457E+00 -0.18207737027137758065801184704904E+01
-0.48590049538322402146072648001775E+00 -0.18245320005157780670470898727212E+01
-0.48692613175981289422536690227941E+00 -0.18282262200532565340387794998495E+01
-0.48793390103327301405051178166950E+00 -0.18318562315209369494584098074814E+01
-0.48892377009550075433420507686302E+00 -0.18354219073693508179677763701192E+01
-0.48989570641638927892867897270212E+00 -0.18389231223093367690105845963932E+01
-0.49084967804549604267275078820705E+00 -0.18423597533164611425287470429739E+01
-0.49178565361367720667725944670794E+00 -0.18457316796353590820588356701758E+01
-0.49270360233468699897863993682985E+00 -0.18490387827839947960295613349165E+01
-0.49360349400674414219633532100541E+00 -0.18522809465578414691621739743980E+01
-0.49448529901406433653340111500898E+00 -0.18554580570339807034311644812558E+01
-0.49534898832835933034167564836585E+00 -0.18585700025751210490912756193932E+01
-0.49619453351030294397807613456798E+00 -0.18616166738335358493283873846538E+01
-0.49702190671096376421653043609692E+00 -0.18645979637549199480872099107494E+01
-0.49783108067320521583686264521257E+00 -0.18675137675821653780606960719216E+01
-0.49862202873305271216823611076148E+00 -0.18703639828590558742739654337186E+01
-0.49939472482102822485048449423380E+00 -0.18731485094338799730682997248939E+01
-0.50014914346345245712337311426338E+00 -0.18758672494629627652487079434481E+01
-0.50088525978371457058551066899297E+00 -0.18785201074141159353687310295747E+01
-0.50160304950350997407154375695469E+00 -0.18811069900700063581892070367030E+01
-0.50230248894404570626312718611157E+00 -0.18836278065314427560341461637064E+01
-0.50298355502721418501510013737680E+00 -0.18860824682205805348470152200397E+01
-0.50364622527673496530440449168694E+00 -0.18884708888840446392378528808284E+01
-0.50429047781926493174995464859009E+00 -0.18907929845959703845421176711216E+01
-0.50491629138547674217524863702251E+00 -0.18930486737609620633757539841901E+01
-0.50552364531110588678708608253181E+00 -0.18952378771169693047218129618515E+01
-0.50611251953796637486620947729341E+00 -0.18973605177380810556854433460251E+01
-0.50668289461493509842858187473976E+00 -0.18994165210372372150811921548784E+01
-0.50723475169890496295149976690140E+00 -0.19014058147688575847007410047023E+01
-0.50776807255570703844143042763554E+00 -0.19033283290313883434771484583553E+01
-0.50828283956100157562446446375182E+00 -0.19051839962697657753822704208115E+01
-0.50877903570113813222302178598675E+00 -0.19069727512777971778552431675556E+01
-0.50925664457398488144992039581184E+00 -0.19086945312004590070529325499982E+01
-0.50971565038972707607147112301679E+00 -0.19103492755361120444246405546129E+01
-0.51015603797163485299109644817439E+00 -0.19119369261386335627204648828471E+01
-0.51057779275680041169432661026593E+00 -0.19134574272194664585343485213239E+01
-0.51098090079684454431769437082757E+00 -0.19149107253495852645605515356982E+01
-0.51136534875859276933836419661756E+00 -0.19162967694613789045602407527851E+01
-0.51173112392472092987424577388205E+00 -0.19176155108504502597901073128848E+01
-0.51207821419437043086116715029135E+00 -0.19188669031773324298506996164770E+01
-0.51240660808373312438486617223328E+00 -0.19200509024691215617567286003181E+01
-0.51271629472660591551879241863593E+00 -0.19211674671210262998499416299147E+01
-0.51300726387491517914703621695056E+00 -0.19222165578978337992587878905392E+01
-0.51327950589921084218838937913935E+00 -0.19231981379352921563877301451085E+01
-0.51353301178913048554671585768502E+00 -0.19241121727414093187316681404339E+01
-0.51376777315383324972801643652716E+00 -0.19249586301976683663058909130232E+01
-0.51398378222240388574461614948930E+00 -0.19257374805601591134542970779145E+01
-0.51418103184423016188397254757610E+00 -0.19264486964606250669939659723776E+01
-0.51430210642699516701685310251841E+00 -0.19268852532537739621035824448548E+01
-0.51441483878141953500238687856380E+00 -0.19272917323117748162796260210964E+01
-0.51451922724866390386213934771089E+00 -0.19276681272864503876782854517605E+01
-0.51461527029267091682244741471929E+00 -0.19280144322994468232555364298092E+01
-0.51470296650013424723107504458238E+00 -0.19283306419423433909478914914742E+01
-0.51478649089774867018383727655932E+00 -0.19286318100547497219530437971004E+01
-0.51487001939313082870346659235075E+00 -0.19289329938472187723853355129612E+01
-0.51495355198645499007319302525076E+00 -0.19292341933202417242914577325760E+01
-0.51503708867789580286243386094232E+00 -0.19295354084743096540621252356108E+01
-0.51512062946762750801480245996103E+00 -0.19298366393099137631103036021877E+01
-0.51503708867789580286243386094232E+00 -0.19295354084743096540621252356108E+01
-0.51495355198645499007319302525076E+00 -0.19292341933202417242914577325760E+01
-0.51487001939313082870346659235075E+00 -0.19289329938472187723853355129612E+01
-0.51478649089774867018383727655932E+00 -0.19286318100547497219530437971004E+01
-0.51470296650013424723107504458238E+00 -0.19283306419423433909478914914742E+01
-0.51461527029267091682244741471929E+00 -0.19280144322994468232555364298092E+01
-0.51451922724866390386213934771089E+00 -0.19276681272864503876782854517605E+01
-0.51441483878141953500238687856380E+00 -0.19272917323117748162796260210964E+01
-0.51430210642699516701685310251841E+00 -0.19268852532537739621035824448548E+01
-0.51418103184423016188397254757610E+00 -0.19264486964606250669939659723776E+01
-0.51398378222240388574461614948930E+00 -0.19257374805601591134542970779145E+01
-0.51376777315383324972801643652716E+00 -0.19249586301976683663058909130232E+01
-0.51353301178913048554671585768502E+00 -0.19241121727414093187316681404339E+01
-0.51327950589921084218838937913935E+00 -0.19231981379352921563877301451085E+01
-0.51300726387491517914703621695056E+00 -0.19222165578978337992587878905392E+01
-0.51271629472660591551879241863593E+00 -0.19211674671210262998499416299147E+01
-0.51240660808373312438486617223328E+00 -0.19200509024691215617567286003181E+01
-0.51207821419437043086116715029135E+00 -0.19188669031773324298506996164770E+01
-0.51173112392472092987424577388205E+00 -0.19176155108504502597901073128848E+01
-0.51136534875859276933836419661756E+00 -0.19162967694613789045602407527851E+01
-0.51098090079684454431769437082757E+00 -0.19149107253495852645605515356982E+01
-0.51057779275680041169432661026593E+00 -0.19134574272194664585343485213239E+01
-0.51015603797163485299109644817439E+00 -0.19119369261386335627204648828471E+01
-0.50971565038972707607147112301679E+00 -0.19103492755361120444246405546129E+01
-0.50925664457398488144992039581184E+00 -0.19086945312004590070529325499982E+01
-0.50877903570113813222302178598675E+00 -0.19069727512777971778552431675556E+01
-0.50828283956100157562446446375182E+00 -0.19051839962697657753822704208115E+01
-0.50776807255570703844143042763554E+00 -0.19033283290313883434771484583553E+01
-0.50723475169890496295149976690140E+00 -0.19014058147688575847007410047023E+01
-0.50668289461493509842858187473976E+00 -0.18994165210372372150811921548784E+01
-0.50611251953796637486620947729341E+00 -0.18973605177380810556854433460251E+01
-0.50552364531110588678708608253181E+00 -0.18952378771169693047218129618515E+01
-0.50491629138547674217524863702251E+00 -0.18930486737609620633757539841901E+01
-0.50429047781926493174995464859009E+00 -0.18907929845959703845421176711216E+01
-0.50364622527673496530440449168694E+00 -0.18884708888840446392378528808284E+01
-0.50298355502721418501510013737680E+00 -0.18860824682205805348470152200397E+01
-0.50230248894404570626312718611157E+00 -0.18836278065314427560341461637064E+01
-0.50160304950350997407154375695469E+00 -0.18811069900700063581892070367030E+01
-0.50088525978371457058551066899297E+00 -0.18785201074141159353687310295747E+01
-0.50014914346345245712337311426338E+00 -0.18758672494629627652487079434481E+01
-0.49939472482102822485048449423380E+00 -0.18731485094338799730682997248939E+01
-0.49862202873305271216823611076148E+00 -0.18703639828590558742739654337186E+01
-0.49783108067320521583686264521257E+00 -0.18675137675821653780606960719216E+01
-0.49702190671096376421653043609692E+00 -0.18645979637549199480872099107494E+01
-0.49619453351030294397807613456798E+00 -0.18616166738335358493283873846538E+01
-0.49534898832835933034167564836585E+00 -0.18585700025751210490912756193932E+01
-0.49448529901406433653340111500898E+00 -0.18554580570339807034311644812558E+01
-0.49360349400674414219633532100541E+00 -0.18522809465578414691621739743980E+01
-0.49270360233468699897863993682985E+00 -0.18490387827839947960295613349165E+01
-0.49178565361367720667725944670794E+00 -0.18457316796353590820588356701758E+01
-0.49084967804549604267275078820705E+00 -0.18423597533164611425287470429739E+01
-0.48989570641638927892867897270212E+00 -0.18389231223093367690105845963932E+01
-0.48892377009550075433420507686302E+00 -0.18354219073693508179677763701192E+01
-0.48793390103327301405051178166950E+00 -0.18318562315209369494584098074814E+01
-0.48692613175981289422536690227941E+00 -0.18282262200532565340387794998495E+01
-0.48590049538322402146072648001775E+00 -0.18245320005157780670470898727212E+01
-0.48485702558790417216974806339457E+00 -0.18207737027137758065801184704904E+01
-0.48379575663280845326362732180441E+00 -0.18169514587037489728871360209555E+01
-0.48271672334967766086002737892227E+00 -0.18130654027887609206290347975289E+01
-0.48161996114123144592551426754076E+00 -0.18091156715136986514033460923524E+01
-0.48050550597932648495833277956134E+00 -0.18051024036604529914560279534158E+01
-0.47937339440307898731202839319522E+00 -0.18010257402430191267269706746922E+01
-0.47822366351695143423404196747931E+00 -0.17968858245025181227001439314841E+01
-0.47705635098880350844242103864755E+00 -0.17926828019021393969940483821884E+01
-0.47587149504790655405323766451935E+00 -0.17884168201220040748125230113865E+01
-0.47466913448292162450485638868235E+00 -0.17840880290539497576105732685589E+01
-0.47344930863984057615235844372314E+00 -0.17796965807962365235173739085766E+01
-0.47221205741989011432207885781462E+00 -0.17752426296481747452111871849814E+01
-0.47095742127739841681762407213980E+00 -0.17707263321046742079476878144835E+01
-0.46968544121762389873419667289649E+00 -0.17661478468507153674570986838509E+01
-0.46839615879454592885025629385040E+00 -0.17615073347557426514400928790236E+01
-0.46708961610861719861837991353380E+00 -0.17568049588679796836411147709564E+01
-0.46576585580447709647505522720184E+00 -0.17520408844086671421690616577814E+01
-0.46442492106862618493011648879683E+00 -0.17472152787662229345067628632896E+01
-0.46306685562706099408757151667156E+00 -0.17423283114903251392207846199568E+01
-0.46169170374286889269321578395382E+00 -0.17373801542859177612405173797908E+01
-0.46029951021378275833471607317117E+00 -0.17323709810071394499453137860058E+01
-0.45889032036969466856054145815169E+00 -0.17273009676511755525499482269369E+01
-0.45746418007012879845813760659747E+00 -0.17221702923520332695548976500157E+01
-0.45602113570167220363771356227731E+00 -0.17169791353742406071857074155983E+01
-0.45456123417536395139596760874774E+00 -0.17117276791064688254085585373449E+01
-0.45308452292404160779126032120536E+00 -0.17064161080550788568593640450843E+01
-0.45159104989964417458239122499256E+00 -0.17010446088375915897956531481882E+01
-0.45008086357047237319996118291746E+00 -0.16956133701760828212640691153637E+01
-0.44855401291840386919355932492260E+00 -0.16901225828905018430101824720990E+01
-0.44701054743606448731301222576586E+00 -0.16845724398919155302333446383648E+01
-0.44545051712395405347624796433472E+00 -0.16789631361756763615829769396146E+01
-0.44387397248752607722005085600706E+00 -0.16732948688145156332739522051379E+01
-0.44228096453422166822867649907506E+00 -0.16675678369515620679010156356214E+01
-0.44067154477045566908557820773569E+00 -0.16617822417932851912406089799273E+01
-0.43904576519855562270853447600222E+00 -0.16559382866023645904134837156321E+01
-0.43740367831365235383111076903965E+00 -0.16500361766904845424123086007203E+01
-0.43574533710052086215554872648579E+00 -0.16440761194110542540412585070744E+01
-0.43407079503037229938737239180901E+00 -0.16380583241518548561814349585976E+01
-0.43238010605759460842654962739683E+00 -0.16319830023276113076337625425395E+01
-0.43067332461644233209001844808957E+00 -0.16258503673724919468148987100779E+01
-0.42895050561767408057495590515154E+00 -0.16196606347325336365752490681702E+01
-0.42721170444513710549076121753851E+00 -0.16134140218579936180620305780597E+01
-0.42545697695229792856131628757540E+00 -0.16071107481956289058134282068359E+01
-0.42368637945871837241079226517918E+00 -0.16007510351809017132140585647785E+01
-0.42189996874647593733386439396457E+00 -0.15943351062301127941560226331723E+01
-0.42009780205652745277664352030216E+00 -0.15878631867324618016041339638578E+01
-0.41827993708501525984138942893369E+00 -0.15813355040420350914790551009148E+01
-0.41644643197951472489231933409905E+00 -0.15747522874697214298790168107473E+01
-0.41459734533522194163312639866175E+00 -0.15681137682750551655715732252002E+01
-0.41273273619108082190397590905257E+00 -0.15614201796579877093692748134349E+01
-0.41085266402584803499957815307256E+00 -0.15546717567505870253995575314658E+01
-0.40895718875409509597489563534575E+00 -0.15478687366086650210725991583946E+01
-0.40704637072214568653697823318084E+00 -0.15410113582033342697210747471695E+01
-0.40512027070394769434736381426192E+00 -0.15340998624124922190125648619251E+01
-0.40317894989687803021328513492950E+00 -0.15271344920122346290062637224565E+01
-0.40122246991747932613859907449767E+00 -0.15201154916681980255606614526327E+01
-0.39925089279712655595539984486034E+00 -0.15130431079268307613598431773814E+01
-0.39726428097762273983268618169555E+00 -0.15059175892065932870046100258163E+01
-0.39526269730672168639312451932853E+00 -0.14987391857890874180472879931669E+01
-0.39324620503357621719941881710976E+00 -0.14915081498101154548784308522079E+01
-0.39121486780411081979052067421707E+00 -0.14842247352506681586958972800574E+01
-0.38916874965631612269581416303658E+00 -0.14768891979278423519917779131556E+01
-0.38710791501546395359527995168250E+00 -0.14695017954856885445889129906618E+01
-0.38503242868924137819158556686199E+00 -0.14620627873859875953393052555797E+01
-0.38294235586280066294535479224665E+00 -0.14545724348989576298635910171903E+01
-0.38083776209372526943962352605924E+00 -0.14470310010938909495801931539474E+01
-0.37871871330690671069967225408401E+00 -0.14394387508297197386797131158537E+01
-0.37658527578933399450026964153688E+00 -0.14317959507455136072408861639822E+01
-0.37443751618478952122302875014577E+00 -0.14241028692509050456147696731727E+01
-0.37227550148845189109267812278486E+00 -0.14163597765164464473922071242073E+01
-0.37009929904140247726337623069137E+00 -0.14085669444638964791224259914198E+01
-0.36790897652503214196374196790205E+00 -0.14007246467564366192428048309507E+01
-0.36570460195534735819940597961206E+00 -0.13928331587888176489964631233058E+01
-0.36348624367717123393328480112203E+00 -0.13848927576774361416491618546167E+01
-0.36125397035823828554132140125276E+00 -0.13769037222503410513918380854687E+01
-0.35900785098317854758636689006592E+00 -0.13688663330371704636944554125866E+01
-0.35674795484738891099125831618141E+00 -0.13607808722590172895247300967410E+01
-0.35447435155078846039001453686126E+00 -0.13526476238182257811059012225834E+01
-0.35218711099145366557668597848939E+00 -0.13444668732881169261414263443843E+01
-0.34988630335913162618602998143050E+00 -0.13362389079026440609478308991491E+01
-0.34757199912862566211182910025503E+00 -0.13279640165459770471836918907037E+01
-0.34524426905305172411312833701715E+00 -0.13196424897420162135693757735150E+01
-0.34290318415695990316013217250550E+00 -0.13112746196438355036215511438818E+01
-0.34054881572931849121641269191696E+00 -0.13028607000230538659379450153003E+01
-0.33818123531635523046973170561092E+00 -0.12944010262591356055689768355591E+01
-0.33580051471425169946189715986324E+00 -0.12858958953286188744548671765189E+01
-0.33340672596168751896280803628971E+00 -0.12773456057942719915570750567396E+01
-0.33099994133222704047054219497482E+00 -0.12687504577941785786689956462531E+01
-0.32858023332654628053014136464223E+00 -0.12601107530307476139499810146448E+01
-0.32614767466449303588503225254138E+00 -0.12514267947596535361824158127393E+01
-0.32370233827697579082462445975175E+00 -0.12426988877786999311659020869904E+01
-0.32124429729767533352280947094257E+00 -0.12339273384166111130850138311349E+01
-0.31877362505457336748694795466056E+00 -0.12251124545217486252622056123101E+01
-0.31629039506129221271102467517692E+00 -0.12162545454507523037390414068830E+01
-0.31379468100823849991892786222680E+00 -0.12073539220571065026468399079468E+01
-0.31128655675354515557413392716094E+00 -0.11984108966796293455546065243752E+01
-0.30876609631380406022904255027227E+00 -0.11894257831308850224128603533574E+01
-0.30623337385458204387041626471294E+00 -0.11803988966855189354208535457722E+01
-0.30368846368071316307448328909510E+00 -0.11713305540685135438660099742117E+01
-0.30113144022635869357774552526521E+00 -0.11622210734433651494950628994314E+01
-0.29856237804482703999200139038125E+00 -0.11530707744001799253443597171737E+01
-0.29598135179814422417249592803491E+00 -0.11438799779436892261018062706752E+01
-0.29338843624636703946628122184583E+00 -0.11346490064811818708086200032254E+01
-0.29078370623662767318271053057570E+00 -0.11253781838103523792010593357079E+01
-0.28816723669190146563092989955469E+00 -0.11160678351070654296792156149738E+01
-0.28553910259948638120380570745627E+00 -0.11067182869130330642152590621412E+01
-0.28289937899918367673610768523927E+00 -0.10973298671234045925766515521724E+01
-0.28024814097116837071564594253279E+00 -0.10879029049742675112812424709354E+01
-0.27758546362353716989339602524080E+00 -0.10784377310300571032121956401758E+01
-0.27491142207952185849434173502441E+00 -0.10689346771708739292147193967552E+01
-0.27222609146435476330600874523686E+00 -0.10593940765797065233265374908481E+01
-0.26952954689177209327791675877850E+00 -0.10498162637295577720077810895749E+01
-0.26682186345014181861641989461652E+00 -0.10402015743704730610730515585555E+01
-0.26410311618819951673207125856465E+00 -0.10305503455164666270130807584575E+01
-0.26137338010037742492662278886358E+00 -0.10208629154323459613504055513075E+01
-0.25863273011170928440866417644914E+00 -0.10111396236204293902246047836872E+01
-0.25588124106229403284546672184982E+00 -0.10013808108071548058844312793919E+01
-0.25311898769129921030487928844612E+00 -0.99158681892957850314160064157653E+00
-0.25034604462048540883678408763116E+00 -0.98175799112175681961701847463817E+00
-0.24756248633723122548202607501793E+00 -0.97189467170101207196044730265848E+00
-0.24476838717703649181425163157825E+00 -0.96199720615407534546233292411263E+00
-0.24196382130548318499342067027108E+00 -0.95206594112310405833063950721117E+00
-0.23914886269962821299005005511038E+00 -0.94210122439157070066516947786075E+00
-0.23632358512880458591460402585789E+00 -0.93210340487001651471038209010203E+00
-0.23348806213480434660966868674575E+00 -0.92207283258166786115649192557877E+00
-0.23064236701141500359362923902028E+00 -0.91200985864790839527331587024113E+00
-0.22778657278328186441204990387417E+00 -0.90191483527360182333725728021822E+00
-0.22492075218406366964393728304532E+00 -0.89178811573226208172592576208467E+00
-0.22204497763385071193916831236107E+00 -0.88163005435106078992541621305985E+00
-0.21915932121581094861104467071677E+00 -0.87144100649566965914084058101337E+00
-0.21626385465202681935530374424045E+00 -0.86122132855492804929989253237328E+00
-0.21335864927848718199172364318257E+00 -0.85097137792532957768831512135760E+00
-0.21044377601919167833485896273985E+00 -0.84069151299531988233273871867293E+00
-0.20751930535932695275515359961525E+00 -0.83038209312939693319242827628388E+00
-0.20458530731746882880966569024124E+00 -0.82004347865200475912157825826684E+00
-0.20164185141676340798428875415011E+00 -0.80967603083121145026822275626453E+00
-0.19868900665503708162405134489180E+00 -0.79928011186216063072212780443352E+00
-0.19572684147378164506465851686320E+00 -0.78885608485028581066897567787920E+00
-0.19275542372595945904376354256849E+00 -0.77840431379427554542595645017550E+00
-0.18977482064256791449203356890248E+00 -0.76792516356877694815064378890979E+00
-0.18678509879790078559808743138939E+00 -0.75741899990682422744444887980847E+00
-0.18378632407343947046607356125342E+00 -0.74688618938197696933427654701998E+00
-0.18077856162030275025306697520231E+00 -0.73632709939015380717785279251282E+00
-0.17776187582018020707019696155229E+00 -0.72574209813114407042150843024542E+00
-0.17473633024466905970646367442472E+00 -0.71513155458977903849436656197869E+00
-0.17170198761292935496223847295393E+00 -0.70449583851674520280258963735427E+00
-0.16865890974756733949205904018794E+00 -0.69383532040901717817309252434241E+00
-0.16560715752865066538253660638553E+00 -0.68315037148988937863796606329988E+00
-0.16254679084575352799846857775387E+00 -0.67244136368858149941214691644538E+00
-0.15947786854792284983706511607730E+00 -0.66170866961939341368060294845530E+00
-0.15640044839144902701029464981445E+00 -0.65095266256038122215323991210966E+00
-0.15331458698531843469230826299860E+00 -0.64017371643152416965077292947998E+00
-0.15022033973421564431985268079625E+00 -0.62937220577235195373634773920120E+00
-0.14711776077893396487464146601457E+00 -0.61854850571899658288203430960708E+00
-0.14400690293404625698434761276913E+00 -0.60770299198063180675052659661073E+00
-0.14088781762267220627400079210867E+00 -0.59683604081526154765668377385598E+00
-0.13776055480817485644210268511020E+00 -0.58594802900481019460946034650039E+00
-0.13462516292259892959742642610386E+00 -0.57503933382947373097562270370013E+00
-0.13148168879165738492289301725673E+00 -0.56411033304127431343159271291988E+00
-0.12833017755605518695599622682571E+00 -0.55316140483676932494101503255804E+00
-0.12517067258892394452029905461245E+00 -0.54219292782885229100409821916454E+00
-0.12200321540912741594712961061530E+00 -0.53120528101758185873107102473757E+00
-0.11882784559017699731882914301818E+00 -0.52019884375997032738241217972762E+00
-0.11564460066447974446469837176483E+00 -0.50917399573865441106292808459191E+00
-0.11245351602261879932551919925917E+00 -0.49813111692936791581761908880168E+00
-0.10925462480734405564343726214867E+00 -0.48707058756712579190347561118245E+00
-0.10604795780192711824345032966441E+00 -0.47599278811102288958957502981265E+00
-0.10283354331250607984913182576676E+00 -0.46489809920754243015451264678537E+00
-0.99611407044018761968101987841734E-01 -0.45378690165225808116300044552506E+00
-0.96381571969288217296005987742917E-01 -0.44265957634980603564253634496097E+00
-0.93144058190793097295311957783519E-01 -0.43151650427198785228455256552647E+00
-0.89898882794614740747659006139360E-01 -0.42035806641385730706559115343443E+00
-0.86646059696012938495691000721352E-01 -0.40918464374762624832250651375361E+00
-0.83385599476036014350397592883275E-01 -0.39799661717421182631830852423573E+00
-0.80117509208522162048922565862883E-01 -0.38679436747222875588730869478604E+00
-0.76841792276794051992531206478344E-01 -0.37557827524421312112338152708326E+00
-0.73558448179288183851772646083138E-01 -0.36434872085984208680069729005664E+00
-0.70267472323295552871352214783155E-01 -0.35310608439589145889830704559772E+00
-0.66968855805918036139343475793927E-01 -0.34185074557264642044914934117654E+00
-0.63662585181263989974171208727376E-01 -0.33058308368645442577632840411049E+00
-0.60348642212819454673707068663958E-01 -0.31930347753807402415651409012864E+00
-0.57027003609834483638343509665944E-01 -0.30801230535644093595866402323360E+00
-0.53697640746455665830942908082639E-01 -0.29670994471743178913853189155053E+00
-0.50360519362217761747797543976878E-01 -0.28539677245716073029927341135735E+00
-0.47015599242375779523677787040297E-01 -0.27407316457929621624816290098598E+00
-0.43662833876410833088857237789925E-01 -0.26273949615582857227690508238241E+00
-0.40302170092883059959155651447726E-01 -0.25139614122065579292953714018206E+00
-0.36933547668620746929955529984590E-01 -0.24004347265528603816207159065243E+00
-0.33556898910034770199959864596537E-01 -0.22868186206587530876767160563174E+00
-0.30172148204121463199369673989455E-01 -0.21731167965072865090350532697672E+00
-0.26779211536463698092961770340138E-01 -0.20593329405729309716427655366631E+00
-0.23377995973259333346233482490196E-01 -0.19454707222755607257860273502336E+00
-0.19968399104085350818902813050475E-01 -0.18315337923063252735636200081014E+00
-0.16550308441754442511962212227391E-01 -0.17175257808117573704299139061765E+00
-0.13123600775214712097141176980236E-01 -0.16034502954208192001505902758576E+00
-0.96881414709920855765375892146455E-02 -0.14893109190976317559116458910612E+00
-0.62437837181641464116806363637552E-02 -0.13751112078004743169612902738163E+00
-0.27903677112711222421912021335828E-02 -0.12608546879251224321290187955239E+00
0.67228023508399149706316902638570E-03 -0.11465448535077188092002193466586E+00
0.41443486469467094955991785872534E-02 -0.10321851631590665076432467468044E+00
0.76260419348832846747300453556886E-02 -0.91777903669842672817182826256095E-01
0.11117581529838969009877374801335E-01 -0.80332985145048896603965227484775E-01
0.14619207120922248660659029125384E-01 -0.68884093816411265353880850458275E-01
0.18131178006332648488961507739745E-01 -0.57431557650547914567981330832639E-01
0.21653774570121919459396105508753E-01 -0.45975699007146314090961048815768E-01
0.25187299899176181931472638803750E-01 -0.34516834086094710054673613486701E-01
0.28732081556766687616142923416006E-01 -0.23055272313243069029024516956656E-01
0.32288473531294851080612492151999E-01 -0.11591315656526092963623447411158E-01
0.35856858381501529499080364293298E-01 -0.12525786287876407571187930210613E-03
0.39437649602499626225314557156543E-01 0.11342616395153763871669247506869E-01
0.43031294240599201265107254993392E-01 0.22812032476029770409280340417469E-01
0.46638275789137957299734085386596E-01 0.34282726844122419697278060969969E-01
0.50259117402523121451191672533749E-01 0.45754448280579030135915980683050E-01
0.53894385471600694526844308769384E-01 0.57226959250860764597120257236900E-01
0.57544693610474438734776342217625E-01 0.68700037453397921986086416276779E-01
0.61210707113250517083689038007532E-01 0.80173477578269135750593304223253E-01
0.64893147949172827812752766948302E-01 0.91647093310226810515843390716834E-01
0.68592800376615170180523698428042E-01 0.10312071961698448054464669060292E+00
0.72310517270886155334679407925518E-01 0.11459421537174667072346516996176E+00
0.76047227278366744931363819994009E-01 0.12606746636886509527944646132110E+00
0.79803942930913327433476659603291E-01 0.13754038880374812421875836373996E+00
0.83581769880696781173109930980923E-01 0.14901293330334555737958492742006E+00
0.87381917447974295897453029786140E-01 0.16048508961252093441210672449628E+00
0.91205710714367613376051688545099E-01 0.17195689206548285783400167581164E+00
0.95054604444213720470103021829925E-01 0.18342842600163091464771546754996E+00
0.98930199179323106891849114958795E-01 0.19489983532361628235966756699284E+00
0.10283425993192719165427370583986E+00 0.20637133144472425580183118386342E+00
0.10676873800168862604755895667967E+00 0.21784320393649020869666432115772E+00
0.11073579657304006366647552750594E+00 0.22931583327048398640889856693060E+00
0.11473784091666329826791709731011E+00 0.24078970615790975735822789071756E+00
0.11877755424260931039054041797222E+00 0.25226543413482959323184518977629E+00
0.12285794053466557646381626791951E+00 0.26374377623902418796452243895300E+00
0.12698237611389484671261535665993E+00 0.27522566687878577103846709530416E+00
0.13115467211884646538950942927595E+00 0.28671225038833493583102580777886E+00
0.13537915107672915533098484633051E+00 0.29820492417411139712875659177758E+00
0.13966074093624331604992693297176E+00 0.30970539336449532329082140836763E+00
0.14400509379600842865289958493810E+00 0.32121573999196365735563887732116E+00
0.14841873114431724548599815628119E+00 0.33273851402483702031895074077580E+00
0.15290924302041196163107115980581E+00 0.34427684717378409977175214473589E+00
0.15748550410096940199959473187752E+00 0.35583462038963713463188400481700E+00
0.16215808564823132299668502907563E+00 0.36741663899997689230246682417126E+00
0.16693941613077586167523317813358E+00 0.37902903279006018293690664227779E+00
0.17184519483920596114580787064722E+00 0.39067932238504428198626777075450E+00
0.17689268749135571778978772134619E+00 0.40237808136290821689450823324070E+00
0.18317295072940917055422715811902E+00 0.41649801748765259853501451740849E+00
0.18974608464826160861979414828573E+00 0.43073747652710617410425714699358E+00
0.19668660371602049911813282780116E+00 0.44514276630383165522796189640227E+00
0.20410359059902167676918517367983E+00 0.45978638017284236272456590023293E+00
0.21216982175230061421828731651643E+00 0.47479028529463212517185945174093E+00
0.22069349794146615936528961279031E+00 0.48955598616988279794485346326434E+00
0.22932978083123371022947819195849E+00 0.50335243473931108777921308958911E+00
0.23812535715717159763777959363633E+00 0.51615722804953467638371736279146E+00
0.24709426491300788019628840759630E+00 0.52797860749228234300123308643310E+00
