0.31901439856451625301488225303923E+00 0.63045528342317203304042328470780E+00
0.32833424589450047087459326781289E+00 0.62789230568787209209848430746584E+00
0.33711864361767998343233446871017E+00 0.62549490379355712451814959233599E+00
0.34532895824350013269816677182702E+00 0.62326810355672914983355151066210E+00
0.35293629031909963065151768696278E+00 0.62121732388718454534586547428470E+00
0.35991026519423731835115069094464E+00 0.61934804322642399727139295210415E+00
0.36625665971468454353692067977869E+00 0.61765599845522752971755232321013E+00
0.37210730754672548644927945884530E+00 0.61610376946287086836199339226310E+00
0.37757353808295234204305575128368E+00 0.61466016250467311126607905828933E+00
0.38272943735397247565476910855893E+00 0.61330438490318691515297912764167E+00
0.38762742823568905776410920565329E+00 0.61202170302469481692050440163728E+00
0.38272943735397247565476910855893E+00 0.61330438490318691515297912764167E+00
0.37757353808295234204305575128368E+00 0.61466016250467311126607905828933E+00
0.37210730754672548644927945884530E+00 0.61610376946287086836199339226310E+00
0.36625665971468454353692067977869E+00 0.61765599845522752971755232321013E+00
0.35991026519423731835115069094464E+00 0.61934804322642399727139295210415E+00
0.35293629031909963065151768696278E+00 0.62121732388718454534586547428470E+00
0.34532895824350013269816677182702E+00 0.62326810355672914983355151066210E+00
0.33711864361767998343233446871017E+00 0.62549490379355712451814959233599E+00
0.32833424589450047087459326781289E+00 0.62789230568787209209848430746584E+00
0.31901439856451625301488225303923E+00 0.63045528342317203304042328470780E+00
0.31578950174823099567850284038415E+00 0.64398167379324733080227187045052E+00
0.31358867957233737412406466744578E+00 0.65826502937195700859369538328962E+00
0.31192684673777366623082964053584E+00 0.67322578558818050157609919185656E+00
0.31087189472239470781823513052258E+00 0.68887850511224821236827019323453E+00
0.31038870422442970748876771999575E+00 0.70521285275469335292526259215650E+00
0.31042282218041241541952548098719E+00 0.72144659965249404314930532500296E+00
0.31085659406152494159189627798927E+00 0.73699499511644971498181809280746E+00
0.31159498241910249660340316892975E+00 0.75204527242415119790578782250055E+00
0.31257395073833013244879945511023E+00 0.76671195970993508147919966633070E+00
0.31375040987481367301721225161507E+00 0.78107046255297737099074802549437E+00
0.31485505522551287617239801076568E+00 0.79283908679488303977822397727151E+00
0.31605813083877984344510592091824E+00 0.80445304001448957753836197226954E+00
0.31734713511236248573942634305935E+00 0.81592996261851536491809920637424E+00
0.31871186947445275640093996817999E+00 0.82728389048381870921346461006933E+00
0.32014376905068063016037883347963E+00 0.83852617059588970915564787138216E+00
0.32163554625421325804906183763001E+00 0.84966609445382271191210861761080E+00
0.32318093487799826744154408477653E+00 0.86071135390790052845097323308683E+00
0.32477449811391088791397285650965E+00 0.87166837664115341743757913932875E+00
0.32641148120461126853754881537226E+00 0.88254257777176557006039263403196E+00
0.32808769640958162457222873363885E+00 0.89333855168006582955109326211230E+00
0.32979943191426592636618686250633E+00 0.90406022040742958562722596424653E+00
0.33154337880310744523808247751038E+00 0.91471094996128351190872659177472E+00
0.33331657187059969283564139353113E+00 0.92529364253856682453104473421843E+00
0.33511634117571410187892158840774E+00 0.93581081043063906376635613915772E+00
0.33694027203708669806854621067881E+00 0.94626463581981235959189002285051E+00
0.33878617173142007535231091306089E+00 0.95665701958695930995605370038547E+00
0.34065204156735784074906075570948E+00 0.96698962147136836308861511676535E+00
0.34253605330860757017081546815055E+00 0.97726389336066430234428270710142E+00
0.34443652914484454484077040642478E+00 0.98748110707545052714509194326271E+00
0.34635192457847266465986974247204E+00 0.99764237770665438361773691289375E+00
0.34828081372459587907790882081724E+00 0.10077486833333604724652530630426E+01
0.35022187662112922994075948803642E+00 0.10178008817743647111598902525429E+01
0.35217388822338104539765441003074E+00 0.10277997248930305834255253449670E+01
0.35413570881812680270046888760870E+00 0.10377458708717951564100503926051E+01
0.35610627564015812598966309415716E+00 0.10476398947922684738984567031446E+01
0.35808459551248236264604967003051E+00 0.10574822977937486517629851730009E+01
0.36006973836196981449243577710943E+00 0.10672735150330746345370555146665E+01
0.36206083148695960367652079219843E+00 0.10770139226290068464481624037863E+01
0.36405705447340504409638981199932E+00 0.10867038437424927102059618129143E+01
0.36605763467253101499023925190305E+00 0.10963435539185135346397130300968E+01
0.36806184316643707869015791574011E+00 0.11059332857944016181581985144528E+01
0.37006899115919345079779264252751E+00 0.11154732332625576867368360432283E+01
0.37207842674019387196949996160651E+00 0.11249635551616011732639105970643E+01
0.37408953197421354876244044199842E+00 0.11344043785585408418868120325293E+01
0.37610172027904860411488257698794E+00 0.11437958016750916232679170014477E+01
0.37811443405702111855011738224016E+00 0.11531378965033933249720253238363E+01
0.38012714255119391718311109064521E+00 0.11624307111498266377312199343915E+01
0.38213933990100507127019284928635E+00 0.11716742719401239320656968503500E+01
0.38415054337531622913308983694126E+00 0.11808685853143469497970521316827E+01
0.38616029176367352911840301259462E+00 0.11900136395364016434544988432802E+01
0.38816814390897869356016495336449E+00 0.11991094062394529159215191193706E+01
0.39017367736682758515426007161447E+00 0.12081558418257944132472042771369E+01
0.39217648717855027110762242742944E+00 0.12171528887373304451404921953004E+01
0.39417618474651791526335925315026E+00 0.12261004766107782491437758945584E+01
0.39617239680161023216730659621071E+00 0.12349985233299424915986237978242E+01
0.39816476445389259961107987624386E+00 0.12438469359858988185242475437351E+01
0.40015294231855256788565139366532E+00 0.12526456117546200800769356511213E+01
0.40213659771002862903747952572090E+00 0.12613944387004514899920413559227E+01
0.40411540989802369890991791036684E+00 0.12700932965128569009986216355686E+01
0.40608906941977760686181472324230E+00 0.12787420571830158844611107850914E+01
0.40805727744355742863833338667967E+00 0.12873405856261006835824607403608E+01
0.41001974517884964726730204412085E+00 0.12958887402544213303955422304982E+01
0.41197619332919893571874140789281E+00 0.13043863735060567575740105907900E+01
0.41392635158404222753298426545154E+00 0.13128333323330933561556972263119E+01
0.41586995814625167074251544349899E+00 0.13212294586531550453359052985075E+01
0.41780675929241680272795449168816E+00 0.13295745897675235163108573497256E+01
0.41973650896318475955161315440173E+00 0.13378685587488075536893431934232E+01
0.42165896838122877974468978425054E+00 0.13461111948008208951203529785369E+01
0.42357390569464331662120593073867E+00 0.13543023235930586495716203820550E+01
0.42548109564376748938726940673579E+00 0.13624417675719299029593111946362E+01
0.42738031924961793286333239296765E+00 0.13705293462506905732422274746839E+01
0.42927136352227868866188352623719E+00 0.13785648764798366265161451094468E+01
0.43115402118773801084981405548254E+00 0.13865481726995478626273563592962E+01
0.43302809043179758247649498458538E+00 0.13944790471756253175311436812387E+01
0.43489337465979505975465963424224E+00 0.14023573102202321335666367796399E+01
0.43674968227099055966546269398216E+00 0.14101827703986267187411293836496E+01
0.43859682644656295104903722044186E+00 0.14179552347229711540111339212176E+01
0.44043462495024856966006878577122E+00 0.14256745088342008718359142091652E+01
0.44226289994073778229801439220209E+00 0.14333403971728538731615889575098E+01
0.44408147779501173543517659333196E+00 0.14409527031396837280416718925736E+01
0.44589018894187144240880808141776E+00 0.14485112292468021968512394003154E+01
0.44768886770496770569829300217293E+00 0.14560157772600437522894846524709E+01
0.44947735215469609989454506690035E+00 0.14634661483331771672619637502407E+01
0.45125548396836968525945447444439E+00 0.14708621431345435073375756607141E+01
0.45302310829812710075948786594307E+00 0.14782035619666501747859498138427E+01
0.45478007364607550070159636835122E+00 0.14854902048792069378302156811294E+01
0.45652623174620382804576922736607E+00 0.14927218717760530252688828471161E+01
0.45826143745263766202471501914162E+00 0.14998983625163870505567304195156E+01
0.45998554863383779887079986477561E+00 0.15070194770106793481140901786687E+01
0.46169842607237302925132012761017E+00 0.15140850153116182936891489998731E+01
0.46339993336992503787304894922666E+00 0.15210947777004133388829108436964E+01
0.46508993685720671116162424494909E+00 0.15280485647687543558848442354294E+01
0.46676830550849844164256860879085E+00 0.15349461774967030434070350452572E+01
0.46843491086052614477851709621002E+00 0.15417874173267732499576192978627E+01
0.47008962693542584865835313244744E+00 0.15485720862344372093765852039860E+01
0.47173233016755474046532878879747E+00 0.15552999867952763395977182692442E+01
0.47336289933392654803742834290735E+00 0.15619709222489821241076541758832E+01
0.47498121548806306817500627931094E+00 0.15685846965603953785366863655858E+01
0.47658716189706765124212730545607E+00 0.15751411144777599553135980013493E+01
0.47818062398173944095547112780442E+00 0.15816399815883549620476173701618E+01
0.47976148925955834687387058545728E+00 0.15880811043716570247015115043327E+01
0.48132964729038215474445216606368E+00 0.15944642902501749058273949623148E+01
0.48288498962470742657071006457803E+00 0.16007893476380882243437770560694E+01
0.48442740975435420396696258468298E+00 0.16070560859878132647142801088472E+01
0.48595680306544488851235483119814E+00 0.16132643158346116377962209924296E+01
0.48747306679355414762689861383175E+00 0.16194138488393475594444427101164E+01
0.48897609998091534993067687283644E+00 0.16255044978294954627624244074362E+01
0.49046580343557525738247792704053E+00 0.16315360768384911029697469476069E+01
0.49194207969239606637548185864991E+00 0.16375084011435126380148665381129E+01
0.49340483297580896268816069604902E+00 0.16434212873017762340753164225772E+01
0.49485396916422975768188751178890E+00 0.16492745531854200237266063098207E+01
0.49628939575605263262599980083502E+00 0.16550680180150507485930599460137E+01
0.49771102183714144694624301548918E+00 0.16608015023920194380434086118137E+01
0.49911875804974502570169903042750E+00 0.16664748283294891926720675064278E+01
0.50051251656276499245100239934760E+00 0.16720878192823555174381818633635E+01
0.50189221104330989567682016936506E+00 0.16776403001760736187745298362816E+01
0.50325775662947315737788532171080E+00 0.16831320974344461726378855676250E+01
0.50460906990427475958990148144132E+00 0.16885630390064207209580463623690E+01
0.50594606887071180205369222920722E+00 0.16939329543919417181589947830313E+01
0.50726867292786414497543465206875E+00 0.16992416746669030020284428604160E+01
0.50857680284800544685643024237184E+00 0.17044890325072395159749995826947E+01
0.50987038075467293611219583681014E+00 0.17096748622121985043798575945377E+01
0.51114933010164997748750112741489E+00 0.17147989997268258782142688604858E+01
0.51241357565282041883925762983178E+00 0.17198612826637021439622252745900E+01
0.51366304346285371023904467049060E+00 0.17248615503239603421289122018859E+01
0.51489766085868337588121385839550E+00 0.17297996437176166198457838994226E+01
0.51611735642174269230888704588396E+00 0.17346754055832420316890508947033E+01
0.51732205997092340966419947714561E+00 0.17394886804070030399225042445716E+01
0.51851170254622552995821557663045E+00 0.17442393144410962414809787142742E+01
0.51968621639306693557080989935827E+00 0.17489271557216017429024217979651E+01
0.52084553494722432031691953313492E+00 0.17535520540857780974188155983371E+01
0.52198959282037747524091792305096E+00 0.17581138611888204434483057515044E+01
0.52311832578623072610080208600572E+00 0.17626124305201027468843162309753E+01
0.52423167076718677772333800731968E+00 0.17670476174189230946930573154840E+01
0.52532956582154906150312994222404E+00 0.17714192790897707872083077589345E+01
0.52641195013123017184675031056029E+00 0.17757272746171328691234430761896E+01
0.52747876398994502998770358387282E+00 0.17799714649798559722249577702872E+01
0.52852994879186832124232813499757E+00 0.17841517130650798507317250979692E+01
0.52956544702073695345073062826611E+00 0.17882678836817569465500917311184E+01
0.53058520223937895220400071980991E+00 0.17923198435737725117810913659623E+01
0.53158915907965127896212984920769E+00 0.17963074614326781711106381111550E+01
0.53257726323277004879717267236265E+00 0.18002306079100518833683894989557E+01
0.53354946144001693157558384899643E+00 0.18040891556294965313694771072752E+01
0.53450570148380669556560844430490E+00 0.18078829791982880151368375535813E+01
0.53544593217910168829726650742722E+00 0.18116119552186842063927261082271E+01
0.53637010336515876062302030145097E+00 0.18152759622989049520770446373301E+01
0.53727816589759669113266104463604E+00 0.18188748810637924350092522270462E+01
0.53817007164077010019876628077840E+00 0.18224085941651624171636828239450E+01
0.53904577346043934034698679589279E+00 0.18258769862918533310391465232851E+01
0.53990522521672397440128096445882E+00 0.18292799441794838083006130066829E+01
0.54074838175732930461476518553327E+00 0.18326173566199247591985587086332E+01
0.54157519891103584276000512163656E+00 0.18358891144704946899197077419157E+01
0.54238563348144130994633654924457E+00 0.18390951106628853022831350444927E+01
0.54317964324094618364249801220719E+00 0.18422352402118239304697910471256E+01
0.54395718692497341672483778101116E+00 0.18453094002234798578783274252237E+01
0.54471822422641394378241297805721E+00 0.18483174899036202418137349104476E+01
0.54546271579028975844657821970753E+00 0.18512594105655219675304009110245E+01
0.54619062320862651813280058585192E+00 0.18541350656376449684382702294341E+01
0.54690190901552845758259149795803E+00 0.18569443606710722491611143144260E+01
0.54759653668244811444370539047813E+00 0.18596872033467220098500694662677E+01
0.54827447061364449591793946336116E+00 0.18623635034823363201033875760518E+01
0.54893567614182270139939814618754E+00 0.18649731730392515811391561618479E+01
0.54958011952394907119025532895279E+00 0.18675161261289545635120543637729E+01
0.55020776793723579194690470360655E+00 0.18699922790194286565370151949886E+01
0.55081858947528940434853826699071E+00 0.18724015501412941105679266455291E+01
0.55141255314441767770773703638436E+00 0.18747438600937462539028189728057E+01
0.55198962886008968490529733713482E+00 0.18770191316502951213659015194060E+01
0.55254978744354427618659159377695E+00 0.18792272897643100535435016619864E+01
0.55309300061854219266070676604405E+00 0.18813682615743724980950869547151E+01
0.55361924100825724721313238304985E+00 0.18834419764094402594213050066630E+01
0.55412848213230245120640573267806E+00 0.18854483657938258757506480815992E+01
0.55462069840388696768712114620895E+00 0.18873873634519922873721865229667E+01
0.55509586512709995329592604075042E+00 0.18892589053131682345430775065908E+01
0.55555395849431771078396634747348E+00 0.18910629295157859489380830635723E+01
0.55599495558373060316961877414573E+00 0.18927993764117436907313934592269E+01
0.55641883435698634210024387742487E+00 0.18944681885704952619928410927566E+01
0.55682557365694664990511697583454E+00 0.18960693107829687014489389976468E+01
0.55721515320555408954534079888816E+00 0.18976026900653162891016614718812E+01
0.55758755360180634780510092343117E+00 0.18990682756624977224522312883396E+01
0.55794275631983542721651800724377E+00 0.19004660190516982384506162718091E+01
0.55828074370708847015997572519300E+00 0.19017958739455836707144743430489E+01
0.55860149898260997387742936667025E+00 0.19030577962953934963700501264827E+01
0.55890500623541696447380491162949E+00 0.19042517442938748909103880394652E+01
0.55919125042298279967558679140617E+00 0.19053776783780548178676801852249E+01
0.55946021736977638296325077274742E+00 0.19064355612318645287011075083443E+01
0.55971189376600273603582500652414E+00 0.19074253577885800019980303182283E+01
0.55994626716611722713220681704740E+00 0.19083470352331879973220171018214E+01
0.56016332598833848323425147791035E+00 0.19092005630043667641371997498483E+01
0.56036305951164496103927812249234E+00 0.19099859127969759855791012268472E+01
0.56054545788028693321019120715561E+00 0.19107030585625052311423416434997E+01
0.56065742166898096563542451363579E+00 0.19111432527738053642286650359949E+01
0.56076167447294769027098956047495E+00 0.19115531169749719597358906445918E+01
0.56085821400752702623260701436846E+00 0.19119326451226675477507472835920E+01
0.56094703815794815314683456639777E+00 0.19122818316204391496171670881606E+01
0.56102814497890790648878136560635E+00 0.19126006713189649668174103331633E+01
0.56110539534682741225474147337816E+00 0.19129043434787887592817915211225E+01
0.56118265134994508711769217231367E+00 0.19132080305702930439239242062844E+01
0.56125991298788040341151888188989E+00 0.19135117325943160856005835998990E+01
0.56133718025993185773560497924233E+00 0.19138154495517776483608584826973E+01
0.56141445316640062619834749015135E+00 0.19141191814433422599531476882757E+01
0.56133718025993185773560497924233E+00 0.19138154495517776483608584826973E+01
0.56125991298788040341151888188989E+00 0.19135117325943160856005835998990E+01
0.56118265134994508711769217231367E+00 0.19132080305702930439239242062844E+01
0.56110539534682741225474147337816E+00 0.19129043434787887592817915211225E+01
0.56102814497890790648878136560635E+00 0.19126006713189649668174103331633E+01
0.56094703815794815314683456639777E+00 0.19122818316204391496171670881606E+01
0.56085821400752702623260701436846E+00 0.19119326451226675477507472835920E+01
0.56076167447294769027098956047495E+00 0.19115531169749719597358906445918E+01
0.56065742166898096563542451363579E+00 0.19111432527738053642286650359949E+01
0.56054545788028693321019120715561E+00 0.19107030585625052311423416434997E+01
0.56036305951164496103927812249234E+00 0.19099859127969759855791012268472E+01
0.56016332598833848323425147791035E+00 0.19092005630043667641371997498483E+01
0.55994626716611722713220681704740E+00 0.19083470352331879973220171018214E+01
0.55971189376600273603582500652414E+00 0.19074253577885800019980303182283E+01
0.55946021736977638296325077274742E+00 0.19064355612318645287011075083443E+01
0.55919125042298279967558679140617E+00 0.19053776783780548178676801852249E+01
0.55890500623541696447380491162949E+00 0.19042517442938748909103880394652E+01
0.55860149898260997387742936667025E+00 0.19030577962953934963700501264827E+01
0.55828074370708847015997572519300E+00 0.19017958739455836707144743430489E+01
0.55794275631983542721651800724377E+00 0.19004660190516982384506162718091E+01
0.55758755360180634780510092343117E+00 0.18990682756624977224522312883396E+01
0.55721515320555408954534079888816E+00 0.18976026900653162891016614718812E+01
0.55682557365694664990511697583454E+00 0.18960693107829687014489389976468E+01
0.55641883435698634210024387742487E+00 0.18944681885704952619928410927566E+01
0.55599495558373060316961877414573E+00 0.18927993764117436907313934592269E+01
0.55555395849431771078396634747348E+00 0.18910629295157859489380830635723E+01
0.55509586512709995329592604075042E+00 0.18892589053131682345430775065908E+01
0.55462069840388696768712114620895E+00 0.18873873634519922873721865229667E+01
0.55412848213230245120640573267806E+00 0.18854483657938258757506480815992E+01
0.55361924100825724721313238304985E+00 0.18834419764094402594213050066630E+01
0.55309300061854219266070676604405E+00 0.18813682615743724980950869547151E+01
0.55254978744354427618659159377695E+00 0.18792272897643100535435016619864E+01
0.55198962886008968490529733713482E+00 0.18770191316502951213659015194060E+01
0.55141255314441767770773703638436E+00 0.18747438600937462539028189728057E+01
0.55081858947528940434853826699071E+00 0.18724015501412941105679266455291E+01
0.55020776793723579194690470360655E+00 0.18699922790194286565370151949886E+01
0.54958011952394907119025532895279E+00 0.18675161261289545635120543637729E+01
0.54893567614182270139939814618754E+00 0.18649731730392515811391561618479E+01
0.54827447061364449591793946336116E+00 0.18623635034823363201033875760518E+01
0.54759653668244811444370539047813E+00 0.18596872033467220098500694662677E+01
0.54690190901552845758259149795803E+00 0.18569443606710722491611143144260E+01
0.54619062320862651813280058585192E+00 0.18541350656376449684382702294341E+01
0.54546271579028975844657821970753E+00 0.18512594105655219675304009110245E+01
0.54471822422641394378241297805721E+00 0.18483174899036202418137349104476E+01
0.54395718692497341672483778101116E+00 0.18453094002234798578783274252237E+01
0.54317964324094618364249801220719E+00 0.18422352402118239304697910471256E+01
0.54238563348144130994633654924457E+00 0.18390951106628853022831350444927E+01
0.54157519891103584276000512163656E+00 0.18358891144704946899197077419157E+01
0.54074838175732930461476518553327E+00 0.18326173566199247591985587086332E+01
0.53990522521672397440128096445882E+00 0.18292799441794838083006130066829E+01
0.53904577346043934034698679589279E+00 0.18258769862918533310391465232851E+01
0.53817007164077010019876628077840E+00 0.18224085941651624171636828239450E+01
0.53727816589759669113266104463604E+00 0.18188748810637924350092522270462E+01
0.53637010336515876062302030145097E+00 0.18152759622989049520770446373301E+01
0.53544593217910168829726650742722E+00 0.18116119552186842063927261082271E+01
0.53450570148380669556560844430490E+00 0.18078829791982880151368375535813E+01
0.53354946144001693157558384899643E+00 0.18040891556294965313694771072752E+01
0.53257726323277004879717267236265E+00 0.18002306079100518833683894989557E+01
0.53158915907965127896212984920769E+00 0.17963074614326781711106381111550E+01
0.53058520223937895220400071980991E+00 0.17923198435737725117810913659623E+01
0.52956544702073695345073062826611E+00 0.17882678836817569465500917311184E+01
0.52852994879186832124232813499757E+00 0.17841517130650798507317250979692E+01
0.52747876398994502998770358387282E+00 0.17799714649798559722249577702872E+01
0.52641195013123017184675031056029E+00 0.17757272746171328691234430761896E+01
0.52532956582154906150312994222404E+00 0.17714192790897707872083077589345E+01
0.52423167076718677772333800731968E+00 0.17670476174189230946930573154840E+01
0.52311832578623072610080208600572E+00 0.17626124305201027468843162309753E+01
0.52198959282037747524091792305096E+00 0.17581138611888204434483057515044E+01
0.52084553494722432031691953313492E+00 0.17535520540857780974188155983371E+01
0.51968621639306693557080989935827E+00 0.17489271557216017429024217979651E+01
0.51851170254622552995821557663045E+00 0.17442393144410962414809787142742E+01
0.51732205997092340966419947714561E+00 0.17394886804070030399225042445716E+01
0.51611735642174269230888704588396E+00 0.17346754055832420316890508947033E+01
0.51489766085868337588121385839550E+00 0.17297996437176166198457838994226E+01
0.51366304346285371023904467049060E+00 0.17248615503239603421289122018859E+01
0.51241357565282041883925762983178E+00 0.17198612826637021439622252745900E+01
0.51114933010164997748750112741489E+00 0.17147989997268258782142688604858E+01
0.50987038075467293611219583681014E+00 0.17096748622121985043798575945377E+01
0.50857680284800544685643024237184E+00 0.17044890325072395159749995826947E+01
0.50726867292786414497543465206875E+00 0.16992416746669030020284428604160E+01
0.50594606887071180205369222920722E+00 0.16939329543919417181589947830313E+01
0.50460906990427475958990148144132E+00 0.16885630390064207209580463623690E+01
0.50325775662947315737788532171080E+00 0.16831320974344461726378855676250E+01
0.50189221104330989567682016936506E+00 0.16776403001760736187745298362816E+01
0.50051251656276499245100239934760E+00 0.16720878192823555174381818633635E+01
0.49911875804974502570169903042750E+00 0.16664748283294891926720675064278E+01
0.49771102183714144694624301548918E+00 0.16608015023920194380434086118137E+01
0.49628939575605263262599980083502E+00 0.16550680180150507485930599460137E+01
0.49485396916422975768188751178890E+00 0.16492745531854200237266063098207E+01
0.49340483297580896268816069604902E+00 0.16434212873017762340753164225772E+01
0.49194207969239606637548185864991E+00 0.16375084011435126380148665381129E+01
0.49046580343557525738247792704053E+00 0.16315360768384911029697469476069E+01
0.48897609998091534993067687283644E+00 0.16255044978294954627624244074362E+01
0.48747306679355414762689861383175E+00 0.16194138488393475594444427101164E+01
0.48595680306544488851235483119814E+00 0.16132643158346116377962209924296E+01
0.48442740975435420396696258468298E+00 0.16070560859878132647142801088472E+01
0.48288498962470742657071006457803E+00 0.16007893476380882243437770560694E+01
0.48132964729038215474445216606368E+00 0.15944642902501749058273949623148E+01
0.47976148925955834687387058545728E+00 0.15880811043716570247015115043327E+01
0.47818062398173944095547112780442E+00 0.15816399815883549620476173701618E+01
0.47658716189706765124212730545607E+00 0.15751411144777599553135980013493E+01
0.47498121548806306817500627931094E+00 0.15685846965603953785366863655858E+01
0.47336289933392654803742834290735E+00 0.15619709222489821241076541758832E+01
0.47173233016755474046532878879747E+00 0.15552999867952763395977182692442E+01
0.47008962693542584865835313244744E+00 0.15485720862344372093765852039860E+01
0.46843491086052614477851709621002E+00 0.15417874173267732499576192978627E+01
0.46676830550849844164256860879085E+00 0.15349461774967030434070350452572E+01
0.46508993685720671116162424494909E+00 0.15280485647687543558848442354294E+01
0.46339993336992503787304894922666E+00 0.15210947777004133388829108436964E+01
0.46169842607237302925132012761017E+00 0.15140850153116182936891489998731E+01
0.45998554863383779887079986477561E+00 0.15070194770106793481140901786687E+01
0.45826143745263766202471501914162E+00 0.14998983625163870505567304195156E+01
0.45652623174620382804576922736607E+00 0.14927218717760530252688828471161E+01
0.45478007364607550070159636835122E+00 0.14854902048792069378302156811294E+01
0.45302310829812710075948786594307E+00 0.14782035619666501747859498138427E+01
0.45125548396836968525945447444439E+00 0.14708621431345435073375756607141E+01
0.44947735215469609989454506690035E+00 0.14634661483331771672619637502407E+01
0.44768886770496770569829300217293E+00 0.14560157772600437522894846524709E+01
0.44589018894187144240880808141776E+00 0.14485112292468021968512394003154E+01
0.44408147779501173543517659333196E+00 0.14409527031396837280416718925736E+01
0.44226289994073778229801439220209E+00 0.14333403971728538731615889575098E+01
0.44043462495024856966006878577122E+00 0.14256745088342008718359142091652E+01
0.43859682644656295104903722044186E+00 0.14179552347229711540111339212176E+01
0.43674968227099055966546269398216E+00 0.14101827703986267187411293836496E+01
0.43489337465979505975465963424224E+00 0.14023573102202321335666367796399E+01
0.43302809043179758247649498458538E+00 0.13944790471756253175311436812387E+01
0.43115402118773801084981405548254E+00 0.13865481726995478626273563592962E+01
0.42927136352227868866188352623719E+00 0.13785648764798366265161451094468E+01
0.42738031924961793286333239296765E+00 0.13705293462506905732422274746839E+01
0.42548109564376748938726940673579E+00 0.13624417675719299029593111946362E+01
0.42357390569464331662120593073867E+00 0.13543023235930586495716203820550E+01
0.42165896838122877974468978425054E+00 0.13461111948008208951203529785369E+01
0.41973650896318475955161315440173E+00 0.13378685587488075536893431934232E+01
0.41780675929241680272795449168816E+00 0.13295745897675235163108573497256E+01
0.41586995814625167074251544349899E+00 0.13212294586531550453359052985075E+01
0.41392635158404222753298426545154E+00 0.13128333323330933561556972263119E+01
0.41197619332919893571874140789281E+00 0.13043863735060567575740105907900E+01
0.41001974517884964726730204412085E+00 0.12958887402544213303955422304982E+01
0.40805727744355742863833338667967E+00 0.12873405856261006835824607403608E+01
0.40608906941977760686181472324230E+00 0.12787420571830158844611107850914E+01
0.40411540989802369890991791036684E+00 0.12700932965128569009986216355686E+01
0.40213659771002862903747952572090E+00 0.12613944387004514899920413559227E+01
0.40015294231855256788565139366532E+00 0.12526456117546200800769356511213E+01
0.39816476445389259961107987624386E+00 0.12438469359858988185242475437351E+01
0.39617239680161023216730659621071E+00 0.12349985233299424915986237978242E+01
0.39417618474651791526335925315026E+00 0.12261004766107782491437758945584E+01
0.39217648717855027110762242742944E+00 0.12171528887373304451404921953004E+01
0.39017367736682758515426007161447E+00 0.12081558418257944132472042771369E+01
0.38816814390897869356016495336449E+00 0.11991094062394529159215191193706E+01
0.38616029176367352911840301259462E+00 0.11900136395364016434544988432802E+01
0.38415054337531622913308983694126E+00 0.11808685853143469497970521316827E+01
0.38213933990100507127019284928635E+00 0.11716742719401239320656968503500E+01
0.38012714255119391718311109064521E+00 0.11624307111498266377312199343915E+01
0.37811443405702111855011738224016E+00 0.11531378965033933249720253238363E+01
0.37610172027904860411488257698794E+00 0.11437958016750916232679170014477E+01
0.37408953197421354876244044199842E+00 0.11344043785585408418868120325293E+01
0.37207842674019387196949996160651E+00 0.11249635551616011732639105970643E+01
0.37006899115919345079779264252751E+00 0.11154732332625576867368360432283E+01
0.36806184316643707869015791574011E+00 0.11059332857944016181581985144528E+01
0.36605763467253101499023925190305E+00 0.10963435539185135346397130300968E+01
0.36405705447340504409638981199932E+00 0.10867038437424927102059618129143E+01
0.36206083148695960367652079219843E+00 0.10770139226290068464481624037863E+01
0.36006973836196981449243577710943E+00 0.10672735150330746345370555146665E+01
0.35808459551248236264604967003051E+00 0.10574822977937486517629851730009E+01
0.35610627564015812598966309415716E+00 0.10476398947922684738984567031446E+01
0.35413570881812680270046888760870E+00 0.10377458708717951564100503926051E+01
0.35217388822338104539765441003074E+00 0.10277997248930305834255253449670E+01
0.35022187662112922994075948803642E+00 0.10178008817743647111598902525429E+01
0.34828081372459587907790882081724E+00 0.10077486833333604724652530630426E+01
0.34635192457847266465986974247204E+00 0.99764237770665438361773691289375E+00
0.34443652914484454484077040642478E+00 0.98748110707545052714509194326271E+00
0.34253605330860757017081546815055E+00 0.97726389336066430234428270710142E+00
0.34065204156735784074906075570948E+00 0.96698962147136836308861511676535E+00
0.33878617173142007535231091306089E+00 0.95665701958695930995605370038547E+00
0.33694027203708669806854621067881E+00 0.94626463581981235959189002285051E+00
0.33511634117571410187892158840774E+00 0.93581081043063906376635613915772E+00
0.33331657187059969283564139353113E+00 0.92529364253856682453104473421843E+00
0.33154337880310744523808247751038E+00 0.91471094996128351190872659177472E+00
0.32979943191426592636618686250633E+00 0.90406022040742958562722596424653E+00
0.32808769640958162457222873363885E+00 0.89333855168006582955109326211230E+00
0.32641148120461126853754881537226E+00 0.88254257777176557006039263403196E+00
0.32477449811391088791397285650965E+00 0.87166837664115341743757913932875E+00
0.32318093487799826744154408477653E+00 0.86071135390790052845097323308683E+00
0.32163554625421325804906183763001E+00 0.84966609445382271191210861761080E+00
0.32014376905068063016037883347963E+00 0.83852617059588970915564787138216E+00
0.31871186947445275640093996817999E+00 0.82728389048381870921346461006933E+00
0.31734713511236248573942634305935E+00 0.81592996261851536491809920637424E+00
0.31605813083877984344510592091824E+00 0.80445304001448957753836197226954E+00
0.31485505522551287617239801076568E+00 0.79283908679488303977822397727151E+00
0.31375040987481367301721225161507E+00 0.78107046255297737099074802549437E+00
0.31257395073833013244879945511023E+00 0.76671195970993508147919966633070E+00
0.31159498241910249660340316892975E+00 0.75204527242415119790578782250055E+00
0.31085659406152494159189627798927E+00 0.73699499511644971498181809280746E+00
0.31042282218041241541952548098719E+00 0.72144659965249404314930532500296E+00
0.31038870422442970748876771999575E+00 0.70521285275469335292526259215650E+00
0.31087189472239470781823513052258E+00 0.68887850511224821236827019323453E+00
0.31192684673777366623082964053584E+00 0.67322578558818050157609919185656E+00
0.31358867957233737412406466744578E+00 0.65826502937195700859369538328962E+00
0.31578950174823099567850284038415E+00 0.64398167379324733080227187045052E+00
0.31901439856451625301488225303923E+00 0.63045528342317203304042328470780E+00
0.30935906178250089819533859003313E+00 0.62040620399343144771888572104432E+00
0.29993878808036391062462445723944E+00 0.60931124493319966934393994230051E+00
0.29062827598704865648093384743937E+00 0.59724032811230377109506054776409E+00
0.28141299009808591937674913088475E+00 0.58418458365828838306442242086280E+00
0.27224795496995417367090004263510E+00 0.57016700163838716940182993923994E+00
0.26351137562307701589565081563554E+00 0.55588469691592582432206335882819E+00
0.25542516537114744831536158552542E+00 0.54191428256498435865410364860374E+00
0.24781405508061525321682559140339E+00 0.52814566963743142069510947868058E+00
0.24056766273116100651841443017186E+00 0.51451377117574068318016618907699E+00
0.23361077897169674843869156963911E+00 0.50097727274879748430552416012055E+00
0.22799653359321745268275665994845E+00 0.48974880530975426880974070728727E+00
0.22252131304640929164598981088426E+00 0.47855611239181948735289822650919E+00
0.21716772406700953170193051897902E+00 0.46738976973120312503875656233412E+00
0.21192005345047793277920023467715E+00 0.45624326439927718457459565904073E+00
0.20676585973974698386157034484016E+00 0.44511126641789636537765231043293E+00
0.20169458349197420138797416084392E+00 0.43398964322302325804773087983346E+00
0.19669737100844006164342103730371E+00 0.42287507553656513925290476679432E+00
0.19176666202589936913381288029961E+00 0.41176490852020201081299891371182E+00
0.18689597002719587215471104116336E+00 0.40065699932298197515200057059177E+00
0.18207968163874216206741450010602E+00 0.38954961645842941757685867030377E+00
0.17731291001627956981545020017857E+00 0.37844135850725261272553834947689E+00
0.17259137524999398153990130355324E+00 0.36733109280115434262958587588234E+00
0.16791130967412687410888094415831E+00 0.35621790699391301768654091477379E+00
0.16326938083624875857180376667650E+00 0.34510107095431449500391968023172E+00
0.15866262868444166713448216614572E+00 0.33398000630813784307880267854578E+00
0.15408841376852562056685357650609E+00 0.32285426193736274701257177275478E+00
0.14954437423997198889083158306828E+00 0.31172349409097501187692953684976E+00
0.14502838988465524883938765522391E+00 0.30058745012465608759265095264877E+00
0.14053855184507119976349794776803E+00 0.28944595511283461544522234053661E+00
0.13607313697465426955826332148899E+00 0.27829890075545700182811709019641E+00
0.13163058599301496675560726754161E+00 0.26714623613087157827884467753511E+00
0.12720948478039032536076367398987E+00 0.25598795994459612873618855855347E+00
0.12280854828135834451247565002787E+00 0.24482411399797575689536095083719E+00
0.11842660658998968520033063570629E+00 0.23365477765774580195529057733187E+00
0.11406259286881204741887957736913E+00 0.22248006315149815828977780614119E+00
0.10971553281729929471533159342710E+00 0.21130011154829767352192373494094E+00
0.10538453545601538431604466441651E+00 0.20011508931054572139805889246505E+00
0.10106878503294255637910696008447E+00 0.18892518532438353264795011414629E+00
0.96767533891091480973151624455790E-01 0.17773060833277307502290331741639E+00
0.92480096162915036506991090153652E-01 0.16653158470885362073289368697475E+00
0.88205842178599414872724874728751E-01 0.15532835651800042256904497772197E+00
0.83944193492980532161968825884555E-01 0.14412117982576071550511721533761E+00
0.79694618450402068216963729716940E-01 0.13291032321595405318486685414931E+00
0.75456628218898470397943377631227E-01 0.12169606648903103215712377191249E+00
0.71229773235121677532148486665503E-01 0.11047869951554669645578460050955E+00
0.67013640009819530237889795368089E-01 0.99258521223530902505032806961786E-01
0.62807848250710728688263203810414E-01 0.88035838701786453286452225889006E-01
0.58612048265528717439508813370516E-01 0.76810966403843535952134300434750E-01
0.54425918613018218491872220854702E-01 0.65584225439551575804921259548347E-01
0.50249163973921376367254335193022E-01 0.54355942943170162657336670498328E-01
0.46081513217612408198618998370486E-01 0.43126451508410006248203243808827E-01
0.41922717643129917860838883283576E-01 0.31896088682201945037406188744713E-01
0.37772549376009684433930460013623E-01 0.20665196510105644305542483265630E-01
0.33630799904597693994731992332348E-01 0.94341211272254974714302558787745E-02
0.29497278741487314478800428668459E-01 -0.17967876106871059033847580053335E-02
0.25371812197422231580279461775346E-01 -0.13027176460565588690402236066279E-01
0.21254242256479068045507831873513E-01 -0.24256689093825689958758050057082E-01
0.17144425542621355732846027046440E-01 -0.35484966370146406967815742476268E-01
0.13042232368831746120097858735343E-01 -0.46711646586313753897253552040326E-01
0.89475458610006735950896527037342E-02 -0.57936365702831125927354191429224E-01
0.48602611496039560143237884675240E-02 -0.69158757550668515500547747983553E-01
0.78028462294514869995607648820435E-03 -0.80378454020243594493092266876627E-01
-0.32924667636014320056810981649902E-02 -0.91595085234480193505675769006044E-01
-0.73580661273339007283354558964652E-02 -0.10280827970757334164647916589787E+00
-0.11416577251429110787535604591323E-01 -0.11401766449090942216957995072927E+00
-0.15468055135635830408185234890210E-01 -0.12522286530741917911331682190004E+00
-0.19512546508078886670271475250008E-01 -0.13642350667550499143502068732040E+00
-0.23550090301442516089975618902513E-01 -0.14761921202355530378467890809900E+00
-0.27580718096486397956977525208007E-01 -0.15880960379595012486158096668781E+00
-0.31604454535564418517666064803476E-01 -0.16999430355136427637229024619898E+00
-0.35621317708565945108053763018847E-01 -0.18117293205408953880726626361362E+00
-0.39631319513474988678537161550094E-01 -0.19234510935902273587902888573064E+00
-0.43634465993541159323410424923915E-01 -0.20351045489089798664278211448217E+00
-0.47630757652875241727764595108915E-01 -0.21466858751828364409438375081322E+00
-0.51620189752122431120371235611900E-01 -0.22581912562281209280323720429803E+00
-0.55602752585718485629240464163700E-01 -0.23696168716406229184782872330903E+00
-0.59578431742104151118287211627385E-01 -0.24809588974047589348625190959716E+00
-0.63547208348154558087996971107796E-01 -0.25922135064664855992020120116592E+00
-0.67509059298974595995996898578701E-01 -0.27033768692730589541043314850428E+00
-0.71463957474111864277293001143094E-01 -0.28144451542824458931608312359537E+00
-0.75411871941156240262544756249259E-01 -0.29254145284449168924661270783655E+00
-0.79352768147610594019362551062828E-01 -0.30362811576591181777682328502531E+00
-0.83286608101849350697875114054170E-01 -0.31470412072047104055905185413479E+00
-0.87213350543914286075106035636724E-01 -0.32576908421534739847223315870047E+00
-0.91132951106838360084992561267793E-01 -0.33682262277605900158121308768370E+00
-0.95045362469134061017881401524972E-01 -0.34786435298376814700986536019098E+00
-0.98950534499032853588947620885629E-01 -0.35889389151090260799703828639835E+00
-0.10284841439101886406681188683419E+00 -0.36991085515522685031249857609875E+00
-0.10673894679515762441886453178767E+00 -0.38091486087247913431345278374232E+00
-0.11062207393968266635097359115944E+00 -0.39190552580768559934390967330414E+00
-0.11449773574727072399660658940590E+00 -0.40288246732524947543078938272077E+00
-0.11836586994540127145027708400672E+00 -0.41384530303790690224547951970874E+00
-0.12222641217117110449032887048972E+00 -0.42479365083463235638663724164433E+00
-0.12607929607090470947227276908392E+00 -0.43572712890756963343315510457983E+00
-0.12992445339487891202939162132062E+00 -0.44664535577805986919029846559243E+00
-0.13376181408745749063256383632326E+00 -0.45754795032182886266953993213551E+00
-0.13759130637290994737936971944427E+00 -0.46843453179339468897123394942210E+00
-0.14141285683717143039953931866162E+00 -0.47930471984974866201197883045554E+00
-0.14522639050578045724301686230032E+00 -0.49015813457335907696436529350486E+00
-0.14903183091821791064966298606014E+00 -0.50099439649454710438600177233159E+00
-0.15282910019885486198861954751812E+00 -0.51181312661327110154073795850974E+00
-0.15661811912470050256981450854611E+00 -0.52261394642036568561255036056654E+00
-0.16039880719013420053003936876925E+00 -0.53339647791826501121194723263401E+00
-0.16417108266878716876983148013530E+00 -0.54416034364124794047576485593373E+00
-0.16793486267273444911148957915306E+00 -0.55490516667523385072187717534942E+00
-0.17169006320914332919473465643409E+00 -0.56563057067715737426244661836303E+00
-0.17543659923451723455147502262832E+00 -0.57633617989394956399832955778928E+00
-0.17917438470666520197642137411204E+00 -0.58702161918114821120224334395352E+00
-0.18290333263451765541031957994028E+00 -0.59768651402116050449203798222462E+00
-0.18662335512590305538735079100628E+00 -0.60833049054119924148655370496673E+00
-0.19033436343339275226307301697915E+00 -0.61895317553091078729701093103642E+00
-0.19403626799831400042900828953546E+00 -0.62955419645971364883505963147275E+00
-0.19772897849302608068797399676263E+00 -0.64013318149386313798611718883415E+00
-0.20141240386154781330233265228499E+00 -0.65068975951325873748591918946696E+00
-0.20508645235862082309514404577920E+00 -0.66122356012800734989199420107476E+00
-0.20875103158728643205878660834363E+00 -0.67173421369475588982069509562429E+00
-0.21240604853505035904452986346201E+00 -0.68222135133280596552818180746113E+00
-0.21605140960870541950510054911780E+00 -0.69268460494002148324600085113645E+00
-0.21968702066787730289470027982365E+00 -0.70312360720853983012456994466236E+00
-0.22331278705735580108841416236561E+00 -0.71353799164029700913938307384697E+00
-0.22692861363826991121733239590412E+00 -0.72392739256237517816618868828320E+00
-0.23053440481816184639433171066533E+00 -0.73429144514218151021249032740810E+00
-0.23413006458001232401251866264505E+00 -0.74462978540246627435913454819183E+00
-0.23771549651026589580121797401359E+00 -0.75494205023618724819679694930245E+00
-0.24129060382590343261467304104255E+00 -0.76522787742122787554473006376219E+00
-0.24485528940060526565635020566026E+00 -0.77548690563497453069077634482948E+00
-0.24840945579004662022013845182642E+00 -0.78571877446876022227557770958361E+00
-0.25195300525636527762591233690426E+00 -0.79592312444217932877982331353460E+00
-0.25548583979183793040423334628967E+00 -0.80609959701727780117132779723891E+00
-0.25900786114180079861196146909970E+00 -0.81624783461262644131531118356326E+00
-0.26251897082684875965127311551202E+00 -0.82636748061727759827415258009091E+00
-0.26601907016434275702502285176970E+00 -0.83645817940461352872885624731932E+00
-0.26950806028925794641304995695842E+00 -0.84651957634608754579603835024554E+00
-0.27298584217439947322243096719719E+00 -0.85655131782486229909012806130906E+00
-0.27645231665001278875858653297128E+00 -0.86655305124934958818554182697258E+00
-0.27990738442281575374824093179558E+00 -0.87652442506665264911979205569091E+00
-0.28335094609447484058940306224122E+00 -0.88646508877591640372802712186411E+00
-0.28678290217955038367377852466409E+00 -0.89637469294158671607964270198182E+00
-0.29020315312293208563973580146021E+00 -0.90625288920658072815765227013306E+00
-0.29361159931678489767223014468871E+00 -0.91609933030537318266533688767716E+00
-0.29700814111702746834756987142210E+00 -0.92591367007699727738998733934254E+00
-0.30039267885935900646500309380691E+00 -0.93569556347796548498335973722735E+00
-0.30376511287485529224618281254507E+00 -0.94544466659511014714671364225105E+00
-0.30712534350514959629613019562956E+00 -0.95516063665834613202509429615283E+00
-0.31047327111721449046178036915409E+00 -0.96484313205335739638525296844817E+00
-0.31380879611776162303734898668060E+00 -0.97449181233420886116957623971047E+00
-0.31713181896727225328436700849411E+00 -0.98410633823588471155049225548246E+00
-0.32044224019367456915065462604597E+00 -0.99368637168675490776378330982696E+00
-0.32373996040567965215443369936317E+00 -0.10032315758209706175438618656353E+01
-0.32702488030579006316055201422967E+00 -0.10127416149907902065858708549987E+01
-0.33029690070299254252652539400084E+00 -0.10222161547788360138458025525779E+01
-0.33355592252514691907895777224235E+00 -0.10316548620102837541945131935754E+01
-0.33680184683108206390460546602426E+00 -0.10410574047649850763615075369071E+01
-0.34003457482240970412196626490010E+00 -0.10504234523895234990911391444541E+01
-0.34325400785506611884098154104320E+00 -0.10597526755092053842064149172471E+01
-0.34646004745059166167981761626128E+00 -0.10690447460399863345674842061746E+01
-0.34965259530715702313036094716787E+00 -0.10782993372003328233844984508278E+01
-0.35283155331034527023298526356763E+00 -0.10875161235230210689180587526971E+01
-0.35599682354369796607598067243368E+00 -0.10966947808668721207478786282549E+01
-0.35914830829903396414692775349705E+00 -0.11058349864284252954267113387834E+01
-0.36228591008654770468575065940077E+00 -0.11149364187535483716376091406270E+01
-0.36540953164469538181729452825185E+00 -0.11239987577489865925087506256029E+01
-0.36851907594987526358620040012801E+00 -0.11330216846938506358053869495629E+01
-0.37161444622590940589511446342986E+00 -0.11420048822510421837558959437777E+01
-0.37469554595333334044885442554710E+00 -0.11509480344786198965813894308769E+01
-0.37776227887849920352414350439963E+00 -0.11598508268411040546009198622344E+01
-0.38081454902249925738019171349407E+00 -0.11687129462207202071653536826334E+01
-0.38385226068991459725376738310606E+00 -0.11775340809285843202435267749770E+01
-0.38687531847739545186794300371247E+00 -0.11863139207158248965649886586263E+01
-0.38988362728207679848178155778728E+00 -0.11950521567846482750384149736009E+01
-0.39287709230983660319030092608949E+00 -0.12037484817993412205685664241833E+01
-0.39585561908339875119802594147832E+00 -0.12124025898972150290498847239135E+01
-0.39881911345028761352695092276093E+00 -0.12210141766994898502375237327040E+01
-0.40176748159063707260692878762704E+00 -0.12295829393221180752186018549230E+01
-0.40470063002485971286603184599097E+00 -0.12381085763865493269765220556464E+01
-0.40761846562117854204948433805324E+00 -0.12465907880304344541790247320677E+01
-0.41052089560302625937845379243436E+00 -0.12550292759182701463879779947611E+01
-0.41340782755631586519644633880967E+00 -0.12634237432519836564344772457005E+01
-0.41627916943658569038358967927560E+00 -0.12717738947814573974285780625397E+01
-0.41913482957602242794089643181520E+00 -0.12800794368149938261060570461256E+01
-0.42197471669036561452689057607182E+00 -0.12883400772297193533096213821452E+01
-0.42479873988569670727730068036167E+00 -0.12965555254819293834177858161362E+01
-0.42760680866511590233702401938780E+00 -0.13047254926173717310971173690224E+01
-0.43039883293530922663313782884971E+00 -0.13128496912814702383539260898631E+01
-0.43317472301300934991098866698846E+00 -0.13209278357294876703651907319799E+01
-0.43593438963135202097148461863472E+00 -0.13289596418366280667040483546158E+01
-0.43867774394613185814674568648833E+00 -0.13369448271080778383404806429717E+01
-0.44140469754195892412440116972433E+00 -0.13448831106889862542510856429454E+01
-0.44411516243831864829092546107619E+00 -0.13527742133743843689010066080399E+01
-0.44680905109553842998801454926247E+00 -0.13606178576190430429861845276248E+01
-0.44948627642066184241919770451515E+00 -0.13684137675472689225593998520530E+01
-0.45214675177323305323933082414435E+00 -0.13761616689626391989757438526198E+01
-0.45479039097099408319260526025216E+00 -0.13838612893576740452333494673753E+01
-0.45741710829549619879624125774630E+00 -0.13915123579234471899348417190987E+01
-0.46002681849762725504258212165388E+00 -0.13991146055591342881325201986308E+01
-0.46261943680305764436390234805048E+00 -0.14066677648814986398469153443567E+01
-0.46519487891760556034767272451112E+00 -0.14141715702343138956516705529046E+01
-0.46775306103252453136294502344909E+00 -0.14216257576977247403452602160122E+01
-0.47029389982971333347667587679218E+00 -0.14290300650975434947944185825089E+01
-0.47281731248685135234151136836034E+00 -0.14363842320144838906315658062753E+01
-0.47532321668245975651187042711084E+00 -0.14436879997933311736799461011222E+01
-0.47781153060089091554353700605696E+00 -0.14509411115520484473235895525468E+01
-0.48028217293724668350318615878410E+00 -0.14581433121908189927795938247824E+01
-0.48273506290222697550358300158787E+00 -0.14652943484010239516473694687120E+01
-0.48517012022691079436883776285546E+00 -0.14723939686741565359883801212234E+01
-0.48758726516746997360083855457226E+00 -0.14794419233106702328370316597008E+01
-0.48998641850981730943066902069375E+00 -0.14864379644287631355004618997857E+01
-0.49236750157419013866166653870476E+00 -0.14933818459730967655667156166279E+01
-0.49473043621967034251981544473218E+00 -0.15002733237234488146408772685961E+01
-0.49707514484864298959302539367428E+00 -0.15071121553033016981306060826229E+01
-0.49940155041119200917604460186933E+00 -0.15138981001883635373812437404992E+01
-0.50170957640943770658931975634089E+00 -0.15206309197150243682845239554254E+01
-0.50399914690181314565859505400392E+00 -0.15273103770887453306270849953017E+01
-0.50627018650728352545304120855206E+00 -0.15339362373923810774760177442737E+01
-0.50852262040950737612703678778681E+00 -0.15405082675944362073623740293177E+01
-0.51075637436094164371954565297084E+00 -0.15470262365572534484932814418843E+01
-0.51297137468689090490517838979608E+00 -0.15534899150451354505766246074370E+01
-0.51516754828950167201208747573212E+00 -0.15598990757323987835993509352117E+01
-0.51734482265170267735556006812659E+00 -0.15662534932113595846536006709983E+01
-0.51950312584109182739334920809356E+00 -0.15725529440002520353067920451781E+01
-0.52164238651377052067171525374867E+00 -0.15787972065510778288433197671167E+01
-0.52376253391812604737378634830803E+00 -0.15849860612573876645245717539119E+01
-0.52586349789856270910963525629950E+00 -0.15911192904619934664434368130630E+01
-0.52794520889918257358864036499871E+00 -0.15971966784646120208476976373579E+01
-0.53000759796741612048089770781270E+00 -0.16032180115294392992770178961067E+01
-0.53205059675760355372617627025600E+00 -0.16091830778926550671012354631862E+01
-0.53407413753452749125844550828212E+00 -0.16150916677698580672694738157618E+01
-0.53607815317689739320917900494808E+00 -0.16209435733634312808035171188784E+01
-0.53806257718078642946703507151265E+00 -0.16267385888698367177263763515494E+01
-0.54002734366302128812532077100853E+00 -0.16324765104868401621593050399606E+01
-0.54197238736452532205389234742648E+00 -0.16381571364206650388382234572089E+01
-0.54389764365361568783842079981728E+00 -0.16437802668930756770741866881296E+01
-0.54580304852925488715579772392572E+00 -0.16493457041483891584853626020253E+01
-0.54768853862425705931512064659178E+00 -0.16548532524604162381940464886215E+01
-0.54955405120844983336563603311955E+00 -0.16603027181393304203309202629353E+01
-0.55139952419179146735417877820535E+00 -0.16656939095384654623920389190917E+01
-0.55322489612744472828819048408830E+00 -0.16710266370610407853408852885068E+01
-0.55503010621480681215981825130797E+00 -0.16763007131668149728130389967093E+01
-0.55681509430249625767082767067670E+00 -0.16815159523786663504979897354197E+01
-0.55857980089129772792154691877836E+00 -0.16866721712891015065164868523964E+01
-0.56032416713706341765655993174790E+00 -0.16917691885666905802821458816068E+01
-0.56204813485357365428133581543897E+00 -0.16968068249624295586626413698045E+01
-0.56375164651535496105116925239126E+00 -0.17017849033160296760233561399653E+01
-0.56543464526045710678590538149802E+00 -0.17067032485621327883882528344827E+01
-0.56709707489318935702330278079411E+00 -0.17115616877364534799369891094448E+01
-0.56873887988681543771078827468026E+00 -0.17163600499818471511121152010241E+01
-0.57036000538620882895880121953156E+00 -0.17210981665543039256474969155844E+01
-0.57196039721046739121031589324248E+00 -0.17257758708288686783852114316755E+01
-0.57354000185548805825811944563007E+00 -0.17303929983054859492331026580483E+01
-0.57509876649650257572807940430962E+00 -0.17349493866147708745042532498624E+01
-0.57663663899057297686230115935870E+00 -0.17394448755237047170526138344308E+01
-0.57815356787904878308641365647487E+00 -0.17438793069412555353739940686902E+01
-0.57964950238998486992818233108885E+00 -0.17482525249239237781707636885439E+01
-0.58112439244052074294439228187468E+00 -0.17525643756812121331995847805237E+01
-0.58257818863922157593782371170442E+00 -0.17568147075810200016058321840193E+01
-0.58401084228838085088468278103434E+00 -0.17610033711549620365324989437585E+01
-0.58542230538628509058289045924404E+00 -0.17651302191036107897532645762528E+01
-0.58681253062944079793414237383639E+00 -0.17691951063016631442341322075830E+01
-0.58818147141476372460323132830052E+00 -0.17731978898030304148190930523188E+01
-0.58952908184173078675005866474082E+00 -0.17771384288458520322016439630139E+01
-0.59085531671449462715031609262212E+00 -0.17810165848574324271369033108169E+01
-0.59216013154396121756043608440317E+00 -0.17848322214591011292192533418598E+01
-0.59344348254983050908909983876089E+00 -0.17885852044709959009511522723866E+01
-0.59470532666260024691069516571650E+00 -0.17922754019167686161766025667627E+01
-0.59594562152553335434359417495587E+00 -0.17959026840282138298659606293306E+01
-0.59716432549658876739844301207904E+00 -0.17994669232498199585562211361920E+01
-0.59836139765031589437781273648617E+00 -0.18029679942432426478381269975216E+01
-0.59953679777971309954962316856568E+00 -0.18064057738917004553942925009810E+01
-0.60069048639804998579209724205424E+00 -0.18097801413042925183876892404730E+01
-0.60182242474065392760394082277161E+00 -0.18130909778202382149678745743176E+01
-0.60293257476666062179872381721999E+00 -0.18163381670130384901384900620367E+01
-0.60402089916072918808533716742766E+00 -0.18195215946945587621631793744027E+01
-0.60508736133472168169466893284360E+00 -0.18226411489190334759053460777343E+01
-0.60613192542934702492544508878127E+00 -0.18256967199869917917548064440467E+01
-0.60715455631576984231442032889052E+00 -0.18286882004491045887590821820162E+01
-0.60815521959718392879698983542584E+00 -0.18316154851099525711894754041161E+01
-0.60913388161035055968756684390556E+00 -0.18344784710317150563176126655374E+01
-0.61009050942710208977416835662448E+00 -0.18372770575377800623282609339685E+01
-0.61102507085581000707194307480585E+00 -0.18400111462162744560588880539264E+01
-0.61193753444281899185160007043797E+00 -0.18426806409235152475697232235551E+01
-0.61282786947384533315340554147106E+00 -0.18452854477873809557134330182185E+01
-0.61369604597534133336693015523851E+00 -0.18478254752106033893931826689004E+01
-0.61454203471582485040864118453695E+00 -0.18503006338739797481014174778170E+01
-0.61536580720717428599679281768678E+00 -0.18527108367395046672224346132721E+01
-0.61616733570588928023629619724449E+00 -0.18550559990534224221322745969640E+01
-0.61694659321431683642861302978538E+00 -0.18573360383491988659893794227494E+01
-0.61770355348184334828378203288818E+00 -0.18595508744504132312086257897383E+01
-0.61843819100605225220946190709577E+00 -0.18617004294735696049280173201145E+01
-0.61915048103384750432990379221179E+00 -0.18637846278308280180643149137815E+01
-0.61984039956254303732619809804710E+00 -0.18658033962326549887825065845963E+01
-0.62050792334091797473697286637019E+00 -0.18677566636903934095318400962641E+01
-0.62115302987023808797842528927978E+00 -0.18696443615187519268722315902361E+01
-0.62177569740524302391264141685243E+00 -0.18714664233382133467043895387346E+01
-0.62237590495509982479924541318161E+00 -0.18732227850773623148427871619838E+01
-0.62295363228432250989856344685553E+00 -0.18749133849751319484418690062211E+01
-0.62350885991365787943109161482599E+00 -0.18765381635829695662297752131918E+01
-0.62404156912093749756571978279862E+00 -0.18780970637669212601482103239562E+01
-0.62455174194189598368025170441852E+00 -0.18795900307096352729436356755500E+01
-0.62503936117095562595383730155583E+00 -0.18810170119122842114038291967955E+01
-0.62550441036197734580030934220010E+00 -0.18823779571964059029544953055391E+01
-0.62594687382897796958987390629494E+00 -0.18836728187056629212390914633305E+01
-0.62636673664681406885094337315309E+00 -0.18849015509075206347128531192575E+01
-0.62676398465183209809664765902268E+00 -0.18860641105948438510983151968217E+01
-0.62713860444248510690848015886472E+00 -0.18871604568874118188317109535092E+01
-0.62749058337991594894495623714798E+00 -0.18881905512333517214410596544143E+01
-0.62781990958850699962580503270189E+00 -0.18891543574104904665198330217574E+01
-0.62812657195639645529420981082955E+00 -0.18900518415276248075447270901678E+01
-0.62841056013596127877533930955008E+00 -0.18908829720257097333047786284093E+01
-0.62867186454426683302346213391297E+00 -0.18916477196789649928680742531424E+01
-0.62891047636348586080691357176580E+00 -0.18923460575958989131954350342107E+01
-0.62905693990769114642358721979831E+00 -0.18927747096865668434215850474020E+01
-0.62919331206539531352283214740097E+00 -0.18931738286777533178889843983333E+01
-0.62931959079108882705568268158983E+00 -0.18935434083318774922975248779621E+01
-0.62943577419066031886797366707183E+00 -0.18938834428729987485616511992190E+01
-0.62954186052138273449595138310087E+00 -0.18941939269869239105193240046980E+01
-0.62964290030094087642780911960891E+00 -0.18944896419345766630726852609626E+01
-0.62974394513325281441478924444623E+00 -0.18947853722890919463331570719443E+01
-0.62984499501851286038391843890010E+00 -0.18950811180509500939264988431122E+01
-0.62994604995691563630631573849021E+00 -0.18953768792206313512018754930916E+01
-0.63004710994865543779362087768714E+00 -0.18956726557986160815460735364470E+01
-0.62994604995691563630631573849021E+00 -0.18953768792206313512018754930916E+01
-0.62984499501851286038391843890010E+00 -0.18950811180509500939264988431122E+01
-0.62974394513325281441478924444623E+00 -0.18947853722890919463331570719443E+01
-0.62964290030094087642780911960891E+00 -0.18944896419345766630726852609626E+01
-0.62954186052138273449595138310087E+00 -0.18941939269869239105193240046980E+01
-0.62943577419066031886797366707183E+00 -0.18938834428729987485616511992190E+01
-0.62931959079108882705568268158983E+00 -0.18935434083318774922975248779621E+01
-0.62919331206539531352283214740097E+00 -0.18931738286777533178889843983333E+01
-0.62905693990769114642358721979831E+00 -0.18927747096865668434215850474020E+01
-0.62891047636348586080691357176580E+00 -0.18923460575958989131954350342107E+01
-0.62867186454426683302346213391297E+00 -0.18916477196789649928680742531424E+01
-0.62841056013596127877533930955008E+00 -0.18908829720257097333047786284093E+01
-0.62812657195639645529420981082955E+00 -0.18900518415276248075447270901678E+01
-0.62781990958850699962580503270189E+00 -0.18891543574104904665198330217574E+01
-0.62749058337991594894495623714798E+00 -0.18881905512333517214410596544143E+01
-0.62713860444248510690848015886472E+00 -0.18871604568874118188317109535092E+01
-0.62676398465183209809664765902268E+00 -0.18860641105948438510983151968217E+01
-0.62636673664681406885094337315309E+00 -0.18849015509075206347128531192575E+01
-0.62594687382897796958987390629494E+00 -0.18836728187056629212390914633305E+01
-0.62550441036197734580030934220010E+00 -0.18823779571964059029544953055391E+01
-0.62503936117095562595383730155583E+00 -0.18810170119122842114038291967955E+01
-0.62455174194189598368025170441852E+00 -0.18795900307096352729436356755500E+01
-0.62404156912093749756571978279862E+00 -0.18780970637669212601482103239562E+01
-0.62350885991365787943109161482599E+00 -0.18765381635829695662297752131918E+01
-0.62295363228432250989856344685553E+00 -0.18749133849751319484418690062211E+01
-0.62237590495509982479924541318161E+00 -0.18732227850773623148427871619838E+01
-0.62177569740524302391264141685243E+00 -0.18714664233382133467043895387346E+01
-0.62115302987023808797842528927978E+00 -0.18696443615187519268722315902361E+01
-0.62050792334091797473697286637019E+00 -0.18677566636903934095318400962641E+01
-0.61984039956254303732619809804710E+00 -0.18658033962326549887825065845963E+01
-0.61915048103384750432990379221179E+00 -0.18637846278308280180643149137815E+01
-0.61843819100605225220946190709577E+00 -0.18617004294735696049280173201145E+01
-0.61770355348184334828378203288818E+00 -0.18595508744504132312086257897383E+01
-0.61694659321431683642861302978538E+00 -0.18573360383491988659893794227494E+01
-0.61616733570588928023629619724449E+00 -0.18550559990534224221322745969640E+01
-0.61536580720717428599679281768678E+00 -0.18527108367395046672224346132721E+01
-0.61454203471582485040864118453695E+00 -0.18503006338739797481014174778170E+01
-0.61369604597534133336693015523851E+00 -0.18478254752106033893931826689004E+01
-0.61282786947384533315340554147106E+00 -0.18452854477873809557134330182185E+01
-0.61193753444281899185160007043797E+00 -0.18426806409235152475697232235551E+01
-0.61102507085581000707194307480585E+00 -0.18400111462162744560588880539264E+01
-0.61009050942710208977416835662448E+00 -0.18372770575377800623282609339685E+01
-0.60913388161035055968756684390556E+00 -0.18344784710317150563176126655374E+01
-0.60815521959718392879698983542584E+00 -0.18316154851099525711894754041161E+01
-0.60715455631576984231442032889052E+00 -0.18286882004491045887590821820162E+01
-0.60613192542934702492544508878127E+00 -0.18256967199869917917548064440467E+01
-0.60508736133472168169466893284360E+00 -0.18226411489190334759053460777343E+01
-0.60402089916072918808533716742766E+00 -0.18195215946945587621631793744027E+01
-0.60293257476666062179872381721999E+00 -0.18163381670130384901384900620367E+01
-0.60182242474065392760394082277161E+00 -0.18130909778202382149678745743176E+01
-0.60069048639804998579209724205424E+00 -0.18097801413042925183876892404730E+01
-0.59953679777971309954962316856568E+00 -0.18064057738917004553942925009810E+01
-0.59836139765031589437781273648617E+00 -0.18029679942432426478381269975216E+01
-0.59716432549658876739844301207904E+00 -0.17994669232498199585562211361920E+01
-0.59594562152553335434359417495587E+00 -0.17959026840282138298659606293306E+01
-0.59470532666260024691069516571650E+00 -0.17922754019167686161766025667627E+01
-0.59344348254983050908909983876089E+00 -0.17885852044709959009511522723866E+01
-0.59216013154396121756043608440317E+00 -0.17848322214591011292192533418598E+01
-0.59085531671449462715031609262212E+00 -0.17810165848574324271369033108169E+01
-0.58952908184173078675005866474082E+00 -0.17771384288458520322016439630139E+01
-0.58818147141476372460323132830052E+00 -0.17731978898030304148190930523188E+01
-0.58681253062944079793414237383639E+00 -0.17691951063016631442341322075830E+01
-0.58542230538628509058289045924404E+00 -0.17651302191036107897532645762528E+01
-0.58401084228838085088468278103434E+00 -0.17610033711549620365324989437585E+01
-0.58257818863922157593782371170442E+00 -0.17568147075810200016058321840193E+01
-0.58112439244052074294439228187468E+00 -0.17525643756812121331995847805237E+01
-0.57964950238998486992818233108885E+00 -0.17482525249239237781707636885439E+01
-0.57815356787904878308641365647487E+00 -0.17438793069412555353739940686902E+01
-0.57663663899057297686230115935870E+00 -0.17394448755237047170526138344308E+01
-0.57509876649650257572807940430962E+00 -0.17349493866147708745042532498624E+01
-0.57354000185548805825811944563007E+00 -0.17303929983054859492331026580483E+01
-0.57196039721046739121031589324248E+00 -0.17257758708288686783852114316755E+01
-0.57036000538620882895880121953156E+00 -0.17210981665543039256474969155844E+01
-0.56873887988681543771078827468026E+00 -0.17163600499818471511121152010241E+01
-0.56709707489318935702330278079411E+00 -0.17115616877364534799369891094448E+01
-0.56543464526045710678590538149802E+00 -0.17067032485621327883882528344827E+01
-0.56375164651535496105116925239126E+00 -0.17017849033160296760233561399653E+01
-0.56204813485357365428133581543897E+00 -0.16968068249624295586626413698045E+01
-0.56032416713706341765655993174790E+00 -0.16917691885666905802821458816068E+01
-0.55857980089129772792154691877836E+00 -0.16866721712891015065164868523964E+01
-0.55681509430249625767082767067670E+00 -0.16815159523786663504979897354197E+01
-0.55503010621480681215981825130797E+00 -0.16763007131668149728130389967093E+01
-0.55322489612744472828819048408830E+00 -0.16710266370610407853408852885068E+01
-0.55139952419179146735417877820535E+00 -0.16656939095384654623920389190917E+01
-0.54955405120844983336563603311955E+00 -0.16603027181393304203309202629353E+01
-0.54768853862425705931512064659178E+00 -0.16548532524604162381940464886215E+01
-0.54580304852925488715579772392572E+00 -0.16493457041483891584853626020253E+01
-0.54389764365361568783842079981728E+00 -0.16437802668930756770741866881296E+01
-0.54197238736452532205389234742648E+00 -0.16381571364206650388382234572089E+01
-0.54002734366302128812532077100853E+00 -0.16324765104868401621593050399606E+01
-0.53806257718078642946703507151265E+00 -0.16267385888698367177263763515494E+01
-0.53607815317689739320917900494808E+00 -0.16209435733634312808035171188784E+01
-0.53407413753452749125844550828212E+00 -0.16150916677698580672694738157618E+01
-0.53205059675760355372617627025600E+00 -0.16091830778926550671012354631862E+01
-0.53000759796741612048089770781270E+00 -0.16032180115294392992770178961067E+01
-0.52794520889918257358864036499871E+00 -0.15971966784646120208476976373579E+01
-0.52586349789856270910963525629950E+00 -0.15911192904619934664434368130630E+01
-0.52376253391812604737378634830803E+00 -0.15849860612573876645245717539119E+01
-0.52164238651377052067171525374867E+00 -0.15787972065510778288433197671167E+01
-0.51950312584109182739334920809356E+00 -0.15725529440002520353067920451781E+01
-0.51734482265170267735556006812659E+00 -0.15662534932113595846536006709983E+01
-0.51516754828950167201208747573212E+00 -0.15598990757323987835993509352117E+01
-0.51297137468689090490517838979608E+00 -0.15534899150451354505766246074370E+01
-0.51075637436094164371954565297084E+00 -0.15470262365572534484932814418843E+01
-0.50852262040950737612703678778681E+00 -0.15405082675944362073623740293177E+01
-0.50627018650728352545304120855206E+00 -0.15339362373923810774760177442737E+01
-0.50399914690181314565859505400392E+00 -0.15273103770887453306270849953017E+01
-0.50170957640943770658931975634089E+00 -0.15206309197150243682845239554254E+01
-0.49940155041119200917604460186933E+00 -0.15138981001883635373812437404992E+01
-0.49707514484864298959302539367428E+00 -0.15071121553033016981306060826229E+01
-0.49473043621967034251981544473218E+00 -0.15002733237234488146408772685961E+01
-0.49236750157419013866166653870476E+00 -0.14933818459730967655667156166279E+01
-0.48998641850981730943066902069375E+00 -0.14864379644287631355004618997857E+01
-0.48758726516746997360083855457226E+00 -0.14794419233106702328370316597008E+01
-0.48517012022691079436883776285546E+00 -0.14723939686741565359883801212234E+01
-0.48273506290222697550358300158787E+00 -0.14652943484010239516473694687120E+01
-0.48028217293724668350318615878410E+00 -0.14581433121908189927795938247824E+01
-0.47781153060089091554353700605696E+00 -0.14509411115520484473235895525468E+01
-0.47532321668245975651187042711084E+00 -0.14436879997933311736799461011222E+01
-0.47281731248685135234151136836034E+00 -0.14363842320144838906315658062753E+01
-0.47029389982971333347667587679218E+00 -0.14290300650975434947944185825089E+01
-0.46775306103252453136294502344909E+00 -0.14216257576977247403452602160122E+01
-0.46519487891760556034767272451112E+00 -0.14141715702343138956516705529046E+01
-0.46261943680305764436390234805048E+00 -0.14066677648814986398469153443567E+01
-0.46002681849762725504258212165388E+00 -0.13991146055591342881325201986308E+01
-0.45741710829549619879624125774630E+00 -0.13915123579234471899348417190987E+01
-0.45479039097099408319260526025216E+00 -0.13838612893576740452333494673753E+01
-0.45214675177323305323933082414435E+00 -0.13761616689626391989757438526198E+01
-0.44948627642066184241919770451515E+00 -0.13684137675472689225593998520530E+01
-0.44680905109553842998801454926247E+00 -0.13606178576190430429861845276248E+01
-0.44411516243831864829092546107619E+00 -0.13527742133743843689010066080399E+01
-0.44140469754195892412440116972433E+00 -0.13448831106889862542510856429454E+01
-0.43867774394613185814674568648833E+00 -0.13369448271080778383404806429717E+01
-0.43593438963135202097148461863472E+00 -0.13289596418366280667040483546158E+01
-0.43317472301300934991098866698846E+00 -0.13209278357294876703651907319799E+01
-0.43039883293530922663313782884971E+00 -0.13128496912814702383539260898631E+01
-0.42760680866511590233702401938780E+00 -0.13047254926173717310971173690224E+01
-0.42479873988569670727730068036167E+00 -0.12965555254819293834177858161362E+01
-0.42197471669036561452689057607182E+00 -0.12883400772297193533096213821452E+01
-0.41913482957602242794089643181520E+00 -0.12800794368149938261060570461256E+01
-0.41627916943658569038358967927560E+00 -0.12717738947814573974285780625397E+01
-0.41340782755631586519644633880967E+00 -0.12634237432519836564344772457005E+01
-0.41052089560302625937845379243436E+00 -0.12550292759182701463879779947611E+01
-0.40761846562117854204948433805324E+00 -0.12465907880304344541790247320677E+01
-0.40470063002485971286603184599097E+00 -0.12381085763865493269765220556464E+01
-0.40176748159063707260692878762704E+00 -0.12295829393221180752186018549230E+01
-0.39881911345028761352695092276093E+00 -0.12210141766994898502375237327040E+01
-0.39585561908339875119802594147832E+00 -0.12124025898972150290498847239135E+01
-0.39287709230983660319030092608949E+00 -0.12037484817993412205685664241833E+01
-0.38988362728207679848178155778728E+00 -0.11950521567846482750384149736009E+01
-0.38687531847739545186794300371247E+00 -0.11863139207158248965649886586263E+01
-0.38385226068991459725376738310606E+00 -0.11775340809285843202435267749770E+01
-0.38081454902249925738019171349407E+00 -0.11687129462207202071653536826334E+01
-0.37776227887849920352414350439963E+00 -0.11598508268411040546009198622344E+01
-0.37469554595333334044885442554710E+00 -0.11509480344786198965813894308769E+01
-0.37161444622590940589511446342986E+00 -0.11420048822510421837558959437777E+01
-0.36851907594987526358620040012801E+00 -0.11330216846938506358053869495629E+01
-0.36540953164469538181729452825185E+00 -0.11239987577489865925087506256029E+01
-0.36228591008654770468575065940077E+00 -0.11149364187535483716376091406270E+01
-0.35914830829903396414692775349705E+00 -0.11058349864284252954267113387834E+01
-0.35599682354369796607598067243368E+00 -0.10966947808668721207478786282549E+01
-0.35283155331034527023298526356763E+00 -0.10875161235230210689180587526971E+01
-0.34965259530715702313036094716787E+00 -0.10782993372003328233844984508278E+01
-0.34646004745059166167981761626128E+00 -0.10690447460399863345674842061746E+01
-0.34325400785506611884098154104320E+00 -0.10597526755092053842064149172471E+01
-0.34003457482240970412196626490010E+00 -0.10504234523895234990911391444541E+01
-0.33680184683108206390460546602426E+00 -0.10410574047649850763615075369071E+01
-0.33355592252514691907895777224235E+00 -0.10316548620102837541945131935754E+01
-0.33029690070299254252652539400084E+00 -0.10222161547788360138458025525779E+01
-0.32702488030579006316055201422967E+00 -0.10127416149907902065858708549987E+01
-0.32373996040567965215443369936317E+00 -0.10032315758209706175438618656353E+01
-0.32044224019367456915065462604597E+00 -0.99368637168675490776378330982696E+00
-0.31713181896727225328436700849411E+00 -0.98410633823588471155049225548246E+00
-0.31380879611776162303734898668060E+00 -0.97449181233420886116957623971047E+00
-0.31047327111721449046178036915409E+00 -0.96484313205335739638525296844817E+00
-0.30712534350514959629613019562956E+00 -0.95516063665834613202509429615283E+00
-0.30376511287485529224618281254507E+00 -0.94544466659511014714671364225105E+00
-0.30039267885935900646500309380691E+00 -0.93569556347796548498335973722735E+00
-0.29700814111702746834756987142210E+00 -0.92591367007699727738998733934254E+00
-0.29361159931678489767223014468871E+00 -0.91609933030537318266533688767716E+00
-0.29020315312293208563973580146021E+00 -0.90625288920658072815765227013306E+00
-0.28678290217955038367377852466409E+00 -0.89637469294158671607964270198182E+00
-0.28335094609447484058940306224122E+00 -0.88646508877591640372802712186411E+00
-0.27990738442281575374824093179558E+00 -0.87652442506665264911979205569091E+00
-0.27645231665001278875858653297128E+00 -0.86655305124934958818554182697258E+00
-0.27298584217439947322243096719719E+00 -0.85655131782486229909012806130906E+00
-0.26950806028925794641304995695842E+00 -0.84651957634608754579603835024554E+00
-0.26601907016434275702502285176970E+00 -0.83645817940461352872885624731932E+00
-0.26251897082684875965127311551202E+00 -0.82636748061727759827415258009091E+00
-0.25900786114180079861196146909970E+00 -0.81624783461262644131531118356326E+00
-0.25548583979183793040423334628967E+00 -0.80609959701727780117132779723891E+00
-0.25195300525636527762591233690426E+00 -0.79592312444217932877982331353460E+00
-0.24840945579004662022013845182642E+00 -0.78571877446876022227557770958361E+00
-0.24485528940060526565635020566026E+00 -0.77548690563497453069077634482948E+00
-0.24129060382590343261467304104255E+00 -0.76522787742122787554473006376219E+00
-0.23771549651026589580121797401359E+00 -0.75494205023618724819679694930245E+00
-0.23413006458001232401251866264505E+00 -0.74462978540246627435913454819183E+00
-0.23053440481816184639433171066533E+00 -0.73429144514218151021249032740810E+00
-0.22692861363826991121733239590412E+00 -0.72392739256237517816618868828320E+00
-0.22331278705735580108841416236561E+00 -0.71353799164029700913938307384697E+00
-0.21968702066787730289470027982365E+00 -0.70312360720853983012456994466236E+00
-0.21605140960870541950510054911780E+00 -0.69268460494002148324600085113645E+00
-0.21240604853505035904452986346201E+00 -0.68222135133280596552818180746113E+00
-0.20875103158728643205878660834363E+00 -0.67173421369475588982069509562429E+00
-0.20508645235862082309514404577920E+00 -0.66122356012800734989199420107476E+00
-0.20141240386154781330233265228499E+00 -0.65068975951325873748591918946696E+00
-0.19772897849302608068797399676263E+00 -0.64013318149386313798611718883415E+00
-0.19403626799831400042900828953546E+00 -0.62955419645971364883505963147275E+00
-0.19033436343339275226307301697915E+00 -0.61895317553091078729701093103642E+00
-0.18662335512590305538735079100628E+00 -0.60833049054119924148655370496673E+00
-0.18290333263451765541031957994028E+00 -0.59768651402116050449203798222462E+00
-0.17917438470666520197642137411204E+00 -0.58702161918114821120224334395352E+00
-0.17543659923451723455147502262832E+00 -0.57633617989394956399832955778928E+00
-0.17169006320914332919473465643409E+00 -0.56563057067715737426244661836303E+00
-0.16793486267273444911148957915306E+00 -0.55490516667523385072187717534942E+00
-0.16417108266878716876983148013530E+00 -0.54416034364124794047576485593373E+00
-0.16039880719013420053003936876925E+00 -0.53339647791826501121194723263401E+00
-0.15661811912470050256981450854611E+00 -0.52261394642036568561255036056654E+00
-0.15282910019885486198861954751812E+00 -0.51181312661327110154073795850974E+00
-0.14903183091821791064966298606014E+00 -0.50099439649454710438600177233159E+00
-0.14522639050578045724301686230032E+00 -0.49015813457335907696436529350486E+00
-0.14141285683717143039953931866162E+00 -0.47930471984974866201197883045554E+00
-0.13759130637290994737936971944427E+00 -0.46843453179339468897123394942210E+00
-0.13376181408745749063256383632326E+00 -0.45754795032182886266953993213551E+00
-0.12992445339487891202939162132062E+00 -0.44664535577805986919029846559243E+00
-0.12607929607090470947227276908392E+00 -0.43572712890756963343315510457983E+00
-0.12222641217117110449032887048972E+00 -0.42479365083463235638663724164433E+00
-0.11836586994540127145027708400672E+00 -0.41384530303790690224547951970874E+00
-0.11449773574727072399660658940590E+00 -0.40288246732524947543078938272077E+00
-0.11062207393968266635097359115944E+00 -0.39190552580768559934390967330414E+00
-0.10673894679515762441886453178767E+00 -0.38091486087247913431345278374232E+00
-0.10284841439101886406681188683419E+00 -0.36991085515522685031249857609875E+00
-0.98950534499032853588947620885629E-01 -0.35889389151090260799703828639835E+00
-0.95045362469134061017881401524972E-01 -0.34786435298376814700986536019098E+00
-0.91132951106838360084992561267793E-01 -0.33682262277605900158121308768370E+00
-0.87213350543914286075106035636724E-01 -0.32576908421534739847223315870047E+00
-0.83286608101849350697875114054170E-01 -0.31470412072047104055905185413479E+00
-0.79352768147610594019362551062828E-01 -0.30362811576591181777682328502531E+00
-0.75411871941156240262544756249259E-01 -0.29254145284449168924661270783655E+00
-0.71463957474111864277293001143094E-01 -0.28144451542824458931608312359537E+00
-0.67509059298974595995996898578701E-01 -0.27033768692730589541043314850428E+00
-0.63547208348154558087996971107796E-01 -0.25922135064664855992020120116592E+00
-0.59578431742104151118287211627385E-01 -0.24809588974047589348625190959716E+00
-0.55602752585718485629240464163700E-01 -0.23696168716406229184782872330903E+00
-0.51620189752122431120371235611900E-01 -0.22581912562281209280323720429803E+00
-0.47630757652875241727764595108915E-01 -0.21466858751828364409438375081322E+00
-0.43634465993541159323410424923915E-01 -0.20351045489089798664278211448217E+00
-0.39631319513474988678537161550094E-01 -0.19234510935902273587902888573064E+00
-0.35621317708565945108053763018847E-01 -0.18117293205408953880726626361362E+00
-0.31604454535564418517666064803476E-01 -0.16999430355136427637229024619898E+00
-0.27580718096486397956977525208007E-01 -0.15880960379595012486158096668781E+00
-0.23550090301442516089975618902513E-01 -0.14761921202355530378467890809900E+00
-0.19512546508078886670271475250008E-01 -0.13642350667550499143502068732040E+00
-0.15468055135635830408185234890210E-01 -0.12522286530741917911331682190004E+00
-0.11416577251429110787535604591323E-01 -0.11401766449090942216957995072927E+00
-0.73580661273339007283354558964652E-02 -0.10280827970757334164647916589787E+00
-0.32924667636014320056810981649902E-02 -0.91595085234480193505675769006044E-01
0.78028462294514869995607648820435E-03 -0.80378454020243594493092266876627E-01
0.48602611496039560143237884675240E-02 -0.69158757550668515500547747983553E-01
0.89475458610006735950896527037342E-02 -0.57936365702831125927354191429224E-01
0.13042232368831746120097858735343E-01 -0.46711646586313753897253552040326E-01
0.17144425542621355732846027046440E-01 -0.35484966370146406967815742476268E-01
0.21254242256479068045507831873513E-01 -0.24256689093825689958758050057082E-01
0.25371812197422231580279461775346E-01 -0.13027176460565588690402236066279E-01
0.29497278741487314478800428668459E-01 -0.17967876106871059033847580053335E-02
0.33630799904597693994731992332348E-01 0.94341211272254974714302558787745E-02
0.37772549376009684433930460013623E-01 0.20665196510105644305542483265630E-01
0.41922717643129917860838883283576E-01 0.31896088682201945037406188744713E-01
0.46081513217612408198618998370486E-01 0.43126451508410006248203243808827E-01
0.50249163973921376367254335193022E-01 0.54355942943170162657336670498328E-01
0.54425918613018218491872220854702E-01 0.65584225439551575804921259548347E-01
0.58612048265528717439508813370516E-01 0.76810966403843535952134300434750E-01
0.62807848250710728688263203810414E-01 0.88035838701786453286452225889006E-01
0.67013640009819530237889795368089E-01 0.99258521223530902505032806961786E-01
0.71229773235121677532148486665503E-01 0.11047869951554669645578460050955E+00
0.75456628218898470397943377631227E-01 0.12169606648903103215712377191249E+00
0.79694618450402068216963729716940E-01 0.13291032321595405318486685414931E+00
0.83944193492980532161968825884555E-01 0.14412117982576071550511721533761E+00
0.88205842178599414872724874728751E-01 0.15532835651800042256904497772197E+00
0.92480096162915036506991090153652E-01 0.16653158470885362073289368697475E+00
0.96767533891091480973151624455790E-01 0.17773060833277307502290331741639E+00
0.10106878503294255637910696008447E+00 0.18892518532438353264795011414629E+00
0.10538453545601538431604466441651E+00 0.20011508931054572139805889246505E+00
0.10971553281729929471533159342710E+00 0.21130011154829767352192373494094E+00
0.11406259286881204741887957736913E+00 0.22248006315149815828977780614119E+00
0.11842660658998968520033063570629E+00 0.23365477765774580195529057733187E+00
0.12280854828135834451247565002787E+00 0.24482411399797575689536095083719E+00
0.12720948478039032536076367398987E+00 0.25598795994459612873618855855347E+00
0.13163058599301496675560726754161E+00 0.26714623613087157827884467753511E+00
0.13607313697465426955826332148899E+00 0.27829890075545700182811709019641E+00
0.14053855184507119976349794776803E+00 0.28944595511283461544522234053661E+00
0.14502838988465524883938765522391E+00 0.30058745012465608759265095264877E+00
0.14954437423997198889083158306828E+00 0.31172349409097501187692953684976E+00
0.15408841376852562056685357650609E+00 0.32285426193736274701257177275478E+00
0.15866262868444166713448216614572E+00 0.33398000630813784307880267854578E+00
0.16326938083624875857180376667650E+00 0.34510107095431449500391968023172E+00
0.16791130967412687410888094415831E+00 0.35621790699391301768654091477379E+00
0.17259137524999398153990130355324E+00 0.36733109280115434262958587588234E+00
0.17731291001627956981545020017857E+00 0.37844135850725261272553834947689E+00
0.18207968163874216206741450010602E+00 0.38954961645842941757685867030377E+00
0.18689597002719587215471104116336E+00 0.40065699932298197515200057059177E+00
0.19176666202589936913381288029961E+00 0.41176490852020201081299891371182E+00
0.19669737100844006164342103730371E+00 0.42287507553656513925290476679432E+00
0.20169458349197420138797416084392E+00 0.43398964322302325804773087983346E+00
0.20676585973974698386157034484016E+00 0.44511126641789636537765231043293E+00
0.21192005345047793277920023467715E+00 0.45624326439927718457459565904073E+00
0.21716772406700953170193051897902E+00 0.46738976973120312503875656233412E+00
0.22252131304640929164598981088426E+00 0.47855611239181948735289822650919E+00
0.22799653359321745268275665994845E+00 0.48974880530975426880974070728727E+00
0.23361077897169674843869156963911E+00 0.50097727274879748430552416012055E+00
0.24056766273116100651841443017186E+00 0.51451377117574068318016618907699E+00
0.24781405508061525321682559140339E+00 0.52814566963743142069510947868058E+00
0.25542516537114744831536158552542E+00 0.54191428256498435865410364860374E+00
0.26351137562307701589565081563554E+00 0.55588469691592582432206335882819E+00
0.27224795496995417367090004263510E+00 0.57016700163838716940182993923994E+00
0.28141299009808591937674913088475E+00 0.58418458365828838306442242086280E+00
0.29062827598704865648093384743937E+00 0.59724032811230377109506054776409E+00
0.29993878808036391062462445723944E+00 0.60931124493319966934393994230051E+00
0.30935906178250089819533859003313E+00 0.62040620399343144771888572104432E+00
