0.17783707133364669906036520802259E+01 -0.52197950534087125815978647957311E+00
0.17802107104544096743344474581691E+01 -0.51852613631144975689351359556297E+00
0.17819841762308763430531678074242E+01 -0.51529324440577546053181343681953E+00
0.17836781504420599217667671748053E+01 -0.51228724817821641459552003347647E+00
0.17852790009772730350381252718743E+01 -0.50951506332315274762274849959292E+00
0.17867728923353141217762918680983E+01 -0.50698457269459079555776323227146E+00
0.17881541579195515331873756021498E+01 -0.50469079559192430026297734691318E+00
0.17894458861128915439199193910790E+01 -0.50258375884904915379389084995030E+00
0.17906686207904930555245096118747E+01 -0.50062169951984742772101229067514E+00
0.17918359680818453477142736888701E+01 -0.49877680028158755049404951548316E+00
0.17929575143958592463856639758082E+01 -0.49702936146181434282769502232813E+00
0.17918359680818453477142736888701E+01 -0.49877680028158755049404951548316E+00
0.17906686207904930555245096118747E+01 -0.50062169951984742772101229067514E+00
0.17894458861128915439199193910790E+01 -0.50258375884904915379389084995030E+00
0.17881541579195515331873756021498E+01 -0.50469079559192430026297734691318E+00
0.17867728923353141217762918680983E+01 -0.50698457269459079555776323227146E+00
0.17852790009772730350381252718743E+01 -0.50951506332315274762274849959292E+00
0.17836781504420599217667671748053E+01 -0.51228724817821641459552003347647E+00
0.17819841762308763430531678074242E+01 -0.51529324440577546053181343681953E+00
0.17802107104544096743344474581691E+01 -0.51852613631144975689351359556297E+00
0.17783707133364669906036520802259E+01 -0.52197950534087125815978647957311E+00
0.17727136293008783063921309433183E+01 -0.52211419613583503496576400650319E+00
0.17667304787751316801649394341878E+01 -0.52185207619543464782166809259984E+00
0.17603905966080933366876262694846E+01 -0.52137055072448995863031922771313E+00
0.17536695566619700513440075764090E+01 -0.52063207166686197925031370642774E+00
0.17465439848168910654328547341829E+01 -0.51964123214069470814249466521495E+00
0.17393356955422658739620217329608E+01 -0.51846561824017653073471803244128E+00
0.17323036022539569659752815032771E+01 -0.51718388095475804692814991879252E+00
0.17253703324381101763022643143650E+01 -0.51581317459915746322310499226622E+00
0.17184885599254245404575879800482E+01 -0.51436596190495411788732588805427E+00
0.17116273840474423711944079111030E+01 -0.51285017672515521630102049727398E+00
0.17059094088510896039384444165144E+01 -0.51154084022632016863406962187537E+00
0.17001813621440146197288747028552E+01 -0.51019196469725006457826132996999E+00
0.16944360338472281146764508886524E+01 -0.50880624115993840325874219810007E+00
0.16886677264959056452449609687121E+01 -0.50738582652909726463229350146806E+00
0.16828718580756476762254769386154E+01 -0.50593254127560870205923484803908E+00
0.16770446978908651232360349522389E+01 -0.50444794405185022269797700892021E+00
0.16711831772792443621323618934481E+01 -0.50293338321606937760438157718863E+00
0.16652847505271890116898356958222E+01 -0.50139003541522033158878661443708E+00
0.16593472906694587692121404681655E+01 -0.49981893537627721441126009120840E+00
0.16533690101159448979623469922752E+01 -0.49822099934522900311982427737840E+00
0.16473483993009577839860046325167E+01 -0.49659704379322446898579235640469E+00
0.16412841786426562133738989142693E+01 -0.49494780052380726024634987568871E+00
0.16351752604837731212511034122240E+01 -0.49327392899988510542330741949377E+00
0.16290207186206129421147620434939E+01 -0.49157602649426939446354556193515E+00
0.16228197636728833064773870120020E+01 -0.48985463651677651062898612257903E+00
0.16165717230001756767419226118316E+01 -0.48811025586259258965231181761640E+00
0.16102760241941983208110782432159E+01 -0.48634334054747424810214385182930E+00
0.16039321814097941175346194817954E+01 -0.48455431083666809080956277970617E+00
0.15975397839692843211850076964923E+01 -0.48274355553032631000170920989201E+00
0.15910984868019452466404833338438E+01 -0.48091143563466285582992610723526E+00
0.15846080023759217602648807781479E+01 -0.47905828752232720679554204349226E+00
0.15780680938522733114238535230879E+01 -0.47718442566548160647366699725532E+00
0.15714785692462579178466522817503E+01 -0.47529014500941945481964399941975E+00
0.15648392764237455080892878927580E+01 -0.47337572304221154790339468271616E+00
0.15581500987939628350800633838223E+01 -0.47144142160604683975557910916982E+00
0.15514109515859152059259291204663E+01 -0.46948748848806667698205765930314E+00
0.15446217786164885263769068380559E+01 -0.46751415882215106976014195422507E+00
0.15377825494746771232935148488241E+01 -0.46552165632796967534195975761650E+00
0.15308932570595520977796941359908E+01 -0.46351019440941242210599740471087E+00
0.15239539154201942807500557651854E+01 -0.46147997713106952992423588493343E+00
0.15169645578544168744374189432579E+01 -0.45943120008859058248246285734444E+00
0.15099252352301078694549454122465E+01 -0.45736405118639708515447247774989E+00
0.15028360144987610689397814093783E+01 -0.45527871133426273783766249159328E+00
0.14956969773754892705111355164330E+01 -0.45317535507263582314933377376550E+00
0.14885082191637138024325986087031E+01 -0.45105415113520219395394583624476E+00
0.14812698477059719071145519879684E+01 -0.44891526295602481389228649268614E+00
0.14739819824449850848157701791987E+01 -0.44675884912761645219619408181316E+00
0.14666447535813955192021696704852E+01 -0.44458506381546218627755310090384E+00
0.14592583013164838370436665481938E+01 -0.44239405713380526071379755204655E+00
0.14518227751697821864341181134382E+01 -0.44018597548689331114136341997259E+00
0.14443383333628615692944473375345E+01 -0.43796096187936653400579944302947E+00
0.14368051422617209274205168747128E+01 -0.43571915619901824860440182737454E+00
0.14292233758711933241355940225600E+01 -0.43346069547477055403835326742711E+00
0.14215932153756238986075776938217E+01 -0.43118571411237454388442911703551E+00
0.14139148487207941434955059781067E+01 -0.42889434411005221282393147058094E+00
0.14061884702326891380462488301823E+01 -0.42658671525604617655208740422870E+00
0.13984142802692359963504349266546E+01 -0.42426295530982130108117761640642E+00
0.13905924849016049093328094641775E+01 -0.42192319016847102522738956238127E+00
0.13827232956220651268404382878299E+01 -0.41956754401971212069099037063954E+00
0.13748069290757335875083062295507E+01 -0.41719613948270264180167518526314E+00
0.13668436068138589944798824225590E+01 -0.41480909773779022714099192002438E+00
0.13588335550665462445341697550560E+01 -0.41240653864617930075038882106440E+00
0.13507770045330594823046862486250E+01 -0.40998858086040757885685845294518E+00
0.13426741901880417826426461740987E+01 -0.40755534192643102841356516092800E+00
0.13345253511021702179521656490553E+01 -0.40510693837803728214649400035995E+00
0.13263307302759191464683383571483E+01 -0.40264348582423666288682211244245E+00
0.13180905744852453770836446498815E+01 -0.40016509903021660595741648546972E+00
0.13098051341381272891903882683596E+01 -0.39767189199239104394694307884469E+00
0.13014746631410019106992582000390E+01 -0.39516397800802439884127902265425E+00
0.12930994187742362116484029554179E+01 -0.39264146973986539948959754663753E+00
0.12846796615758568169703198747954E+01 -0.39010447927618747471770520731557E+00
0.12762156552328352629388449920093E+01 -0.38755311818659435074164696025020E+00
0.12677076664792954783734433998745E+01 -0.38498749757391913158577230636743E+00
0.12591559650010700210447785935904E+01 -0.38240772812251490482353104728515E+00
0.12505608233460832260946923801356E+01 -0.37981392014320947828846759390655E+00
0.12419225168400911929826745066929E+01 -0.37720618361517285817522250829673E+00
0.12332413235073482931661481531143E+01 -0.37458462822492533514569761424721E+00
0.12245175239958101610772521825556E+01 -0.37194936340269505932448599286184E+00
0.12157514015065199150268071974606E+01 -0.36930049835631402096976537341737E+00
0.12069432417268493212125949216843E+01 -0.36663814210283096135157124833655E+00
0.11980933327673046525236553760257E+01 -0.36396240349799893263545953133166E+00
0.11892019651016217348107041173452E+01 -0.36127339126378738403131661246074E+00
0.11802694315099072842214304362888E+01 -0.35857121401405421466577047217035E+00
0.11712960270245976475000846941816E+01 -0.35585598027850367923748713496576E+00
0.11622820488790277156413893179188E+01 -0.35312779852504464455765548352512E+00
0.11532277964584215733607545530651E+01 -0.35038677718065702659220679223492E+00
0.11441335712531274069747594648267E+01 -0.34763302465086415506532582516734E+00
0.11349996768139379100402368229152E+01 -0.34486664933790249273602743301847E+00
0.11258264187093480574947487895256E+01 -0.34208775965767257629720751996136E+00
0.11166141044846131318202721216829E+01 -0.33929646405554916059097233540414E+00
0.11073630436224830013952228872236E+01 -0.33649287102112294434462754228757E+00
0.10980735475054955232236245525273E+01 -0.33367708910194108390622457945650E+00
0.10887459293797235824581660400770E+01 -0.33084922691630754556520442219712E+00
0.10793805043198761313038579958578E+01 -0.32800939316520264076823729257620E+00
0.10699775891956617359089440953789E+01 -0.32515769664337373968546933761455E+00
0.10605375026393317516427254553773E+01 -0.32229424624964814197487393871969E+00
0.10510605650143229703259831130950E+01 -0.31941915099651419215265798625330E+00
0.10415470983849283625929851445095E+01 -0.31653252001901330821557087944835E+00
0.10319974264869290809092979224051E+01 -0.31363446258298435719998771335644E+00
0.10224118746991239483869571422274E+01 -0.31072508809269656048710832671763E+00
0.10127907700157000497557337263464E+01 -0.30780450609790721656031491172137E+00
0.10031344410193895150227165717660E+01 -0.30487282630037598010758147261666E+00
0.99344321785536312826730477700011E+00 -0.30193015855986707018969300227463E+00
0.98371743220581388506196833762294E+00 -0.29897661289966727762528302653233E+00
0.97395741726518694272469110684503E+00 -0.29601229951164705176206220852560E+00
0.96416350771601652757829620189510E+00 -0.29303732876088948070194850846052E+00
0.95433603970533094540532074371751E+00 -0.29005181118991032242272204779951E+00
0.94447535082159078187255457424711E+00 -0.28705585752249202448563276174856E+00
0.93458178007212946366548276956246E+00 -0.28404957866715072384452040215436E+00
0.92465566786106189577585331672977E+00 -0.28103308572025718386236247384031E+00
0.91469735596763679412210652986810E+00 -0.27800648996882913071499630349498E+00
0.90470718752500266315998431655169E+00 -0.27496990289301096420201317222277E+00
0.89468550699936404831270965912211E+00 -0.27192343616825957769011357068299E+00
0.88463266016950499526947574311937E+00 -0.26886720166724798761322870339824E+00
0.87454899410665650633439212657607E+00 -0.26580131146150380683414667216318E+00
0.86443485715468902741505315365527E+00 -0.26272587782279419446613085679868E+00
0.85429059891060991002121431556714E+00 -0.25964101322426979336480509451261E+00
0.84411657020534722785227548313817E+00 -0.25654683034138142440938946839471E+00
0.83391312308480567787253290539346E+00 -0.25344344205257760052920799064786E+00
0.82368061079117505356647500187831E+00 -0.25033096143979641678900244196348E+00
0.81341938774447993043363020558625E+00 -0.24720950178875967632427311773191E+00
0.80312980952435460175702645771610E+00 -0.24407917658907927866293185003158E+00
0.79281223285203026676815382938613E+00 -0.24094009953418519141772834917061E+00
0.78246701557252352886818225608038E+00 -0.23779238452108237943427907139327E+00
0.77209451663701328872316072366406E+00 -0.23463614564994569891270042792995E+00
0.76169509608539566824546393725948E+00 -0.23147149722355923711772383350885E+00
0.75126911502900709612987089599190E+00 -0.22829855374660779663089115220980E+00
0.74081693563350542317348032737065E+00 -0.22511742992482703233793174002234E+00
0.73033892110190051430839106256962E+00 -0.22192824066401850065696948450738E+00
0.71983543565772527088992271639617E+00 -0.21873110106893578793654354719518E+00
0.70930684452833985591030075274518E+00 -0.21552612644204735259577225294567E+00
0.69875351392836102605651222540306E+00 -0.21231343228218135391118270850443E+00
0.68817581104320937051085648682692E+00 -0.20909313428305779820966847125198E+00
0.67757410401276854111546758263900E+00 -0.20586534833171291075556514839917E+00
0.66694876191514943794184054332248E+00 -0.20263019050681972064900448147288E+00
0.65630015475055349750321166280048E+00 -0.19938777707691046818143687830720E+00
0.64562865342523020385222073029436E+00 -0.19613822449850375148235458059798E+00
0.63493462973552264371760749827275E+00 -0.19288164941414116608587346411495E+00
0.62421845635199697151629227226787E+00 -0.18961816865033678412823591220121E+00
0.61348050680365013397130974780009E+00 -0.18634789921544338687065599561391E+00
0.60272115546219262666528196113432E+00 -0.18307095829743892744025685102277E+00
0.59194077752640149183360421740021E+00 -0.17978746326163567575076329548773E+00
0.58113974900653911932366099850766E+00 -0.17649753164831636050263222482724E+00
0.57031844670883547611215327417948E+00 -0.17320128117029949778780015555506E+00
0.55947724822002921903658566466360E+00 -0.16989882971043644132397442277167E+00
0.54861653189196431484399537849600E+00 -0.16659029531904446323608520739012E+00
0.53773667682624103445725384973841E+00 -0.16327579621127543294932514663034E+00
0.52683806285891421064293433536266E+00 -0.15995545076442656060782332578821E+00
0.51592107054524214894264356391624E+00 -0.15662937751519146843623429821461E+00
0.50498608114447677578008262541558E+00 -0.15329769515685680389763348689343E+00
0.49403347660469831071602538514698E+00 -0.14996052253644548740643684112363E+00
0.48306363954768908355173236235512E+00 -0.14661797865180793153967422404309E+00
0.47207695325384461526084769494404E+00 -0.14327018264866457895432444759559E+00
0.46107380164712131746506600389593E+00 -0.13991725381760047828649065881815E+00
0.45005456928001694712947090248619E+00 -0.13655931159101455424125789220980E+00
0.43901964131858405475605362551260E+00 -0.13319647554002470286170295931954E+00
0.42796940352747325198365122192251E+00 -0.12982886537133047506083562888511E+00
0.41690424225500498223969586148516E+00 -0.12645660092403522086356306419262E+00
0.40582454441826912875302905126476E+00 -0.12307980216642876136224195364079E+00
0.39473069748824962615610827068371E+00 -0.11969858919273280255875009571113E+00
0.38362308947497483383351236415288E+00 -0.11631308221980926064135728056303E+00
0.37250210891268961029763681194412E+00 -0.11292340158383413788790270144794E+00
0.36136814484505086573282050382609E+00 -0.10952966773693745326545748249710E+00
0.35022158681034351211374722261214E+00 -0.10613200124381088380078880487903E+00
0.33906282482671683314764978233860E+00 -0.10273052277828370180553503293751E+00
0.32789224937743948638140302894359E+00 -0.99325353119868952485383553241945E-01
0.31671025139617312688883220115812E+00 -0.95916613150280410143566311197106E-01
0.30551722225226356157763035573172E+00 -0.92504423849921960517105450047704E-01
0.29431355373604826694486000864481E+00 -0.89088906294349205425246595817394E-01
0.28309963804417985580363715894068E+00 -0.85670181650705954254043002492635E-01
0.27187586776496544737603447087443E+00 -0.82248371174135489490262604536872E-01
0.26064263586371997336013525109116E+00 -0.78823596204167255780881528341952E-01
0.24940033566813413159765153472622E+00 -0.75395978161081289011468909661981E-01
0.23814936085365599675151503286119E+00 -0.71965638542249430491832749404459E-01
0.22689010542888568193712492421606E+00 -0.68532698918455482241759325130927E-01
0.21562296372098274238689223177095E+00 -0.65097280930194856350398096050250E-01
0.20434833036108633536903963989300E+00 -0.61659506283953619590035052606951E-01
0.19306660026974687211165835821601E+00 -0.58219496748469207800775539797516E-01
0.18177816864236975138504305180941E+00 -0.54777374150971930205507786630415E-01
0.17048343093467073433803636961820E+00 -0.51333260373409425467607304429038E-01
0.15918278284814191173025674836698E+00 -0.47887277348653252929578219939466E-01
0.14787662031552920350022514192145E+00 -0.44439547056689857699896753523421E-01
0.13656533948632028351717917452913E+00 -0.40990191520795546806447690435737E-01
0.12524933671224390240455449405910E+00 -0.37539332803695771335421650274520E-01
0.11392900853277824625886377618464E+00 -0.34087093003710493475785709703499E-01
0.10260475166067141175291091786001E+00 -0.30633594250885542620187404634345E-01
0.91276962967470962585145068341650E-01 -0.27178958703110249095687715806739E-01
0.79946039469064135912484344251863E-01 -0.23723308542222433258485349298020E-01
0.68612378311228598164253478179919E-01 -0.20266765970100945353006158269845E-01
0.57276376755192761296415479874657E-01 -0.16809453204746743991178946287230E-01
0.45938432163206797047363464779070E-01 -0.13351492476352260599554106870218E-01
0.34598941984123759795778408522159E-01 -0.98930060233602443562828053132009E-02
0.23258303738990567302814593455438E-01 -0.64341160885122520384206893794923E-02
0.11916915006650402571478493882019E-01 -0.29749449148873107983062757109585E-02
0.57517340935377453966928982062181E-03 0.48438525806913356845918315550094E-03
-0.10766523401618057384411112197011E-01 0.39437521985245551934199782363992E-02
-0.22107777760320298937957739059426E-01 0.74030336862477737301437271739634E-02
-0.33448192000501132851404246944506E-01 0.10862107516605433197475443983353E-01
-0.44787368469946150294880726095701E-01 0.14320851504565571663445541961122E-01
-0.56124909544813615140604557800033E-01 0.17779143488709271318868194937085E-01
-0.67460417643956870972252924884797E-01 0.21236861335248731989079971706532E-01
-0.78793495243236553870103155706154E-01 0.24693882942051727727794168195615E-01
-0.90123744889820733112489568035050E-01 0.28150086242672623612159829349212E-01
-0.10145076921647343273493780004607E+00 0.31605349210388725010303648392340E-01
-0.11277417095583154196696332590979E+00 0.35059549862242195782778893198653E-01
-0.12409355295466903982399408165178E+00 0.38512566263087041131591773104650E-01
-0.13540851818814921238523969352181E+00 0.41964276529640557083251903781966E-01
-0.14671866977406450798498793884777E+00 0.45414558834539837740460680423941E-01
-0.15802361098706258252416012885016E+00 0.48863291410401080926853040912327E-01
-0.16932294527286064723950098811394E+00 0.52310352553883560515985332088651E-01
-0.18061627626244516404740437214308E+00 0.55755620629756998792160992110643E-01
-0.19190320778625871274243978867119E+00 0.59198974074971287200885483781735E-01
-0.20318334388837231188473522183485E+00 0.62640291402729579716923428632904E-01
-0.21445628884064443912040330292570E+00 0.66079451206563452562283188749622E-01
-0.22572164715686454898258243770016E+00 0.69516332164410722521558824785851E-01
-0.23697902360688240248220160401880E+00 0.72950813042694466778552824496574E-01
-0.24822802323072227303332853836173E+00 0.76382772700404091760846602962388E-01
-0.25946825135268142520025924088898E+00 0.79812090093177771851462916316649E-01
-0.27069931359541321761889398722968E+00 0.83238644277385267262585421231371E-01
-0.28192081589399392376478826366258E+00 0.86662314414212324532079087713109E-01
-0.29313236450997331350304421345717E+00 0.90082979773745045582802669612622E-01
-0.30433356604540829673513491712058E+00 0.93500519739054296056636641415243E-01
-0.31552402745688001403917750010912E+00 0.96914813810280917646644291482121E-01
-0.32670335606949293700393535813096E+00 0.10032574160871950619370446657600E+00
-0.33787115959085648594282279556593E+00 0.10373318288090245475822314446527E+00
-0.34902704612504885925684711590353E+00 0.10713701750268295089538051381974E+00
-0.36017062418656183120696911218201E+00 0.11053712548331697916886363913892E+00
-0.37130150271422708849584423333642E+00 0.11393338696954361628485415019676E+00
-0.38241929108512350617349147915714E+00 0.11732568224966448244984511689221E+00
-0.39352359912846470227042782070625E+00 0.12071389175762081443944146971783E+00
-0.40461403713946671082274026094681E+00 0.12409789607706923124823615875321E+00
-0.41569021589319511668273725246243E+00 0.12747757594545413418714066473415E+00
-0.42675174665839240732105074538693E+00 0.13085281225807896330875567791771E+00
-0.43779824121128316016500208736212E+00 0.13422348607217384327171068476089E+00
-0.44882931184935871318870672349166E+00 0.13758947861096073414918547605145E+00
-0.45984457140513940790937286266124E+00 0.14095067126771531916934880042038E+00
-0.47084363325991521543607930178241E+00 0.14430694560982543791224846944393E+00
-0.48182611135746346625439822406970E+00 0.14765818338284651908308777263009E+00
-0.49279162021774337615970470667901E+00 0.15100426651455235252995083062201E+00
-0.50373977495056789850092115817198E+00 0.15434507711898271975501285570115E+00
-0.51467019126925108142606808430853E+00 0.15768049750048627204279924007650E+00
-0.52558248550423205239996324337452E+00 0.16101041015775901404434316323881E+00
-0.53647627461667381658956184489024E+00 0.16433469778787944243409260495899E+00
-0.54735117621203699417524669330024E+00 0.16765324329033612667105435931426E+00
-0.55820680855362946565323119374698E+00 0.17096592977105386748923157511426E+00
-0.56904279057612822795265762322145E+00 0.17427264054641133424269975172748E+00
-0.57985874189907725597090751997116E+00 0.17757325914725564359632834631271E+00
-0.59065428284035711290105465197782E+00 0.18086766932291028669078875182351E+00
-0.60142903442962855124780865711416E+00 0.18415575504517729092927126046446E+00
-0.61218261842174846477467334606047E+00 0.18743740051233405397989437921589E+00
-0.62291465731015784209334361671207E+00 0.19071249015312317882302074171953E+00
-0.63362477434024203465277039320917E+00 0.19398090863073654529179736668873E+00
-0.64431259352266200582814412225676E+00 0.19724254084679292297107917605426E+00
-0.65497773964665650391997409066448E+00 0.20049727194530829762704498703555E+00
-0.66561983829331526607713146577861E+00 0.20374498731665993242329750928585E+00
-0.67623851584882200695349363625124E+00 0.20698557260154281077094209244023E+00
-0.68683339951766728903748771119697E+00 0.21021891369491950105157492844461E+00
-0.69740411733583059591643391117993E+00 0.21344489674996187344858273315004E+00
-0.70795029818393155114446364889624E+00 0.21666340818198556041768697413730E+00
-0.71847157180034960863863805877658E+00 0.21987433467237680126179848398497E+00
-0.72896756879431151638125219199028E+00 0.22307756317251099020873737203310E+00
-0.73943792065894692620995276865722E+00 0.22627298090766327157427629102240E+00
-0.74988225978431099460723147720286E+00 0.22946047538091091996694465721054E+00
-0.76030021947037371121694428601994E+00 0.23263993437702701927206681982280E+00
-0.77069143393997602600046204696840E+00 0.23581124596636569065624846008498E+00
-0.78105553835175167630659972672787E+00 0.23897429850873850764454166507955E+00
-0.79139216881301486917578818561869E+00 0.24212898065728173438106024520967E+00
-0.80170096239261276543979139547289E+00 0.24527518136231486513279530589014E+00
-0.81198155713374325789335917642620E+00 0.24841278987518929547165114603940E+00
-0.82223359206673678981076997282728E+00 0.25154169575212802076209782708767E+00
-0.83245670722180182691258719168193E+00 0.25466178885805553111301927863630E+00
-0.84265054364173469855165083062457E+00 0.25777295937041745675803478892907E+00
-0.85281474339459178725137960052173E+00 0.26087509778299168039947396454526E+00
-0.86294894958632451993063156931819E+00 0.26396809490968720986548006271932E+00
-0.87305280637337729102325546940076E+00 0.26705184188833490898074604654886E+00
-0.88312595897524612449759327184179E+00 0.27012623018446645874424019354332E+00
-0.89316805368700001002599306676105E+00 0.27319115159508282375789578130568E+00
-0.90317873789176253166277307505693E+00 0.27624649825241315562104204484227E+00
-0.91315766007315432968659624845072E+00 0.27929216262766106074326469840102E+00
-0.92310446982769583547143839404009E+00 0.28232803753474150240475548333403E+00
-0.93301881787716973131003075739030E+00 0.28535401613400541440932544084764E+00
-0.94290035608094286951000507018407E+00 0.28836999193595297682994684262276E+00
-0.95274873744824758858730448243966E+00 0.29137585880493667534737930751099E+00
-0.96256361615042057450962624122481E+00 0.29437151096285080294734298741116E+00
-0.97234464753310142767596286516230E+00 0.29735684299281088763249994520920E+00
-0.98209148812838737015269462747093E+00 0.30033174984282022667478674094071E+00
-0.99180379566694656169895392278006E+00 0.30329612682942447983451790669670E+00
-0.10014812290900881113648619767888E+01 0.30624986964135442238409730083974E+00
-0.10111234485617881786226313938384E+01 0.30919287434315580499087289583977E+00
-0.10207301154806727595090120647178E+01 0.31212503737880718184469238788389E+00
-0.10303008924919561356314385636863E+01 0.31504625557532472960279931582433E+00
-0.10398354434993344464100720906157E+01 0.31795642614635452702189051063619E+00
-0.10493334336768346759087756891463E+01 0.32085544669575164646525895491359E+00
-0.10587945294806175847496035060556E+01 0.32374321522114643500334371287445E+00
-0.10682183986607357215990482596864E+01 0.32661963011749738986235032211380E+00
-0.10776047102728441424726451880188E+01 0.32948459018063072164569723246667E+00
-0.10869531346898652399497861635472E+01 0.33233799461076656391637489156013E+00
-0.10962633436136067132966151395017E+01 0.33517974301603121886942391766152E+00
-0.11055350100863311084599163976398E+01 0.33800973541595613882114305253567E+00
-0.11147678085022789279108937058686E+01 0.34082787224496239702293721022491E+00
-0.11239614146191426537382110579050E+01 0.34363405435583170445104216354969E+00
-0.11331155055694923007723382143443E+01 0.34642818302316291320356470342218E+00
-0.11422297598721524126157723455165E+01 0.34921015994681432827784314498567E+00
-0.11513038574435291840790599640085E+01 0.35197988725533143024836781706561E+00
-0.11603374796088885031691513412646E+01 0.35473726750936038527501107963884E+00
-0.11693303091135832255529134970294E+01 0.35748220370504656602213388936421E+00
-0.11782820301342301883501508142412E+01 0.36021459927741826909348721184739E+00
-0.11871923282898370046950257390871E+01 0.36293435810375545366491861651102E+00
-0.11960608906528761311605627617154E+01 0.36564138450694369986195834878748E+00
-0.12048874057603089778899835078075E+01 0.36833558325881246506436800217113E+00
-0.12136715636245570382284343372290E+01 0.37101685958345880706572999931373E+00
-0.12224130557444205241186762836969E+01 0.37368511916055397396654459827809E+00
-0.12311115751159452127040782669707E+01 0.37634026812863706871190532904379E+00
-0.12397668162432347495410062644821E+01 0.37898221308839015072248415585462E+00
-0.12483784751492112594424108717709E+01 0.38161086110589950123065604867856E+00
-0.12569462493863202219092927016812E+01 0.38422611971590025142438567538653E+00
-0.12654698380471824561226079905774E+01 0.38682789692500459664671493386556E+00
-0.12739489417751911291913222338195E+01 0.38941610121491440250678214372876E+00
-0.12823832627750534892868319926388E+01 0.39199064154561702299823988356770E+00
-0.12907725048232780220457063301286E+01 0.39455142735856515624286917987999E+00
-0.12991163732786050866707479433209E+01 0.39709836857983961118804842621067E+00
-0.13074145750923819977343326434892E+01 0.39963137562329576673325452766423E+00
-0.13156668188188820043764698011387E+01 0.40215035939369310287626054619281E+00
-0.13238728146255658016653172972247E+01 0.40465523128980762032104942182466E+00
-0.13320322743032866218657619883152E+01 0.40714590320752795086157280338952E+00
-0.13401449112764374178684463270855E+01 0.40962228754293316648667517641035E+00
-0.13482104406130408094214296635174E+01 0.41208429719535430696860600485297E+00
-0.13562285790347801228799274733070E+01 0.41453184557041820367994636868407E+00
-0.13641990449269727277811317880724E+01 0.41696484658307381152285134507676E+00
-0.13721215583484839854007041717717E+01 0.41938321466060082221782476508620E+00
-0.13799958410415826446159875375499E+01 0.42178686474560054285918331698667E+00
-0.13878216164417358214889468289299E+01 0.42417571229896948726732519338710E+00
-0.13955986096873451848348295933408E+01 0.42654967330285440743585034926719E+00
-0.14033265476294221342142631132765E+01 0.42890866426358936036246849328860E+00
-0.14110051588412031102852839672049E+01 0.43125260221461509828269878484728E+00
-0.14186341736277034201525148614283E+01 0.43358140471937961440230740677151E+00
-0.14262133240352105014125081192248E+01 0.43589498987422076996155530964274E+00
-0.14337423438607155509212932889401E+01 0.43819327631123016218283541748842E+00
-0.14412209686612827802323884165884E+01 0.44047618320109855032250144537139E+00
-0.14486489357633574522065353869916E+01 0.44274363025594254513229047256045E+00
-0.14560259842720106294960783097036E+01 0.44499553773211266373564548146118E+00
-0.14633518550801215850927822608821E+01 0.44723182643298241165513515030833E+00
-0.14706262908774974339016135031855E+01 0.44945241771171787852899085160657E+00
-0.14778490361599279426720882407454E+01 0.45165723347402948614436558074562E+00
-0.14850198372381788282411798971174E+01 0.45384619618090301498021489500660E+00
-0.14921384422469186661712297456385E+01 0.45601922885131249716619295199320E+00
-0.14992046011535834855163632093755E+01 0.45817625506491325058267982873502E+00
-0.15062180657671752316006172831853E+01 0.46031719896471552341558982579480E+00
-0.15131785897469958905720613021634E+01 0.46244198525973824797420915673446E+00
-0.15200859286113167521988192028654E+01 0.46455053922764365372584840724854E+00
-0.15269398397459810540428072130911E+01 0.46664278671735169423342898567433E+00
-0.15337400824129417947993686291387E+01 0.46871865415163477246217759765357E+00
-0.15404864177587329354744254050777E+01 0.47077806852969234875849322645602E+00
-0.15471786088228739570068159285713E+01 0.47282095742970558553360359402693E+00
-0.15538164205462082155096888428347E+01 0.47484724901137189858046620085851E+00
-0.15603996197791737329332484245143E+01 0.47685687201841919810621190348788E+00
-0.15669279752900071676016010869697E+01 0.47884975578109955917137514645964E+00
-0.15734012577728797110897014987627E+01 0.48082583021866299652938746265424E+00
-0.15798192398559653123847915780060E+01 0.48278502584181008407211359171702E+00
-0.15861816961094410850338445652647E+01 0.48472727375512447767678825138165E+00
-0.15924884030534185506447157922977E+01 0.48665250565948446471636616635564E+00
-0.15987391391658067898989763000743E+01 0.48856065385445368603729512655546E+00
-0.16049336848901064679672674550909E+01 0.49045165124065130022431880612847E+00
-0.16110718226431342419052581551758E+01 0.49232543132210073233946001744742E+00
-0.16171533368226782024570923845745E+01 0.49418192820855782969899081139700E+00
-0.16231780138150830849593242210480E+01 0.49602107661781752305731568764304E+00
-0.16291456420027656964980075661678E+01 0.49784281187799954713851904126151E+00
-0.16350560117716598685996965744089E+01 0.49964706992981262659852883267049E+00
-0.16409089155185908816367929092198E+01 0.50143378732879749342090615619314E+00
-0.16467041476585792266437728192323E+01 0.50320290124754831503115732537152E+00
-0.16524415046320728872468628490578E+01 0.50495434947791258801854528540067E+00
-0.16581207849121086270336093170495E+01 0.50668807043316958106019886225853E+00
-0.16637417890114018983769723130494E+01 0.50840400315018668147573825734192E+00
-0.16693043194893640307007926599705E+01 0.51010208729155450169706201821890E+00
-0.16748081809590485820580068707063E+01 0.51178226314769972020150855703228E+00
-0.16802531800940242225653134602448E+01 0.51344447163897598533357715986973E+00
-0.16856391256351758159633939006276E+01 0.51508865431773337955070750081065E+00
-0.16909658283974325528547651369238E+01 0.51671475337036487461441843885518E+00
-0.16962331012764227651743917028472E+01 0.51832271161933154047061493782495E+00
-0.17014407592550559154258632318388E+01 0.51991247252516487327205065464713E+00
-0.17065886194100307298008163240328E+01 0.52148398018844709191455531352130E+00
-0.17116765009182697249285440032737E+01 0.52303717935176932708621812157952E+00
-0.17167042250632802153654115194138E+01 0.52457201540166665208113751130080E+00
-0.17216716152414402898557943268870E+01 0.52608843437053144950985955401585E+00
-0.17265784969682113950632795986801E+01 0.52758638293850351215731717497415E+00
-0.17314246978842755828810197413776E+01 0.52906580843533784541181975643773E+00
-0.17362100477615982279266023868080E+01 0.53052665884224976454434231339022E+00
-0.17409343785094159440602536520224E+01 0.53196888279373700325676167835423E+00
-0.17455975241801488706055220857495E+01 0.53339242957937923022484565897877E+00
-0.17501993209752377733784672062355E+01 0.53479724914561439592063944743375E+00
-0.17547396072509055235393821368512E+01 0.53618329209749230410822087864693E+00
-0.17592182235238426134493220667490E+01 0.53755050970040505649867279547665E+00
-0.17636350124768167534721480194019E+01 0.53889885388179439678119741354497E+00
-0.17679898189642061492571884112343E+01 0.54022827723283592656639833873609E+00
-0.17722824900174565035425717201281E+01 0.54153873301010006519053477492475E+00
-0.17765128748504612321045728891324E+01 0.54283017513718972194581850715271E+00
-0.17806808248648649515914069129242E+01 0.54410255820635467368024443132373E+00
-0.17847861936552900921880049626048E+01 0.54535583748008250559330868776428E+00
-0.17888288370144861545139888986528E+01 0.54658996889266604623958821686644E+00
-0.17928086129384017334545334530210E+01 0.54780490905174748197163503041941E+00
-0.17967253816311790950045393504876E+01 0.54900061523983862751381211520659E+00
-0.18005790055100708723347121975744E+01 0.55017704541581778075415270788882E+00
-0.18043693492102790568200887358456E+01 0.55133415821640280733283693290600E+00
-0.18080962795897158126634022139779E+01 0.55247191295760056062757541700204E+00
-0.18117596657336862987248700531345E+01 0.55359026963613246850617301271598E+00
-0.18153593789594929179762099869193E+01 0.55468918893083622316315349407585E+00
-0.18188952928209610693000151663305E+01 0.55576863220404379438568367473264E+00
-0.18223672831128864088529728255615E+01 0.55682856150293530411348671810733E+00
-0.18257752278754030299449298613480E+01 0.55786893956086898089155215281278E+00
-0.18291190073982727690237753647442E+01 0.55888972979868722634110722715891E+00
-0.18323985042250955023164309716942E+01 0.55989089632599824475606838032629E+00
-0.18356136031574396952122403976683E+01 0.56087240394243411749777396626149E+00
-0.18387641912588943294578602248810E+01 0.56183421813888405099896855026015E+00
-0.18418501578590402324502237562883E+01 0.56277630509870398806986484055528E+00
-0.18448713945573426906374489662832E+01 0.56369863169890164566335402128435E+00
-0.18478277952269635340838023876454E+01 0.56460116551129726153005913213442E+00
-0.18507192560184934674644168861904E+01 0.56548387480366019531400795775357E+00
-0.18535456753636044135594586515930E+01 0.56634672854082096058461684177092E+00
-0.18563069539786213777499584158407E+01 0.56718969638575896432000632395778E+00
-0.18590029948680142207117777858312E+01 0.56801274870066568820021127141627E+00
-0.18616337033278086930642561698340E+01 0.56881585654798342887090878572565E+00
-0.18641989869489169967672995289512E+01 0.56959899169141952604679864116691E+00
-0.18666987556203876752733186569217E+01 0.57036212659693597395557708872843E+00
-0.18691329215325745311628159999956E+01 0.57110523443371448645148125710964E+00
-0.18715013991802247888054943484124E+01 0.57182828907509681258743317122469E+00
-0.18738041053654859360528686463285E+01 0.57253126509950054010027045121893E+00
-0.18760409592008317542397981976854E+01 0.57321413779131006837073216892478E+00
-0.18782118821119068042267066954596E+01 0.57387688314174289274741375736382E+00
-0.18803167978402896989240518098627E+01 0.57451947784969108449929358583561E+00
-0.18823556324461748527987115288267E+01 0.57514189932253805278255218077433E+00
-0.18843283143109727773297601331509E+01 0.57574412567695040489988829297084E+00
-0.18862347741398286663418811236875E+01 0.57632613573964498676322519154638E+00
-0.18880749449640592437261751036652E+01 0.57688790904813097537829017588440E+00
-0.18898487621435078567710438026043E+01 0.57742942585142720326842661439254E+00
-0.18915561633688176763849405162266E+01 0.57795066711075440502981059273630E+00
-0.18931970886636228375276147751653E+01 0.57845161450020254866583834663226E+00
-0.18947714803866576554040098379272E+01 0.57893225040737325518512577958108E+00
-0.18962792832337836442071536748306E+01 0.57939255793399707642627977642551E+00
-0.18977204442399343488426151608492E+01 0.57983252089652587225226033112354E+00
-0.18990949127809779367271650024167E+01 0.58025212382670007533092760161512E+00
-0.19004026405754974685866249488271E+01 0.58065135197209085888338184601913E+00
-0.19016435816864887324142803462091E+01 0.58103019129661732032351534658897E+00
-0.19028176925229757170090419227597E+01 0.58138862848103838857419464531588E+00
-0.19039249318415434774938360626027E+01 0.58172665092341989445503317477382E+00
-0.19049652607477886080798502861108E+01 0.58204424673957584033793074299019E+00
-0.19059386426976866496289832919756E+01 0.58234140476348628786060437745642E+00
-0.19068450434988782799270870132712E+01 0.58261811454768510778492922367098E+00
-0.19076844313118685380554201807827E+01 0.58287436636363665442764301257239E+00
-0.19084567766511555414199317011326E+01 0.58311015120204702025388430639608E+00
-0.19091620523862414467706517060665E+01 0.58332546077326494402098590047167E+00
-0.19095949629871194949260913082866E+01 0.58345762157110175749802750860517E+00
-0.19099980470569452801650409399862E+01 0.58358067680588124199937477120122E+00
-0.19103712983026880311999050308289E+01 0.58369462455476864715836447272644E+00
-0.19107147108970713288974290584891E+01 0.58379946303724563437774584344789E+00
-0.19110282794786657671286786194340E+01 0.58389519061513282144805827324554E+00
-0.19113269321549480349811131351475E+01 0.58398636460490213267517797153430E+00
-0.19116256003750477248969852496234E+01 0.58407754334406314870067060826835E+00
-0.19119242841394504000222220044573E+01 0.58416872683276494527762886128702E+00
-0.19122229834486431674025941275093E+01 0.58425991507115160973124483069069E+00
-0.19125216983031083785132699890142E+01 0.58435110805938281972083954028285E+00
-0.19122229834486431674025941275093E+01 0.58425991507115160973124483069069E+00
-0.19119242841394504000222220044573E+01 0.58416872683276494527762886128702E+00
-0.19116256003750477248969852496234E+01 0.58407754334406314870067060826835E+00
-0.19113269321549480349811131351475E+01 0.58398636460490213267517797153430E+00
-0.19110282794786657671286786194340E+01 0.58389519061513282144805827324554E+00
-0.19107147108970713288974290584891E+01 0.58379946303724563437774584344789E+00
-0.19103712983026880311999050308289E+01 0.58369462455476864715836447272644E+00
-0.19099980470569452801650409399862E+01 0.58358067680588124199937477120122E+00
-0.19095949629871194949260913082866E+01 0.58345762157110175749802750860517E+00
-0.19091620523862414467706517060665E+01 0.58332546077326494402098590047167E+00
-0.19084567766511555414199317011326E+01 0.58311015120204702025388430639608E+00
-0.19076844313118685380554201807827E+01 0.58287436636363665442764301257239E+00
-0.19068450434988782799270870132712E+01 0.58261811454768510778492922367098E+00
-0.19059386426976866496289832919756E+01 0.58234140476348628786060437745642E+00
-0.19049652607477886080798502861108E+01 0.58204424673957584033793074299019E+00
-0.19039249318415434774938360626027E+01 0.58172665092341989445503317477382E+00
-0.19028176925229757170090419227597E+01 0.58138862848103838857419464531588E+00
-0.19016435816864887324142803462091E+01 0.58103019129661732032351534658897E+00
-0.19004026405754974685866249488271E+01 0.58065135197209085888338184601913E+00
-0.18990949127809779367271650024167E+01 0.58025212382670007533092760161512E+00
-0.18977204442399343488426151608492E+01 0.57983252089652587225226033112354E+00
-0.18962792832337836442071536748306E+01 0.57939255793399707642627977642551E+00
-0.18947714803866576554040098379272E+01 0.57893225040737325518512577958108E+00
-0.18931970886636228375276147751653E+01 0.57845161450020254866583834663226E+00
-0.18915561633688176763849405162266E+01 0.57795066711075440502981059273630E+00
-0.18898487621435078567710438026043E+01 0.57742942585142720326842661439254E+00
-0.18880749449640592437261751036652E+01 0.57688790904813097537829017588440E+00
-0.18862347741398286663418811236875E+01 0.57632613573964498676322519154638E+00
-0.18843283143109727773297601331509E+01 0.57574412567695040489988829297084E+00
-0.18823556324461748527987115288267E+01 0.57514189932253805278255218077433E+00
-0.18803167978402896989240518098627E+01 0.57451947784969108449929358583561E+00
-0.18782118821119068042267066954596E+01 0.57387688314174289274741375736382E+00
-0.18760409592008317542397981976854E+01 0.57321413779131006837073216892478E+00
-0.18738041053654859360528686463285E+01 0.57253126509950054010027045121893E+00
-0.18715013991802247888054943484124E+01 0.57182828907509681258743317122469E+00
-0.18691329215325745311628159999956E+01 0.57110523443371448645148125710964E+00
-0.18666987556203876752733186569217E+01 0.57036212659693597395557708872843E+00
-0.18641989869489169967672995289512E+01 0.56959899169141952604679864116691E+00
-0.18616337033278086930642561698340E+01 0.56881585654798342887090878572565E+00
-0.18590029948680142207117777858312E+01 0.56801274870066568820021127141627E+00
-0.18563069539786213777499584158407E+01 0.56718969638575896432000632395778E+00
-0.18535456753636044135594586515930E+01 0.56634672854082096058461684177092E+00
-0.18507192560184934674644168861904E+01 0.56548387480366019531400795775357E+00
-0.18478277952269635340838023876454E+01 0.56460116551129726153005913213442E+00
-0.18448713945573426906374489662832E+01 0.56369863169890164566335402128435E+00
-0.18418501578590402324502237562883E+01 0.56277630509870398806986484055528E+00
-0.18387641912588943294578602248810E+01 0.56183421813888405099896855026015E+00
-0.18356136031574396952122403976683E+01 0.56087240394243411749777396626149E+00
-0.18323985042250955023164309716942E+01 0.55989089632599824475606838032629E+00
-0.18291190073982727690237753647442E+01 0.55888972979868722634110722715891E+00
-0.18257752278754030299449298613480E+01 0.55786893956086898089155215281278E+00
-0.18223672831128864088529728255615E+01 0.55682856150293530411348671810733E+00
-0.18188952928209610693000151663305E+01 0.55576863220404379438568367473264E+00
-0.18153593789594929179762099869193E+01 0.55468918893083622316315349407585E+00
-0.18117596657336862987248700531345E+01 0.55359026963613246850617301271598E+00
-0.18080962795897158126634022139779E+01 0.55247191295760056062757541700204E+00
-0.18043693492102790568200887358456E+01 0.55133415821640280733283693290600E+00
-0.18005790055100708723347121975744E+01 0.55017704541581778075415270788882E+00
-0.17967253816311790950045393504876E+01 0.54900061523983862751381211520659E+00
-0.17928086129384017334545334530210E+01 0.54780490905174748197163503041941E+00
-0.17888288370144861545139888986528E+01 0.54658996889266604623958821686644E+00
-0.17847861936552900921880049626048E+01 0.54535583748008250559330868776428E+00
-0.17806808248648649515914069129242E+01 0.54410255820635467368024443132373E+00
-0.17765128748504612321045728891324E+01 0.54283017513718972194581850715271E+00
-0.17722824900174565035425717201281E+01 0.54153873301010006519053477492475E+00
-0.17679898189642061492571884112343E+01 0.54022827723283592656639833873609E+00
-0.17636350124768167534721480194019E+01 0.53889885388179439678119741354497E+00
-0.17592182235238426134493220667490E+01 0.53755050970040505649867279547665E+00
-0.17547396072509055235393821368512E+01 0.53618329209749230410822087864693E+00
-0.17501993209752377733784672062355E+01 0.53479724914561439592063944743375E+00
-0.17455975241801488706055220857495E+01 0.53339242957937923022484565897877E+00
-0.17409343785094159440602536520224E+01 0.53196888279373700325676167835423E+00
-0.17362100477615982279266023868080E+01 0.53052665884224976454434231339022E+00
-0.17314246978842755828810197413776E+01 0.52906580843533784541181975643773E+00
-0.17265784969682113950632795986801E+01 0.52758638293850351215731717497415E+00
-0.17216716152414402898557943268870E+01 0.52608843437053144950985955401585E+00
-0.17167042250632802153654115194138E+01 0.52457201540166665208113751130080E+00
-0.17116765009182697249285440032737E+01 0.52303717935176932708621812157952E+00
-0.17065886194100307298008163240328E+01 0.52148398018844709191455531352130E+00
-0.17014407592550559154258632318388E+01 0.51991247252516487327205065464713E+00
-0.16962331012764227651743917028472E+01 0.51832271161933154047061493782495E+00
-0.16909658283974325528547651369238E+01 0.51671475337036487461441843885518E+00
-0.16856391256351758159633939006276E+01 0.51508865431773337955070750081065E+00
-0.16802531800940242225653134602448E+01 0.51344447163897598533357715986973E+00
-0.16748081809590485820580068707063E+01 0.51178226314769972020150855703228E+00
-0.16693043194893640307007926599705E+01 0.51010208729155450169706201821890E+00
-0.16637417890114018983769723130494E+01 0.50840400315018668147573825734192E+00
-0.16581207849121086270336093170495E+01 0.50668807043316958106019886225853E+00
-0.16524415046320728872468628490578E+01 0.50495434947791258801854528540067E+00
-0.16467041476585792266437728192323E+01 0.50320290124754831503115732537152E+00
-0.16409089155185908816367929092198E+01 0.50143378732879749342090615619314E+00
-0.16350560117716598685996965744089E+01 0.49964706992981262659852883267049E+00
-0.16291456420027656964980075661678E+01 0.49784281187799954713851904126151E+00
-0.16231780138150830849593242210480E+01 0.49602107661781752305731568764304E+00
-0.16171533368226782024570923845745E+01 0.49418192820855782969899081139700E+00
-0.16110718226431342419052581551758E+01 0.49232543132210073233946001744742E+00
-0.16049336848901064679672674550909E+01 0.49045165124065130022431880612847E+00
-0.15987391391658067898989763000743E+01 0.48856065385445368603729512655546E+00
-0.15924884030534185506447157922977E+01 0.48665250565948446471636616635564E+00
-0.15861816961094410850338445652647E+01 0.48472727375512447767678825138165E+00
-0.15798192398559653123847915780060E+01 0.48278502584181008407211359171702E+00
-0.15734012577728797110897014987627E+01 0.48082583021866299652938746265424E+00
-0.15669279752900071676016010869697E+01 0.47884975578109955917137514645964E+00
-0.15603996197791737329332484245143E+01 0.47685687201841919810621190348788E+00
-0.15538164205462082155096888428347E+01 0.47484724901137189858046620085851E+00
-0.15471786088228739570068159285713E+01 0.47282095742970558553360359402693E+00
-0.15404864177587329354744254050777E+01 0.47077806852969234875849322645602E+00
-0.15337400824129417947993686291387E+01 0.46871865415163477246217759765357E+00
-0.15269398397459810540428072130911E+01 0.46664278671735169423342898567433E+00
-0.15200859286113167521988192028654E+01 0.46455053922764365372584840724854E+00
-0.15131785897469958905720613021634E+01 0.46244198525973824797420915673446E+00
-0.15062180657671752316006172831853E+01 0.46031719896471552341558982579480E+00
-0.14992046011535834855163632093755E+01 0.45817625506491325058267982873502E+00
-0.14921384422469186661712297456385E+01 0.45601922885131249716619295199320E+00
-0.14850198372381788282411798971174E+01 0.45384619618090301498021489500660E+00
-0.14778490361599279426720882407454E+01 0.45165723347402948614436558074562E+00
-0.14706262908774974339016135031855E+01 0.44945241771171787852899085160657E+00
-0.14633518550801215850927822608821E+01 0.44723182643298241165513515030833E+00
-0.14560259842720106294960783097036E+01 0.44499553773211266373564548146118E+00
-0.14486489357633574522065353869916E+01 0.44274363025594254513229047256045E+00
-0.14412209686612827802323884165884E+01 0.44047618320109855032250144537139E+00
-0.14337423438607155509212932889401E+01 0.43819327631123016218283541748842E+00
-0.14262133240352105014125081192248E+01 0.43589498987422076996155530964274E+00
-0.14186341736277034201525148614283E+01 0.43358140471937961440230740677151E+00
-0.14110051588412031102852839672049E+01 0.43125260221461509828269878484728E+00
-0.14033265476294221342142631132765E+01 0.42890866426358936036246849328860E+00
-0.13955986096873451848348295933408E+01 0.42654967330285440743585034926719E+00
-0.13878216164417358214889468289299E+01 0.42417571229896948726732519338710E+00
-0.13799958410415826446159875375499E+01 0.42178686474560054285918331698667E+00
-0.13721215583484839854007041717717E+01 0.41938321466060082221782476508620E+00
-0.13641990449269727277811317880724E+01 0.41696484658307381152285134507676E+00
-0.13562285790347801228799274733070E+01 0.41453184557041820367994636868407E+00
-0.13482104406130408094214296635174E+01 0.41208429719535430696860600485297E+00
-0.13401449112764374178684463270855E+01 0.40962228754293316648667517641035E+00
-0.13320322743032866218657619883152E+01 0.40714590320752795086157280338952E+00
-0.13238728146255658016653172972247E+01 0.40465523128980762032104942182466E+00
-0.13156668188188820043764698011387E+01 0.40215035939369310287626054619281E+00
-0.13074145750923819977343326434892E+01 0.39963137562329576673325452766423E+00
-0.12991163732786050866707479433209E+01 0.39709836857983961118804842621067E+00
-0.12907725048232780220457063301286E+01 0.39455142735856515624286917987999E+00
-0.12823832627750534892868319926388E+01 0.39199064154561702299823988356770E+00
-0.12739489417751911291913222338195E+01 0.38941610121491440250678214372876E+00
-0.12654698380471824561226079905774E+01 0.38682789692500459664671493386556E+00
-0.12569462493863202219092927016812E+01 0.38422611971590025142438567538653E+00
-0.12483784751492112594424108717709E+01 0.38161086110589950123065604867856E+00
-0.12397668162432347495410062644821E+01 0.37898221308839015072248415585462E+00
-0.12311115751159452127040782669707E+01 0.37634026812863706871190532904379E+00
-0.12224130557444205241186762836969E+01 0.37368511916055397396654459827809E+00
-0.12136715636245570382284343372290E+01 0.37101685958345880706572999931373E+00
-0.12048874057603089778899835078075E+01 0.36833558325881246506436800217113E+00
-0.11960608906528761311605627617154E+01 0.36564138450694369986195834878748E+00
-0.11871923282898370046950257390871E+01 0.36293435810375545366491861651102E+00
-0.11782820301342301883501508142412E+01 0.36021459927741826909348721184739E+00
-0.11693303091135832255529134970294E+01 0.35748220370504656602213388936421E+00
-0.11603374796088885031691513412646E+01 0.35473726750936038527501107963884E+00
-0.11513038574435291840790599640085E+01 0.35197988725533143024836781706561E+00
-0.11422297598721524126157723455165E+01 0.34921015994681432827784314498567E+00
-0.11331155055694923007723382143443E+01 0.34642818302316291320356470342218E+00
-0.11239614146191426537382110579050E+01 0.34363405435583170445104216354969E+00
-0.11147678085022789279108937058686E+01 0.34082787224496239702293721022491E+00
-0.11055350100863311084599163976398E+01 0.33800973541595613882114305253567E+00
-0.10962633436136067132966151395017E+01 0.33517974301603121886942391766152E+00
-0.10869531346898652399497861635472E+01 0.33233799461076656391637489156013E+00
-0.10776047102728441424726451880188E+01 0.32948459018063072164569723246667E+00
-0.10682183986607357215990482596864E+01 0.32661963011749738986235032211380E+00
-0.10587945294806175847496035060556E+01 0.32374321522114643500334371287445E+00
-0.10493334336768346759087756891463E+01 0.32085544669575164646525895491359E+00
-0.10398354434993344464100720906157E+01 0.31795642614635452702189051063619E+00
-0.10303008924919561356314385636863E+01 0.31504625557532472960279931582433E+00
-0.10207301154806727595090120647178E+01 0.31212503737880718184469238788389E+00
-0.10111234485617881786226313938384E+01 0.30919287434315580499087289583977E+00
-0.10014812290900881113648619767888E+01 0.30624986964135442238409730083974E+00
-0.99180379566694656169895392278006E+00 0.30329612682942447983451790669670E+00
-0.98209148812838737015269462747093E+00 0.30033174984282022667478674094071E+00
-0.97234464753310142767596286516230E+00 0.29735684299281088763249994520920E+00
-0.96256361615042057450962624122481E+00 0.29437151096285080294734298741116E+00
-0.95274873744824758858730448243966E+00 0.29137585880493667534737930751099E+00
-0.94290035608094286951000507018407E+00 0.28836999193595297682994684262276E+00
-0.93301881787716973131003075739030E+00 0.28535401613400541440932544084764E+00
-0.92310446982769583547143839404009E+00 0.28232803753474150240475548333403E+00
-0.91315766007315432968659624845072E+00 0.27929216262766106074326469840102E+00
-0.90317873789176253166277307505693E+00 0.27624649825241315562104204484227E+00
-0.89316805368700001002599306676105E+00 0.27319115159508282375789578130568E+00
-0.88312595897524612449759327184179E+00 0.27012623018446645874424019354332E+00
-0.87305280637337729102325546940076E+00 0.26705184188833490898074604654886E+00
-0.86294894958632451993063156931819E+00 0.26396809490968720986548006271932E+00
-0.85281474339459178725137960052173E+00 0.26087509778299168039947396454526E+00
-0.84265054364173469855165083062457E+00 0.25777295937041745675803478892907E+00
-0.83245670722180182691258719168193E+00 0.25466178885805553111301927863630E+00
-0.82223359206673678981076997282728E+00 0.25154169575212802076209782708767E+00
-0.81198155713374325789335917642620E+00 0.24841278987518929547165114603940E+00
-0.80170096239261276543979139547289E+00 0.24527518136231486513279530589014E+00
-0.79139216881301486917578818561869E+00 0.24212898065728173438106024520967E+00
-0.78105553835175167630659972672787E+00 0.23897429850873850764454166507955E+00
-0.77069143393997602600046204696840E+00 0.23581124596636569065624846008498E+00
-0.76030021947037371121694428601994E+00 0.23263993437702701927206681982280E+00
-0.74988225978431099460723147720286E+00 0.22946047538091091996694465721054E+00
-0.73943792065894692620995276865722E+00 0.22627298090766327157427629102240E+00
-0.72896756879431151638125219199028E+00 0.22307756317251099020873737203310E+00
-0.71847157180034960863863805877658E+00 0.21987433467237680126179848398497E+00
-0.70795029818393155114446364889624E+00 0.21666340818198556041768697413730E+00
-0.69740411733583059591643391117993E+00 0.21344489674996187344858273315004E+00
-0.68683339951766728903748771119697E+00 0.21021891369491950105157492844461E+00
-0.67623851584882200695349363625124E+00 0.20698557260154281077094209244023E+00
-0.66561983829331526607713146577861E+00 0.20374498731665993242329750928585E+00
-0.65497773964665650391997409066448E+00 0.20049727194530829762704498703555E+00
-0.64431259352266200582814412225676E+00 0.19724254084679292297107917605426E+00
-0.63362477434024203465277039320917E+00 0.19398090863073654529179736668873E+00
-0.62291465731015784209334361671207E+00 0.19071249015312317882302074171953E+00
-0.61218261842174846477467334606047E+00 0.18743740051233405397989437921589E+00
-0.60142903442962855124780865711416E+00 0.18415575504517729092927126046446E+00
-0.59065428284035711290105465197782E+00 0.18086766932291028669078875182351E+00
-0.57985874189907725597090751997116E+00 0.17757325914725564359632834631271E+00
-0.56904279057612822795265762322145E+00 0.17427264054641133424269975172748E+00
-0.55820680855362946565323119374698E+00 0.17096592977105386748923157511426E+00
-0.54735117621203699417524669330024E+00 0.16765324329033612667105435931426E+00
-0.53647627461667381658956184489024E+00 0.16433469778787944243409260495899E+00
-0.52558248550423205239996324337452E+00 0.16101041015775901404434316323881E+00
-0.51467019126925108142606808430853E+00 0.15768049750048627204279924007650E+00
-0.50373977495056789850092115817198E+00 0.15434507711898271975501285570115E+00
-0.49279162021774337615970470667901E+00 0.15100426651455235252995083062201E+00
-0.48182611135746346625439822406970E+00 0.14765818338284651908308777263009E+00
-0.47084363325991521543607930178241E+00 0.14430694560982543791224846944393E+00
-0.45984457140513940790937286266124E+00 0.14095067126771531916934880042038E+00
-0.44882931184935871318870672349166E+00 0.13758947861096073414918547605145E+00
-0.43779824121128316016500208736212E+00 0.13422348607217384327171068476089E+00
-0.42675174665839240732105074538693E+00 0.13085281225807896330875567791771E+00
-0.41569021589319511668273725246243E+00 0.12747757594545413418714066473415E+00
-0.40461403713946671082274026094681E+00 0.12409789607706923124823615875321E+00
-0.39352359912846470227042782070625E+00 0.12071389175762081443944146971783E+00
-0.38241929108512350617349147915714E+00 0.11732568224966448244984511689221E+00
-0.37130150271422708849584423333642E+00 0.11393338696954361628485415019676E+00
-0.36017062418656183120696911218201E+00 0.11053712548331697916886363913892E+00
-0.34902704612504885925684711590353E+00 0.10713701750268295089538051381974E+00
-0.33787115959085648594282279556593E+00 0.10373318288090245475822314446527E+00
-0.32670335606949293700393535813096E+00 0.10032574160871950619370446657600E+00
-0.31552402745688001403917750010912E+00 0.96914813810280917646644291482121E-01
-0.30433356604540829673513491712058E+00 0.93500519739054296056636641415243E-01
-0.29313236450997331350304421345717E+00 0.90082979773745045582802669612622E-01
-0.28192081589399392376478826366258E+00 0.86662314414212324532079087713109E-01
-0.27069931359541321761889398722968E+00 0.83238644277385267262585421231371E-01
-0.25946825135268142520025924088898E+00 0.79812090093177771851462916316649E-01
-0.24822802323072227303332853836173E+00 0.76382772700404091760846602962388E-01
-0.23697902360688240248220160401880E+00 0.72950813042694466778552824496574E-01
-0.22572164715686454898258243770016E+00 0.69516332164410722521558824785851E-01
-0.21445628884064443912040330292570E+00 0.66079451206563452562283188749622E-01
-0.20318334388837231188473522183485E+00 0.62640291402729579716923428632904E-01
-0.19190320778625871274243978867119E+00 0.59198974074971287200885483781735E-01
-0.18061627626244516404740437214308E+00 0.55755620629756998792160992110643E-01
-0.16932294527286064723950098811394E+00 0.52310352553883560515985332088651E-01
-0.15802361098706258252416012885016E+00 0.48863291410401080926853040912327E-01
-0.14671866977406450798498793884777E+00 0.45414558834539837740460680423941E-01
-0.13540851818814921238523969352181E+00 0.41964276529640557083251903781966E-01
-0.12409355295466903982399408165178E+00 0.38512566263087041131591773104650E-01
-0.11277417095583154196696332590979E+00 0.35059549862242195782778893198653E-01
-0.10145076921647343273493780004607E+00 0.31605349210388725010303648392340E-01
-0.90123744889820733112489568035050E-01 0.28150086242672623612159829349212E-01
-0.78793495243236553870103155706154E-01 0.24693882942051727727794168195615E-01
-0.67460417643956870972252924884797E-01 0.21236861335248731989079971706532E-01
-0.56124909544813615140604557800033E-01 0.17779143488709271318868194937085E-01
-0.44787368469946150294880726095701E-01 0.14320851504565571663445541961122E-01
-0.33448192000501132851404246944506E-01 0.10862107516605433197475443983353E-01
-0.22107777760320298937957739059426E-01 0.74030336862477737301437271739634E-02
-0.10766523401618057384411112197011E-01 0.39437521985245551934199782363992E-02
0.57517340935377453966928982062181E-03 0.48438525806913356845918315550094E-03
0.11916915006650402571478493882019E-01 -0.29749449148873107983062757109585E-02
0.23258303738990567302814593455438E-01 -0.64341160885122520384206893794923E-02
0.34598941984123759795778408522159E-01 -0.98930060233602443562828053132009E-02
0.45938432163206797047363464779070E-01 -0.13351492476352260599554106870218E-01
0.57276376755192761296415479874657E-01 -0.16809453204746743991178946287230E-01
0.68612378311228598164253478179919E-01 -0.20266765970100945353006158269845E-01
0.79946039469064135912484344251863E-01 -0.23723308542222433258485349298020E-01
0.91276962967470962585145068341650E-01 -0.27178958703110249095687715806739E-01
0.10260475166067141175291091786001E+00 -0.30633594250885542620187404634345E-01
0.11392900853277824625886377618464E+00 -0.34087093003710493475785709703499E-01
0.12524933671224390240455449405910E+00 -0.37539332803695771335421650274520E-01
0.13656533948632028351717917452913E+00 -0.40990191520795546806447690435737E-01
0.14787662031552920350022514192145E+00 -0.44439547056689857699896753523421E-01
0.15918278284814191173025674836698E+00 -0.47887277348653252929578219939466E-01
0.17048343093467073433803636961820E+00 -0.51333260373409425467607304429038E-01
0.18177816864236975138504305180941E+00 -0.54777374150971930205507786630415E-01
0.19306660026974687211165835821601E+00 -0.58219496748469207800775539797516E-01
0.20434833036108633536903963989300E+00 -0.61659506283953619590035052606951E-01
0.21562296372098274238689223177095E+00 -0.65097280930194856350398096050250E-01
0.22689010542888568193712492421606E+00 -0.68532698918455482241759325130927E-01
0.23814936085365599675151503286119E+00 -0.71965638542249430491832749404459E-01
0.24940033566813413159765153472622E+00 -0.75395978161081289011468909661981E-01
0.26064263586371997336013525109116E+00 -0.78823596204167255780881528341952E-01
0.27187586776496544737603447087443E+00 -0.82248371174135489490262604536872E-01
0.28309963804417985580363715894068E+00 -0.85670181650705954254043002492635E-01
0.29431355373604826694486000864481E+00 -0.89088906294349205425246595817394E-01
0.30551722225226356157763035573172E+00 -0.92504423849921960517105450047704E-01
0.31671025139617312688883220115812E+00 -0.95916613150280410143566311197106E-01
0.32789224937743948638140302894359E+00 -0.99325353119868952485383553241945E-01
0.33906282482671683314764978233860E+00 -0.10273052277828370180553503293751E+00
0.35022158681034351211374722261214E+00 -0.10613200124381088380078880487903E+00
0.36136814484505086573282050382609E+00 -0.10952966773693745326545748249710E+00
0.37250210891268961029763681194412E+00 -0.11292340158383413788790270144794E+00
0.38362308947497483383351236415288E+00 -0.11631308221980926064135728056303E+00
0.39473069748824962615610827068371E+00 -0.11969858919273280255875009571113E+00
0.40582454441826912875302905126476E+00 -0.12307980216642876136224195364079E+00
0.41690424225500498223969586148516E+00 -0.12645660092403522086356306419262E+00
0.42796940352747325198365122192251E+00 -0.12982886537133047506083562888511E+00
0.43901964131858405475605362551260E+00 -0.13319647554002470286170295931954E+00
0.45005456928001694712947090248619E+00 -0.13655931159101455424125789220980E+00
0.46107380164712131746506600389593E+00 -0.13991725381760047828649065881815E+00
0.47207695325384461526084769494404E+00 -0.14327018264866457895432444759559E+00
0.48306363954768908355173236235512E+00 -0.14661797865180793153967422404309E+00
0.49403347660469831071602538514698E+00 -0.14996052253644548740643684112363E+00
0.50498608114447677578008262541558E+00 -0.15329769515685680389763348689343E+00
0.51592107054524214894264356391624E+00 -0.15662937751519146843623429821461E+00
0.52683806285891421064293433536266E+00 -0.15995545076442656060782332578821E+00
0.53773667682624103445725384973841E+00 -0.16327579621127543294932514663034E+00
0.54861653189196431484399537849600E+00 -0.16659029531904446323608520739012E+00
0.55947724822002921903658566466360E+00 -0.16989882971043644132397442277167E+00
0.57031844670883547611215327417948E+00 -0.17320128117029949778780015555506E+00
0.58113974900653911932366099850766E+00 -0.17649753164831636050263222482724E+00
0.59194077752640149183360421740021E+00 -0.17978746326163567575076329548773E+00
0.60272115546219262666528196113432E+00 -0.18307095829743892744025685102277E+00
0.61348050680365013397130974780009E+00 -0.18634789921544338687065599561391E+00
0.62421845635199697151629227226787E+00 -0.18961816865033678412823591220121E+00
0.63493462973552264371760749827275E+00 -0.19288164941414116608587346411495E+00
0.64562865342523020385222073029436E+00 -0.19613822449850375148235458059798E+00
0.65630015475055349750321166280048E+00 -0.19938777707691046818143687830720E+00
0.66694876191514943794184054332248E+00 -0.20263019050681972064900448147288E+00
0.67757410401276854111546758263900E+00 -0.20586534833171291075556514839917E+00
0.68817581104320937051085648682692E+00 -0.20909313428305779820966847125198E+00
0.69875351392836102605651222540306E+00 -0.21231343228218135391118270850443E+00
0.70930684452833985591030075274518E+00 -0.21552612644204735259577225294567E+00
0.71983543565772527088992271639617E+00 -0.21873110106893578793654354719518E+00
0.73033892110190051430839106256962E+00 -0.22192824066401850065696948450738E+00
0.74081693563350542317348032737065E+00 -0.22511742992482703233793174002234E+00
0.75126911502900709612987089599190E+00 -0.22829855374660779663089115220980E+00
0.76169509608539566824546393725948E+00 -0.23147149722355923711772383350885E+00
0.77209451663701328872316072366406E+00 -0.23463614564994569891270042792995E+00
0.78246701557252352886818225608038E+00 -0.23779238452108237943427907139327E+00
0.79281223285203026676815382938613E+00 -0.24094009953418519141772834917061E+00
0.80312980952435460175702645771610E+00 -0.24407917658907927866293185003158E+00
0.81341938774447993043363020558625E+00 -0.24720950178875967632427311773191E+00
0.82368061079117505356647500187831E+00 -0.25033096143979641678900244196348E+00
0.83391312308480567787253290539346E+00 -0.25344344205257760052920799064786E+00
0.84411657020534722785227548313817E+00 -0.25654683034138142440938946839471E+00
0.85429059891060991002121431556714E+00 -0.25964101322426979336480509451261E+00
0.86443485715468902741505315365527E+00 -0.26272587782279419446613085679868E+00
0.87454899410665650633439212657607E+00 -0.26580131146150380683414667216318E+00
0.88463266016950499526947574311937E+00 -0.26886720166724798761322870339824E+00
0.89468550699936404831270965912211E+00 -0.27192343616825957769011357068299E+00
0.90470718752500266315998431655169E+00 -0.27496990289301096420201317222277E+00
0.91469735596763679412210652986810E+00 -0.27800648996882913071499630349498E+00
0.92465566786106189577585331672977E+00 -0.28103308572025718386236247384031E+00
0.93458178007212946366548276956246E+00 -0.28404957866715072384452040215436E+00
0.94447535082159078187255457424711E+00 -0.28705585752249202448563276174856E+00
0.95433603970533094540532074371751E+00 -0.29005181118991032242272204779951E+00
0.96416350771601652757829620189510E+00 -0.29303732876088948070194850846052E+00
0.97395741726518694272469110684503E+00 -0.29601229951164705176206220852560E+00
0.98371743220581388506196833762294E+00 -0.29897661289966727762528302653233E+00
0.99344321785536312826730477700011E+00 -0.30193015855986707018969300227463E+00
0.10031344410193895150227165717660E+01 -0.30487282630037598010758147261666E+00
0.10127907700157000497557337263464E+01 -0.30780450609790721656031491172137E+00
0.10224118746991239483869571422274E+01 -0.31072508809269656048710832671763E+00
0.10319974264869290809092979224051E+01 -0.31363446258298435719998771335644E+00
0.10415470983849283625929851445095E+01 -0.31653252001901330821557087944835E+00
0.10510605650143229703259831130950E+01 -0.31941915099651419215265798625330E+00
0.10605375026393317516427254553773E+01 -0.32229424624964814197487393871969E+00
0.10699775891956617359089440953789E+01 -0.32515769664337373968546933761455E+00
0.10793805043198761313038579958578E+01 -0.32800939316520264076823729257620E+00
0.10887459293797235824581660400770E+01 -0.33084922691630754556520442219712E+00
0.10980735475054955232236245525273E+01 -0.33367708910194108390622457945650E+00
0.11073630436224830013952228872236E+01 -0.33649287102112294434462754228757E+00
0.11166141044846131318202721216829E+01 -0.33929646405554916059097233540414E+00
0.11258264187093480574947487895256E+01 -0.34208775965767257629720751996136E+00
0.11349996768139379100402368229152E+01 -0.34486664933790249273602743301847E+00
0.11441335712531274069747594648267E+01 -0.34763302465086415506532582516734E+00
0.11532277964584215733607545530651E+01 -0.35038677718065702659220679223492E+00
0.11622820488790277156413893179188E+01 -0.35312779852504464455765548352512E+00
0.11712960270245976475000846941816E+01 -0.35585598027850367923748713496576E+00
0.11802694315099072842214304362888E+01 -0.35857121401405421466577047217035E+00
0.11892019651016217348107041173452E+01 -0.36127339126378738403131661246074E+00
0.11980933327673046525236553760257E+01 -0.36396240349799893263545953133166E+00
0.12069432417268493212125949216843E+01 -0.36663814210283096135157124833655E+00
0.12157514015065199150268071974606E+01 -0.36930049835631402096976537341737E+00
0.12245175239958101610772521825556E+01 -0.37194936340269505932448599286184E+00
0.12332413235073482931661481531143E+01 -0.37458462822492533514569761424721E+00
0.12419225168400911929826745066929E+01 -0.37720618361517285817522250829673E+00
0.12505608233460832260946923801356E+01 -0.37981392014320947828846759390655E+00
0.12591559650010700210447785935904E+01 -0.38240772812251490482353104728515E+00
0.12677076664792954783734433998745E+01 -0.38498749757391913158577230636743E+00
0.12762156552328352629388449920093E+01 -0.38755311818659435074164696025020E+00
0.12846796615758568169703198747954E+01 -0.39010447927618747471770520731557E+00
0.12930994187742362116484029554179E+01 -0.39264146973986539948959754663753E+00
0.13014746631410019106992582000390E+01 -0.39516397800802439884127902265425E+00
0.13098051341381272891903882683596E+01 -0.39767189199239104394694307884469E+00
0.13180905744852453770836446498815E+01 -0.40016509903021660595741648546972E+00
0.13263307302759191464683383571483E+01 -0.40264348582423666288682211244245E+00
0.13345253511021702179521656490553E+01 -0.40510693837803728214649400035995E+00
0.13426741901880417826426461740987E+01 -0.40755534192643102841356516092800E+00
0.13507770045330594823046862486250E+01 -0.40998858086040757885685845294518E+00
0.13588335550665462445341697550560E+01 -0.41240653864617930075038882106440E+00
0.13668436068138589944798824225590E+01 -0.41480909773779022714099192002438E+00
0.13748069290757335875083062295507E+01 -0.41719613948270264180167518526314E+00
0.13827232956220651268404382878299E+01 -0.41956754401971212069099037063954E+00
0.13905924849016049093328094641775E+01 -0.42192319016847102522738956238127E+00
0.13984142802692359963504349266546E+01 -0.42426295530982130108117761640642E+00
0.14061884702326891380462488301823E+01 -0.42658671525604617655208740422870E+00
0.14139148487207941434955059781067E+01 -0.42889434411005221282393147058094E+00
0.14215932153756238986075776938217E+01 -0.43118571411237454388442911703551E+00
0.14292233758711933241355940225600E+01 -0.43346069547477055403835326742711E+00
0.14368051422617209274205168747128E+01 -0.43571915619901824860440182737454E+00
0.14443383333628615692944473375345E+01 -0.43796096187936653400579944302947E+00
0.14518227751697821864341181134382E+01 -0.44018597548689331114136341997259E+00
0.14592583013164838370436665481938E+01 -0.44239405713380526071379755204655E+00
0.14666447535813955192021696704852E+01 -0.44458506381546218627755310090384E+00
0.14739819824449850848157701791987E+01 -0.44675884912761645219619408181316E+00
0.14812698477059719071145519879684E+01 -0.44891526295602481389228649268614E+00
0.14885082191637138024325986087031E+01 -0.45105415113520219395394583624476E+00
0.14956969773754892705111355164330E+01 -0.45317535507263582314933377376550E+00
0.15028360144987610689397814093783E+01 -0.45527871133426273783766249159328E+00
0.15099252352301078694549454122465E+01 -0.45736405118639708515447247774989E+00
0.15169645578544168744374189432579E+01 -0.45943120008859058248246285734444E+00
0.15239539154201942807500557651854E+01 -0.46147997713106952992423588493343E+00
0.15308932570595520977796941359908E+01 -0.46351019440941242210599740471087E+00
0.15377825494746771232935148488241E+01 -0.46552165632796967534195975761650E+00
0.15446217786164885263769068380559E+01 -0.46751415882215106976014195422507E+00
0.15514109515859152059259291204663E+01 -0.46948748848806667698205765930314E+00
0.15581500987939628350800633838223E+01 -0.47144142160604683975557910916982E+00
0.15648392764237455080892878927580E+01 -0.47337572304221154790339468271616E+00
0.15714785692462579178466522817503E+01 -0.47529014500941945481964399941975E+00
0.15780680938522733114238535230879E+01 -0.47718442566548160647366699725532E+00
0.15846080023759217602648807781479E+01 -0.47905828752232720679554204349226E+00
0.15910984868019452466404833338438E+01 -0.48091143563466285582992610723526E+00
0.15975397839692843211850076964923E+01 -0.48274355553032631000170920989201E+00
0.16039321814097941175346194817954E+01 -0.48455431083666809080956277970617E+00
0.16102760241941983208110782432159E+01 -0.48634334054747424810214385182930E+00
0.16165717230001756767419226118316E+01 -0.48811025586259258965231181761640E+00
0.16228197636728833064773870120020E+01 -0.48985463651677651062898612257903E+00
0.16290207186206129421147620434939E+01 -0.49157602649426939446354556193515E+00
0.16351752604837731212511034122240E+01 -0.49327392899988510542330741949377E+00
0.16412841786426562133738989142693E+01 -0.49494780052380726024634987568871E+00
0.16473483993009577839860046325167E+01 -0.49659704379322446898579235640469E+00
0.16533690101159448979623469922752E+01 -0.49822099934522900311982427737840E+00
0.16593472906694587692121404681655E+01 -0.49981893537627721441126009120840E+00
0.16652847505271890116898356958222E+01 -0.50139003541522033158878661443708E+00
0.16711831772792443621323618934481E+01 -0.50293338321606937760438157718863E+00
0.16770446978908651232360349522389E+01 -0.50444794405185022269797700892021E+00
0.16828718580756476762254769386154E+01 -0.50593254127560870205923484803908E+00
0.16886677264959056452449609687121E+01 -0.50738582652909726463229350146806E+00
0.16944360338472281146764508886524E+01 -0.50880624115993840325874219810007E+00
0.17001813621440146197288747028552E+01 -0.51019196469725006457826132996999E+00
0.17059094088510896039384444165144E+01 -0.51154084022632016863406962187537E+00
0.17116273840474423711944079111030E+01 -0.51285017672515521630102049727398E+00
0.17184885599254245404575879800482E+01 -0.51436596190495411788732588805427E+00
0.17253703324381101763022643143650E+01 -0.51581317459915746322310499226622E+00
0.17323036022539569659752815032771E+01 -0.51718388095475804692814991879252E+00
0.17393356955422658739620217329608E+01 -0.51846561824017653073471803244128E+00
0.17465439848168910654328547341829E+01 -0.51964123214069470814249466521495E+00
0.17536695566619700513440075764090E+01 -0.52063207166686197925031370642774E+00
0.17603905966080933366876262694846E+01 -0.52137055072448995863031922771313E+00
0.17667304787751316801649394341878E+01 -0.52185207619543464782166809259984E+00
0.17727136293008783063921309433183E+01 -0.52211419613583503496576400650319E+00
0.17783707133364669906036520802259E+01 -0.52197950534087125815978647957311E+00
0.17815034547573899840225224479757E+01 -0.52658219865668729834569438219411E+00
0.17850120344988425375386863219344E+01 -0.53107621664090849262050829074747E+00
0.17888551399117168821597496939330E+01 -0.53547690184048838662984586882282E+00
0.17930019879685817072524331380231E+01 -0.53978781188210226479711823434226E+00
0.17974173971240419079838519850009E+01 -0.54401340916904944507549591581208E+00
0.18018568423244808483207740224833E+01 -0.54797324698357653543166512821489E+00
0.18061286133464424734224521302616E+01 -0.55156900922619243069515396432881E+00
0.18102617436883523422911272554489E+01 -0.55488547765438674578461530416818E+00
0.18142728903436023865757450091144E+01 -0.55797623087783787236665620452573E+00
0.18181722344288675141748210090035E+01 -0.56087786407161389107098794570091E+00
0.18213412862270530611312147423776E+01 -0.56317034902802808690003475220168E+00
0.18244398076026226680358819731318E+01 -0.56536159882991846539135561157975E+00
0.18274699188400465231569207185379E+01 -0.56746060066428422109634493593533E+00
0.18304329836312468405212457991768E+01 -0.56947499418181262255790428359151E+00
0.18333300856791116344186888722532E+01 -0.57141100536363397185503978738747E+00
0.18361620209754307719709746213233E+01 -0.57327388427220299562686537692648E+00
0.18389293971705458242047134686874E+01 -0.57506806924288844206978339900663E+00
0.18416326713313250844715916070078E+01 -0.57679735981592569550616069974146E+00
0.18442721879388401675298602279097E+01 -0.57846503198152871392818503449342E+00
0.18468482036908775062990137939175E+01 -0.58007393237081076124285623673617E+00
0.18493609071713705109285605544086E+01 -0.58162655036295645378517464410895E+00
0.18518104334757699476876505121989E+01 -0.58312507581044931144323402823074E+00
0.18541968755621394843410473784621E+01 -0.58457144517754827699571832411989E+00
0.18565202930363005931870931213085E+01 -0.58596737898853298565710459476728E+00
0.18587807190494008518788808020931E+01 -0.58731441244459726098108788956668E+00
0.18609781657470328087610393203308E+01 -0.58861392068776003123877233602618E+00
0.18631126286101183311529311219289E+01 -0.58986713980311830467496277714971E+00
0.18651840899355488792408432846855E+01 -0.59107518440441241206361445256593E+00
0.18671925216448976458211619969890E+01 -0.59223906245426658711247630579079E+00
0.18691378875637875702989671376954E+01 -0.59335968782926769013431578101089E+00
0.18710201452814170442081449562961E+01 -0.59443789103208187759966949368725E+00
0.18728392476748600650319623059642E+01 -0.59547442837067477431486873159969E+00
0.18745951441640904123906979379016E+01 -0.59646998986122333364536946517293E+00
0.18762877817494816913757378597792E+01 -0.59742520606194400736747146029949E+00
0.18779171058726711661805024747450E+01 -0.59834065400631528025936498644436E+00
0.18794830611332919237393946857937E+01 -0.59921686237353734886699935449573E+00
0.18809855918875641918635257452424E+01 -0.60005431600967052377382430875034E+00
0.18824246427496415995184808510664E+01 -0.60085345989332470071443355701280E+00
0.18838001590125972122753000129936E+01 -0.60161470262397916942323276526733E+00
0.18851120870027586851097731334741E+01 -0.60233841949818532467985268866312E+00
0.18863603743785727627393831659317E+01 -0.60302495522842951403669682156465E+00
0.18875449703831551349983294536858E+01 -0.60367462635082865249221747135183E+00
0.18886658260580526500192674559684E+01 -0.60428772336072718280144127020201E+00
0.18897228944244280753642615286072E+01 -0.60486451260936756236793842532441E+00
0.18907161306368074223580780533007E+01 -0.60540523798988950522861386047187E+00
0.18916454921136550730430910819412E+01 -0.60591012243679455561883560519000E+00
0.18925109386483196782993286968761E+01 -0.60637936925955445691652617328840E+00
0.18933124325032715659305187168463E+01 -0.60681316332816572763759955503746E+00
0.18940499384898344190119537578869E+01 -0.60721167212638371080624386897114E+00
0.18947234240294363036180679461821E+01 -0.60757504669694814669495578576015E+00
0.18951368326605655766066448166608E+01 -0.60779784476535806134085582048547E+00
0.18955217661733734319725025774190E+01 -0.60800512461922139485537054253993E+00
0.18958782170000149661455702383315E+01 -0.60819691967135914274860643741991E+00
0.18962061780263492088952756298337E+01 -0.60837326073143729807821014372426E+00
0.18965056427176343088866446230891E+01 -0.60853417585146592897981119998285E+00
0.18967908667416549009485558019224E+01 -0.60868734714402878168786566818908E+00
0.18970761098651110066226539573015E+01 -0.60884043956406687013794147630272E+00
0.18973613721076680719710600410386E+01 -0.60899345345324057417415169129453E+00
0.18976466534879879337115681239436E+01 -0.60914638915237676324989862602559E+00
0.18979319540251717978388374787240E+01 -0.60929924699880415374893530532194E+00
0.18976466534879879337115681239436E+01 -0.60914638915237676324989862602559E+00
0.18973613721076680719710600410386E+01 -0.60899345345324057417415169129453E+00
0.18970761098651110066226539573015E+01 -0.60884043956406687013794147630272E+00
0.18967908667416549009485558019224E+01 -0.60868734714402878168786566818908E+00
0.18965056427176343088866446230891E+01 -0.60853417585146592897981119998285E+00
0.18962061780263492088952756298337E+01 -0.60837326073143729807821014372426E+00
0.18958782170000149661455702383315E+01 -0.60819691967135914274860643741991E+00
0.18955217661733734319725025774190E+01 -0.60800512461922139485537054253993E+00
0.18951368326605655766066448166608E+01 -0.60779784476535806134085582048547E+00
0.18947234240294363036180679461821E+01 -0.60757504669694814669495578576015E+00
0.18940499384898344190119537578869E+01 -0.60721167212638371080624386897114E+00
0.18933124325032715659305187168463E+01 -0.60681316332816572763759955503746E+00
0.18925109386483196782993286968761E+01 -0.60637936925955445691652617328840E+00
0.18916454921136550730430910819412E+01 -0.60591012243679455561883560519000E+00
0.18907161306368074223580780533007E+01 -0.60540523798988950522861386047187E+00
0.18897228944244280753642615286072E+01 -0.60486451260936756236793842532441E+00
0.18886658260580526500192674559684E+01 -0.60428772336072718280144127020201E+00
0.18875449703831551349983294536858E+01 -0.60367462635082865249221747135183E+00
0.18863603743785727627393831659317E+01 -0.60302495522842951403669682156465E+00
0.18851120870027586851097731334741E+01 -0.60233841949818532467985268866312E+00
0.18838001590125972122753000129936E+01 -0.60161470262397916942323276526733E+00
0.18824246427496415995184808510664E+01 -0.60085345989332470071443355701280E+00
0.18809855918875641918635257452424E+01 -0.60005431600967052377382430875034E+00
0.18794830611332919237393946857937E+01 -0.59921686237353734886699935449573E+00
0.18779171058726711661805024747450E+01 -0.59834065400631528025936498644436E+00
0.18762877817494816913757378597792E+01 -0.59742520606194400736747146029949E+00
0.18745951441640904123906979379016E+01 -0.59646998986122333364536946517293E+00
0.18728392476748600650319623059642E+01 -0.59547442837067477431486873159969E+00
0.18710201452814170442081449562961E+01 -0.59443789103208187759966949368725E+00
0.18691378875637875702989671376954E+01 -0.59335968782926769013431578101089E+00
0.18671925216448976458211619969890E+01 -0.59223906245426658711247630579079E+00
0.18651840899355488792408432846855E+01 -0.59107518440441241206361445256593E+00
0.18631126286101183311529311219289E+01 -0.58986713980311830467496277714971E+00
0.18609781657470328087610393203308E+01 -0.58861392068776003123877233602618E+00
0.18587807190494008518788808020931E+01 -0.58731441244459726098108788956668E+00
0.18565202930363005931870931213085E+01 -0.58596737898853298565710459476728E+00
0.18541968755621394843410473784621E+01 -0.58457144517754827699571832411989E+00
0.18518104334757699476876505121989E+01 -0.58312507581044931144323402823074E+00
0.18493609071713705109285605544086E+01 -0.58162655036295645378517464410895E+00
0.18468482036908775062990137939175E+01 -0.58007393237081076124285623673617E+00
0.18442721879388401675298602279097E+01 -0.57846503198152871392818503449342E+00
0.18416326713313250844715916070078E+01 -0.57679735981592569550616069974146E+00
0.18389293971705458242047134686874E+01 -0.57506806924288844206978339900663E+00
0.18361620209754307719709746213233E+01 -0.57327388427220299562686537692648E+00
0.18333300856791116344186888722532E+01 -0.57141100536363397185503978738747E+00
0.18304329836312468405212457991768E+01 -0.56947499418181262255790428359151E+00
0.18274699188400465231569207185379E+01 -0.56746060066428422109634493593533E+00
0.18244398076026226680358819731318E+01 -0.56536159882991846539135561157975E+00
0.18213412862270530611312147423776E+01 -0.56317034902802808690003475220168E+00
0.18181722344288675141748210090035E+01 -0.56087786407161389107098794570091E+00
0.18142728903436023865757450091144E+01 -0.55797623087783787236665620452573E+00
0.18102617436883523422911272554489E+01 -0.55488547765438674578461530416818E+00
0.18061286133464424734224521302616E+01 -0.55156900922619243069515396432881E+00
0.18018568423244808483207740224833E+01 -0.54797324698357653543166512821489E+00
0.17974173971240419079838519850009E+01 -0.54401340916904944507549591581208E+00
0.17930019879685817072524331380231E+01 -0.53978781188210226479711823434226E+00
0.17888551399117168821597496939330E+01 -0.53547690184048838662984586882282E+00
0.17850120344988425375386863219344E+01 -0.53107621664090849262050829074747E+00
0.17815034547573899840225224479757E+01 -0.52658219865668729834569438219411E+00
