0.19026765869327977424353758346532E+01 0.45345262042315244072885066088018E+00
0.19038030349536316086658068632497E+01 0.45160045560907071954755202375230E+00
0.19049094109214317455813569767764E+01 0.44987168656246566725576950538589E+00
0.19059827612797528900314729523321E+01 0.44826954682271095254411201594976E+00
0.19070112248436331336011980424414E+01 0.44679678681495184515598011375114E+00
0.19079827477322760951801997037777E+01 0.44545652559026607746143950640197E+00
0.19088906718438618896603182737330E+01 0.44424507036094089679320558725122E+00
0.19097477653751572561726719559892E+01 0.44313515033743362558789112540641E+00
0.19105659394900741873983245455459E+01 0.44210412640670036387911812773382E+00
0.19113530459605866678185266639228E+01 0.44113690713823602037043949783548E+00
0.19121145936970890264611078724896E+01 0.44022279771371238756291346347669E+00
0.19113530459605866678185266639228E+01 0.44113690713823602037043949783548E+00
0.19105659394900741873983245455459E+01 0.44210412640670036387911812773382E+00
0.19097477653751572561726719559892E+01 0.44313515033743362558789112540641E+00
0.19088906718438618896603182737330E+01 0.44424507036094089679320558725122E+00
0.19079827477322760951801997037777E+01 0.44545652559026607746143950640197E+00
0.19070112248436331336011980424414E+01 0.44679678681495184515598011375114E+00
0.19059827612797528900314729523321E+01 0.44826954682271095254411201594976E+00
0.19049094109214317455813569767764E+01 0.44987168656246566725576950538589E+00
0.19038030349536316086658068632497E+01 0.45160045560907071954755202375230E+00
0.19026765869327977424353758346532E+01 0.45345262042315244072885066088018E+00
0.19042439028786439837904655168207E+01 0.45607849597468294160070731594112E+00
0.19060457951779159377569908940008E+01 0.45856976731322112005293926265989E+00
0.19079758541728140270222812803467E+01 0.46097923911223580049188175742541E+00
0.19100248938197723998116611443229E+01 0.46329257366533863688219617688945E+00
0.19121638599101556275604488916733E+01 0.46550715164462320715757260176925E+00
0.19142637275721004032767499854691E+01 0.46752901299369086952655409276506E+00
0.19162313367041191107704904315435E+01 0.46931455329054364077517671782280E+00
0.19180813699253852655693369523336E+01 0.47091369802979531272365542086914E+00
0.19198220039618624029760626160610E+01 0.47235835169132433335981769649864E+00
0.19214584037243537845091244872397E+01 0.47367010034096733319920771233306E+00
0.19227446019157381268653706669026E+01 0.47467337948019560315456316031183E+00
0.19239618997808980845735098774588E+01 0.47560225256345715173472185343626E+00
0.19251112024146624710518068074598E+01 0.47646226167298903670994244577897E+00
0.19261931930413418884399051659000E+01 0.47725789175617480435220837568997E+00
0.19272083842003089014635326878475E+01 0.47799283352693491054976152747275E+00
0.19281571634967710576333804414081E+01 0.47867015669239237040241175596544E+00
0.19290398252122771896192064588766E+01 0.47929243703232786523994164737632E+00
0.19298565959276260361894388554656E+01 0.47986184670164049087962373900471E+00
0.19306076447880431471206960293835E+01 0.48038023472942661104222973254710E+00
0.19312931147984113775628302993128E+01 0.48084915424114560540821347786651E+00
0.19317137026052236258501102944455E+01 0.48113496844310654394119298387062E+00
0.19321052124295788955470986482506E+01 0.48139974159822687486582023428269E+00
0.19324676631936293486841808443666E+01 0.48164378479269597127126328877016E+00
0.19328010716213392434981508644965E+01 0.48186737476527856337315203239152E+00
0.19331054515951075629149396960797E+01 0.48207075823698442312992293848383E+00
0.19333953069554139640745708311017E+01 0.48226379005544071517603813650644E+00
0.19336851345351198433870018946426E+01 0.48245618150313321797742831661744E+00
0.19339749361691003021477681972114E+01 0.48264794208300758713550195260691E+00
0.19342647128149159083900902725914E+01 0.48283908230332529425381943543624E+00
0.19345544679439155774854251025537E+01 0.48302960854334991653061939617926E+00
0.19342647128149159083900902725914E+01 0.48283908230332529425381943543624E+00
0.19339749361691003021477681972114E+01 0.48264794208300758713550195260691E+00
0.19336851345351198433870018946426E+01 0.48245618150313321797742831661744E+00
0.19333953069554139640745708311017E+01 0.48226379005544071517603813650644E+00
0.19331054515951075629149396960797E+01 0.48207075823698442312992293848383E+00
0.19328010716213392434981508644965E+01 0.48186737476527856337315203239152E+00
0.19324676631936293486841808443666E+01 0.48164378479269597127126328877016E+00
0.19321052124295788955470986482506E+01 0.48139974159822687486582023428269E+00
0.19317137026052236258501102944455E+01 0.48113496844310654394119298387062E+00
0.19312931147984113775628302993128E+01 0.48084915424114560540821347786651E+00
0.19306076447880431471206960293835E+01 0.48038023472942661104222973254710E+00
0.19298565959276260361894388554656E+01 0.47986184670164049087962373900471E+00
0.19290398252122771896192064588766E+01 0.47929243703232786523994164737632E+00
0.19281571634967710576333804414081E+01 0.47867015669239237040241175596544E+00
0.19272083842003089014635326878475E+01 0.47799283352693491054976152747275E+00
0.19261931930413418884399051659000E+01 0.47725789175617480435220837568997E+00
0.19251112024146624710518068074598E+01 0.47646226167298903670994244577897E+00
0.19239618997808980845735098774588E+01 0.47560225256345715173472185343626E+00
0.19227446019157381268653706669026E+01 0.47467337948019560315456316031183E+00
0.19214584037243537845091244872397E+01 0.47367010034096733319920771233306E+00
0.19198220039618624029760626160610E+01 0.47235835169132433335981769649864E+00
0.19180813699253852655693369523336E+01 0.47091369802979531272365542086914E+00
0.19162313367041191107704904315435E+01 0.46931455329054364077517671782280E+00
0.19142637275721004032767499854691E+01 0.46752901299369086952655409276506E+00
0.19121638599101556275604488916733E+01 0.46550715164462320715757260176925E+00
0.19100248938197723998116611443229E+01 0.46329257366533863688219617688945E+00
0.19079758541728140270222812803467E+01 0.46097923911223580049188175742541E+00
0.19060457951779159377569908940008E+01 0.45856976731322112005293926265989E+00
0.19042439028786439837904655168207E+01 0.45607849597468294160070731594112E+00
0.19026765869327977424353758346532E+01 0.45345262042315244072885066088018E+00
0.18995269934768429426314190818336E+01 0.45336085264274720562489737108976E+00
0.18961601397787703438174535914143E+01 0.45312930512692176973724090524255E+00
0.18925469377383815439385621736967E+01 0.45277442303815890587102229889305E+00
0.18886620114053546710239673643447E+01 0.45229278582190612471819279167609E+00
0.18844805931377724944954372091799E+01 0.45168733930839405647982474585383E+00
0.18801855975175050423390764497048E+01 0.45099281804418304423800577779633E+00
0.18759338692869611693973481966453E+01 0.45024973945867891068920057090156E+00
0.18716839026521374922911174403224E+01 0.44946383520683938181750260193885E+00
0.18674105410584389599669009446688E+01 0.44863905467028629675341063975402E+00
0.18630973320198687953655592289769E+01 0.44777834640830525891024505768064E+00
0.18594643137755574550424424301871E+01 0.44703504945113147657047153698714E+00
0.18557908592946323860648979598354E+01 0.44626955677316154974922537504895E+00
0.18520733039199725657356726407554E+01 0.44548245728812228104112266928183E+00
0.18483087026272768153495716554871E+01 0.44467454700512488914302526793599E+00
0.18444947239287714989434555505381E+01 0.44384640415996232904062919140700E+00
0.18406294783278831846585127956918E+01 0.44299855918364887488226427345882E+00
0.18367114282427508364982295975684E+01 0.44213146090960186016088053306453E+00
0.18327393104778904819732626469307E+01 0.44124550556321121625691920827606E+00
0.18287120821263015644385584820952E+01 0.44034104102273312871000942977932E+00
0.18246288781238634866695678410363E+01 0.43941837642869423664496790908167E+00
0.18204889789628619269148679749497E+01 0.43847778781715193732827170799654E+00
0.18162917853161987411315560106875E+01 0.43751952338975913539299728934028E+00
0.18120367980325919718838983642954E+01 0.43654380759223952893666524619615E+00
0.18077236021412799347758390408000E+01 0.43555084455791039312118780478940E+00
0.18033518539599480885303862317990E+01 0.43454082094335314343374325935737E+00
0.17989212706062358144986028748845E+01 0.43351390830996573751199497258539E+00
0.17944316213985903755611945992441E+01 0.43247026512616129986988279905993E+00
0.17898827207533570477177894695403E+01 0.43141003846377225583377413802399E+00
0.17852744222780496334712687386721E+01 0.43033336544182138284677631137337E+00
0.17806066138282496806133363832215E+01 0.42924037446172631354604096118057E+00
0.17758792133466677963457663381981E+01 0.42813118626877856479987922794667E+00
0.17710921653414131949031894159378E+01 0.42700591486827652587293383152152E+00
0.17662454378900143544678112604016E+01 0.42586466831936218811665278530272E+00
0.17613390200784610611582832160139E+01 0.42470754942547176009132339080463E+00
0.17563729198022199782314070805507E+01 0.42353465633697825263622475518200E+00
0.17513471618700275836025107155269E+01 0.42234608307893702024817532161597E+00
0.17462617863622004974845381067297E+01 0.42114192001468701303345285008620E+00
0.17411168472038934343381863392818E+01 0.41992225425430478516675383392847E+00
0.17359124109206865609213700546194E+01 0.41868717001547575224861797026110E+00
0.17306485555494769171578414236380E+01 0.41743674894316712792955689339308E+00
0.17253253696821762427299045610903E+01 0.41617107039351464189019095252018E+00
0.17199429516234000451570955080287E+01 0.41489021168652736002461640041192E+00
0.17145014086463458315776035592550E+01 0.41359424833154268592582607056630E+00
0.17090008563335340343780907268832E+01 0.41228325422880043375042687797313E+00
0.17034414179911288026883080401566E+01 0.41095730185003212146739860598198E+00
0.16978232241272516685943381490713E+01 0.40961646240056326781350297408961E+00
0.16921464119861117839388973252359E+01 0.40826080596508926444790190586957E+00
0.16864111251309571047249955769843E+01 0.40689040163899802492027115219963E+00
0.16806175130698421184059591901577E+01 0.40550531764687022758957815767995E+00
0.16747657309190392115018033782364E+01 0.40410562144957806043049847796674E+00
0.16688559390996307411033645637532E+01 0.40269137984122518500751960706888E+00
0.16628883030634115695829790173163E+01 0.40126265903701742939669513677981E+00
0.16568629930447447248330347650216E+01 0.39981952475302026451427626172492E+00
0.16507801838354461755902275811411E+01 0.39836204227864595594593155042413E+00
0.16446400545801441645884926680117E+01 0.39689027654261288935320517296927E+00
0.16384427885898817896404741113331E+01 0.39540429217303454844064549276216E+00
0.16321885731720020597434661400443E+01 0.39390415355221982783593518235738E+00
0.16258775994745941117323648932428E+01 0.39238992486670100955426820445657E+00
0.16195100623439847697820109750029E+01 0.39086167015294907331515137409526E+00
0.16130861601939342073637920027999E+01 0.38931945333918551925480564919044E+00
0.16066060948853540914403645981139E+01 0.38776333828365512506662602329751E+00
0.16000700716154964787951839919844E+01 0.38619338880968715687982413296420E+00
0.15934782988156823400027230785619E+01 0.38460966873783595539735309316973E+00
0.15868309880567415499326680592235E+01 0.38301224191536391631078530108512E+00
0.15801283539614239540670330233788E+01 0.38140117224330122753372660479644E+00
0.15733706141231237436077648264485E+01 0.37977652370129512168806232118353E+00
0.15665579890303270595665480212383E+01 0.37813836037043824575115955042071E+00
0.15596907019962548795393646226672E+01 0.37648674645424851615419613235964E+00
0.15527689790932279198515994977836E+01 0.37482174629795576747902283883133E+00
0.15457930490913281876350781584219E+01 0.37314342440623564952885513077278E+00
0.15387631434009751391561654738073E+01 0.37145184545951775208696024940407E+00
0.15316794960190710898598347356778E+01 0.36974707432898338609044137871617E+00
0.15245423434784056182711595713416E+01 0.36802917609035789579354994432962E+00
0.15173519248000383592344466351935E+01 0.36629821603659211839636255319571E+00
0.15101084814484055882378100406712E+01 0.36455425968952010356530617081081E+00
0.15028122572889212813062335273155E+01 0.36279737281057169478982893967894E+00
0.14954634985478643180508484504211E+01 0.36102762141061158071639768515219E+00
0.14880624537743616628066445350813E+01 0.35924507175897109011729228805228E+00
0.14806093738042969116267671038323E+01 0.35744979039173240496499323537380E+00
0.14731045117259863482934967301111E+01 0.35564184411931967161035774102802E+00
0.14655481228474811597244527545212E+01 0.35382130003344784851229130673024E+00
0.14579404646653653136687737389284E+01 0.35198822551347533957089168798772E+00
0.14502817968349303637404510320498E+01 0.35014268823220215729164846035648E+00
0.14425723811416193301118483023093E+01 0.34828475616115250463367927369355E+00
0.14348124814736400737466819844979E+01 0.34641449757537834331487841070775E+00
0.14270023637956575577796771263882E+01 0.34453198105781532693323018269680E+00
0.14191422961234829274263400476045E+01 0.34263727550322260970816367949038E+00
0.14112325484996801314973696460023E+01 0.34073045012173331315528147597614E+00
0.14032733929700249998684375954174E+01 0.33881157444204209413577697152995E+00
0.13952651035607468460059188114610E+01 0.33688071831425361105026219258572E+00
0.13872079562564985833012932415764E+01 0.33493795191241237058823540760979E+00
0.13791022289789974648783321280436E+01 0.33298334573673641728710609557228E+00
0.13709482015662875593213691292219E+01 0.33101697061557180662523329404519E+00
0.13627461557525786188107918954264E+01 0.32903889770708608227811573799089E+00
0.13544963751486167724286096108237E+01 0.32704919850071631144885231234253E+00
0.13461991452225499983079100934414E+01 0.32504794481838715319749107566908E+00
0.13378547532812500476689393062070E+01 0.32303520881551236830234016273582E+00
0.13294634884520581961294399908248E+01 0.32101106298179299597384082543855E+00
0.13210256416649246871301705658199E+01 0.31897558014182387733061290283120E+00
0.13125415056349101696509551305990E+01 0.31692883345551882778213985332538E+00
0.13040113748450269278207928393986E+01 0.31487089641836754217722688987867E+00
0.12954355455293901911703920044672E+01 0.31280184286152970685296026998006E+00
0.12868143156566611485263209633462E+01 0.31072174695177935130003251628442E+00
0.12781479849137575553252715697898E+01 0.30863068319130491355718216436379E+00
0.12694368546898133158152270205452E+01 0.30652872641737444449319095543137E+00
0.12606812280603685903036058312127E+01 0.30441595180187278261378859822072E+00
0.12518814097717732890078110594264E+01 0.30229243485071671002644608327631E+00
0.12430377062257883303764638155727E+01 0.30015825140315613915224946185012E+00
0.12341504254643699778018049690069E+01 0.29801347763096593837017909304548E+00
0.12252198771546228327268948616466E+01 0.29585819003753409183205266317065E+00
0.12162463725739101258274437702913E+01 0.29369246545685209055319482156284E+00
0.12072302245951077138265075890806E+01 0.29151638105241205017452706856074E+00
0.11981717476719922939334934401088E+01 0.28933001431601502670781369015356E+00
0.11890712578247525636107506458323E+01 0.28713344306649479510240728355725E+00
0.11799290726256135840467963457409E+01 0.28492674544836179835749392208112E+00
0.11707455111845662781796624658078E+01 0.28270999993037018850836355740737E+00
0.11615208941351928503922580938549E+01 0.28048328530401200300407705280775E+00
0.11522555436205802549398467757290E+01 0.27824668068194198546362766397633E+00
0.11429497832793153444023242535134E+01 0.27600026549633565684647431352415E+00
0.11336039382315537339512095744849E+01 0.27374411949718415261439319847323E+00
0.11242183350651565906429836576443E+01 0.27147832275052848681194402014201E+00
0.11147933018218892886991900976647E+01 0.26920295563663558895671682349125E+00
0.11053291679836764976693369979937E+01 0.26691809884811896075905189049002E+00
0.10958262644589085098001018445555E+01 0.26462383338800640176722649494879E+00
0.10862849235687927784311662603367E+01 0.26232024056775661827519459810438E+00
0.10767054790337487255488942467438E+01 0.26000740200522690110871345332557E+00
0.10670882659598386273825134824422E+01 0.25768539962259423788867823016166E+00
0.10574336208252321789571174242249E+01 0.25535431564423128813780183963221E+00
0.10477418814667016398390057088733E+01 0.25301423259453967147254032946507E+00
0.10380133870661416005826476203033E+01 0.25066523329574067210099725744935E+00
0.10282484781371133533455675192288E+01 0.24830740086562766295284021551184E+00
0.10184474965114081010240484537910E+01 0.24594081871527852034423747763654E+00
0.10086107853256271743942443336523E+01 0.24356557054673217071633050154286E+00
0.99873868900777780951429003108649E+00 0.24118174035062948227016870209964E+00
0.98883155326387900835382391464405E+00 0.23878941240381938134708800795793E+00
0.97888972506457887073083637243337E+00 0.23638867126693247483175952798591E+00
0.96891355263177819872097225400631E+00 0.23397960178192239306734125425948E+00
0.95890338542525913647010953063609E+00 0.23156228906957649062170300224121E+00
0.94885957412931905955114035440768E+00 0.22913681852699733220377873580902E+00
0.93878247063940391458582835817054E+00 0.22670327582505445346429024779072E+00
0.92867242804874359665639072143308E+00 0.22426174690580978863314286805230E+00
0.91852980063498479066731827283397E+00 0.22181231797991498562225234555821E+00
0.90835494384682117275542323533004E+00 0.21935507552398348605643302458629E+00
0.89814821429061962401182512305008E+00 0.21689010627793773337323410336425E+00
0.88790996971704074831913477042300E+00 0.21441749724233137121960190097139E+00
0.87764056900765310741750675886373E+00 0.21193733567564856353969648264843E+00
0.86734037216153965332468558380041E+00 0.20944970909158033388341519522314E+00
0.85700974028189542993380257076107E+00 0.20695470525627876450439771003662E+00
0.84664903556261617415644307726015E+00 0.20445241218558977377040987023123E+00
0.83625862127487603932118243005814E+00 0.20194291814226522936043179616965E+00
0.82583886175369474682813924979078E+00 0.19942631163315499554160571196883E+00
0.81539012238449242340965319578001E+00 0.19690268140637923027579795831106E+00
0.80491276958963238216201387909646E+00 0.19437211644848167182025160069763E+00
0.79440717081495039727990720270331E+00 0.19183470598156498976248486297358E+00
0.78387369451627101391167704276678E+00 0.18929053946040738024899110492127E+00
0.77331271014590884541740377264747E+00 0.18673970656956255102795824556835E+00
0.76272458813915628948948024393502E+00 0.18418229722044250923870074306106E+00
0.75210969990075569586574340003377E+00 0.18161840154838377622473874537535E+00
0.74146841779135648410782660402432E+00 0.17904810990969785596264421377967E+00
0.73080111511395656668444796454195E+00 0.17647151287870581353746470534629E+00
0.72010816610032783423777684262657E+00 0.17388870124475843906921207378364E+00
0.70938994589742601808910696621882E+00 0.17129976600924083763329791954321E+00
0.69864683055378328121404251874669E+00 0.16870479838256318271037046321233E+00
0.68787919700588517788718506171262E+00 0.16610388978113763722901118481151E+00
0.67708742306453076491959701663950E+00 0.16349713182434124617998990356588E+00
0.66627188740117530543335540433154E+00 0.16088461633146621959806009234905E+00
0.65543296953425754485962400374373E+00 0.15826643531865706126845963669379E+00
0.64457104981550806270763389039272E+00 0.15564268099583455979656204387591E+00
0.63368650941624309540242746708082E+00 0.15301344576360954548389066359760E+00
0.62277973031363906434637653806852E+00 0.15037882221018173805355550122166E+00
0.61185109527699179721545462170696E+00 0.14773890310823035238638103975284E+00
0.60090098785395845157645855459942E+00 0.14509378141179090388768481353379E+00
0.58992979235678202940646974905579E+00 0.14244355025312220631790382325794E+00
0.57893789384849995407163853710765E+00 0.13978830293956265447200092969808E+00
0.56792567812913513444179277537113E+00 0.13712813295037562900595720497773E+00
0.55689353172187129206549610688367E+00 0.13446313393358555327310289523471E+00
0.54584184185921130837038351593965E+00 0.13179339970280325457159939512163E+00
0.53477099646911934489705566733650E+00 0.12911902423404214614993833716096E+00
0.52368138416114707122358662646809E+00 0.12644010166252516426561194897477E+00
0.51257339421254346486410937843205E+00 0.12375672627948229232794456051390E+00
0.50144741655434964871219607067236E+00 0.12106899252893969296950896250719E+00
0.49030384175747707923361657704450E+00 0.11837699500449930499790926141583E+00
0.47914306101877124874943265151809E+00 0.11568082844611139065407798944335E+00
0.46796546614705985708360008604142E+00 0.11298058773683774757595670117585E+00
0.45677144954918632287157955124831E+00 0.11027636789960763888040091543886E+00
0.44556140421602826066940806502857E+00 0.10756826409396552584972614352622E+00
0.43433572370850184495777426131170E+00 0.10485637161281189161906813990157E+00
0.42309480214355212723921882272536E+00 0.10214078587913636634462798597496E+00
0.41183903418012939353432572317093E+00 0.99421602442743761776200411717560E-01
0.40056881500515172705954486789601E+00 0.96698916976973285649956480164609E-01
0.38928454031945486103369967864075E+00 0.93972825275411439838006000957575E-01
0.37798660632372860633570929709360E+00 0.91243423248597625370381458522047E-01
0.36667540970444069885830669234173E+00 0.88510806920724297776668869883835E-01
0.35535134761974870022744561723406E+00 0.85775072426330631794962079588063E-01
0.34401481768539938177902348799574E+00 0.83036316006990142489121532546124E-01
0.33266621796061675439228080294728E+00 0.80294634007992959745881288520435E-01
0.32130594693397896173629352074999E+00 0.77550122875022339171902402183519E-01
0.30993440350928361564635429924423E+00 0.74802879150825690454490490094672E-01
0.29855198699140314782075038658246E+00 0.72052999471880848906628525540394E-01
0.28715909707212959636470846570950E+00 0.69300580565056942356429059932474E-01
0.27575613381600956773016357731237E+00 0.66545719244270509889760439414529E-01
0.26434349764616950427500657195979E+00 0.63788512407137172390337744837538E-01
0.25292158933013210600800814738334E+00 0.61029057031618751421210503007369E-01
0.24149080996562421359253301759520E+00 0.58267450172665965515752524615113E-01
0.23005156096637531652766832356619E+00 0.55503788958856697615807859363631E-01
0.21860424404790927233297530624418E+00 0.52738170589031334166540645042109E-01
0.20714926121332772445901942222795E+00 0.49970692328922900497884042591060E-01
0.19568701473908664692033946413910E+00 0.47201451507784586805374587614120E-01
0.18421790716076584999393434818524E+00 0.44430545515013431783445523743352E-01
0.17274234125883234067068877382215E+00 0.41658071796770320768973820055313E-01
0.16126072004439775384054806760394E+00 0.38884127852597608153199965610555E-01
0.14977344674496992107499845830438E+00 0.36108811232032949747511154173643E-01
0.13828092479019961600701634620232E+00 0.33332219531220661275573211409704E-01
0.12678355779762261358636173808386E+00 0.30554450389520565939600451731285E-01
0.11528174955839709545188022297881E+00 0.27775601486113346790795448281250E-01
0.10377590402303764469132679867717E+00 0.24995770536605047191732410736249E-01
0.92266425287145606802153183856127E-01 0.22215055289627734843009277144455E-01
0.80753717577136300211506897275794E-01 0.19433553523439016726862006659889E-01
0.69238185235963975342221092460475E-01 0.16651363042519632632687169889126E-01
0.57720232708844571906463827594703E-01 0.13868581674168358185710457827678E-01
0.46200264528976484911462544831708E-01 0.11085307265096561865667784819242E-01
0.34678685303260622248680377037546E-01 0.83016376780198941465103687816613E-02
0.23155899698019156503080362105028E-01 0.55176707882498346562134418573550E-02
0.11632312424714317565784458546027E-01 0.27335044802829828369301509083827E-02
0.10832822566687682165106272208205E-03 -0.50763355610003622891308698969484E-04
-0.11415648140224229782279793747287E-01 -0.28350348267967164966262544965624E-02
-0.22939211911761825438112806955945E-01 -0.56192120416960152373305832289903E-02
-0.34461958339728910402010648086514E-01 -0.84031971131919104551612311105526E-02
-0.45983482701164730548826942656304E-01 -0.11186892162047596636583740752000E-01
-0.57503380313638931701298035631093E-01 -0.13970199320320117496315764243692E-01
-0.69021246549522694318139881816643E-01 -0.16753020734775113086487179128425E-01
-0.80536676850256652819881435310939E-01 -0.19535258570301958252742624598087E-01
-0.92049266740614999195160954494169E-01 -0.22316815013328264652584664673736E-01
-0.10355861184296537404594254316660E+00 -0.25097592275235069596656684103741E-01
-0.11506430789152436331853216786266E+00 -0.27877492595770598035631213736971E-01
-0.12656595074660724279145262432411E+00 -0.30656418246464912019589399429345E-01
-0.13806313640887279564557488472110E+00 -0.33434271534042492158491797849993E-01
-0.14955546103356182394966353881369E+00 -0.36210954803835395145502080510818E-01
-0.16104252094472870208379311127381E+00 -0.38986370443194869479284807868222E-01
-0.17252391264946680578679265485705E+00 -0.41760420884901745253109379467625E-01
-0.18399923285212561978036802108159E+00 -0.44533008610576747412841099441527E-01
-0.19546807846852030634509265832355E+00 -0.47304036154088176397134236800764E-01
-0.20693004664013297804880492247097E+00 -0.50073406104959374652755869808946E-01
-0.21838473474830476464695551400619E+00 -0.52841021111773932100210570046048E-01
-0.22983174042841871979417604722893E+00 -0.55606783885579367591932963682226E-01
-0.24127066158407292144949894440436E+00 -0.58370597203289530466558883820749E-01
-0.25270109640124313977156242317575E+00 -0.61132363911084216454616872222977E-01
-0.26412264336243510297131357049040E+00 -0.63891986927807532537343917801266E-01
-0.27553490126082455140112245571669E+00 -0.66649369248363722715485049425197E-01
-0.28693746921438709902568019191143E+00 -0.69404413947110341069583789341708E-01
-0.29832994668001461381800661381149E+00 -0.72157024181249871949989250745114E-01
-0.30971193346761931004091284640101E+00 -0.74907103194218000493801450319880E-01
-0.32108302975422490890870380960855E+00 -0.77654554319069452455051063730863E-01
-0.33244283609804406324787006681451E+00 -0.80399280981860960492294754872195E-01
-0.34379095345254171031333766723861E+00 -0.83141186705031524761034487035136E-01
-0.35512698318048353365160487454973E+00 -0.85880175110779232871699482603252E-01
-0.36645052706797007079029394517933E+00 -0.88616149924435046868283803577884E-01
-0.37776118733845465362510520206749E+00 -0.91349014977833373675363848991132E-01
-0.38905856666674554390904006438911E+00 -0.94078674212678911715281279569400E-01
-0.40034226819299194962240298473538E+00 -0.96805031683910096988742876673679E-01
-0.41161189553665252406988250819329E+00 -0.99527991563058908375739753613739E-01
-0.42286705281044679862947829266022E+00 -0.10224745814160653421460638943677E+00
-0.43410734463428892285216515288357E+00 -0.10496333583433533951262209561752E+00
-0.44533237614920234069642951423366E+00 -0.10767552918267687042119491623833E+00
-0.45654175303121639694800690148001E+00 -0.11038394285805509078017257789866E+00
-0.46773508150524324015720710222600E+00 -0.11308848166522595967690359554034E+00
-0.47891196835893490129465191731960E+00 -0.11578905054561220758463677967428E+00
-0.49007202095652010088810517044227E+00 -0.11848555458063346981343149414917E+00
-0.50121484725262072702835784056103E+00 -0.12117789899503177336650000027979E+00
-0.51234005580604654590123800987267E+00 -0.12386598916019243616400976629792E+00
-0.52344725579356868317378463344018E+00 -0.12654973059745978156601057307259E+00
-0.53453605702367026371354897263223E+00 -0.12922902898144781617894363152603E+00
-0.54560606995027567091510027621289E+00 -0.13190379014334551931100338537585E+00
-0.55665690568645524866197422452074E+00 -0.13457392007421749904195503434748E+00
-0.56768817601810756432000454870017E+00 -0.13723932492829836992389276847512E+00
-0.57869949341761694693069362363547E+00 -0.13989991102628217818662918798996E+00
-0.58969047105748688686312503480215E+00 -0.14255558485860573459851604180601E+00
-0.60066072282394850721411247502800E+00 -0.14520625308872665330866168131791E+00
-0.61160986333054294604637327988509E+00 -0.14785182255639506358275057496677E+00
-0.62253750793167883875610541054297E+00 -0.15049220028091930067183611361865E+00
-0.63344327273616239366163429087617E+00 -0.15312729346442574865982843952923E+00
-0.64432677462070154034236944777321E+00 -0.15575700949511200709438935912547E+00
-0.65518763124338233320556916785232E+00 -0.15838125595049426730825115787120E+00
-0.66602546105711670785765368037658E+00 -0.16099994060064757927147396817283E+00
-0.67683988332306442383152597262856E+00 -0.16361297141143948016839392195879E+00
-0.68763051812402295694173082307509E+00 -0.16622025654775795287370920950717E+00
-0.69839698637779156606200383628632E+00 -0.16882170437673059189796151312826E+00
-0.70913890985050303198750222887739E+00 -0.17141722347093895385524564470141E+00
-0.71985591116992703011534247881468E+00 -0.17400672261162421675175597764972E+00
-0.73054761383874227842262440885897E+00 -0.17659011079188630269394249484943E+00
-0.74121364224777733929203618568590E+00 -0.17916729721987573415529501609963E+00
-0.75185362168922092574693202570415E+00 -0.18173819132197770271486495166225E+00
-0.76246717836979935136141757653179E+00 -0.18430270274598898384204073266717E+00
-0.77305393942392191236747706576824E+00 -0.18686074136428705824577479965311E+00
-0.78361353292679364037437745136056E+00 -0.18941221727699103274216761648075E+00
-0.79414558790749439581043269653101E+00 -0.19195704081511543709589065988496E+00
-0.80464973436202465137641161290612E+00 -0.19449512254371540756963999067722E+00
-0.81512560326631634305691540577175E+00 -0.19702637326502408162087234476599E+00
-0.82557282658921000938974213027339E+00 -0.19955070402158151335787015605569E+00
-0.83599103730539606832553931355124E+00 -0.20206802609935535521941735955903E+00
-0.84637986940832088612199584596352E+00 -0.20457825103085343612907066888551E+00
-0.85673895792305672645438779349423E+00 -0.20708129059822691627181766555642E+00
-0.86706793891913540111190326744609E+00 -0.20957705683636581843601242456173E+00
-0.87736644952334468915638161778323E+00 -0.21206546203598492051782733654398E+00
-0.88763412793248787679283395640438E+00 -0.21454641874670116147890806905786E+00
-0.89787061342610503880782876839399E+00 -0.21701983978010188972198067639834E+00
-0.90807554637915644368261548742432E+00 -0.21948563821280421314220879540788E+00
-0.91824856827466720872634270677495E+00 -0.22194372738950486402704557140875E+00
-0.92838932171633261459737495492550E+00 -0.22439402092602073749928325766270E+00
-0.93849745044108425283546026201187E+00 -0.22683643271232020103496411619677E+00
-0.94857259933161574787170699620803E+00 -0.22927087691554479967918068820783E+00
-0.95861441442886841804195037819691E+00 -0.23169726798302084645377968514788E+00
-0.96862254294447626323161610748640E+00 -0.23411552064526209217134834596010E+00
-0.97859663327316842427124852995569E+00 -0.23652554991896178406213205893664E+00
-0.98853633500513214192251051210213E+00 -0.23892727110997497453563400389003E+00
-0.99844129893833097390229157189830E+00 -0.24132059981629094812101961413162E+00
-0.10083111770907824073776973134993E+01 -0.24370545193099498100672612172475E+00
-0.10181456227127919910214258933208E+01 -0.24608174364522038279433560462255E+00
-0.10279442902991429098277970807963E+01 -0.24844939145108961897582814466127E+00
-0.10377068356012436021504081377579E+01 -0.25080831214464537989932781915252E+00
-0.10474329156392292415847477685524E+01 -0.25315842282877061875591495174811E+00
-0.10571221887140196368466269094852E+01 -0.25549964091609792799328198071107E+00
-0.10667743144193321225751678124191E+01 -0.25783188413190844308809245813059E+00
-0.10763889536536474950492828827213E+01 -0.26015507051701957949552433130088E+00
-0.10859657686321320825941611533621E+01 -0.26246911843066147960773683467187E+00
-0.10955044228985113973464462287564E+01 -0.26477394655334307590775899880560E+00
-0.11050045813368982354597513413304E+01 -0.26706947388970591769997735680692E+00
-0.11144659101835735704037436972689E+01 -0.26935561977136753645636155287891E+00
-0.11238880770387187173272415393384E+01 -0.27163230385975274230294370023474E+00
-0.11332707508781008700939120168413E+01 -0.27389944614891411113479009681375E+00
-0.11426136020647093593643689189648E+01 -0.27615696696833995229480456826419E+00
-0.11519163023603431293278635376457E+01 -0.27840478698575111308965781119900E+00
-0.11611785249371491418029396942926E+01 -0.28064282720988589014677385676394E+00
-0.11703999443891110852543282210670E+01 -0.28287100899327292599350598815485E+00
-0.11795802367434881589340426552659E+01 -0.28508925403499198033768998777005E+00
-0.11887190794722029153694644599581E+01 -0.28729748438342273669883345450201E+00
-0.11978161515031788093336542636063E+01 -0.28949562243898137690057758961931E+00
-0.12068711332316263111595049587931E+01 -0.29168359095684456973893962484141E+00
-0.12158837065312770381629787090345E+01 -0.29386131304966143804011560129594E+00
-0.12248535547655663964987398752834E+01 -0.29602871219025269517466421083507E+00
-0.12337803627987635600898596383420E+01 -0.29818571221429717917253939642062E+00
-0.12426638170070482627982186433215E+01 -0.30033223732300604205660585033122E+00
-0.12515036052895351609673538978335E+01 -0.30246821208578371920562461391471E+00
-0.12602994170792437262456464812696E+01 -0.30459356144287598003725288311588E+00
-0.12690509433540149773039687698782E+01 -0.30670821070800542542428107188006E+00
-0.12777578766473732792174801269580E+01 -0.30881208557099362349355849147226E+00
-0.12864199110593335149357215897520E+01 -0.31090511210036982091781191410549E+00
-0.12950367422671533985591055470408E+01 -0.31298721674596672755887849687899E+00
-0.13036080675360299771392764745411E+01 -0.31505832634150315744122040850339E+00
-0.13121335857297405026660550942096E+01 -0.31711836810715243316857963414000E+00
-0.13206129973212271634362123430710E+01 -0.31916726965209806918859223161662E+00
-0.13290460044031241715461590859783E+01 -0.32120495897707519255823681494377E+00
-0.13374323106982301297049575383694E+01 -0.32323136447689877994639794786511E+00
-0.13457716215699200313478741879525E+01 -0.32524641494297777661887228082854E+00
-0.13540636440325025789932349544523E+01 -0.32725003956581494652440535138743E+00
-0.13623080867615170212582317420379E+01 -0.32924216793749382605510335152448E+00
-0.13705046601039728484942537901388E+01 -0.33122273005415038863697435410052E+00
-0.13786530760885306773057504984365E+01 -0.33319165631843120596264028780752E+00
-0.13867530484356231455327628463748E+01 -0.33514887754193711345938740070798E+00
-0.13948042925675174431604800027204E+01 -0.33709432494765282045491727442273E+00
-0.14028065256183168537664069993513E+01 -0.33902793017236181401773721280379E+00
-0.14107594664439029474624363755392E+01 -0.34094962526904690085831315478889E+00
-0.14186628356318171175817296437108E+01 -0.34285934270927594027839814857283E+00
-0.14265163555110802686971927714878E+01 -0.34475701538557294561028453384783E+00
-0.14343197501619530878774676950315E+01 -0.34664257661377520262829053190227E+00
-0.14420727454256324107391652269344E+01 -0.34851596013537378112970778637435E+00
-0.14497750689138880276418932046783E+01 -0.35037710011984120235979874548010E+00
-0.14574264500186354232750954866682E+01 -0.35222593116694243642892420044277E+00
-0.14650266199214467700932540932039E+01 -0.35406238830903179813939487828568E+00
-0.14725753116029988307009583697527E+01 -0.35588640701333419115578373853852E+00
-0.14800722598524575694743263465258E+01 -0.35769792318421104802087947824806E+00
-0.14875172012767992486915084703013E+01 -0.35949687316541156261627435900230E+00
-0.14949098743100675079689582915251E+01 -0.36128319374230769090451008384156E+00
-0.15022500192225660823587437379342E+01 -0.36305682214411401266336201604144E+00
-0.15095373781299874309695832947553E+01 -0.36481769604609225369186057029574E+00
-0.15167716950024757949725483198827E+01 -0.36656575357173983097367546522478E+00
-0.15239527156736257755425721480772E+01 -0.36830093329496268850079679462622E+00
-0.15310801878494148143422731729633E+01 -0.37002317424223243914158648529914E+00
-0.15381538611170700421862191887818E+01 -0.37173241589472776106678696429374E+00
-0.15451734869538692530088573231925E+01 -0.37342859819045945804734867414223E+00
-0.15521388187358749815551260897887E+01 -0.37511166152637980058979266322158E+00
-0.15590496117466020313435913392005E+01 -0.37678154676047569873933488030000E+00
-0.15659056231856181643880166965047E+01 -0.37843819521384552869368916811037E+00
-0.15727066121770769479681809777692E+01 -0.38008154867275995644288404272590E+00
-0.15794523397781833141326937060249E+01 -0.38171154939070628117352779850160E+00
-0.15861425689875910862842197175981E+01 -0.38332814009041634092084169680534E+00
-0.15927770647537322521727716653569E+01 -0.38493126396587812192166012480071E+00
-0.15993555939830775946299342138333E+01 -0.38652086468433074339404974376884E+00
-0.16058779255483283881225019343060E+01 -0.38809688638824268995202787967397E+00
-0.16123438302965396622071695364331E+01 -0.38965927369727351139391555078664E+00
-0.16187530810571729501969815874561E+01 -0.39120797171021884978130122717673E+00
-0.16251054526500802612174660041946E+01 -0.39274292600693847352668565578716E+00
-0.16314007218934178911402581003245E+01 -0.39426408265026755445894672288791E+00
-0.16376386676114894090723355359884E+01 -0.39577138818791068403076904126386E+00
-0.16438190706425191611406420201919E+01 -0.39726478965431958292668977365586E+00
-0.16499417138463539060795194306485E+01 -0.39874423457255269539094173318016E+00
-0.16560063821120940825208225098041E+01 -0.40020967095611868007300879286543E+00
-0.16620128623656537600888878574758E+01 -0.40166104731080200583055537811938E+00
-0.16679609435772482817165221811011E+01 -0.40309831263647133185665063450646E+00
-0.16738504167688111651176139313473E+01 -0.40452141642887085165790802395779E+00
-0.16796810750213377386923391338182E+01 -0.40593030868139389679789230516216E+00
-0.16854527134821571002430056407473E+01 -0.40732493988683931796064227979191E+00
-0.16911651293721316324725032084335E+01 -0.40870526103915026239411627343228E+00
-0.16968181219927826271802011944594E+01 -0.41007122363513508853940266917269E+00
-0.17024114927333440891717002127772E+01 -0.41142277967617121894726543506728E+00
-0.17079450450777420473804865197906E+01 -0.41275988166989049998265511196423E+00
-0.17134185846115008657601661469988E+01 -0.41408248263184752341711964725104E+00
-0.17188319190285755535340313732399E+01 -0.41539053608716972902214234998257E+00
-0.17241848581381098594983761246573E+01 -0.41668399607218951211552065637906E+00
-0.17294772138711201691328306181247E+01 -0.41796281713605876954510263462819E+00
-0.17347088002871046738319811450477E+01 -0.41922695434234510144580307072060E+00
-0.17398794335805778253698848871309E+01 -0.42047636327061005935754314776506E+00
-0.17449889320875298109573603210225E+01 -0.42171100001796930805111403779293E+00
-0.17500371162918105566715080182042E+01 -0.42293082120063461938180464529757E+00
-0.17550238088314385044338253496563E+01 -0.42413578395543759053751628321123E+00
-0.17599488345048334097108507026519E+01 -0.42532584594133504625431569457501E+00
-0.17648120202769734469607948917826E+01 -0.42650096534089620519909542847671E+00
-0.17696131952854759703875535956309E+01 -0.42766110086177146896488869858761E+00
-0.17743521908466021205959348025851E+01 -0.42880621173814254867992527641097E+00
-0.17790288404611845698152902969427E+01 -0.42993625773215448995303960389166E+00
-0.17836429798204789032044538538940E+01 -0.43105119913532880054203920401600E+00
-0.17881944468119375880021667394653E+01 -0.43215099676995812279693707168032E+00
-0.17926830815249070327666275138741E+01 -0.43323561199048232596327187921421E+00
-0.17971087262562471546195917276813E+01 -0.43430500668484580969379528170766E+00
-0.18014712255158734034604368818624E+01 -0.43535914327583621585158638263427E+00
-0.18057704260322210297910060849920E+01 -0.43639798472240407007189810769335E+00
-0.18100061767576311854776654970636E+01 -0.43742149452096394884810472347682E+00
-0.18141783288736592462688379159094E+01 -0.43842963670667657396441116919123E+00
-0.18182867357963044393967811115663E+01 -0.43942237585471195224851128167708E+00
-0.18223312531811610333136787094010E+01 -0.44039967708149373076957909474578E+00
-0.18263117389284910606814705129021E+01 -0.44136150604592431819619859020152E+00
-0.18302280531882176272901853097313E+01 -0.44230782895059107388693361592147E+00
-0.18340800583648399058665663199343E+01 -0.44323861254295361964446070964472E+00
-0.18378676191222680190178629782502E+01 -0.44415382411651132426134816185302E+00
-0.18415906023885793652342785350076E+01 -0.44505343151195268219297499314584E+00
-0.18452488773606947891694642975311E+01 -0.44593740311828431924840179093631E+00
-0.18488423155089751703712082606880E+01 -0.44680570787394162118890882519835E+00
-0.18523707905817382995972091928289E+01 -0.44765831526787966749742473550372E+00
-0.18558341786096954247446481678845E+01 -0.44849519534064484831385494019305E+00
-0.18592323579103078575524577509760E+01 -0.44931631868542726194730309630520E+00
-0.18625652090920629518997264373885E+01 -0.45012165644909346025453278890187E+00
-0.18658326150586697430147661711815E+01 -0.45091118033320000827963933566865E+00
-0.18690344610131739006527202385144E+01 -0.45168486259498742883317051570815E+00
-0.18721706344619918062249124589692E+01 -0.45244267604835460354081033827434E+00
-0.18752410252188638171953449728365E+01 -0.45318459406481371343651112370113E+00
-0.18782455254087262174487002751888E+01 -0.45391059057442546660208075597293E+00
-0.18811840294715022469915091671679E+01 -0.45462064006671495487025011337139E+00
-0.18840564341658115326642988848020E+01 -0.45531471759156750174633051139683E+00
-0.18868626385725981455311021145665E+01 -0.45599279876010514349602413021761E+00
-0.18896025440986769852422845572434E+01 -0.45665485974554322627414293330036E+00
-0.18922760544801985252675266133493E+01 -0.45730087728402737884536518342226E+00
-0.18948830757860316275873782801595E+01 -0.45793082867545056946568223989561E+00
-0.18974235164210643664348901598591E+01 -0.45854469178425046322065071117716E+00
-0.18998972871294227892937012340276E+01 -0.45914244504018694975780259266957E+00
-0.19023043009976075233618787405531E+01 -0.45972406743909979820069460069347E+00
-0.19046444734575479454032419368787E+01 -0.46028953854364635556896718442118E+00
-0.19069177222895740347168780974764E+01 -0.46083883848401950683796483687127E+00
-0.19091239676253056810816942456756E+01 -0.46137194795864552534819382934419E+00
-0.19112631319504592919054848607943E+01 -0.46188884823486204932293922792997E+00
-0.19133351401075717769304653942520E+01 -0.46238952114957609960356010422020E+00
-0.19153399192986416486785927980116E+01 -0.46287394910990202098796758127321E+00
-0.19172773990876871800109070536158E+01 -0.46334211509377944015548925720514E+00
-0.19191475114032216606620660051210E+01 -0.46379400265057119317536706672008E+00
-0.19209501905406454509986598837721E+01 -0.46422959590164111196935841929574E+00
-0.19226853731645549167561190877069E+01 -0.46464887954091178874270900529633E+00
-0.19243529983109680964583591783189E+01 -0.46505183883540221353391235919907E+00
-0.19259530073894670590172842888899E+01 -0.46543845962574525193804241140613E+00
-0.19274853441852568070009482023329E+01 -0.46580872832668498845178041543390E+00
-0.19289499548611406747002252321355E+01 -0.46616263192755392086776122631070E+00
-0.19303467879594123068434810541608E+01 -0.46650015799273000282112741585794E+00
-0.19316757944036638597734377930678E+01 -0.46682129466207336035913252020496E+00
-0.19329369275005106178169383708304E+01 -0.46712603065134296479244863118767E+00
-0.19341301429412318281828908928874E+01 -0.46741435525259295083916303592355E+00
-0.19352553988033277650897525716941E+01 -0.46768625833454873768911862799944E+00
-0.19363126555519929142435453432310E+01 -0.46794173034296292522959373916924E+00
-0.19373018760415052507582406932837E+01 -0.46818076230095084618590037721496E+00
-0.19382230255165315911301254038717E+01 -0.46840334580930591200074305802659E+00
-0.19390760716133489152586861628362E+01 -0.46860947304679462950255833692264E+00
-0.19398609843609816467936212782894E+01 -0.46879913677043130726293767176852E+00
-0.19405777361822548786207145083788E+01 -0.46897233031573250697917827733115E+00
-0.19410176910141264162615549966306E+01 -0.46907863955106129532555669935432E+00
-0.19414273339895080820153859442402E+01 -0.46917762433019883549657589927194E+00
-0.19418066587117568115039815866938E+01 -0.46926928310729010231079268313988E+00
-0.19421556592576540342543497682478E+01 -0.46935361445089092411588688865861E+00
-0.19424743301774981592610832438220E+01 -0.46943061704399043946530449556582E+00
-0.19427778424858466695886666546630E+01 -0.46950395676054205260749382624275E+00
-0.19430813705939274276568095466099E+01 -0.46957730029536091524506812720066E+00
-0.19433849145022339822791547934477E+01 -0.46965064764856625239103488957421E+00
-0.19436884742112598952747000113273E+01 -0.46972399882027728714569194783717E+00
-0.19439920497214987366491312950096E+01 -0.46979735381061324931037497935915E+00
-0.19436884742112598952747000113273E+01 -0.46972399882027728714569194783717E+00
-0.19433849145022339822791547934477E+01 -0.46965064764856625239103488957421E+00
-0.19430813705939274276568095466099E+01 -0.46957730029536091524506812720066E+00
-0.19427778424858466695886666546630E+01 -0.46950395676054205260749382624275E+00
-0.19424743301774981592610832438220E+01 -0.46943061704399043946530449556582E+00
-0.19421556592576540342543497682478E+01 -0.46935361445089092411588688865861E+00
-0.19418066587117568115039815866938E+01 -0.46926928310729010231079268313988E+00
-0.19414273339895080820153859442402E+01 -0.46917762433019883549657589927194E+00
-0.19410176910141264162615549966306E+01 -0.46907863955106129532555669935432E+00
-0.19405777361822548786207145083788E+01 -0.46897233031573250697917827733115E+00
-0.19398609843609816467936212782894E+01 -0.46879913677043130726293767176852E+00
-0.19390760716133489152586861628362E+01 -0.46860947304679462950255833692264E+00
-0.19382230255165315911301254038717E+01 -0.46840334580930591200074305802659E+00
-0.19373018760415052507582406932837E+01 -0.46818076230095084618590037721496E+00
-0.19363126555519929142435453432310E+01 -0.46794173034296292522959373916924E+00
-0.19352553988033277650897525716941E+01 -0.46768625833454873768911862799944E+00
-0.19341301429412318281828908928874E+01 -0.46741435525259295083916303592355E+00
-0.19329369275005106178169383708304E+01 -0.46712603065134296479244863118767E+00
-0.19316757944036638597734377930678E+01 -0.46682129466207336035913252020496E+00
-0.19303467879594123068434810541608E+01 -0.46650015799273000282112741585794E+00
-0.19289499548611406747002252321355E+01 -0.46616263192755392086776122631070E+00
-0.19274853441852568070009482023329E+01 -0.46580872832668498845178041543390E+00
-0.19259530073894670590172842888899E+01 -0.46543845962574525193804241140613E+00
-0.19243529983109680964583591783189E+01 -0.46505183883540221353391235919907E+00
-0.19226853731645549167561190877069E+01 -0.46464887954091178874270900529633E+00
-0.19209501905406454509986598837721E+01 -0.46422959590164111196935841929574E+00
-0.19191475114032216606620660051210E+01 -0.46379400265057119317536706672008E+00
-0.19172773990876871800109070536158E+01 -0.46334211509377944015548925720514E+00
-0.19153399192986416486785927980116E+01 -0.46287394910990202098796758127321E+00
-0.19133351401075717769304653942520E+01 -0.46238952114957609960356010422020E+00
-0.19112631319504592919054848607943E+01 -0.46188884823486204932293922792997E+00
-0.19091239676253056810816942456756E+01 -0.46137194795864552534819382934419E+00
-0.19069177222895740347168780974764E+01 -0.46083883848401950683796483687127E+00
-0.19046444734575479454032419368787E+01 -0.46028953854364635556896718442118E+00
-0.19023043009976075233618787405531E+01 -0.45972406743909979820069460069347E+00
-0.18998972871294227892937012340276E+01 -0.45914244504018694975780259266957E+00
-0.18974235164210643664348901598591E+01 -0.45854469178425046322065071117716E+00
-0.18948830757860316275873782801595E+01 -0.45793082867545056946568223989561E+00
-0.18922760544801985252675266133493E+01 -0.45730087728402737884536518342226E+00
-0.18896025440986769852422845572434E+01 -0.45665485974554322627414293330036E+00
-0.18868626385725981455311021145665E+01 -0.45599279876010514349602413021761E+00
-0.18840564341658115326642988848020E+01 -0.45531471759156750174633051139683E+00
-0.18811840294715022469915091671679E+01 -0.45462064006671495487025011337139E+00
-0.18782455254087262174487002751888E+01 -0.45391059057442546660208075597293E+00
-0.18752410252188638171953449728365E+01 -0.45318459406481371343651112370113E+00
-0.18721706344619918062249124589692E+01 -0.45244267604835460354081033827434E+00
-0.18690344610131739006527202385144E+01 -0.45168486259498742883317051570815E+00
-0.18658326150586697430147661711815E+01 -0.45091118033320000827963933566865E+00
-0.18625652090920629518997264373885E+01 -0.45012165644909346025453278890187E+00
-0.18592323579103078575524577509760E+01 -0.44931631868542726194730309630520E+00
-0.18558341786096954247446481678845E+01 -0.44849519534064484831385494019305E+00
-0.18523707905817382995972091928289E+01 -0.44765831526787966749742473550372E+00
-0.18488423155089751703712082606880E+01 -0.44680570787394162118890882519835E+00
-0.18452488773606947891694642975311E+01 -0.44593740311828431924840179093631E+00
-0.18415906023885793652342785350076E+01 -0.44505343151195268219297499314584E+00
-0.18378676191222680190178629782502E+01 -0.44415382411651132426134816185302E+00
-0.18340800583648399058665663199343E+01 -0.44323861254295361964446070964472E+00
-0.18302280531882176272901853097313E+01 -0.44230782895059107388693361592147E+00
-0.18263117389284910606814705129021E+01 -0.44136150604592431819619859020152E+00
-0.18223312531811610333136787094010E+01 -0.44039967708149373076957909474578E+00
-0.18182867357963044393967811115663E+01 -0.43942237585471195224851128167708E+00
-0.18141783288736592462688379159094E+01 -0.43842963670667657396441116919123E+00
-0.18100061767576311854776654970636E+01 -0.43742149452096394884810472347682E+00
-0.18057704260322210297910060849920E+01 -0.43639798472240407007189810769335E+00
-0.18014712255158734034604368818624E+01 -0.43535914327583621585158638263427E+00
-0.17971087262562471546195917276813E+01 -0.43430500668484580969379528170766E+00
-0.17926830815249070327666275138741E+01 -0.43323561199048232596327187921421E+00
-0.17881944468119375880021667394653E+01 -0.43215099676995812279693707168032E+00
-0.17836429798204789032044538538940E+01 -0.43105119913532880054203920401600E+00
-0.17790288404611845698152902969427E+01 -0.42993625773215448995303960389166E+00
-0.17743521908466021205959348025851E+01 -0.42880621173814254867992527641097E+00
-0.17696131952854759703875535956309E+01 -0.42766110086177146896488869858761E+00
-0.17648120202769734469607948917826E+01 -0.42650096534089620519909542847671E+00
-0.17599488345048334097108507026519E+01 -0.42532584594133504625431569457501E+00
-0.17550238088314385044338253496563E+01 -0.42413578395543759053751628321123E+00
-0.17500371162918105566715080182042E+01 -0.42293082120063461938180464529757E+00
-0.17449889320875298109573603210225E+01 -0.42171100001796930805111403779293E+00
-0.17398794335805778253698848871309E+01 -0.42047636327061005935754314776506E+00
-0.17347088002871046738319811450477E+01 -0.41922695434234510144580307072060E+00
-0.17294772138711201691328306181247E+01 -0.41796281713605876954510263462819E+00
-0.17241848581381098594983761246573E+01 -0.41668399607218951211552065637906E+00
-0.17188319190285755535340313732399E+01 -0.41539053608716972902214234998257E+00
-0.17134185846115008657601661469988E+01 -0.41408248263184752341711964725104E+00
-0.17079450450777420473804865197906E+01 -0.41275988166989049998265511196423E+00
-0.17024114927333440891717002127772E+01 -0.41142277967617121894726543506728E+00
-0.16968181219927826271802011944594E+01 -0.41007122363513508853940266917269E+00
-0.16911651293721316324725032084335E+01 -0.40870526103915026239411627343228E+00
-0.16854527134821571002430056407473E+01 -0.40732493988683931796064227979191E+00
-0.16796810750213377386923391338182E+01 -0.40593030868139389679789230516216E+00
-0.16738504167688111651176139313473E+01 -0.40452141642887085165790802395779E+00
-0.16679609435772482817165221811011E+01 -0.40309831263647133185665063450646E+00
-0.16620128623656537600888878574758E+01 -0.40166104731080200583055537811938E+00
-0.16560063821120940825208225098041E+01 -0.40020967095611868007300879286543E+00
-0.16499417138463539060795194306485E+01 -0.39874423457255269539094173318016E+00
-0.16438190706425191611406420201919E+01 -0.39726478965431958292668977365586E+00
-0.16376386676114894090723355359884E+01 -0.39577138818791068403076904126386E+00
-0.16314007218934178911402581003245E+01 -0.39426408265026755445894672288791E+00
-0.16251054526500802612174660041946E+01 -0.39274292600693847352668565578716E+00
-0.16187530810571729501969815874561E+01 -0.39120797171021884978130122717673E+00
-0.16123438302965396622071695364331E+01 -0.38965927369727351139391555078664E+00
-0.16058779255483283881225019343060E+01 -0.38809688638824268995202787967397E+00
-0.15993555939830775946299342138333E+01 -0.38652086468433074339404974376884E+00
-0.15927770647537322521727716653569E+01 -0.38493126396587812192166012480071E+00
-0.15861425689875910862842197175981E+01 -0.38332814009041634092084169680534E+00
-0.15794523397781833141326937060249E+01 -0.38171154939070628117352779850160E+00
-0.15727066121770769479681809777692E+01 -0.38008154867275995644288404272590E+00
-0.15659056231856181643880166965047E+01 -0.37843819521384552869368916811037E+00
-0.15590496117466020313435913392005E+01 -0.37678154676047569873933488030000E+00
-0.15521388187358749815551260897887E+01 -0.37511166152637980058979266322158E+00
-0.15451734869538692530088573231925E+01 -0.37342859819045945804734867414223E+00
-0.15381538611170700421862191887818E+01 -0.37173241589472776106678696429374E+00
-0.15310801878494148143422731729633E+01 -0.37002317424223243914158648529914E+00
-0.15239527156736257755425721480772E+01 -0.36830093329496268850079679462622E+00
-0.15167716950024757949725483198827E+01 -0.36656575357173983097367546522478E+00
-0.15095373781299874309695832947553E+01 -0.36481769604609225369186057029574E+00
-0.15022500192225660823587437379342E+01 -0.36305682214411401266336201604144E+00
-0.14949098743100675079689582915251E+01 -0.36128319374230769090451008384156E+00
-0.14875172012767992486915084703013E+01 -0.35949687316541156261627435900230E+00
-0.14800722598524575694743263465258E+01 -0.35769792318421104802087947824806E+00
-0.14725753116029988307009583697527E+01 -0.35588640701333419115578373853852E+00
-0.14650266199214467700932540932039E+01 -0.35406238830903179813939487828568E+00
-0.14574264500186354232750954866682E+01 -0.35222593116694243642892420044277E+00
-0.14497750689138880276418932046783E+01 -0.35037710011984120235979874548010E+00
-0.14420727454256324107391652269344E+01 -0.34851596013537378112970778637435E+00
-0.14343197501619530878774676950315E+01 -0.34664257661377520262829053190227E+00
-0.14265163555110802686971927714878E+01 -0.34475701538557294561028453384783E+00
-0.14186628356318171175817296437108E+01 -0.34285934270927594027839814857283E+00
-0.14107594664439029474624363755392E+01 -0.34094962526904690085831315478889E+00
-0.14028065256183168537664069993513E+01 -0.33902793017236181401773721280379E+00
-0.13948042925675174431604800027204E+01 -0.33709432494765282045491727442273E+00
-0.13867530484356231455327628463748E+01 -0.33514887754193711345938740070798E+00
-0.13786530760885306773057504984365E+01 -0.33319165631843120596264028780752E+00
-0.13705046601039728484942537901388E+01 -0.33122273005415038863697435410052E+00
-0.13623080867615170212582317420379E+01 -0.32924216793749382605510335152448E+00
-0.13540636440325025789932349544523E+01 -0.32725003956581494652440535138743E+00
-0.13457716215699200313478741879525E+01 -0.32524641494297777661887228082854E+00
-0.13374323106982301297049575383694E+01 -0.32323136447689877994639794786511E+00
-0.13290460044031241715461590859783E+01 -0.32120495897707519255823681494377E+00
-0.13206129973212271634362123430710E+01 -0.31916726965209806918859223161662E+00
-0.13121335857297405026660550942096E+01 -0.31711836810715243316857963414000E+00
-0.13036080675360299771392764745411E+01 -0.31505832634150315744122040850339E+00
-0.12950367422671533985591055470408E+01 -0.31298721674596672755887849687899E+00
-0.12864199110593335149357215897520E+01 -0.31090511210036982091781191410549E+00
-0.12777578766473732792174801269580E+01 -0.30881208557099362349355849147226E+00
-0.12690509433540149773039687698782E+01 -0.30670821070800542542428107188006E+00
-0.12602994170792437262456464812696E+01 -0.30459356144287598003725288311588E+00
-0.12515036052895351609673538978335E+01 -0.30246821208578371920562461391471E+00
-0.12426638170070482627982186433215E+01 -0.30033223732300604205660585033122E+00
-0.12337803627987635600898596383420E+01 -0.29818571221429717917253939642062E+00
-0.12248535547655663964987398752834E+01 -0.29602871219025269517466421083507E+00
-0.12158837065312770381629787090345E+01 -0.29386131304966143804011560129594E+00
-0.12068711332316263111595049587931E+01 -0.29168359095684456973893962484141E+00
-0.11978161515031788093336542636063E+01 -0.28949562243898137690057758961931E+00
-0.11887190794722029153694644599581E+01 -0.28729748438342273669883345450201E+00
-0.11795802367434881589340426552659E+01 -0.28508925403499198033768998777005E+00
-0.11703999443891110852543282210670E+01 -0.28287100899327292599350598815485E+00
-0.11611785249371491418029396942926E+01 -0.28064282720988589014677385676394E+00
-0.11519163023603431293278635376457E+01 -0.27840478698575111308965781119900E+00
-0.11426136020647093593643689189648E+01 -0.27615696696833995229480456826419E+00
-0.11332707508781008700939120168413E+01 -0.27389944614891411113479009681375E+00
-0.11238880770387187173272415393384E+01 -0.27163230385975274230294370023474E+00
-0.11144659101835735704037436972689E+01 -0.26935561977136753645636155287891E+00
-0.11050045813368982354597513413304E+01 -0.26706947388970591769997735680692E+00
-0.10955044228985113973464462287564E+01 -0.26477394655334307590775899880560E+00
-0.10859657686321320825941611533621E+01 -0.26246911843066147960773683467187E+00
-0.10763889536536474950492828827213E+01 -0.26015507051701957949552433130088E+00
-0.10667743144193321225751678124191E+01 -0.25783188413190844308809245813059E+00
-0.10571221887140196368466269094852E+01 -0.25549964091609792799328198071107E+00
-0.10474329156392292415847477685524E+01 -0.25315842282877061875591495174811E+00
-0.10377068356012436021504081377579E+01 -0.25080831214464537989932781915252E+00
-0.10279442902991429098277970807963E+01 -0.24844939145108961897582814466127E+00
-0.10181456227127919910214258933208E+01 -0.24608174364522038279433560462255E+00
-0.10083111770907824073776973134993E+01 -0.24370545193099498100672612172475E+00
-0.99844129893833097390229157189830E+00 -0.24132059981629094812101961413162E+00
-0.98853633500513214192251051210213E+00 -0.23892727110997497453563400389003E+00
-0.97859663327316842427124852995569E+00 -0.23652554991896178406213205893664E+00
-0.96862254294447626323161610748640E+00 -0.23411552064526209217134834596010E+00
-0.95861441442886841804195037819691E+00 -0.23169726798302084645377968514788E+00
-0.94857259933161574787170699620803E+00 -0.22927087691554479967918068820783E+00
-0.93849745044108425283546026201187E+00 -0.22683643271232020103496411619677E+00
-0.92838932171633261459737495492550E+00 -0.22439402092602073749928325766270E+00
-0.91824856827466720872634270677495E+00 -0.22194372738950486402704557140875E+00
-0.90807554637915644368261548742432E+00 -0.21948563821280421314220879540788E+00
-0.89787061342610503880782876839399E+00 -0.21701983978010188972198067639834E+00
-0.88763412793248787679283395640438E+00 -0.21454641874670116147890806905786E+00
-0.87736644952334468915638161778323E+00 -0.21206546203598492051782733654398E+00
-0.86706793891913540111190326744609E+00 -0.20957705683636581843601242456173E+00
-0.85673895792305672645438779349423E+00 -0.20708129059822691627181766555642E+00
-0.84637986940832088612199584596352E+00 -0.20457825103085343612907066888551E+00
-0.83599103730539606832553931355124E+00 -0.20206802609935535521941735955903E+00
-0.82557282658921000938974213027339E+00 -0.19955070402158151335787015605569E+00
-0.81512560326631634305691540577175E+00 -0.19702637326502408162087234476599E+00
-0.80464973436202465137641161290612E+00 -0.19449512254371540756963999067722E+00
-0.79414558790749439581043269653101E+00 -0.19195704081511543709589065988496E+00
-0.78361353292679364037437745136056E+00 -0.18941221727699103274216761648075E+00
-0.77305393942392191236747706576824E+00 -0.18686074136428705824577479965311E+00
-0.76246717836979935136141757653179E+00 -0.18430270274598898384204073266717E+00
-0.75185362168922092574693202570415E+00 -0.18173819132197770271486495166225E+00
-0.74121364224777733929203618568590E+00 -0.17916729721987573415529501609963E+00
-0.73054761383874227842262440885897E+00 -0.17659011079188630269394249484943E+00
-0.71985591116992703011534247881468E+00 -0.17400672261162421675175597764972E+00
-0.70913890985050303198750222887739E+00 -0.17141722347093895385524564470141E+00
-0.69839698637779156606200383628632E+00 -0.16882170437673059189796151312826E+00
-0.68763051812402295694173082307509E+00 -0.16622025654775795287370920950717E+00
-0.67683988332306442383152597262856E+00 -0.16361297141143948016839392195879E+00
-0.66602546105711670785765368037658E+00 -0.16099994060064757927147396817283E+00
-0.65518763124338233320556916785232E+00 -0.15838125595049426730825115787120E+00
-0.64432677462070154034236944777321E+00 -0.15575700949511200709438935912547E+00
-0.63344327273616239366163429087617E+00 -0.15312729346442574865982843952923E+00
-0.62253750793167883875610541054297E+00 -0.15049220028091930067183611361865E+00
-0.61160986333054294604637327988509E+00 -0.14785182255639506358275057496677E+00
-0.60066072282394850721411247502800E+00 -0.14520625308872665330866168131791E+00
-0.58969047105748688686312503480215E+00 -0.14255558485860573459851604180601E+00
-0.57869949341761694693069362363547E+00 -0.13989991102628217818662918798996E+00
-0.56768817601810756432000454870017E+00 -0.13723932492829836992389276847512E+00
-0.55665690568645524866197422452074E+00 -0.13457392007421749904195503434748E+00
-0.54560606995027567091510027621289E+00 -0.13190379014334551931100338537585E+00
-0.53453605702367026371354897263223E+00 -0.12922902898144781617894363152603E+00
-0.52344725579356868317378463344018E+00 -0.12654973059745978156601057307259E+00
-0.51234005580604654590123800987267E+00 -0.12386598916019243616400976629792E+00
-0.50121484725262072702835784056103E+00 -0.12117789899503177336650000027979E+00
-0.49007202095652010088810517044227E+00 -0.11848555458063346981343149414917E+00
-0.47891196835893490129465191731960E+00 -0.11578905054561220758463677967428E+00
-0.46773508150524324015720710222600E+00 -0.11308848166522595967690359554034E+00
-0.45654175303121639694800690148001E+00 -0.11038394285805509078017257789866E+00
-0.44533237614920234069642951423366E+00 -0.10767552918267687042119491623833E+00
-0.43410734463428892285216515288357E+00 -0.10496333583433533951262209561752E+00
-0.42286705281044679862947829266022E+00 -0.10224745814160653421460638943677E+00
-0.41161189553665252406988250819329E+00 -0.99527991563058908375739753613739E-01
-0.40034226819299194962240298473538E+00 -0.96805031683910096988742876673679E-01
-0.38905856666674554390904006438911E+00 -0.94078674212678911715281279569400E-01
-0.37776118733845465362510520206749E+00 -0.91349014977833373675363848991132E-01
-0.36645052706797007079029394517933E+00 -0.88616149924435046868283803577884E-01
-0.35512698318048353365160487454973E+00 -0.85880175110779232871699482603252E-01
-0.34379095345254171031333766723861E+00 -0.83141186705031524761034487035136E-01
-0.33244283609804406324787006681451E+00 -0.80399280981860960492294754872195E-01
-0.32108302975422490890870380960855E+00 -0.77654554319069452455051063730863E-01
-0.30971193346761931004091284640101E+00 -0.74907103194218000493801450319880E-01
-0.29832994668001461381800661381149E+00 -0.72157024181249871949989250745114E-01
-0.28693746921438709902568019191143E+00 -0.69404413947110341069583789341708E-01
-0.27553490126082455140112245571669E+00 -0.66649369248363722715485049425197E-01
-0.26412264336243510297131357049040E+00 -0.63891986927807532537343917801266E-01
-0.25270109640124313977156242317575E+00 -0.61132363911084216454616872222977E-01
-0.24127066158407292144949894440436E+00 -0.58370597203289530466558883820749E-01
-0.22983174042841871979417604722893E+00 -0.55606783885579367591932963682226E-01
-0.21838473474830476464695551400619E+00 -0.52841021111773932100210570046048E-01
-0.20693004664013297804880492247097E+00 -0.50073406104959374652755869808946E-01
-0.19546807846852030634509265832355E+00 -0.47304036154088176397134236800764E-01
-0.18399923285212561978036802108159E+00 -0.44533008610576747412841099441527E-01
-0.17252391264946680578679265485705E+00 -0.41760420884901745253109379467625E-01
-0.16104252094472870208379311127381E+00 -0.38986370443194869479284807868222E-01
-0.14955546103356182394966353881369E+00 -0.36210954803835395145502080510818E-01
-0.13806313640887279564557488472110E+00 -0.33434271534042492158491797849993E-01
-0.12656595074660724279145262432411E+00 -0.30656418246464912019589399429345E-01
-0.11506430789152436331853216786266E+00 -0.27877492595770598035631213736971E-01
-0.10355861184296537404594254316660E+00 -0.25097592275235069596656684103741E-01
-0.92049266740614999195160954494169E-01 -0.22316815013328264652584664673736E-01
-0.80536676850256652819881435310939E-01 -0.19535258570301958252742624598087E-01
-0.69021246549522694318139881816643E-01 -0.16753020734775113086487179128425E-01
-0.57503380313638931701298035631093E-01 -0.13970199320320117496315764243692E-01
-0.45983482701164730548826942656304E-01 -0.11186892162047596636583740752000E-01
-0.34461958339728910402010648086514E-01 -0.84031971131919104551612311105526E-02
-0.22939211911761825438112806955945E-01 -0.56192120416960152373305832289903E-02
-0.11415648140224229782279793747287E-01 -0.28350348267967164966262544965624E-02
0.10832822566687682165106272208205E-03 -0.50763355610003622891308698969484E-04
0.11632312424714317565784458546027E-01 0.27335044802829828369301509083827E-02
0.23155899698019156503080362105028E-01 0.55176707882498346562134418573550E-02
0.34678685303260622248680377037546E-01 0.83016376780198941465103687816613E-02
0.46200264528976484911462544831708E-01 0.11085307265096561865667784819242E-01
0.57720232708844571906463827594703E-01 0.13868581674168358185710457827678E-01
0.69238185235963975342221092460475E-01 0.16651363042519632632687169889126E-01
0.80753717577136300211506897275794E-01 0.19433553523439016726862006659889E-01
0.92266425287145606802153183856127E-01 0.22215055289627734843009277144455E-01
0.10377590402303764469132679867717E+00 0.24995770536605047191732410736249E-01
0.11528174955839709545188022297881E+00 0.27775601486113346790795448281250E-01
0.12678355779762261358636173808386E+00 0.30554450389520565939600451731285E-01
0.13828092479019961600701634620232E+00 0.33332219531220661275573211409704E-01
0.14977344674496992107499845830438E+00 0.36108811232032949747511154173643E-01
0.16126072004439775384054806760394E+00 0.38884127852597608153199965610555E-01
0.17274234125883234067068877382215E+00 0.41658071796770320768973820055313E-01
0.18421790716076584999393434818524E+00 0.44430545515013431783445523743352E-01
0.19568701473908664692033946413910E+00 0.47201451507784586805374587614120E-01
0.20714926121332772445901942222795E+00 0.49970692328922900497884042591060E-01
0.21860424404790927233297530624418E+00 0.52738170589031334166540645042109E-01
0.23005156096637531652766832356619E+00 0.55503788958856697615807859363631E-01
0.24149080996562421359253301759520E+00 0.58267450172665965515752524615113E-01
0.25292158933013210600800814738334E+00 0.61029057031618751421210503007369E-01
0.26434349764616950427500657195979E+00 0.63788512407137172390337744837538E-01
0.27575613381600956773016357731237E+00 0.66545719244270509889760439414529E-01
0.28715909707212959636470846570950E+00 0.69300580565056942356429059932474E-01
0.29855198699140314782075038658246E+00 0.72052999471880848906628525540394E-01
0.30993440350928361564635429924423E+00 0.74802879150825690454490490094672E-01
0.32130594693397896173629352074999E+00 0.77550122875022339171902402183519E-01
0.33266621796061675439228080294728E+00 0.80294634007992959745881288520435E-01
0.34401481768539938177902348799574E+00 0.83036316006990142489121532546124E-01
0.35535134761974870022744561723406E+00 0.85775072426330631794962079588063E-01
0.36667540970444069885830669234173E+00 0.88510806920724297776668869883835E-01
0.37798660632372860633570929709360E+00 0.91243423248597625370381458522047E-01
0.38928454031945486103369967864075E+00 0.93972825275411439838006000957575E-01
0.40056881500515172705954486789601E+00 0.96698916976973285649956480164609E-01
0.41183903418012939353432572317093E+00 0.99421602442743761776200411717560E-01
0.42309480214355212723921882272536E+00 0.10214078587913636634462798597496E+00
0.43433572370850184495777426131170E+00 0.10485637161281189161906813990157E+00
0.44556140421602826066940806502857E+00 0.10756826409396552584972614352622E+00
0.45677144954918632287157955124831E+00 0.11027636789960763888040091543886E+00
0.46796546614705985708360008604142E+00 0.11298058773683774757595670117585E+00
0.47914306101877124874943265151809E+00 0.11568082844611139065407798944335E+00
0.49030384175747707923361657704450E+00 0.11837699500449930499790926141583E+00
0.50144741655434964871219607067236E+00 0.12106899252893969296950896250719E+00
0.51257339421254346486410937843205E+00 0.12375672627948229232794456051390E+00
0.52368138416114707122358662646809E+00 0.12644010166252516426561194897477E+00
0.53477099646911934489705566733650E+00 0.12911902423404214614993833716096E+00
0.54584184185921130837038351593965E+00 0.13179339970280325457159939512163E+00
0.55689353172187129206549610688367E+00 0.13446313393358555327310289523471E+00
0.56792567812913513444179277537113E+00 0.13712813295037562900595720497773E+00
0.57893789384849995407163853710765E+00 0.13978830293956265447200092969808E+00
0.58992979235678202940646974905579E+00 0.14244355025312220631790382325794E+00
0.60090098785395845157645855459942E+00 0.14509378141179090388768481353379E+00
0.61185109527699179721545462170696E+00 0.14773890310823035238638103975284E+00
0.62277973031363906434637653806852E+00 0.15037882221018173805355550122166E+00
0.63368650941624309540242746708082E+00 0.15301344576360954548389066359760E+00
0.64457104981550806270763389039272E+00 0.15564268099583455979656204387591E+00
0.65543296953425754485962400374373E+00 0.15826643531865706126845963669379E+00
0.66627188740117530543335540433154E+00 0.16088461633146621959806009234905E+00
0.67708742306453076491959701663950E+00 0.16349713182434124617998990356588E+00
0.68787919700588517788718506171262E+00 0.16610388978113763722901118481151E+00
0.69864683055378328121404251874669E+00 0.16870479838256318271037046321233E+00
0.70938994589742601808910696621882E+00 0.17129976600924083763329791954321E+00
0.72010816610032783423777684262657E+00 0.17388870124475843906921207378364E+00
0.73080111511395656668444796454195E+00 0.17647151287870581353746470534629E+00
0.74146841779135648410782660402432E+00 0.17904810990969785596264421377967E+00
0.75210969990075569586574340003377E+00 0.18161840154838377622473874537535E+00
0.76272458813915628948948024393502E+00 0.18418229722044250923870074306106E+00
0.77331271014590884541740377264747E+00 0.18673970656956255102795824556835E+00
0.78387369451627101391167704276678E+00 0.18929053946040738024899110492127E+00
0.79440717081495039727990720270331E+00 0.19183470598156498976248486297358E+00
0.80491276958963238216201387909646E+00 0.19437211644848167182025160069763E+00
0.81539012238449242340965319578001E+00 0.19690268140637923027579795831106E+00
0.82583886175369474682813924979078E+00 0.19942631163315499554160571196883E+00
0.83625862127487603932118243005814E+00 0.20194291814226522936043179616965E+00
0.84664903556261617415644307726015E+00 0.20445241218558977377040987023123E+00
0.85700974028189542993380257076107E+00 0.20695470525627876450439771003662E+00
0.86734037216153965332468558380041E+00 0.20944970909158033388341519522314E+00
0.87764056900765310741750675886373E+00 0.21193733567564856353969648264843E+00
0.88790996971704074831913477042300E+00 0.21441749724233137121960190097139E+00
0.89814821429061962401182512305008E+00 0.21689010627793773337323410336425E+00
0.90835494384682117275542323533004E+00 0.21935507552398348605643302458629E+00
0.91852980063498479066731827283397E+00 0.22181231797991498562225234555821E+00
0.92867242804874359665639072143308E+00 0.22426174690580978863314286805230E+00
0.93878247063940391458582835817054E+00 0.22670327582505445346429024779072E+00
0.94885957412931905955114035440768E+00 0.22913681852699733220377873580902E+00
0.95890338542525913647010953063609E+00 0.23156228906957649062170300224121E+00
0.96891355263177819872097225400631E+00 0.23397960178192239306734125425948E+00
0.97888972506457887073083637243337E+00 0.23638867126693247483175952798591E+00
0.98883155326387900835382391464405E+00 0.23878941240381938134708800795793E+00
0.99873868900777780951429003108649E+00 0.24118174035062948227016870209964E+00
0.10086107853256271743942443336523E+01 0.24356557054673217071633050154286E+00
0.10184474965114081010240484537910E+01 0.24594081871527852034423747763654E+00
0.10282484781371133533455675192288E+01 0.24830740086562766295284021551184E+00
0.10380133870661416005826476203033E+01 0.25066523329574067210099725744935E+00
0.10477418814667016398390057088733E+01 0.25301423259453967147254032946507E+00
0.10574336208252321789571174242249E+01 0.25535431564423128813780183963221E+00
0.10670882659598386273825134824422E+01 0.25768539962259423788867823016166E+00
0.10767054790337487255488942467438E+01 0.26000740200522690110871345332557E+00
0.10862849235687927784311662603367E+01 0.26232024056775661827519459810438E+00
0.10958262644589085098001018445555E+01 0.26462383338800640176722649494879E+00
0.11053291679836764976693369979937E+01 0.26691809884811896075905189049002E+00
0.11147933018218892886991900976647E+01 0.26920295563663558895671682349125E+00
0.11242183350651565906429836576443E+01 0.27147832275052848681194402014201E+00
0.11336039382315537339512095744849E+01 0.27374411949718415261439319847323E+00
0.11429497832793153444023242535134E+01 0.27600026549633565684647431352415E+00
0.11522555436205802549398467757290E+01 0.27824668068194198546362766397633E+00
0.11615208941351928503922580938549E+01 0.28048328530401200300407705280775E+00
0.11707455111845662781796624658078E+01 0.28270999993037018850836355740737E+00
0.11799290726256135840467963457409E+01 0.28492674544836179835749392208112E+00
0.11890712578247525636107506458323E+01 0.28713344306649479510240728355725E+00
0.11981717476719922939334934401088E+01 0.28933001431601502670781369015356E+00
0.12072302245951077138265075890806E+01 0.29151638105241205017452706856074E+00
0.12162463725739101258274437702913E+01 0.29369246545685209055319482156284E+00
0.12252198771546228327268948616466E+01 0.29585819003753409183205266317065E+00
0.12341504254643699778018049690069E+01 0.29801347763096593837017909304548E+00
0.12430377062257883303764638155727E+01 0.30015825140315613915224946185012E+00
0.12518814097717732890078110594264E+01 0.30229243485071671002644608327631E+00
0.12606812280603685903036058312127E+01 0.30441595180187278261378859822072E+00
0.12694368546898133158152270205452E+01 0.30652872641737444449319095543137E+00
0.12781479849137575553252715697898E+01 0.30863068319130491355718216436379E+00
0.12868143156566611485263209633462E+01 0.31072174695177935130003251628442E+00
0.12954355455293901911703920044672E+01 0.31280184286152970685296026998006E+00
0.13040113748450269278207928393986E+01 0.31487089641836754217722688987867E+00
0.13125415056349101696509551305990E+01 0.31692883345551882778213985332538E+00
0.13210256416649246871301705658199E+01 0.31897558014182387733061290283120E+00
0.13294634884520581961294399908248E+01 0.32101106298179299597384082543855E+00
0.13378547532812500476689393062070E+01 0.32303520881551236830234016273582E+00
0.13461991452225499983079100934414E+01 0.32504794481838715319749107566908E+00
0.13544963751486167724286096108237E+01 0.32704919850071631144885231234253E+00
0.13627461557525786188107918954264E+01 0.32903889770708608227811573799089E+00
0.13709482015662875593213691292219E+01 0.33101697061557180662523329404519E+00
0.13791022289789974648783321280436E+01 0.33298334573673641728710609557228E+00
0.13872079562564985833012932415764E+01 0.33493795191241237058823540760979E+00
0.13952651035607468460059188114610E+01 0.33688071831425361105026219258572E+00
0.14032733929700249998684375954174E+01 0.33881157444204209413577697152995E+00
0.14112325484996801314973696460023E+01 0.34073045012173331315528147597614E+00
0.14191422961234829274263400476045E+01 0.34263727550322260970816367949038E+00
0.14270023637956575577796771263882E+01 0.34453198105781532693323018269680E+00
0.14348124814736400737466819844979E+01 0.34641449757537834331487841070775E+00
0.14425723811416193301118483023093E+01 0.34828475616115250463367927369355E+00
0.14502817968349303637404510320498E+01 0.35014268823220215729164846035648E+00
0.14579404646653653136687737389284E+01 0.35198822551347533957089168798772E+00
0.14655481228474811597244527545212E+01 0.35382130003344784851229130673024E+00
0.14731045117259863482934967301111E+01 0.35564184411931967161035774102802E+00
0.14806093738042969116267671038323E+01 0.35744979039173240496499323537380E+00
0.14880624537743616628066445350813E+01 0.35924507175897109011729228805228E+00
0.14954634985478643180508484504211E+01 0.36102762141061158071639768515219E+00
0.15028122572889212813062335273155E+01 0.36279737281057169478982893967894E+00
0.15101084814484055882378100406712E+01 0.36455425968952010356530617081081E+00
0.15173519248000383592344466351935E+01 0.36629821603659211839636255319571E+00
0.15245423434784056182711595713416E+01 0.36802917609035789579354994432962E+00
0.15316794960190710898598347356778E+01 0.36974707432898338609044137871617E+00
0.15387631434009751391561654738073E+01 0.37145184545951775208696024940407E+00
0.15457930490913281876350781584219E+01 0.37314342440623564952885513077278E+00
0.15527689790932279198515994977836E+01 0.37482174629795576747902283883133E+00
0.15596907019962548795393646226672E+01 0.37648674645424851615419613235964E+00
0.15665579890303270595665480212383E+01 0.37813836037043824575115955042071E+00
0.15733706141231237436077648264485E+01 0.37977652370129512168806232118353E+00
0.15801283539614239540670330233788E+01 0.38140117224330122753372660479644E+00
0.15868309880567415499326680592235E+01 0.38301224191536391631078530108512E+00
0.15934782988156823400027230785619E+01 0.38460966873783595539735309316973E+00
0.16000700716154964787951839919844E+01 0.38619338880968715687982413296420E+00
0.16066060948853540914403645981139E+01 0.38776333828365512506662602329751E+00
0.16130861601939342073637920027999E+01 0.38931945333918551925480564919044E+00
0.16195100623439847697820109750029E+01 0.39086167015294907331515137409526E+00
0.16258775994745941117323648932428E+01 0.39238992486670100955426820445657E+00
0.16321885731720020597434661400443E+01 0.39390415355221982783593518235738E+00
0.16384427885898817896404741113331E+01 0.39540429217303454844064549276216E+00
0.16446400545801441645884926680117E+01 0.39689027654261288935320517296927E+00
0.16507801838354461755902275811411E+01 0.39836204227864595594593155042413E+00
0.16568629930447447248330347650216E+01 0.39981952475302026451427626172492E+00
0.16628883030634115695829790173163E+01 0.40126265903701742939669513677981E+00
0.16688559390996307411033645637532E+01 0.40269137984122518500751960706888E+00
0.16747657309190392115018033782364E+01 0.40410562144957806043049847796674E+00
0.16806175130698421184059591901577E+01 0.40550531764687022758957815767995E+00
0.16864111251309571047249955769843E+01 0.40689040163899802492027115219963E+00
0.16921464119861117839388973252359E+01 0.40826080596508926444790190586957E+00
0.16978232241272516685943381490713E+01 0.40961646240056326781350297408961E+00
0.17034414179911288026883080401566E+01 0.41095730185003212146739860598198E+00
0.17090008563335340343780907268832E+01 0.41228325422880043375042687797313E+00
0.17145014086463458315776035592550E+01 0.41359424833154268592582607056630E+00
0.17199429516234000451570955080287E+01 0.41489021168652736002461640041192E+00
0.17253253696821762427299045610903E+01 0.41617107039351464189019095252018E+00
0.17306485555494769171578414236380E+01 0.41743674894316712792955689339308E+00
0.17359124109206865609213700546194E+01 0.41868717001547575224861797026110E+00
0.17411168472038934343381863392818E+01 0.41992225425430478516675383392847E+00
0.17462617863622004974845381067297E+01 0.42114192001468701303345285008620E+00
0.17513471618700275836025107155269E+01 0.42234608307893702024817532161597E+00
0.17563729198022199782314070805507E+01 0.42353465633697825263622475518200E+00
0.17613390200784610611582832160139E+01 0.42470754942547176009132339080463E+00
0.17662454378900143544678112604016E+01 0.42586466831936218811665278530272E+00
0.17710921653414131949031894159378E+01 0.42700591486827652587293383152152E+00
0.17758792133466677963457663381981E+01 0.42813118626877856479987922794667E+00
0.17806066138282496806133363832215E+01 0.42924037446172631354604096118057E+00
0.17852744222780496334712687386721E+01 0.43033336544182138284677631137337E+00
0.17898827207533570477177894695403E+01 0.43141003846377225583377413802399E+00
0.17944316213985903755611945992441E+01 0.43247026512616129986988279905993E+00
0.17989212706062358144986028748845E+01 0.43351390830996573751199497258539E+00
0.18033518539599480885303862317990E+01 0.43454082094335314343374325935737E+00
0.18077236021412799347758390408000E+01 0.43555084455791039312118780478940E+00
0.18120367980325919718838983642954E+01 0.43654380759223952893666524619615E+00
0.18162917853161987411315560106875E+01 0.43751952338975913539299728934028E+00
0.18204889789628619269148679749497E+01 0.43847778781715193732827170799654E+00
0.18246288781238634866695678410363E+01 0.43941837642869423664496790908167E+00
0.18287120821263015644385584820952E+01 0.44034104102273312871000942977932E+00
0.18327393104778904819732626469307E+01 0.44124550556321121625691920827606E+00
0.18367114282427508364982295975684E+01 0.44213146090960186016088053306453E+00
0.18406294783278831846585127956918E+01 0.44299855918364887488226427345882E+00
0.18444947239287714989434555505381E+01 0.44384640415996232904062919140700E+00
0.18483087026272768153495716554871E+01 0.44467454700512488914302526793599E+00
0.18520733039199725657356726407554E+01 0.44548245728812228104112266928183E+00
0.18557908592946323860648979598354E+01 0.44626955677316154974922537504895E+00
0.18594643137755574550424424301871E+01 0.44703504945113147657047153698714E+00
0.18630973320198687953655592289769E+01 0.44777834640830525891024505768064E+00
0.18674105410584389599669009446688E+01 0.44863905467028629675341063975402E+00
0.18716839026521374922911174403224E+01 0.44946383520683938181750260193885E+00
0.18759338692869611693973481966453E+01 0.45024973945867891068920057090156E+00
0.18801855975175050423390764497048E+01 0.45099281804418304423800577779633E+00
0.18844805931377724944954372091799E+01 0.45168733930839405647982474585383E+00
0.18886620114053546710239673643447E+01 0.45229278582190612471819279167609E+00
0.18925469377383815439385621736967E+01 0.45277442303815890587102229889305E+00
0.18961601397787703438174535914143E+01 0.45312930512692176973724090524255E+00
0.18995269934768429426314190818336E+01 0.45336085264274720562489737108976E+00
