0.19457760648197415911611921757481E+01 0.34709015329199270150862891014859E+00
0.19466225256766070225171582153133E+01 0.34576886719890844720824567641035E+00
0.19474667368754085657694624708660E+01 0.34453890014975440553665568465873E+00
0.19482967475929866019639097878112E+01 0.34340154262350778450642933132233E+00
0.19491012101073913090941936673100E+01 0.34235815161973243720458516895764E+00
0.19498686303659186510242292794887E+01 0.34141040285766161236760016346539E+00
0.19505918662553185348906102132446E+01 0.34055519928760949080812304089389E+00
0.19512795903432031061066375422185E+01 0.33977289796370787001635072232790E+00
0.19519403028681767626707162861474E+01 0.33904726026047308798287916574930E+00
0.19525795823091367599865754238643E+01 0.33836745729974831780554191513983E+00
0.19532013267195458853518852476619E+01 0.33772581246181754948095834011183E+00
0.19525795823091367599865754238643E+01 0.33836745729974831780554191513983E+00
0.19519403028681767626707162861474E+01 0.33904726026047308798287916574930E+00
0.19512795903432031061066375422185E+01 0.33977289796370787001635072232790E+00
0.19505918662553185348906102132446E+01 0.34055519928760949080812304089389E+00
0.19498686303659186510242292794887E+01 0.34141040285766161236760016346539E+00
0.19491012101073913090941936673100E+01 0.34235815161973243720458516895764E+00
0.19482967475929866019639097878112E+01 0.34340154262350778450642933132233E+00
0.19474667368754085657694624708660E+01 0.34453890014975440553665568465873E+00
0.19466225256766070225171582153133E+01 0.34576886719890844720824567641035E+00
0.19457760648197415911611921757481E+01 0.34709015329199270150862891014859E+00
0.19468660387116771034759949089327E+01 0.34899062005124729132575052217391E+00
0.19481064836604361906347006256261E+01 0.35076742218901765292246988587332E+00
0.19494146709440756192324716430955E+01 0.35245462279953275384564743894688E+00
0.19507766756355751448996352692821E+01 0.35404051254660850176080524014160E+00
0.19521642704761748248875235596392E+01 0.35552133601816426061529654602320E+00
0.19534871673876896666407972468222E+01 0.35683474810225113526581060348370E+00
0.19546856569610217347513137304907E+01 0.35795750967037051555094871746915E+00
0.19557702442268998712564651940984E+01 0.35892708714361010043095428257023E+00
0.19567467886768209097348619824534E+01 0.35976737899958505686056150528961E+00
0.19576190829804114375562263453041E+01 0.36049437505611222564112032364530E+00
0.19580593980932390576171523232824E+01 0.36085385361581299409699546768062E+00
0.19584685529745651069443403912358E+01 0.36118350862053647574428193135091E+00
0.19588467613663575291155727822025E+01 0.36148465994527610304709273811880E+00
0.19591942102865900651874267834170E+01 0.36175841420437732951919191513508E+00
0.19595110531275918549986268704557E+01 0.36200571494450848070028564321122E+00
0.19598124814760315880685574773344E+01 0.36223897754126561965756845373208E+00
0.19601136103512309297725276928465E+01 0.36247011064197361879857105646762E+00
0.19604144579879502377941262281348E+01 0.36269918514676786230709579420592E+00
0.19607150368840140522855033538599E+01 0.36292627403459735670023501158589E+00
0.19610153728801379549991628552792E+01 0.36315142748055043892347913747895E+00
0.19607150368840140522855033538599E+01 0.36292627403459735670023501158589E+00
0.19604144579879502377941262281348E+01 0.36269918514676786230709579420592E+00
0.19601136103512309297725276928465E+01 0.36247011064197361879857105646762E+00
0.19598124814760315880685574773344E+01 0.36223897754126561965756845373208E+00
0.19595110531275918549986268704557E+01 0.36200571494450848070028564321122E+00
0.19591942102865900651874267834170E+01 0.36175841420437732951919191513508E+00
0.19588467613663575291155727822025E+01 0.36148465994527610304709273811880E+00
0.19584685529745651069443403912358E+01 0.36118350862053647574428193135091E+00
0.19580593980932390576171523232824E+01 0.36085385361581299409699546768062E+00
0.19576190829804114375562263453041E+01 0.36049437505611222564112032364530E+00
0.19567467886768209097348619824534E+01 0.35976737899958505686056150528961E+00
0.19557702442268998712564651940984E+01 0.35892708714361010043095428257023E+00
0.19546856569610217347513137304907E+01 0.35795750967037051555094871746915E+00
0.19534871673876896666407972468222E+01 0.35683474810225113526581060348370E+00
0.19521642704761748248875235596392E+01 0.35552133601816426061529654602320E+00
0.19507766756355751448996352692821E+01 0.35404051254660850176080524014160E+00
0.19494146709440756192324716430955E+01 0.35245462279953275384564743894688E+00
0.19481064836604361906347006256261E+01 0.35076742218901765292246988587332E+00
0.19468660387116771034759949089327E+01 0.34899062005124729132575052217391E+00
0.19457760648197415911611921757481E+01 0.34709015329199270150862891014859E+00
0.19434931455663444539641951157884E+01 0.34699205882065237771190321099389E+00
0.19410279099137917672768753200233E+01 0.34681656787399132789798259334409E+00
0.19383526172970517647258891587048E+01 0.34657073073425649091511441510151E+00
0.19354418092500681000693125669420E+01 0.34625181488467482194148190969297E+00
0.19322705925475078582995053419842E+01 0.34586015050885388340015633800066E+00
0.19289742759345241684994776052526E+01 0.34541665528826662546198246801290E+00
0.19256749909789639637131591845777E+01 0.34494534669688414678331459891075E+00
0.19223437820394918693223178036194E+01 0.34444849727575090895642149685546E+00
0.19189632105981278564288945864224E+01 0.34392770577450114116084677023956E+00
0.19155219500619025141089797569988E+01 0.34338418998256441966441724192299E+00
0.19126022260753787742034532127457E+01 0.34291446726822657434579634954780E+00
0.19096316615952066383980765127642E+01 0.34243012834260253690629980112993E+00
0.19066077698945281814158270398992E+01 0.34193139814375431635744143026626E+00
0.19035285832016541847344638045584E+01 0.34141861953427352485458053972031E+00
0.19003925504770674159810120980181E+01 0.34089203443629848306150769753222E+00
0.18971984272838371550259123462947E+01 0.34035186852906516366890080110152E+00
0.18939452100504481186981982399219E+01 0.33979831232630278767936732076785E+00
0.18906320833984995438463999647235E+01 0.33923153488824604153275177007493E+00
0.18872583823981451076712165841700E+01 0.33865168506769917303030741194721E+00
0.18838235634233736004690696442981E+01 0.33805889573426508659910044301828E+00
0.18803271819121455580093543184158E+01 0.33745328609037477699096967019934E+00
0.18767688749761566763222134774467E+01 0.33683496391864390034040659713835E+00
0.18731483477127060027718432618812E+01 0.33620402729976964709709017641303E+00
0.18694653622937182594197629829438E+01 0.33556056607132980557556922215293E+00
0.18657197291931500350064513028517E+01 0.33490466302586266934765970660985E+00
0.18619113000693633847316836660331E+01 0.33423639491712006022951341055020E+00
0.18580399619449023418835727104004E+01 0.33355583330463190658779294545375E+00
0.18541056324117701322338439104853E+01 0.33286304526822291477279828296846E+00
0.18501082556547026219181611199356E+01 0.33215809401491287124411441614637E+00
0.18460477991320034026394605013729E+01 0.33144103939702321316739309069529E+00
0.18419242507889327789480362897233E+01 0.33071193835633724021219899635670E+00
0.18377376167053596849192142145660E+01 0.32997084530644476651890715759271E+00
0.18334879190998018649168089966470E+01 0.32921781246312478033139968325821E+00
0.18291751946276934052138093243228E+01 0.32845289013085665925017039051790E+00
0.18247994929239222903940958611764E+01 0.32767612695212531123964046246691E+00
0.18203608753492292384521873701217E+01 0.32688757012504298209521215425745E+00
0.18158594139075842667927621229401E+01 0.32608726559388659605006162105193E+00
0.18112951903076293020630069587317E+01 0.32527525821639464834130809250994E+00
0.18066682951460446601360250250949E+01 0.32445159191105423458209918177900E+00
0.18019788271945267888900670559839E+01 0.32361630978710091373927511116282E+00
0.17972268927751647176395576503749E+01 0.32276945425953644567580934126705E+00
0.17924126052115124815657091308574E+01 0.32191106715112436116282434526626E+00
0.17875360843447139065971356379356E+01 0.32104118978303174336063915799959E+00
0.17825974561057173551978023033335E+01 0.32015986305554749547752960679401E+00
0.17775968521360090838732411405888E+01 0.31926712752010165689819645973289E+00
0.17725344094504435032986154252126E+01 0.31836302344364186342105573746419E+00
0.17674102701367042609919313861632E+01 0.31744759086627776447035785672406E+00
0.17622245810867288424959177169039E+01 0.31652086965298143936052362050436E+00
0.17569774937560978856941820339772E+01 0.31558289954002904501274028180189E+00
0.17516691639479518027693746501167E+01 0.31463372017677859240267170776766E+00
0.17462997516184737102014569047262E+01 0.31367337116330386607299005685230E+00
0.17408694207013772905415407560776E+01 0.31270189208433819102076217639032E+00
0.17353783389491811521047016109677E+01 0.31171932253992672068123213501227E+00
0.17298266777893411106932254010540E+01 0.31072570217313676847421521513204E+00
0.17242146121935600984285656965046E+01 0.30972107069513319019061624298632E+00
0.17185423205588095096445113916387E+01 0.30870546790789147091555742211325E+00
0.17128099845987770484001243507560E+01 0.30767893372478716953616473695147E+00
0.17070177892446149959666632507852E+01 0.30664150818927466046058412436512E+00
0.17011659225539987216508939804659E+01 0.30559323149184339974055134750606E+00
0.16952545756276223605845144439881E+01 0.30453414398541888862712923249626E+00
0.16892839425323620671548255751044E+01 0.30346428619935747138889090045139E+00
0.16832542202304252586325876918411E+01 0.30238369885216755322983995617833E+00
0.16771656085138821050754628216341E+01 0.30129242286307595113468849775942E+00
0.16710183099440440116860896797840E+01 0.30019049936254561580286186056568E+00
0.16648125297952112513785028422249E+01 0.29907796970183893799847942428720E+00
0.16585484760023666009214097578930E+01 0.29795487546171313537167769313376E+00
0.16522263591124351483890613890295E+01 0.29682125846032332383455111558135E+00
0.16458463922387719377087180744771E+01 0.29567716076040217444129458824860E+00
0.16394087910185749970098134806744E+01 0.29452262467577867891660083698333E+00
0.16329137735729505217060187715045E+01 0.29335769277729211492196816581804E+00
0.16263615604693886675354414183205E+01 0.29218240789815069685036592901607E+00
0.16197523746864281159450616709453E+01 0.29099681313878219935985188311649E+00
0.16130864415803137010208017447900E+01 0.28980095187121659851003209185251E+00
0.16063639888534690308223622835136E+01 0.28859486774303891606180976239791E+00
0.15995852465246221664206406793570E+01 0.28737860468094643404096788577897E+00
0.15927504469004411105351741039385E+01 0.28615220689394075269940179720175E+00
0.15858598245485461010367458318088E+01 0.28491571887618350468046290922044E+00
0.15789136162717800432362221774596E+01 0.28366918540954051022673589712890E+00
0.15719120610836306170177169943085E+01 0.28241265156583860747464152630802E+00
0.15648554001847032529560548745550E+01 0.28114616270885609101570036081793E+00
0.15577438769401587863479436789532E+01 0.27986976449606582731573595062646E+00
0.15505777368580326530405854956386E+01 0.27858350288015017632635662018149E+00
0.15433572275683626838977384836625E+01 0.27728742411030236686776357027719E+00
0.15360825988030580226629616511433E+01 0.27598157473333023013392974450855E+00
0.15287541023764474992445374293527E+01 0.27466600159457628637861045678455E+00
0.15213719921664515044030288063452E+01 0.27334075183866577454880546371650E+00
0.15139365240963262155349618380259E+01 0.27200587291009513882259297227961E+00
0.15064479561169322433980721717170E+01 0.27066141255367060729988950759462E+00
0.14989065481894859903853336980815E+01 0.26930741881480807704555863881582E+00
0.14913125622687530107023329942556E+01 0.26794394003970160179165899741892E+00
0.14836662622866481035341247126101E+01 0.26657102487537015448180555629537E+00
0.14759679141362081684911922061883E+01 0.26518872226958958819282289703066E+00
0.14682177856559073809846900487149E+01 0.26379708147071724508450318643249E+00
0.14604161466142873367526461119533E+01 0.26239615202741556886074776619613E+00
0.14525632686948749290936285201294E+01 0.26098598378828064229588697795920E+00
0.14446594254813652018065081438926E+01 0.25956662690138176201809641834746E+00
0.14367048924430468614633057787742E+01 0.25813813181371626067386757710465E+00
0.14286999469204497704763907909039E+01 0.25670054927058588911799827283444E+00
0.14206448681111971696295817416403E+01 0.25525393031489786312573021251496E+00
0.14125399370560423855289178616453E+01 0.25379832628639466847946497208257E+00
0.14043854366250782425695626272112E+01 0.25233378882081847119933404428929E+00
0.13961816515041003597380642383820E+01 0.25086036984901032905418084130073E+00
0.13879288681811131869771811322040E+01 0.24937812159595149583330280057630E+00
0.13796273749329656242932920111918E+01 0.24788709657974603088766377655810E+00
0.13712774618121037353485800901604E+01 0.24638734761055079160375907041912E+00
0.13628794206334307674253077111709E+01 0.24487892778945350725364714028007E+00
0.13544335449612641236643161886561E+01 0.24336189050730205815595531263913E+00
0.13459401300963785403788813831272E+01 0.24183628944348809260144642386706E+00
0.13373994730631305504302938659316E+01 0.24030217856468526230631630348299E+00
0.13288118725966508318955040445732E+01 0.23875961212354672751347485050555E+00
0.13201776291301023274855364729163E+01 0.23720864465736086629926180548231E+00
0.13114970447819935247148381050125E+01 0.23564933098667001177769753300944E+00
0.13027704233435421387817359561703E+01 0.23408172621385177927987434134809E+00
0.12939980702660830192848192804245E+01 0.23250588572166496989186607002265E+00
0.12851802926485139759338259824246E+01 0.23092186517176247772145303521388E+00
0.12763173992247759332847199914876E+01 0.22932972050317135032455729300973E+00
0.12674097003513608865716630584693E+01 0.22772950793074229189868858637982E+00
0.12584575079948441347792360224782E+01 0.22612128394356926159994944713381E+00
0.12494611357194368662400198988871E+01 0.22450510530338053316633883479304E+00
0.12404208986745542703845325586691E+01 0.22288102904290218398709447437629E+00
0.12313371135823970013174452826950E+01 0.22124911246419525918143259020090E+00
0.12222100987255407739704145703924E+01 0.21960941313696768414208528131531E+00
0.12130401739345331167467262471717E+01 0.21796198889686096388508079909102E+00
0.12038276605754928015029051515766E+01 0.21630689784371393929623397444481E+00
0.11945728815377099553135391904006E+01 0.21464419833980316503059281065367E+00
0.11852761612212442165731952087270E+01 0.21297394900806174103508093919035E+00
0.11759378255245186985034657410688E+01 0.21129620873027586701649073162265E+00
0.11665582018319073398209205341272E+01 0.20961103664526161752428119312793E+00
0.11571376190013146553364693125867E+01 0.20791849214702169082569649892711E+00
0.11476764073517437487812767696196E+01 0.20621863488288175912573614766463E+00
0.11381748986508542644940211707236E+01 0.20451152475160955274345857629276E+00
0.11286334261025053196557044213034E+01 0.20279722190151433928660360507604E+00
0.11190523243342837686476650231711E+01 0.20107578672852949216852313609536E+00
0.11094319293850169001142888053578E+01 0.19934727987427791693721387811887E+00
0.10997725786922662298749461636182E+01 0.19761176222412025110245405776275E+00
0.10900746110798036435731174315616E+01 0.19586929490518757569339269993534E+00
0.10803383667450672655415894549876E+01 0.19411993928439749097385943557936E+00
0.10705641872465957472054230635264E+01 0.19236375696645556269546844368085E+00
0.10607524154914424361488076833375E+01 0.19060080979184173683937501638128E+00
0.10509033957225652721467794323176E+01 0.18883115983478138761189003469770E+00
0.10410174735061945323436892985098E+01 0.18705486940120374174207923947164E+00
0.10310949957191759974351550981605E+01 0.18527200102668466941680294418617E+00
0.10211363105362894581493544282265E+01 0.18348261747437703058478574438346E+00
0.10111417674175425899536254215714E+01 0.18168678173292795787831833237219E+00
0.10011117170954378748600666679310E+01 0.17988455701438278015255203311765E+00
0.99104651156221471986512042548671E+00 0.17807600675207634546750648642612E+00
0.98094650405706395644886797680407E+00 0.17626119459851270621697791263963E+00
0.97081204905331571714305590360911E+00 0.17444018442323213290837263797453E+00
0.96064350224560010466939359844528E+00 0.17261304031066681837952315335889E+00
0.95044122053697978857662043610040E+00 0.17077982655798496140853494952628E+00
0.94020556202605538986038779410356E+00 0.16894060767292372068145589511254E+00
0.92993688599404239265257671566955E+00 0.16709544837161118604924541958720E+00
0.91963555289181970333038510297771E+00 0.16524441357637744901345654830175E+00
0.90930192432695059133371164480384E+00 0.16338756841355551545945749158251E+00
0.89893636305067403159395772278040E+00 0.16152497821127174312308967875017E+00
0.88853923294486838262797608444014E+00 0.15965670849722581612295773455620E+00
0.87811089900898617291585258395138E+00 0.15778282499646192695298504788443E+00
0.86765172734695990337750700892765E+00 0.15590339362912908584083038487839E+00
0.85716208515408007558652194729521E+00 0.15401848050823262487315316035802E+00
0.84664234070384336227797002918265E+00 0.15212815193737636316727520957894E+00
0.83609286333477338653155693010105E+00 0.15023247440849564475864073152872E+00
0.82551402343721236837456800457990E+00 0.14833151459958144091951603886018E+00
0.81490619244008432309123555791509E+00 0.14642533937239543334747114974368E+00
0.80426974279763023143903731887586E+00 0.14451401577017734190633104841016E+00
0.79360504797611476832401744848395E+00 0.14259761101534282226265175244139E+00
0.78291248244050495897388214249463E+00 0.14067619250717385696487808414175E+00
0.77219242164112164760025592544685E+00 0.13874982781950113105909589882990E+00
0.76144524200026142689880473122001E+00 0.13681858469837746754474180728739E+00
0.75067132089879367707225591309787E+00 0.13488253105974546149452411215763E+00
0.73987103666272757385865753275569E+00 0.13294173498709477691426786305982E+00
0.72904476854975392491717808198608E+00 0.13099626472911502762159603229776E+00
0.71819289673575920193605684801718E+00 0.12904618869733892358382761572889E+00
0.70731580230131311073992466330909E+00 0.12709157546377923162375141744461E+00
0.69641386721812965389121451914081E+00 0.12513249375855903373451359520444E+00
0.68548747433550215974139601136649E+00 0.12316901246753406023682501889592E+00
0.67453700736671241421184492757484E+00 0.12120120062990966848853862211895E+00
0.66356285087541431613771253835878E+00 0.11922912743584973562405974066627E+00
0.65256539026199189990663529584008E+00 0.11725286222408006183156031367262E+00
0.64154501174989264797375657253021E+00 0.11527247447948507037288674512623E+00
0.63050210237193596180096805991479E+00 0.11328803383069814268152279720209E+00
0.61943704995659753831105429346068E+00 0.11129961004768640977352256719064E+00
0.60835024311426917687291146249317E+00 0.10930727303932838046569145253172E+00
0.59724207122349527699962851669058E+00 0.10731109285098740131344190175995E+00
0.58611292441718582760119372792383E+00 0.10531113966207778577505735676612E+00
0.57496319356880671714884423976932E+00 0.10330748378362630540517900460042E+00
0.56379327027854653736550070944233E+00 0.10130019565582771307790299530866E+00
0.55260354685946185390831462201783E+00 0.99289345845595165473306239326982E-01
0.54139441632360029142924421656054E+00 0.97275005044105330178386013341727E-01
0.53016627236810208046555577695056E+00 0.95257244064338129744675380088025E-01
0.51891950936128002252270531397949E+00 0.93236133838611637982562958866572E-01
0.50765452232867939316964496198643E+00 0.91211745416112258717503706872254E-01
0.49637170693911679427120439940774E+00 0.89184149960419493646753433969184E-01
0.48507145949069907080420445822552E+00 0.87153418747026729710151514476222E-01
0.47375417689682301757501000305770E+00 0.85119623160857038766976620488077E-01
0.46242025667215526240607896998420E+00 0.83082834693774438424264299654398E-01
0.45107009691859376190720895777956E+00 0.81043124942091130340620808295143E-01
0.43970409631121079582307953844049E+00 0.79000565604070293451220667700642E-01
0.42832265408417772786553564445768E+00 0.76955228477424474734567292539060E-01
0.41692617001667253953531786994153E+00 0.74907185456810587272764823490089E-01
0.40551504441877002998346720455914E+00 0.72856508531320369451068796928958E-01
0.39408967811731526584826131795094E+00 0.70803269781967212207057272776701E-01
0.38265047244178065685961747991304E+00 0.68747541379169404080165898696574E-01
0.37119782921010739656455297433735E+00 0.66689395580229775098416200697089E-01
0.35973215071453160260676038108219E+00 0.64628904726811638827993575733473E-01
0.34825383970739462888513885184602E+00 0.62566141242411069728560329336081E-01
0.33676329938693990345613185071126E+00 0.60501177629826970820740944390654E-01
0.32526093338309499600802728807664E+00 0.58434086468626525104740006113485E-01
0.31374714574324015081856739183751E+00 0.56364940412608601938011215653608E-01
0.30222234091796378761374406498238E+00 0.54293812187263715605920891210901E-01
0.29068692374680493666630969537828E+00 0.52220774587231079916894578620971E-01
0.27914129944398367060926753839601E+00 0.50145900473753212044138830361964E-01
0.26758587358411953075476811785497E+00 0.48069262772127364280807948623518E-01
0.25602105208793840491902883237988E+00 0.45990934469154791426431862958193E-01
0.24444724120796910492592598562136E+00 0.43910988610587452046353543908912E-01
0.23286484751422843655199306296416E+00 0.41829498298571828395933273028560E-01
0.22127427787989725685263494099914E+00 0.39746536689091474636362535158009E-01
0.20967593946698658542443917784908E+00 0.37662176989406256026895845716821E-01
0.19807023971199424743079246640523E+00 0.35576492455490253551623858396886E-01
0.18645758631155384809186731290304E+00 0.33489556389467609211959266090738E-01
0.17483838720807462082346968595559E+00 0.31401442137045948030935254247629E-01
0.16321305057537439252992616489023E+00 0.29312223084948788738538692401028E-01
0.15158198480430479261778063330133E+00 0.27221972658345589022349247132675E-01
0.13994559848837015683268037701878E+00 0.25130764318280669772026943428174E-01
0.12830430040934001413915054872163E+00 0.23038671559100272467883222557037E-01
0.11665849952285569970995683423647E+00 0.20945767905878565379689875351866E-01
0.10500860494403200383885137242780E+00 0.18852126911842191467804691876944E-01
0.93355025933053774733136556501459E-01 0.16757822155793478194020599565369E-01
0.81698171880768291784930516145031E-01 0.14662927239532683837893874339238E-01
0.70038452294273651671637784809534E-01 0.12567515785279499636790788360233E-01
0.58376276782504081780330195179559E-01 0.10471661433092947728803512924131E-01
0.46712055041812338284924331814339E-01 0.83754378382912600885562189402974E-02
0.35046196841549226892322237392233E-01 0.62789186688704163080713507992348E-02
0.23379112009642158695815492704763E-01 0.41821776029225132063091631154718E-02
0.11711210418171164933927326320364E-01 0.20852883260531811209047987608681E-02
0.42901968945090944244893981302540E-04 -0.11675471200972453822710043166436E-04
-0.11625403420923482567612733215837E-01 -0.21086400959556919069952886922275E-02
-0.23293295833442861169799415445498E-01 -0.42055318555622607210295899161782E-02
-0.34960365364166260484483977000631E-01 -0.63022770601911481497916892335954E-02
-0.46626202136615316600615264451273E-01 -0.83988020254154601358079173354515E-02
-0.58290396316701131427851640531918E-01 -0.10495033074794505630874487424580E-01
-0.69952538127144511530325032914541E-01 -0.12590896542457113101169177620787E-01
-0.81612217861892479879220275132826E-01 -0.14686318775684809508804566743147E-01
-0.93269025900532822815216242911493E-01 -0.16781226137494583776940862454581E-01
-0.10492255272270453528426103976851E+00 -0.18875545009221277092888596519662E-01
-0.11657238892250440888677251620301E+00 -0.20969201793099309764597239557078E-01
-0.12821812522288922245259305476165E+00 -0.23062122914844243843483790771655E-01
-0.13985935249007300754546153173896E+00 -0.25154234826232835731173847771117E-01
-0.15149566174791881844043080241315E+00 -0.27245464007683125661707792081023E-01
-0.16312664419232436145586047234931E+00 -0.29335736970833169198951009090792E-01
-0.17475189120560145680366154979374E+00 -0.31424980261118823540391867955845E-01
-0.18637099437084850220539835253263E+00 -0.33513120460350476126406301053522E-01
-0.19798354548631523421488231793869E+00 -0.35600084189288709059743295225423E-01
-0.20958913657976008148652294983976E+00 -0.37685798110218536078670817941542E-01
-0.22118735992279838609512633839426E+00 -0.39770188929522384546081797806663E-01
-0.23277780804524265362617992304147E+00 -0.41853183400251469373104089227896E-01
-0.24436007374943223982623346535923E+00 -0.43934708324695971151183515277600E-01
-0.25593375012455415876669172461777E+00 -0.46014690556952994452428456993200E-01
-0.26749843056095313164476737820513E+00 -0.48093057005493350704341337879579E-01
-0.27905370876443017345883713358661E+00 -0.50169734635726302519635785262343E-01
-0.29059917877053102497706738949233E+00 -0.52244650472562076853578614768719E-01
-0.30213443495882144475773523804327E+00 -0.54317731602973108081695064376701E-01
-0.31365907206715089446067680288491E+00 -0.56388905178552345420632835116375E-01
-0.32517268520590317818306459145696E+00 -0.58458098418069913739458221123961E-01
-0.33667486987223350475870580514644E+00 -0.60525238610027346493495815014889E-01
-0.34816522196429209578672656261543E+00 -0.62590253115209245564220461061338E-01
-0.35964333779543307333082998961439E+00 -0.64653069369232841650875249226954E-01
-0.37110881410840867960661581927353E+00 -0.66713614885094590882192038812347E-01
-0.38256124808954842303073945902641E+00 -0.68771817255714443986285513760564E-01
-0.39400023738292149117127962580062E+00 -0.70827604156477334515771816156926E-01
-0.40542538010448422991684841064170E+00 -0.72880903347771241559664293687404E-01
-0.41683627485620973213500585143952E+00 -0.74931642677523463113126466605047E-01
-0.42823252074020040635907018322968E+00 -0.76979750083732878642301998556725E-01
-0.43961371737278293210665328997052E+00 -0.79025153596999452609872409854736E-01
-0.45097946489858489362649727386346E+00 -0.81067781343050520856146487635605E-01
-0.46232936400459263017906664585895E+00 -0.83107561545263970918899826357579E-01
-0.47366301593418959649394678964764E+00 -0.85144422527187757291773042373630E-01
-0.48498002250117544749908562653500E+00 -0.87178292715055952349730731322075E-01
-0.49627998610376453309614372653712E+00 -0.89209100640301670067550671435713E-01
-0.50756250973856366426751932090989E+00 -0.91236774942065718417370739731493E-01
-0.51882719701452909574908349606036E+00 -0.93261244369701941529671242469353E-01
-0.53007365216690122094033837184952E+00 -0.95282437785278695886823634092893E-01
-0.54130148007111748091109504137311E+00 -0.97300284166076193847227486287806E-01
-0.55251028625670281306075775945823E+00 -0.99314712607079979618616077051667E-01
-0.56369967692113618513767012314085E+00 -0.10132565232347051268930430983849E+00
-0.57486925894369437952004823370683E+00 -0.10333303265310806988817364939078E+00
-0.58601863989927122273020330539880E+00 -0.10533678305901389720750732630021E+00
-0.59714742807217225990861669784041E+00 -0.10733683313184679029493636489068E+00
-0.60825523246988414088758934840921E+00 -0.10933311259237505366977580401050E+00
-0.61934166283681923170888483503441E+00 -0.11132555129394422289495502911585E+00
-0.63040632966803331799324507375553E+00 -0.11331407922493994340297816747951E+00
-0.64144884422291728362322832573567E+00 -0.11529862651124636388291322016113E+00
-0.65246881853886140096684189017406E+00 -0.11727912341869963491144202179828E+00
-0.66346586544489295356971527693499E+00 -0.11925550035553604879766377152757E+00
-0.67443959857528497287025251663620E+00 -0.12122768787483640157693969541206E+00
-0.68538963238313720638923051889390E+00 -0.12319561667696382924929246000572E+00
-0.69631558215392780540449402325963E+00 -0.12515921761199772371868715351461E+00
-0.70721706401903603593634268080457E+00 -0.12711842168216156216063981606114E+00
-0.71809369496923490438539255495671E+00 -0.12907316004424598896783934173965E+00
-0.72894509286815334981364134363256E+00 -0.13102336401202640669685425217644E+00
-0.73977087646570800562903559331146E+00 -0.13296896505867445142506792951150E+00
-0.75057066541150343857428366411748E+00 -0.13490989481916505389568800868568E+00
-0.76134408026820088843434401178596E+00 -0.13684608509267644459334696576088E+00
-0.77209074252485492449256982130001E+00 -0.13877746784498597189460232169216E+00
-0.78281027461021635007706067988388E+00 -0.14070397521085879546732481561508E+00
-0.79350229990600444935843475659143E+00 -0.14262553949643093941256435058034E+00
-0.80416644276014230034918007942593E+00 -0.14454209318158734230533279816202E+00
-0.81480232849996137140919103781239E+00 -0.14645356892233205498373506107031E+00
-0.82540958344536926970311625324502E+00 -0.14835989955315423951736609016979E+00
-0.83598783492198357417028491903697E+00 -0.15026101808938612821491240795776E+00
-0.84653671127423012667161539808999E+00 -0.15215685772955596744607939991835E+00
-0.85705584187840511675055537283715E+00 -0.15404735185773397768145996896934E+00
-0.86754485715570131207880572458159E+00 -0.15593243404587157055467231340091E+00
-0.87800338858519727760594047032369E+00 -0.15781203805613479443305584602434E+00
-0.88843106871680887572122962131545E+00 -0.15968609784323026283419780936797E+00
-0.89882753118420414692831183663486E+00 -0.16155454755672488451289617708650E+00
-0.90919241071767887103020049579490E+00 -0.16341732154335831845173749525061E+00
-0.91952534315699439755957877231207E+00 -0.16527435434934916168325996000725E+00
-0.92982596546417595483003070168381E+00 -0.16712558072269363995307496560503E+00
-0.94009391573627141907964842542922E+00 -0.16897093561545697551342455656406E+00
-0.95032883321807077069654288839758E+00 -0.17081035418605867409802277504943E+00
-0.96053035831478423797182913645377E+00 -0.17264377180154928964042740341155E+00
-0.97069813260468026082745816330345E+00 -0.17447112403988075724321567401968E+00
-0.98083179885168207285791396170443E+00 -0.17629234669216905217071363093074E+00
-0.99093100101792216083541889704327E+00 -0.17810737576494927863680545533467E+00
-0.10009953842762551819348117755460E+01 -0.17991614748242338457895075217462E+00
-0.10110245950227278147521135676386E+01 -0.18171859828870007213706608626657E+00
-0.10210182808890057286419386292317E+01 -0.18351466485002717097266485570628E+00
-0.10309760907547573409651619787477E+01 -0.18530428405701616218990685061057E+00
-0.10408976747599928505033883262712E+01 -0.18708739302685849067334201078679E+00
-0.10507826843173601637509769669469E+01 -0.18886392910553486946421146675207E+00
-0.10606307721243949587408079025936E+01 -0.19063382987001543286903281285147E+00
-0.10704415921757260863784924123843E+01 -0.19239703313045224629326832581820E+00
-0.10802147997752354637386849194148E+01 -0.19415347693236402956660598749746E+00
-0.10899500515481711045613435423548E+01 -0.19590309955881227800563010512702E+00
-0.10996470054532152263036323474428E+01 -0.19764583953256856960221784158903E+00
-0.11093053207945034134893717800208E+01 -0.19938163561827459503449693172729E+00
-0.11189246582335982920308918504087E+01 -0.20111042682459248276539395830073E+00
-0.11285046798014147069084896215095E+01 -0.20283215240634738534079036905449E+00
-0.11380450489100961998062720916926E+01 -0.20454675186666126474961514944102E+00
-0.11475454303648442317149784773429E+01 -0.20625416495907767729493327683421E+00
-0.11570054903756969691628503942655E+01 -0.20795433168967816871349394126663E+00
-0.11664248965692595678417429571128E+01 -0.20964719231918928579487749673735E+00
-0.11758033180003849996222880774615E+01 -0.21133268736508132423060444137959E+00
-0.11851404251638030175289213350560E+01 -0.21301075760365754623942290420788E+00
-0.11944358900057006391703188465366E+01 -0.21468134407213436340108526388741E+00
-0.12036893859352497993754629346319E+01 -0.21634438807071294623071821311129E+00
-0.12129005878360845439108959096801E+01 -0.21799983116464047024441122713755E+00
-0.12220691720777261252795554647633E+01 -0.21964761518626311580345692540795E+00
-0.12311948165269557800345875978463E+01 -0.22128768223706946631403068307300E+00
-0.12402772005591350381436900495249E+01 -0.22291997468972389304195728641697E+00
-0.12493160050694729022925276172031E+01 -0.22454443519009110392742102605810E+00
-0.12583109124842392620543329220520E+01 -0.22616100665925058060776787939504E+00
-0.12672616067719252773179818716496E+01 -0.22776963229550205065017387002977E+00
-0.12761677734543486880518927737843E+01 -0.22937025557636018738057641394919E+00
-0.12850290996177051581844257937842E+01 -0.23096282026054053554131975468561E+00
-0.12938452739235641150312767952872E+01 -0.23254727038993494606923373617525E+00
-0.13026159866198095353371994268601E+01 -0.23412355029157733649685531173959E+00
-0.13113409295515251176029558349096E+01 -0.23569160457959927052136709896320E+00
-0.13200197961718225927579467331896E+01 -0.23725137815717550532874006760252E+00
-0.13286522815526143289873269262253E+01 -0.23880281621845957436229689375364E+00
-0.13372380823953286144363829147968E+01 -0.24034586425050877035003706397340E+00
-0.13457768970415676398655448140530E+01 -0.24188046803519953199712954609999E+00
-0.13542684254837082412585549422465E+01 -0.24340657365113152972981534910219E+00
-0.13627123693754434812288917327611E+01 -0.24492412747552187180501807304722E+00
-0.13711084320422678507522605959978E+01 -0.24643307618608937218336888563004E+00
-0.13794563184919013031646608860505E+01 -0.24793336676292674030817991299820E+00
-0.13877557354246560356426222747191E+01 -0.24942494649036414551965202912328E+00
-0.13960063912437430101797571864067E+01 -0.25090776295882000457668800734104E+00
-0.14042079960655184275542613485420E+01 -0.25238176406664290437340813490262E+00
-0.14123602617296705736611373289247E+01 -0.25384689802194136083223071840053E+00
-0.14204629018093456252545542206370E+01 -0.25530311334440336720319807923701E+00
-0.14285156316212123879910058867395E+01 -0.25675035886710504000307959075664E+00
-0.14365181682354669649895482433755E+01 -0.25818858373830756614594027134514E+00
-0.14444702304857734607584350712010E+01 -0.25961773742324420820956158060598E+00
-0.14523715389791454811698448779424E+01 -0.26103776970589485066583034306146E+00
-0.14602218161057630415157468229837E+01 -0.26244863069075081876800496648813E+00
-0.14680207860487280209217936646072E+01 -0.26385027080456710088826813373909E+00
-0.14757681747937562553508960457990E+01 -0.26524264079810388871652345117105E+00
-0.14834637101388061414107233117921E+01 -0.26662569174785697350989204315737E+00
-0.14911071217036440786639995666412E+01 -0.26799937505777610784539769548118E+00
-0.14986981409393450397389063265030E+01 -0.26936364246097237718781209099289E+00
-0.15062365011377294637824456583430E+01 -0.27071844602141366062186803877836E+00
-0.15137219374407353124215226418561E+01 -0.27206373813560862948519916207740E+00
-0.15211541868497247911390737334407E+01 -0.27339947153427904432674014266269E+00
-0.15285329882347262253049756380721E+01 -0.27472559928402039457361219050074E+00
-0.15358580823436095960516920249037E+01 -0.27604207478895064210617972016368E+00
-0.15431292118111969634414009771872E+01 -0.27734885179234694119124717947760E+00
-0.15503461211683057246319016131535E+01 -0.27864588437827097458070179566375E+00
-0.15575085568507256945601903605486E+01 -0.27993312697318172568157588412343E+00
-0.15646162672081291370132405297954E+01 -0.28121053434753663123788014791122E+00
-0.15716690025129135531717382008596E+01 -0.28247806161738023314371294174185E+00
-0.15786665149689768609300390983683E+01 -0.28373566424592139357831693785675E+00
-0.15856085587204248602965765913304E+01 -0.28498329804509763802889161772788E+00
-0.15924948898602099346591576989411E+01 -0.28622091917712728380126609704909E+00
-0.15993252664387023764733762545137E+01 -0.28744848415605001146646320581642E+00
-0.16060994484721915374710455008136E+01 -0.28866594984925396797425092079962E+00
-0.16128171979513189819105608497218E+01 -0.28987327347899146689195195432781E+00
-0.16194782788494419935861543029379E+01 -0.29107041262388166186511133710889E+00
-0.16260824571309268501519504817599E+01 -0.29225732522040069157547750880151E+00
-0.16326295007593730225457650506888E+01 -0.29343396956435962991605532696967E+00
-0.16391191797057663269685612687944E+01 -0.29460030431236931233412916974730E+00
-0.16455512659565618322625535481876E+01 -0.29575628848329307010811896538452E+00
-0.16519255335216964211742435877547E+01 -0.29690188145968624928084211154514E+00
-0.16582417584425291680238245718805E+01 -0.29803704298922301946540940405016E+00
-0.16644997187997114480839262656735E+01 -0.29916173318611087144799887855591E+00
-0.16706991947209846068146476380596E+01 -0.30027591253249123562229772058094E+00
-0.16768399683889060526406996767084E+01 -0.30137954187982832130305884190543E+00
-0.16829218240485031350020581658648E+01 -0.30247258245028430581740052538639E+00
-0.16889445480148541811177036415774E+01 -0.30355499583808144572453640765597E+00
-0.16949079286805975243320891038626E+01 -0.30462674401085143073653932150800E+00
-0.17008117565233666702376990446293E+01 -0.30568778931097163568070459318002E+00
-0.17066558241131527969903026996429E+01 -0.30673809445688783896136766795830E+00
-0.17124399261195935031335397070188E+01 -0.30777762254442413482941769931711E+00
-0.17181638593191877118093285304864E+01 -0.30880633704807934928398868025588E+00
-0.17238274226024368047748256253193E+01 -0.30982420182231024858829456412251E+00
-0.17294304169809111088510997839586E+01 -0.31083118110280135681646255625407E+00
-0.17349726455942420850803036701347E+01 -0.31182723950772139325435175280767E+00
-0.17404539137170397972965302867548E+01 -0.31281234203896636446252010796845E+00
-0.17458740287657349549724461852092E+01 -0.31378645408338899003353073777606E+00
-0.17512328003053462895330965269730E+01 -0.31474954141401471377017471935220E+00
-0.17565300400561719492643958499938E+01 -0.31570157019124434544807381674458E+00
-0.17617655619004053091930709388891E+01 -0.31664250696404254761044455879953E+00
-0.17669391818886749825527431320324E+01 -0.31757231867111329355969025512713E+00
-0.17720507182465081996603550063536E+01 -0.31849097264206129309773226842865E+00
-0.17770999913807183751627623050328E+01 -0.31939843659853972156829294316366E+00
-0.17820868238857154399163553925665E+01 -0.32029467865538419593189926677364E+00
-0.17870110405497396104911387660123E+01 -0.32117966732173295260257930361528E+00
-0.17918724683610180740677756520861E+01 -0.32205337150213330136267077736679E+00
-0.17966709365138442294001584749362E+01 -0.32291576049763381841448559370259E+00
-0.18014062764145795223176452190036E+01 -0.32376680400686308578053035517104E+00
-0.18060783216875775526358981973685E+01 -0.32460647212709413035717840129560E+00
-0.18106869081810299334247407373433E+01 -0.32543473535529484485161119000888E+00
-0.18152318739727347914789775422696E+01 -0.32625156458916480584181104027958E+00
-0.18197130593757857756587866463529E+01 -0.32705693112815718184412245336926E+00
-0.18241303069441836716989300332479E+01 -0.32785080667448767479431425035410E+00
-0.18284834614783684404083976903934E+01 -0.32863316333412804579366193110187E+00
-0.18327723700306727034636733967834E+01 -0.32940397361778645884289364643722E+00
-0.18369968819106960146368339597116E+01 -0.33016321044187319326565754430230E+00
-0.18411568486905998500785212811695E+01 -0.33091084712945198275915897724850E+00
-0.18452521242103230490152497480385E+01 -0.33164685741117746446854731176577E+00
-0.18492825645827175750884903466820E+01 -0.33237121542621777778005328235824E+00
-0.18532480281986043694297140215400E+01 -0.33308389572316336085178324747543E+00
-0.18571483757317492790207134424454E+01 -0.33378487326092098854547078592822E+00
-0.18609834701437586570590593614184E+01 -0.33447412340959352402978828640601E+00
-0.18647531766888946258553576031274E+01 -0.33515162195134526775135171670889E+00
-0.18684573629188096833872777517100E+01 -0.33581734508125264029830884006181E+00
-0.18720958986872007617495675103173E+01 -0.33647126940814075411608055230229E+00
-0.18756686561543822529879913892508E+01 -0.33711337195540488781507276787601E+00
-0.18791755097917780310324324343196E+01 -0.33774363016181792314213645362878E+00
-0.18826163363863321567892321747646E+01 -0.33836202188232286880441080479106E+00
-0.18859910150448384817111785704074E+01 -0.33896852538881091397163764439693E+00
-0.18892994271981884876873239903278E+01 -0.33956311937088474730994173579282E+00
-0.18925414566055375411044016397840E+01 -0.34014578293660722087106913374927E+00
-0.18957169893583893270230204944946E+01 -0.34071649561323537553401773500586E+00
-0.18988259138845984366548825725140E+01 -0.34127523734793968374436309439581E+00
-0.19018681209522906469402597379973E+01 -0.34182198850850848852722951965485E+00
-0.19048435036737011472455676735302E+01 -0.34235672988403783034717554831134E+00
-0.19077519575089303660838432520651E+01 -0.34287944268560627972339460006049E+00
-0.19105933802696171897892140481262E+01 -0.34339010854693505648216549480024E+00
-0.19133676721225297077600340187878E+01 -0.34388870952503331505275811535659E+00
-0.19160747355930730897710159296349E+01 -0.34437522810082847396004924146008E+00
-0.19187144755687146115562976605850E+01 -0.34484964717978170383852912004512E+00
-0.19212867993023257373346608552411E+01 -0.34531195009248855728946037724082E+00
-0.19237916164154410036180807537259E+01 -0.34576212059526451579950501071273E+00
-0.19262288389014337172119926787564E+01 -0.34620014287071572088968261861014E+00
-0.19285983811286083152037509671729E+01 -0.34662600152829468240310765604925E+00
-0.19309001598432092882250592533786E+01 -0.34703968160484096249720715834556E+00
-0.19331340941723464991376333661343E+01 -0.34744116856510684614750208820891E+00
-0.19353001056268368231078439440192E+01 -0.34783044830226801868432013600903E+00
-0.19373981181039621888625695482439E+01 -0.34820750713841923391847875121212E+00
-0.19394280578901435554098586531995E+01 -0.34857233182505471528925241701855E+00
-0.19413898536635310695443427273645E+01 -0.34892490954353373131392804964141E+00
-0.19432834364965101556995705583217E+01 -0.34926522790553087919752553209071E+00
-0.19451087398581234485201755412495E+01 -0.34959327495347133236777211041451E+00
-0.19468656996164085625824436064034E+01 -0.34990903916095095438890251969813E+00
-0.19485542540406515169560497082482E+01 -0.35021250943314121378064946982805E+00
-0.19501743438035558116389961951378E+01 -0.35050367510717901008322075767548E+00
-0.19517259119833270727092902210780E+01 -0.35078252595254126099445098099949E+00
-0.19532089040656730880766895693013E+01 -0.35104905217140431648822387367638E+00
-0.19546232679457193893429685611078E+01 -0.35130324439898823168434792507543E+00
-0.19559689539298400381253153595625E+01 -0.35154509370388570000537700718543E+00
-0.19572459147374037455895754840596E+01 -0.35177459158837589883345614316152E+00
-0.19584541055024352444046218331547E+01 -0.35199172998872300713478472507090E+00
-0.19595934837751917123918730996719E+01 -0.35219650127545949017569602169305E+00
-0.19606640095236544035992707582351E+01 -0.35238889825365417950602441839954E+00
-0.19616656451349352448393157472698E+01 -0.35256891416316501064040749029398E+00
-0.19625983554165984857332374405930E+01 -0.35273654267887654913597526990605E+00
-0.19634621075978972616041882833394E+01 -0.35289177791092219178791786666524E+00
-0.19642568713309250819398423867583E+01 -0.35303461440489110555653352061766E+00
-0.19649826186916821920824205773585E+01 -0.35316504714201984119517690177384E+00
-0.19654280951445097448664725247338E+01 -0.35324510904296314369262981320391E+00
-0.19658428793148860600893631662109E+01 -0.35331965486699186165188338108389E+00
-0.19662269647257207680876142017398E+01 -0.35338868344998256228648091468541E+00
-0.19665803453793020306993527948503E+01 -0.35345219371397021069024230244558E+00
-0.19669030157573902067939988241371E+01 -0.35351018466716502021160500232947E+00
-0.19672103372772560523824227667073E+01 -0.35356541709357835709030010398159E+00
-0.19675176747955588048335163090042E+01 -0.35362065239538072932254897874000E+00
-0.19678250283127981780202551491773E+01 -0.35367589057266193680427314653704E+00
-0.19681323978294738919225952955438E+01 -0.35373113162551178079545583957096E+00
-0.19684397833460856791194894521791E+01 -0.35378637555402006556569093284532E+00
-0.19681323978294738919225952955438E+01 -0.35373113162551178079545583957096E+00
-0.19678250283127981780202551491773E+01 -0.35367589057266193680427314653704E+00
-0.19675176747955588048335163090042E+01 -0.35362065239538072932254897874000E+00
-0.19672103372772560523824227667073E+01 -0.35356541709357835709030010398159E+00
-0.19669030157573902067939988241371E+01 -0.35351018466716502021160500232947E+00
-0.19665803453793020306993527948503E+01 -0.35345219371397021069024230244558E+00
-0.19662269647257207680876142017398E+01 -0.35338868344998256228648091468541E+00
-0.19658428793148860600893631662109E+01 -0.35331965486699186165188338108389E+00
-0.19654280951445097448664725247338E+01 -0.35324510904296314369262981320391E+00
-0.19649826186916821920824205773585E+01 -0.35316504714201984119517690177384E+00
-0.19642568713309250819398423867583E+01 -0.35303461440489110555653352061766E+00
-0.19634621075978972616041882833394E+01 -0.35289177791092219178791786666524E+00
-0.19625983554165984857332374405930E+01 -0.35273654267887654913597526990605E+00
-0.19616656451349352448393157472698E+01 -0.35256891416316501064040749029398E+00
-0.19606640095236544035992707582351E+01 -0.35238889825365417950602441839954E+00
-0.19595934837751917123918730996719E+01 -0.35219650127545949017569602169305E+00
-0.19584541055024352444046218331547E+01 -0.35199172998872300713478472507090E+00
-0.19572459147374037455895754840596E+01 -0.35177459158837589883345614316152E+00
-0.19559689539298400381253153595625E+01 -0.35154509370388570000537700718543E+00
-0.19546232679457193893429685611078E+01 -0.35130324439898823168434792507543E+00
-0.19532089040656730880766895693013E+01 -0.35104905217140431648822387367638E+00
-0.19517259119833270727092902210780E+01 -0.35078252595254126099445098099949E+00
-0.19501743438035558116389961951378E+01 -0.35050367510717901008322075767548E+00
-0.19485542540406515169560497082482E+01 -0.35021250943314121378064946982805E+00
-0.19468656996164085625824436064034E+01 -0.34990903916095095438890251969813E+00
-0.19451087398581234485201755412495E+01 -0.34959327495347133236777211041451E+00
-0.19432834364965101556995705583217E+01 -0.34926522790553087919752553209071E+00
-0.19413898536635310695443427273645E+01 -0.34892490954353373131392804964141E+00
-0.19394280578901435554098586531995E+01 -0.34857233182505471528925241701855E+00
-0.19373981181039621888625695482439E+01 -0.34820750713841923391847875121212E+00
-0.19353001056268368231078439440192E+01 -0.34783044830226801868432013600903E+00
-0.19331340941723464991376333661343E+01 -0.34744116856510684614750208820891E+00
-0.19309001598432092882250592533786E+01 -0.34703968160484096249720715834556E+00
-0.19285983811286083152037509671729E+01 -0.34662600152829468240310765604925E+00
-0.19262288389014337172119926787564E+01 -0.34620014287071572088968261861014E+00
-0.19237916164154410036180807537259E+01 -0.34576212059526451579950501071273E+00
-0.19212867993023257373346608552411E+01 -0.34531195009248855728946037724082E+00
-0.19187144755687146115562976605850E+01 -0.34484964717978170383852912004512E+00
-0.19160747355930730897710159296349E+01 -0.34437522810082847396004924146008E+00
-0.19133676721225297077600340187878E+01 -0.34388870952503331505275811535659E+00
-0.19105933802696171897892140481262E+01 -0.34339010854693505648216549480024E+00
-0.19077519575089303660838432520651E+01 -0.34287944268560627972339460006049E+00
-0.19048435036737011472455676735302E+01 -0.34235672988403783034717554831134E+00
-0.19018681209522906469402597379973E+01 -0.34182198850850848852722951965485E+00
-0.18988259138845984366548825725140E+01 -0.34127523734793968374436309439581E+00
-0.18957169893583893270230204944946E+01 -0.34071649561323537553401773500586E+00
-0.18925414566055375411044016397840E+01 -0.34014578293660722087106913374927E+00
-0.18892994271981884876873239903278E+01 -0.33956311937088474730994173579282E+00
-0.18859910150448384817111785704074E+01 -0.33896852538881091397163764439693E+00
-0.18826163363863321567892321747646E+01 -0.33836202188232286880441080479106E+00
-0.18791755097917780310324324343196E+01 -0.33774363016181792314213645362878E+00
-0.18756686561543822529879913892508E+01 -0.33711337195540488781507276787601E+00
-0.18720958986872007617495675103173E+01 -0.33647126940814075411608055230229E+00
-0.18684573629188096833872777517100E+01 -0.33581734508125264029830884006181E+00
-0.18647531766888946258553576031274E+01 -0.33515162195134526775135171670889E+00
-0.18609834701437586570590593614184E+01 -0.33447412340959352402978828640601E+00
-0.18571483757317492790207134424454E+01 -0.33378487326092098854547078592822E+00
-0.18532480281986043694297140215400E+01 -0.33308389572316336085178324747543E+00
-0.18492825645827175750884903466820E+01 -0.33237121542621777778005328235824E+00
-0.18452521242103230490152497480385E+01 -0.33164685741117746446854731176577E+00
-0.18411568486905998500785212811695E+01 -0.33091084712945198275915897724850E+00
-0.18369968819106960146368339597116E+01 -0.33016321044187319326565754430230E+00
-0.18327723700306727034636733967834E+01 -0.32940397361778645884289364643722E+00
-0.18284834614783684404083976903934E+01 -0.32863316333412804579366193110187E+00
-0.18241303069441836716989300332479E+01 -0.32785080667448767479431425035410E+00
-0.18197130593757857756587866463529E+01 -0.32705693112815718184412245336926E+00
-0.18152318739727347914789775422696E+01 -0.32625156458916480584181104027958E+00
-0.18106869081810299334247407373433E+01 -0.32543473535529484485161119000888E+00
-0.18060783216875775526358981973685E+01 -0.32460647212709413035717840129560E+00
-0.18014062764145795223176452190036E+01 -0.32376680400686308578053035517104E+00
-0.17966709365138442294001584749362E+01 -0.32291576049763381841448559370259E+00
-0.17918724683610180740677756520861E+01 -0.32205337150213330136267077736679E+00
-0.17870110405497396104911387660123E+01 -0.32117966732173295260257930361528E+00
-0.17820868238857154399163553925665E+01 -0.32029467865538419593189926677364E+00
-0.17770999913807183751627623050328E+01 -0.31939843659853972156829294316366E+00
-0.17720507182465081996603550063536E+01 -0.31849097264206129309773226842865E+00
-0.17669391818886749825527431320324E+01 -0.31757231867111329355969025512713E+00
-0.17617655619004053091930709388891E+01 -0.31664250696404254761044455879953E+00
-0.17565300400561719492643958499938E+01 -0.31570157019124434544807381674458E+00
-0.17512328003053462895330965269730E+01 -0.31474954141401471377017471935220E+00
-0.17458740287657349549724461852092E+01 -0.31378645408338899003353073777606E+00
-0.17404539137170397972965302867548E+01 -0.31281234203896636446252010796845E+00
-0.17349726455942420850803036701347E+01 -0.31182723950772139325435175280767E+00
-0.17294304169809111088510997839586E+01 -0.31083118110280135681646255625407E+00
-0.17238274226024368047748256253193E+01 -0.30982420182231024858829456412251E+00
-0.17181638593191877118093285304864E+01 -0.30880633704807934928398868025588E+00
-0.17124399261195935031335397070188E+01 -0.30777762254442413482941769931711E+00
-0.17066558241131527969903026996429E+01 -0.30673809445688783896136766795830E+00
-0.17008117565233666702376990446293E+01 -0.30568778931097163568070459318002E+00
-0.16949079286805975243320891038626E+01 -0.30462674401085143073653932150800E+00
-0.16889445480148541811177036415774E+01 -0.30355499583808144572453640765597E+00
-0.16829218240485031350020581658648E+01 -0.30247258245028430581740052538639E+00
-0.16768399683889060526406996767084E+01 -0.30137954187982832130305884190543E+00
-0.16706991947209846068146476380596E+01 -0.30027591253249123562229772058094E+00
-0.16644997187997114480839262656735E+01 -0.29916173318611087144799887855591E+00
-0.16582417584425291680238245718805E+01 -0.29803704298922301946540940405016E+00
-0.16519255335216964211742435877547E+01 -0.29690188145968624928084211154514E+00
-0.16455512659565618322625535481876E+01 -0.29575628848329307010811896538452E+00
-0.16391191797057663269685612687944E+01 -0.29460030431236931233412916974730E+00
-0.16326295007593730225457650506888E+01 -0.29343396956435962991605532696967E+00
-0.16260824571309268501519504817599E+01 -0.29225732522040069157547750880151E+00
-0.16194782788494419935861543029379E+01 -0.29107041262388166186511133710889E+00
-0.16128171979513189819105608497218E+01 -0.28987327347899146689195195432781E+00
-0.16060994484721915374710455008136E+01 -0.28866594984925396797425092079962E+00
-0.15993252664387023764733762545137E+01 -0.28744848415605001146646320581642E+00
-0.15924948898602099346591576989411E+01 -0.28622091917712728380126609704909E+00
-0.15856085587204248602965765913304E+01 -0.28498329804509763802889161772788E+00
-0.15786665149689768609300390983683E+01 -0.28373566424592139357831693785675E+00
-0.15716690025129135531717382008596E+01 -0.28247806161738023314371294174185E+00
-0.15646162672081291370132405297954E+01 -0.28121053434753663123788014791122E+00
-0.15575085568507256945601903605486E+01 -0.27993312697318172568157588412343E+00
-0.15503461211683057246319016131535E+01 -0.27864588437827097458070179566375E+00
-0.15431292118111969634414009771872E+01 -0.27734885179234694119124717947760E+00
-0.15358580823436095960516920249037E+01 -0.27604207478895064210617972016368E+00
-0.15285329882347262253049756380721E+01 -0.27472559928402039457361219050074E+00
-0.15211541868497247911390737334407E+01 -0.27339947153427904432674014266269E+00
-0.15137219374407353124215226418561E+01 -0.27206373813560862948519916207740E+00
-0.15062365011377294637824456583430E+01 -0.27071844602141366062186803877836E+00
-0.14986981409393450397389063265030E+01 -0.26936364246097237718781209099289E+00
-0.14911071217036440786639995666412E+01 -0.26799937505777610784539769548118E+00
-0.14834637101388061414107233117921E+01 -0.26662569174785697350989204315737E+00
-0.14757681747937562553508960457990E+01 -0.26524264079810388871652345117105E+00
-0.14680207860487280209217936646072E+01 -0.26385027080456710088826813373909E+00
-0.14602218161057630415157468229837E+01 -0.26244863069075081876800496648813E+00
-0.14523715389791454811698448779424E+01 -0.26103776970589485066583034306146E+00
-0.14444702304857734607584350712010E+01 -0.25961773742324420820956158060598E+00
-0.14365181682354669649895482433755E+01 -0.25818858373830756614594027134514E+00
-0.14285156316212123879910058867395E+01 -0.25675035886710504000307959075664E+00
-0.14204629018093456252545542206370E+01 -0.25530311334440336720319807923701E+00
-0.14123602617296705736611373289247E+01 -0.25384689802194136083223071840053E+00
-0.14042079960655184275542613485420E+01 -0.25238176406664290437340813490262E+00
-0.13960063912437430101797571864067E+01 -0.25090776295882000457668800734104E+00
-0.13877557354246560356426222747191E+01 -0.24942494649036414551965202912328E+00
-0.13794563184919013031646608860505E+01 -0.24793336676292674030817991299820E+00
-0.13711084320422678507522605959978E+01 -0.24643307618608937218336888563004E+00
-0.13627123693754434812288917327611E+01 -0.24492412747552187180501807304722E+00
-0.13542684254837082412585549422465E+01 -0.24340657365113152972981534910219E+00
-0.13457768970415676398655448140530E+01 -0.24188046803519953199712954609999E+00
-0.13372380823953286144363829147968E+01 -0.24034586425050877035003706397340E+00
-0.13286522815526143289873269262253E+01 -0.23880281621845957436229689375364E+00
-0.13200197961718225927579467331896E+01 -0.23725137815717550532874006760252E+00
-0.13113409295515251176029558349096E+01 -0.23569160457959927052136709896320E+00
-0.13026159866198095353371994268601E+01 -0.23412355029157733649685531173959E+00
-0.12938452739235641150312767952872E+01 -0.23254727038993494606923373617525E+00
-0.12850290996177051581844257937842E+01 -0.23096282026054053554131975468561E+00
-0.12761677734543486880518927737843E+01 -0.22937025557636018738057641394919E+00
-0.12672616067719252773179818716496E+01 -0.22776963229550205065017387002977E+00
-0.12583109124842392620543329220520E+01 -0.22616100665925058060776787939504E+00
-0.12493160050694729022925276172031E+01 -0.22454443519009110392742102605810E+00
-0.12402772005591350381436900495249E+01 -0.22291997468972389304195728641697E+00
-0.12311948165269557800345875978463E+01 -0.22128768223706946631403068307300E+00
-0.12220691720777261252795554647633E+01 -0.21964761518626311580345692540795E+00
-0.12129005878360845439108959096801E+01 -0.21799983116464047024441122713755E+00
-0.12036893859352497993754629346319E+01 -0.21634438807071294623071821311129E+00
-0.11944358900057006391703188465366E+01 -0.21468134407213436340108526388741E+00
-0.11851404251638030175289213350560E+01 -0.21301075760365754623942290420788E+00
-0.11758033180003849996222880774615E+01 -0.21133268736508132423060444137959E+00
-0.11664248965692595678417429571128E+01 -0.20964719231918928579487749673735E+00
-0.11570054903756969691628503942655E+01 -0.20795433168967816871349394126663E+00
-0.11475454303648442317149784773429E+01 -0.20625416495907767729493327683421E+00
-0.11380450489100961998062720916926E+01 -0.20454675186666126474961514944102E+00
-0.11285046798014147069084896215095E+01 -0.20283215240634738534079036905449E+00
-0.11189246582335982920308918504087E+01 -0.20111042682459248276539395830073E+00
-0.11093053207945034134893717800208E+01 -0.19938163561827459503449693172729E+00
-0.10996470054532152263036323474428E+01 -0.19764583953256856960221784158903E+00
-0.10899500515481711045613435423548E+01 -0.19590309955881227800563010512702E+00
-0.10802147997752354637386849194148E+01 -0.19415347693236402956660598749746E+00
-0.10704415921757260863784924123843E+01 -0.19239703313045224629326832581820E+00
-0.10606307721243949587408079025936E+01 -0.19063382987001543286903281285147E+00
-0.10507826843173601637509769669469E+01 -0.18886392910553486946421146675207E+00
-0.10408976747599928505033883262712E+01 -0.18708739302685849067334201078679E+00
-0.10309760907547573409651619787477E+01 -0.18530428405701616218990685061057E+00
-0.10210182808890057286419386292317E+01 -0.18351466485002717097266485570628E+00
-0.10110245950227278147521135676386E+01 -0.18171859828870007213706608626657E+00
-0.10009953842762551819348117755460E+01 -0.17991614748242338457895075217462E+00
-0.99093100101792216083541889704327E+00 -0.17810737576494927863680545533467E+00
-0.98083179885168207285791396170443E+00 -0.17629234669216905217071363093074E+00
-0.97069813260468026082745816330345E+00 -0.17447112403988075724321567401968E+00
-0.96053035831478423797182913645377E+00 -0.17264377180154928964042740341155E+00
-0.95032883321807077069654288839758E+00 -0.17081035418605867409802277504943E+00
-0.94009391573627141907964842542922E+00 -0.16897093561545697551342455656406E+00
-0.92982596546417595483003070168381E+00 -0.16712558072269363995307496560503E+00
-0.91952534315699439755957877231207E+00 -0.16527435434934916168325996000725E+00
-0.90919241071767887103020049579490E+00 -0.16341732154335831845173749525061E+00
-0.89882753118420414692831183663486E+00 -0.16155454755672488451289617708650E+00
-0.88843106871680887572122962131545E+00 -0.15968609784323026283419780936797E+00
-0.87800338858519727760594047032369E+00 -0.15781203805613479443305584602434E+00
-0.86754485715570131207880572458159E+00 -0.15593243404587157055467231340091E+00
-0.85705584187840511675055537283715E+00 -0.15404735185773397768145996896934E+00
-0.84653671127423012667161539808999E+00 -0.15215685772955596744607939991835E+00
-0.83598783492198357417028491903697E+00 -0.15026101808938612821491240795776E+00
-0.82540958344536926970311625324502E+00 -0.14835989955315423951736609016979E+00
-0.81480232849996137140919103781239E+00 -0.14645356892233205498373506107031E+00
-0.80416644276014230034918007942593E+00 -0.14454209318158734230533279816202E+00
-0.79350229990600444935843475659143E+00 -0.14262553949643093941256435058034E+00
-0.78281027461021635007706067988388E+00 -0.14070397521085879546732481561508E+00
-0.77209074252485492449256982130001E+00 -0.13877746784498597189460232169216E+00
-0.76134408026820088843434401178596E+00 -0.13684608509267644459334696576088E+00
-0.75057066541150343857428366411748E+00 -0.13490989481916505389568800868568E+00
-0.73977087646570800562903559331146E+00 -0.13296896505867445142506792951150E+00
-0.72894509286815334981364134363256E+00 -0.13102336401202640669685425217644E+00
-0.71809369496923490438539255495671E+00 -0.12907316004424598896783934173965E+00
-0.70721706401903603593634268080457E+00 -0.12711842168216156216063981606114E+00
-0.69631558215392780540449402325963E+00 -0.12515921761199772371868715351461E+00
-0.68538963238313720638923051889390E+00 -0.12319561667696382924929246000572E+00
-0.67443959857528497287025251663620E+00 -0.12122768787483640157693969541206E+00
-0.66346586544489295356971527693499E+00 -0.11925550035553604879766377152757E+00
-0.65246881853886140096684189017406E+00 -0.11727912341869963491144202179828E+00
-0.64144884422291728362322832573567E+00 -0.11529862651124636388291322016113E+00
-0.63040632966803331799324507375553E+00 -0.11331407922493994340297816747951E+00
-0.61934166283681923170888483503441E+00 -0.11132555129394422289495502911585E+00
-0.60825523246988414088758934840921E+00 -0.10933311259237505366977580401050E+00
-0.59714742807217225990861669784041E+00 -0.10733683313184679029493636489068E+00
-0.58601863989927122273020330539880E+00 -0.10533678305901389720750732630021E+00
-0.57486925894369437952004823370683E+00 -0.10333303265310806988817364939078E+00
-0.56369967692113618513767012314085E+00 -0.10132565232347051268930430983849E+00
-0.55251028625670281306075775945823E+00 -0.99314712607079979618616077051667E-01
-0.54130148007111748091109504137311E+00 -0.97300284166076193847227486287806E-01
-0.53007365216690122094033837184952E+00 -0.95282437785278695886823634092893E-01
-0.51882719701452909574908349606036E+00 -0.93261244369701941529671242469353E-01
-0.50756250973856366426751932090989E+00 -0.91236774942065718417370739731493E-01
-0.49627998610376453309614372653712E+00 -0.89209100640301670067550671435713E-01
-0.48498002250117544749908562653500E+00 -0.87178292715055952349730731322075E-01
-0.47366301593418959649394678964764E+00 -0.85144422527187757291773042373630E-01
-0.46232936400459263017906664585895E+00 -0.83107561545263970918899826357579E-01
-0.45097946489858489362649727386346E+00 -0.81067781343050520856146487635605E-01
-0.43961371737278293210665328997052E+00 -0.79025153596999452609872409854736E-01
-0.42823252074020040635907018322968E+00 -0.76979750083732878642301998556725E-01
-0.41683627485620973213500585143952E+00 -0.74931642677523463113126466605047E-01
-0.40542538010448422991684841064170E+00 -0.72880903347771241559664293687404E-01
-0.39400023738292149117127962580062E+00 -0.70827604156477334515771816156926E-01
-0.38256124808954842303073945902641E+00 -0.68771817255714443986285513760564E-01
-0.37110881410840867960661581927353E+00 -0.66713614885094590882192038812347E-01
-0.35964333779543307333082998961439E+00 -0.64653069369232841650875249226954E-01
-0.34816522196429209578672656261543E+00 -0.62590253115209245564220461061338E-01
-0.33667486987223350475870580514644E+00 -0.60525238610027346493495815014889E-01
-0.32517268520590317818306459145696E+00 -0.58458098418069913739458221123961E-01
-0.31365907206715089446067680288491E+00 -0.56388905178552345420632835116375E-01
-0.30213443495882144475773523804327E+00 -0.54317731602973108081695064376701E-01
-0.29059917877053102497706738949233E+00 -0.52244650472562076853578614768719E-01
-0.27905370876443017345883713358661E+00 -0.50169734635726302519635785262343E-01
-0.26749843056095313164476737820513E+00 -0.48093057005493350704341337879579E-01
-0.25593375012455415876669172461777E+00 -0.46014690556952994452428456993200E-01
-0.24436007374943223982623346535923E+00 -0.43934708324695971151183515277600E-01
-0.23277780804524265362617992304147E+00 -0.41853183400251469373104089227896E-01
-0.22118735992279838609512633839426E+00 -0.39770188929522384546081797806663E-01
-0.20958913657976008148652294983976E+00 -0.37685798110218536078670817941542E-01
-0.19798354548631523421488231793869E+00 -0.35600084189288709059743295225423E-01
-0.18637099437084850220539835253263E+00 -0.33513120460350476126406301053522E-01
-0.17475189120560145680366154979374E+00 -0.31424980261118823540391867955845E-01
-0.16312664419232436145586047234931E+00 -0.29335736970833169198951009090792E-01
-0.15149566174791881844043080241315E+00 -0.27245464007683125661707792081023E-01
-0.13985935249007300754546153173896E+00 -0.25154234826232835731173847771117E-01
-0.12821812522288922245259305476165E+00 -0.23062122914844243843483790771655E-01
-0.11657238892250440888677251620301E+00 -0.20969201793099309764597239557078E-01
-0.10492255272270453528426103976851E+00 -0.18875545009221277092888596519662E-01
-0.93269025900532822815216242911493E-01 -0.16781226137494583776940862454581E-01
-0.81612217861892479879220275132826E-01 -0.14686318775684809508804566743147E-01
-0.69952538127144511530325032914541E-01 -0.12590896542457113101169177620787E-01
-0.58290396316701131427851640531918E-01 -0.10495033074794505630874487424580E-01
-0.46626202136615316600615264451273E-01 -0.83988020254154601358079173354515E-02
-0.34960365364166260484483977000631E-01 -0.63022770601911481497916892335954E-02
-0.23293295833442861169799415445498E-01 -0.42055318555622607210295899161782E-02
-0.11625403420923482567612733215837E-01 -0.21086400959556919069952886922275E-02
0.42901968945090944244893981302540E-04 -0.11675471200972453822710043166436E-04
0.11711210418171164933927326320364E-01 0.20852883260531811209047987608681E-02
0.23379112009642158695815492704763E-01 0.41821776029225132063091631154718E-02
0.35046196841549226892322237392233E-01 0.62789186688704163080713507992348E-02
0.46712055041812338284924331814339E-01 0.83754378382912600885562189402974E-02
0.58376276782504081780330195179559E-01 0.10471661433092947728803512924131E-01
0.70038452294273651671637784809534E-01 0.12567515785279499636790788360233E-01
0.81698171880768291784930516145031E-01 0.14662927239532683837893874339238E-01
0.93355025933053774733136556501459E-01 0.16757822155793478194020599565369E-01
0.10500860494403200383885137242780E+00 0.18852126911842191467804691876944E-01
0.11665849952285569970995683423647E+00 0.20945767905878565379689875351866E-01
0.12830430040934001413915054872163E+00 0.23038671559100272467883222557037E-01
0.13994559848837015683268037701878E+00 0.25130764318280669772026943428174E-01
0.15158198480430479261778063330133E+00 0.27221972658345589022349247132675E-01
0.16321305057537439252992616489023E+00 0.29312223084948788738538692401028E-01
0.17483838720807462082346968595559E+00 0.31401442137045948030935254247629E-01
0.18645758631155384809186731290304E+00 0.33489556389467609211959266090738E-01
0.19807023971199424743079246640523E+00 0.35576492455490253551623858396886E-01
0.20967593946698658542443917784908E+00 0.37662176989406256026895845716821E-01
0.22127427787989725685263494099914E+00 0.39746536689091474636362535158009E-01
0.23286484751422843655199306296416E+00 0.41829498298571828395933273028560E-01
0.24444724120796910492592598562136E+00 0.43910988610587452046353543908912E-01
0.25602105208793840491902883237988E+00 0.45990934469154791426431862958193E-01
0.26758587358411953075476811785497E+00 0.48069262772127364280807948623518E-01
0.27914129944398367060926753839601E+00 0.50145900473753212044138830361964E-01
0.29068692374680493666630969537828E+00 0.52220774587231079916894578620971E-01
0.30222234091796378761374406498238E+00 0.54293812187263715605920891210901E-01
0.31374714574324015081856739183751E+00 0.56364940412608601938011215653608E-01
0.32526093338309499600802728807664E+00 0.58434086468626525104740006113485E-01
0.33676329938693990345613185071126E+00 0.60501177629826970820740944390654E-01
0.34825383970739462888513885184602E+00 0.62566141242411069728560329336081E-01
0.35973215071453160260676038108219E+00 0.64628904726811638827993575733473E-01
0.37119782921010739656455297433735E+00 0.66689395580229775098416200697089E-01
0.38265047244178065685961747991304E+00 0.68747541379169404080165898696574E-01
0.39408967811731526584826131795094E+00 0.70803269781967212207057272776701E-01
0.40551504441877002998346720455914E+00 0.72856508531320369451068796928958E-01
0.41692617001667253953531786994153E+00 0.74907185456810587272764823490089E-01
0.42832265408417772786553564445768E+00 0.76955228477424474734567292539060E-01
0.43970409631121079582307953844049E+00 0.79000565604070293451220667700642E-01
0.45107009691859376190720895777956E+00 0.81043124942091130340620808295143E-01
0.46242025667215526240607896998420E+00 0.83082834693774438424264299654398E-01
0.47375417689682301757501000305770E+00 0.85119623160857038766976620488077E-01
0.48507145949069907080420445822552E+00 0.87153418747026729710151514476222E-01
0.49637170693911679427120439940774E+00 0.89184149960419493646753433969184E-01
0.50765452232867939316964496198643E+00 0.91211745416112258717503706872254E-01
0.51891950936128002252270531397949E+00 0.93236133838611637982562958866572E-01
0.53016627236810208046555577695056E+00 0.95257244064338129744675380088025E-01
0.54139441632360029142924421656054E+00 0.97275005044105330178386013341727E-01
0.55260354685946185390831462201783E+00 0.99289345845595165473306239326982E-01
0.56379327027854653736550070944233E+00 0.10130019565582771307790299530866E+00
0.57496319356880671714884423976932E+00 0.10330748378362630540517900460042E+00
0.58611292441718582760119372792383E+00 0.10531113966207778577505735676612E+00
0.59724207122349527699962851669058E+00 0.10731109285098740131344190175995E+00
0.60835024311426917687291146249317E+00 0.10930727303932838046569145253172E+00
0.61943704995659753831105429346068E+00 0.11129961004768640977352256719064E+00
0.63050210237193596180096805991479E+00 0.11328803383069814268152279720209E+00
0.64154501174989264797375657253021E+00 0.11527247447948507037288674512623E+00
0.65256539026199189990663529584008E+00 0.11725286222408006183156031367262E+00
0.66356285087541431613771253835878E+00 0.11922912743584973562405974066627E+00
0.67453700736671241421184492757484E+00 0.12120120062990966848853862211895E+00
0.68548747433550215974139601136649E+00 0.12316901246753406023682501889592E+00
0.69641386721812965389121451914081E+00 0.12513249375855903373451359520444E+00
0.70731580230131311073992466330909E+00 0.12709157546377923162375141744461E+00
0.71819289673575920193605684801718E+00 0.12904618869733892358382761572889E+00
0.72904476854975392491717808198608E+00 0.13099626472911502762159603229776E+00
0.73987103666272757385865753275569E+00 0.13294173498709477691426786305982E+00
0.75067132089879367707225591309787E+00 0.13488253105974546149452411215763E+00
0.76144524200026142689880473122001E+00 0.13681858469837746754474180728739E+00
0.77219242164112164760025592544685E+00 0.13874982781950113105909589882990E+00
0.78291248244050495897388214249463E+00 0.14067619250717385696487808414175E+00
0.79360504797611476832401744848395E+00 0.14259761101534282226265175244139E+00
0.80426974279763023143903731887586E+00 0.14451401577017734190633104841016E+00
0.81490619244008432309123555791509E+00 0.14642533937239543334747114974368E+00
0.82551402343721236837456800457990E+00 0.14833151459958144091951603886018E+00
0.83609286333477338653155693010105E+00 0.15023247440849564475864073152872E+00
0.84664234070384336227797002918265E+00 0.15212815193737636316727520957894E+00
0.85716208515408007558652194729521E+00 0.15401848050823262487315316035802E+00
0.86765172734695990337750700892765E+00 0.15590339362912908584083038487839E+00
0.87811089900898617291585258395138E+00 0.15778282499646192695298504788443E+00
0.88853923294486838262797608444014E+00 0.15965670849722581612295773455620E+00
0.89893636305067403159395772278040E+00 0.16152497821127174312308967875017E+00
0.90930192432695059133371164480384E+00 0.16338756841355551545945749158251E+00
0.91963555289181970333038510297771E+00 0.16524441357637744901345654830175E+00
0.92993688599404239265257671566955E+00 0.16709544837161118604924541958720E+00
0.94020556202605538986038779410356E+00 0.16894060767292372068145589511254E+00
0.95044122053697978857662043610040E+00 0.17077982655798496140853494952628E+00
0.96064350224560010466939359844528E+00 0.17261304031066681837952315335889E+00
0.97081204905331571714305590360911E+00 0.17444018442323213290837263797453E+00
0.98094650405706395644886797680407E+00 0.17626119459851270621697791263963E+00
0.99104651156221471986512042548671E+00 0.17807600675207634546750648642612E+00
0.10011117170954378748600666679310E+01 0.17988455701438278015255203311765E+00
0.10111417674175425899536254215714E+01 0.18168678173292795787831833237219E+00
0.10211363105362894581493544282265E+01 0.18348261747437703058478574438346E+00
0.10310949957191759974351550981605E+01 0.18527200102668466941680294418617E+00
0.10410174735061945323436892985098E+01 0.18705486940120374174207923947164E+00
0.10509033957225652721467794323176E+01 0.18883115983478138761189003469770E+00
0.10607524154914424361488076833375E+01 0.19060080979184173683937501638128E+00
0.10705641872465957472054230635264E+01 0.19236375696645556269546844368085E+00
0.10803383667450672655415894549876E+01 0.19411993928439749097385943557936E+00
0.10900746110798036435731174315616E+01 0.19586929490518757569339269993534E+00
0.10997725786922662298749461636182E+01 0.19761176222412025110245405776275E+00
0.11094319293850169001142888053578E+01 0.19934727987427791693721387811887E+00
0.11190523243342837686476650231711E+01 0.20107578672852949216852313609536E+00
0.11286334261025053196557044213034E+01 0.20279722190151433928660360507604E+00
0.11381748986508542644940211707236E+01 0.20451152475160955274345857629276E+00
0.11476764073517437487812767696196E+01 0.20621863488288175912573614766463E+00
0.11571376190013146553364693125867E+01 0.20791849214702169082569649892711E+00
0.11665582018319073398209205341272E+01 0.20961103664526161752428119312793E+00
0.11759378255245186985034657410688E+01 0.21129620873027586701649073162265E+00
0.11852761612212442165731952087270E+01 0.21297394900806174103508093919035E+00
0.11945728815377099553135391904006E+01 0.21464419833980316503059281065367E+00
0.12038276605754928015029051515766E+01 0.21630689784371393929623397444481E+00
0.12130401739345331167467262471717E+01 0.21796198889686096388508079909102E+00
0.12222100987255407739704145703924E+01 0.21960941313696768414208528131531E+00
0.12313371135823970013174452826950E+01 0.22124911246419525918143259020090E+00
0.12404208986745542703845325586691E+01 0.22288102904290218398709447437629E+00
0.12494611357194368662400198988871E+01 0.22450510530338053316633883479304E+00
0.12584575079948441347792360224782E+01 0.22612128394356926159994944713381E+00
0.12674097003513608865716630584693E+01 0.22772950793074229189868858637982E+00
0.12763173992247759332847199914876E+01 0.22932972050317135032455729300973E+00
0.12851802926485139759338259824246E+01 0.23092186517176247772145303521388E+00
0.12939980702660830192848192804245E+01 0.23250588572166496989186607002265E+00
0.13027704233435421387817359561703E+01 0.23408172621385177927987434134809E+00
0.13114970447819935247148381050125E+01 0.23564933098667001177769753300944E+00
0.13201776291301023274855364729163E+01 0.23720864465736086629926180548231E+00
0.13288118725966508318955040445732E+01 0.23875961212354672751347485050555E+00
0.13373994730631305504302938659316E+01 0.24030217856468526230631630348299E+00
0.13459401300963785403788813831272E+01 0.24183628944348809260144642386706E+00
0.13544335449612641236643161886561E+01 0.24336189050730205815595531263913E+00
0.13628794206334307674253077111709E+01 0.24487892778945350725364714028007E+00
0.13712774618121037353485800901604E+01 0.24638734761055079160375907041912E+00
0.13796273749329656242932920111918E+01 0.24788709657974603088766377655810E+00
0.13879288681811131869771811322040E+01 0.24937812159595149583330280057630E+00
0.13961816515041003597380642383820E+01 0.25086036984901032905418084130073E+00
0.14043854366250782425695626272112E+01 0.25233378882081847119933404428929E+00
0.14125399370560423855289178616453E+01 0.25379832628639466847946497208257E+00
0.14206448681111971696295817416403E+01 0.25525393031489786312573021251496E+00
0.14286999469204497704763907909039E+01 0.25670054927058588911799827283444E+00
0.14367048924430468614633057787742E+01 0.25813813181371626067386757710465E+00
0.14446594254813652018065081438926E+01 0.25956662690138176201809641834746E+00
0.14525632686948749290936285201294E+01 0.26098598378828064229588697795920E+00
0.14604161466142873367526461119533E+01 0.26239615202741556886074776619613E+00
0.14682177856559073809846900487149E+01 0.26379708147071724508450318643249E+00
0.14759679141362081684911922061883E+01 0.26518872226958958819282289703066E+00
0.14836662622866481035341247126101E+01 0.26657102487537015448180555629537E+00
0.14913125622687530107023329942556E+01 0.26794394003970160179165899741892E+00
0.14989065481894859903853336980815E+01 0.26930741881480807704555863881582E+00
0.15064479561169322433980721717170E+01 0.27066141255367060729988950759462E+00
0.15139365240963262155349618380259E+01 0.27200587291009513882259297227961E+00
0.15213719921664515044030288063452E+01 0.27334075183866577454880546371650E+00
0.15287541023764474992445374293527E+01 0.27466600159457628637861045678455E+00
0.15360825988030580226629616511433E+01 0.27598157473333023013392974450855E+00
0.15433572275683626838977384836625E+01 0.27728742411030236686776357027719E+00
0.15505777368580326530405854956386E+01 0.27858350288015017632635662018149E+00
0.15577438769401587863479436789532E+01 0.27986976449606582731573595062646E+00
0.15648554001847032529560548745550E+01 0.28114616270885609101570036081793E+00
0.15719120610836306170177169943085E+01 0.28241265156583860747464152630802E+00
0.15789136162717800432362221774596E+01 0.28366918540954051022673589712890E+00
0.15858598245485461010367458318088E+01 0.28491571887618350468046290922044E+00
0.15927504469004411105351741039385E+01 0.28615220689394075269940179720175E+00
0.15995852465246221664206406793570E+01 0.28737860468094643404096788577897E+00
0.16063639888534690308223622835136E+01 0.28859486774303891606180976239791E+00
0.16130864415803137010208017447900E+01 0.28980095187121659851003209185251E+00
0.16197523746864281159450616709453E+01 0.29099681313878219935985188311649E+00
0.16263615604693886675354414183205E+01 0.29218240789815069685036592901607E+00
0.16329137735729505217060187715045E+01 0.29335769277729211492196816581804E+00
0.16394087910185749970098134806744E+01 0.29452262467577867891660083698333E+00
0.16458463922387719377087180744771E+01 0.29567716076040217444129458824860E+00
0.16522263591124351483890613890295E+01 0.29682125846032332383455111558135E+00
0.16585484760023666009214097578930E+01 0.29795487546171313537167769313376E+00
0.16648125297952112513785028422249E+01 0.29907796970183893799847942428720E+00
0.16710183099440440116860896797840E+01 0.30019049936254561580286186056568E+00
0.16771656085138821050754628216341E+01 0.30129242286307595113468849775942E+00
0.16832542202304252586325876918411E+01 0.30238369885216755322983995617833E+00
0.16892839425323620671548255751044E+01 0.30346428619935747138889090045139E+00
0.16952545756276223605845144439881E+01 0.30453414398541888862712923249626E+00
0.17011659225539987216508939804659E+01 0.30559323149184339974055134750606E+00
0.17070177892446149959666632507852E+01 0.30664150818927466046058412436512E+00
0.17128099845987770484001243507560E+01 0.30767893372478716953616473695147E+00
0.17185423205588095096445113916387E+01 0.30870546790789147091555742211325E+00
0.17242146121935600984285656965046E+01 0.30972107069513319019061624298632E+00
0.17298266777893411106932254010540E+01 0.31072570217313676847421521513204E+00
0.17353783389491811521047016109677E+01 0.31171932253992672068123213501227E+00
0.17408694207013772905415407560776E+01 0.31270189208433819102076217639032E+00
0.17462997516184737102014569047262E+01 0.31367337116330386607299005685230E+00
0.17516691639479518027693746501167E+01 0.31463372017677859240267170776766E+00
0.17569774937560978856941820339772E+01 0.31558289954002904501274028180189E+00
0.17622245810867288424959177169039E+01 0.31652086965298143936052362050436E+00
0.17674102701367042609919313861632E+01 0.31744759086627776447035785672406E+00
0.17725344094504435032986154252126E+01 0.31836302344364186342105573746419E+00
0.17775968521360090838732411405888E+01 0.31926712752010165689819645973289E+00
0.17825974561057173551978023033335E+01 0.32015986305554749547752960679401E+00
0.17875360843447139065971356379356E+01 0.32104118978303174336063915799959E+00
0.17924126052115124815657091308574E+01 0.32191106715112436116282434526626E+00
0.17972268927751647176395576503749E+01 0.32276945425953644567580934126705E+00
0.18019788271945267888900670559839E+01 0.32361630978710091373927511116282E+00
0.18066682951460446601360250250949E+01 0.32445159191105423458209918177900E+00
0.18112951903076293020630069587317E+01 0.32527525821639464834130809250994E+00
0.18158594139075842667927621229401E+01 0.32608726559388659605006162105193E+00
0.18203608753492292384521873701217E+01 0.32688757012504298209521215425745E+00
0.18247994929239222903940958611764E+01 0.32767612695212531123964046246691E+00
0.18291751946276934052138093243228E+01 0.32845289013085665925017039051790E+00
0.18334879190998018649168089966470E+01 0.32921781246312478033139968325821E+00
0.18377376167053596849192142145660E+01 0.32997084530644476651890715759271E+00
0.18419242507889327789480362897233E+01 0.33071193835633724021219899635670E+00
0.18460477991320034026394605013729E+01 0.33144103939702321316739309069529E+00
0.18501082556547026219181611199356E+01 0.33215809401491287124411441614637E+00
0.18541056324117701322338439104853E+01 0.33286304526822291477279828296846E+00
0.18580399619449023418835727104004E+01 0.33355583330463190658779294545375E+00
0.18619113000693633847316836660331E+01 0.33423639491712006022951341055020E+00
0.18657197291931500350064513028517E+01 0.33490466302586266934765970660985E+00
0.18694653622937182594197629829438E+01 0.33556056607132980557556922215293E+00
0.18731483477127060027718432618812E+01 0.33620402729976964709709017641303E+00
0.18767688749761566763222134774467E+01 0.33683496391864390034040659713835E+00
0.18803271819121455580093543184158E+01 0.33745328609037477699096967019934E+00
0.18838235634233736004690696442981E+01 0.33805889573426508659910044301828E+00
0.18872583823981451076712165841700E+01 0.33865168506769917303030741194721E+00
0.18906320833984995438463999647235E+01 0.33923153488824604153275177007493E+00
0.18939452100504481186981982399219E+01 0.33979831232630278767936732076785E+00
0.18971984272838371550259123462947E+01 0.34035186852906516366890080110152E+00
0.19003925504770674159810120980181E+01 0.34089203443629848306150769753222E+00
0.19035285832016541847344638045584E+01 0.34141861953427352485458053972031E+00
0.19066077698945281814158270398992E+01 0.34193139814375431635744143026626E+00
0.19096316615952066383980765127642E+01 0.34243012834260253690629980112993E+00
0.19126022260753787742034532127457E+01 0.34291446726822657434579634954780E+00
0.19155219500619025141089797569988E+01 0.34338418998256441966441724192299E+00
0.19189632105981278564288945864224E+01 0.34392770577450114116084677023956E+00
0.19223437820394918693223178036194E+01 0.34444849727575090895642149685546E+00
0.19256749909789639637131591845777E+01 0.34494534669688414678331459891075E+00
0.19289742759345241684994776052526E+01 0.34541665528826662546198246801290E+00
0.19322705925475078582995053419842E+01 0.34586015050885388340015633800066E+00
0.19354418092500681000693125669420E+01 0.34625181488467482194148190969297E+00
0.19383526172970517647258891587048E+01 0.34657073073425649091511441510151E+00
0.19410279099137917672768753200233E+01 0.34681656787399132789798259334409E+00
0.19434931455663444539641951157884E+01 0.34699205882065237771190321099389E+00
