0.19731681572347965580657850927544E+01 -0.11453201107884465693206754667775E+00
0.19738536456371773502869213233540E+01 -0.11311290479850335059347107543704E+00
0.19745461377675215081163731975186E+01 -0.11179016296358572356045844180603E+00
0.19752356353901073564148499035096E+01 -0.11056192042048178959723689929330E+00
0.19759109921311621226499979729101E+01 -0.10943032289804341195472056380501E+00
0.19765609316088851832000017230714E+01 -0.10839822536055898200398661588667E+00
0.19771779650695889231492658736059E+01 -0.10746332847182199391796624262674E+00
0.19777683675201755359764175673692E+01 -0.10660506702838560159540881855862E+00
0.19783386531666183717249541979529E+01 -0.10580629374470288122789655937029E+00
0.19788930779174922497585260893886E+01 -0.10505558664404472042407795647741E+00
0.19794346032670018468511603994524E+01 -0.10434485645736045309332156636614E+00
0.19788930779174922497585260893886E+01 -0.10505558664404472042407795647741E+00
0.19783386531666183717249541979529E+01 -0.10580629374470288122789655937029E+00
0.19777683675201755359764175673692E+01 -0.10660506702838560159540881855862E+00
0.19771779650695889231492658736059E+01 -0.10746332847182199391796624262674E+00
0.19765609316088851832000017230714E+01 -0.10839822536055898200398661588667E+00
0.19759109921311621226499979729101E+01 -0.10943032289804341195472056380501E+00
0.19752356353901073564148499035096E+01 -0.11056192042048178959723689929330E+00
0.19745461377675215081163731975186E+01 -0.11179016296358572356045844180603E+00
0.19738536456371773502869213233540E+01 -0.11311290479850335059347107543704E+00
0.19731681572347965580657850927544E+01 -0.11453201107884465693206754667775E+00
0.19708933612463749372328632826648E+01 -0.11471574444368348734578486857812E+00
0.19684238838253879904770916511971E+01 -0.11481273765645234947677312505000E+00
0.19657380743925247583377354660199E+01 -0.11488252463976553160300373392923E+00
0.19628098723466593501823690123961E+01 -0.11490970101977288300686957559794E+00
0.19596145258677488243965314421478E+01 -0.11489512613760815150771517572275E+00
0.19562888519864299857022671439864E+01 -0.11484434326346178185380054503262E+00
0.19529569467545867156140603770184E+01 -0.11476670127260779333803328794761E+00
0.19495903276724585950017262430656E+01 -0.11466745849288178839641814467595E+00
0.19461718609838283999337400852914E+01 -0.11455039061381265350895094509905E+00
0.19426904637061680691899364954680E+01 -0.11441748296493456861080998593271E+00
0.19397356521238509990522585810649E+01 -0.11429672903604888172444981698696E+00
0.19367286381457858587831527635839E+01 -0.11416725149388807078810998808002E+00
0.19336669701267567920467558631437E+01 -0.11402978783622341160354437654640E+00
0.19305487358573128656386589103816E+01 -0.11388488286384431727777192862805E+00
0.19273724227936621128157874440083E+01 -0.11373298106559539962142766417293E+00
0.19241368219237566862703269489848E+01 -0.11357445239007335892629015847428E+00
0.19208409590058390826273613701898E+01 -0.11340960860374095190089252516163E+00
0.19174840442745361796033342385085E+01 -0.11323871506754411102201462261785E+00
0.19140654349566157298645735638971E+01 -0.11306199959098438322814876923834E+00
0.19105846068717889855088913740107E+01 -0.11287965924842776752640921139134E+00
0.19070411326021719034234867938336E+01 -0.11269186571490674900847207824583E+00
0.19034346644924406046844500217461E+01 -0.11249876949891166312018485481314E+00
0.18997649212568610949000236355946E+01 -0.11230050333822442079878127264940E+00
0.18960316773163970557015232566227E+01 -0.11209718495124826517014561733763E+00
0.18922347542278806660757334170586E+01 -0.11188891928578557225169822919948E+00
0.18883740137344082740067529931989E+01 -0.11167580037163771227472663411026E+00
0.18844493520850160593145364717162E+01 -0.11145791285782059304253019584816E+00
0.18804606953574654781659840928388E+01 -0.11123533329649112970559086941281E+00
0.18764079955806648576603407228966E+01 -0.11100813122181479661012946607252E+00
0.18722912274996338145805432314869E+01 -0.11077637006159598351540937734597E+00
0.18681103858606123144905266363889E+01 -0.11054010791158919099129809858483E+00
0.18638654831201343008322768857479E+01 -0.11029939819634754804772685702994E+00
0.18595565475018916146330549518224E+01 -0.11005429023577351265958231460861E+00
0.18551836213406117442758676267127E+01 -0.10980482973287202471659623276698E+00
0.18507467596641232798150820667098E+01 -0.10955105919532432629073939904265E+00
0.18462460289741323777845779823634E+01 -0.10929301830121453548756984265014E+00
0.18416815061935960860188363512393E+01 -0.10903074421741723349321319387051E+00
0.18370532777544209125950705534675E+01 -0.10876427187768851186814387134746E+00
0.18323614388038787890307311816100E+01 -0.10849363422631916723007032505242E+00
0.18276060925118766504017052165819E+01 -0.10821886243224590864130497035281E+00
0.18227873494642426418805206198256E+01 -0.10793998607773017187909712476779E+00
0.18179053271296479825366007296921E+01 -0.10765703332506823178007476755836E+00
0.18129601493897890661131771466749E+01 -0.10737003106426452158338597560453E+00
0.18079519461240999595891179274248E+01 -0.10707900504415642527584796410320E+00
0.18028808528416199501114561467481E+01 -0.10678397998911383705412789253010E+00
0.17977470103537639990914555939457E+01 -0.10648497970312764850847267472942E+00
0.17925505644826757215309286130779E+01 -0.10618202716284509590191543573224E+00
0.17872916658006199540586826810292E+01 -0.10587514460089136449126066840035E+00
0.17819704693965255014731328779222E+01 -0.10556435358063532982757892164330E+00
0.17765871346663347290077065493502E+01 -0.10524967506340055322296048703426E+00
0.17711418251242803843202982942874E+01 -0.10493112946899074819821653153865E+00
0.17656347082325999541103813167732E+01 -0.10460873673028661416403272920668E+00
0.17600659552475314205578613009630E+01 -0.10428251634257353514284899378861E+00
0.17544357410797166927298313129267E+01 -0.10395248740817783842134341811079E+00
0.17487442441673800130367721932295E+01 -0.10361866867691706217343279508825E+00
0.17429916463608576444823391636071E+01 -0.10328107858280899662056706498516E+00
0.17371781328172309745896669605100E+01 -0.10293973527743038349387150083750E+00
0.17313038919039697794371144982070E+01 -0.10259465666027020450591335154464E+00
0.17253691151106252583278556782018E+01 -0.10224586040638393921403066297727E+00
0.17193739969677239069294966300142E+01 -0.10189336399161635059678292488794E+00
0.17133187349721179591525636605043E+01 -0.10153718471563548304784234608562E+00
0.17072035295181286499568556547065E+01 -0.10117733972298852044508601616083E+00
0.17010285838338991856979786214682E+01 -0.10081384602237016893699154280858E+00
0.16947941039224360078376597317089E+01 -0.10044672050427298380565961927100E+00
0.16885002985068772881704546965814E+01 -0.10007597995716980887201410011738E+00
0.16821473789795768624036387574209E+01 -0.99701641082364811302352344747352E-01
0.16757355593546363591205541976779E+01 -0.99323720507632733357482083230154E-01
0.16692650562235570461807175817056E+01 -0.98942234799756343114650705134324E-01
0.16627360887137189134667350943722E+01 -0.98557200476059323431322955673357E-01
0.16561488784494223065863315572477E+01 -0.98168634015022368882172596477271E-01
0.16495036495152571211438795283329E+01 -0.97776551866062058169148898554230E-01
0.16428006284215863211455882370002E+01 -0.97380970458543495178109883430897E-01
0.16360400440719532407254184739320E+01 -0.96981906210092322358673676345056E-01
0.16292221277322401685074582195641E+01 -0.96579375534263371279904554205109E-01
0.16223471130014222740276755005836E+01 -0.96173394847619657102767389998345E-01
0.16154152357837773840905049843400E+01 -0.95763980576269550553760323629175E-01
0.16084267342624232590191290385951E+01 -0.95351149161905506259714210494786E-01
0.16013818488740679624304716953962E+01 -0.94934917067384862188223594557595E-01
0.15942808222848695289128020230249E+01 -0.94515300781886761196022411017375E-01
0.15871238993673076052686841941684E+01 -0.94092316825680994030926407002334E-01
0.15799113271779846607333371296260E+01 -0.93665981754535635900573564538928E-01
0.15726433549362744465584213165416E+01 -0.93236312163793174835333556752251E-01
0.15653202340037493852364982915257E+01 -0.92803324692138855168860013957784E-01
0.15579422178643199965269175036011E+01 -0.92367036025084461519253950051653E-01
0.15505095621050272857228631367806E+01 -0.91927462898188534030387085107423E-01
0.15430225243974346733482356044411E+01 -0.91484622100031922413104524149393E-01
0.15354813644795683032541515830474E+01 -0.91038530474966792533655607312502E-01
0.15278863441383614266739236143108E+01 -0.90589204925654256003036419192633E-01
0.15202377271925617082441097186088E+01 -0.90136662415406920726947358729437E-01
0.15125357794760611099836866194763E+01 -0.89680919970348247681930384519421E-01
0.15047807688216163560114949768135E+01 -0.89221994681402729914306237582847E-01
0.14969729650449251516014046478767E+01 -0.88759903706128178842397257061856E-01
0.14891126399290303533008010061464E+01 -0.88294664270399569603122383799765E-01
0.14812000672090244716843348243248E+01 -0.87826293669956145645409513002951E-01
0.14732355225570287584249440819325E+01 -0.87354809271819445343553070622831E-01
0.14652192835674254986651290742318E+01 -0.86880228515591260527806443803957E-01
0.14571516297423205328193889794823E+01 -0.86402568914639587945993230684068E-01
0.14490328424772172087184123344846E+01 -0.85921848057178403931098496255668E-01
0.14408632050468847444219241733797E+01 -0.85438083607250055128132550158225E-01
0.14326430025914018421259516820801E+01 -0.84951293305614185547492995467841E-01
0.14243725221023630162068850681867E+01 -0.84461494970550569127198829942050E-01
0.14160520524092312411331394016808E+01 -0.83968706498580627549401308732702E-01
0.14076818841658246255152352299128E+01 -0.83472945865112124528371044412959E-01
0.13992623098369252941938311854618E+01 -0.82974231125012195817846008526243E-01
0.13907936236849981445126754081641E+01 -0.82472580413112934994660249425154E-01
0.13822761217570102771356687980849E+01 -0.81968011944653124427908609406648E-01
0.13737101018713403538810533491956E+01 -0.81460544015659853444915945524317E-01
0.13650958636047692351608147946538E+01 -0.80950195003274455731313580611279E-01
0.13564337082795445978933572568029E+01 -0.80436983366023991569909030142293E-01
0.13477239389505093560914573137585E+01 -0.79920927644043461167870559144949E-01
0.13389668603922899591190258519192E+01 -0.79402046459249911621817863032244E-01
0.13301627790865350772401886249827E+01 -0.78880358515471686696653225795509E-01
0.13213120032091996804797220077657E+01 -0.78355882598535717760320879729371E-01
0.13124148426178696335741593614202E+01 -0.77828637576313877977147924757722E-01
0.13034716088391194220862330222279E+01 -0.77298642398732193809797853975734E-01
0.12944826150559000228179982402720E+01 -0.76765916097743263945951842540565E-01
0.12854481760949513371011312318092E+01 -0.76230477787264494074945371379882E-01
0.12763686084142344133214784807581E+01 -0.75692346663084831447874948364101E-01
0.12672442300903815637480735059395E+01 -0.75151542002739593361166660088644E-01
0.12580753608061573414284715480469E+01 -0.74608083165356871388819467577087E-01
0.12488623218379306992119297598203E+01 -0.74061989591475710596194615559317E-01
0.12396054360431523441418336443817E+01 -0.73513280802838092114408687065224E-01
0.12303050278478349403856760100699E+01 -0.72961976402155736429886389157049E-01
0.12209614232340347549167925675253E+01 -0.72408096072852848870477256256867E-01
0.12115749497273302790895562683209E+01 -0.71851659578786495404672753330886E-01
0.12021459363842965817491301492596E+01 -0.71292686763944224125049218058120E-01
0.11926747137799735128670701921417E+01 -0.70731197552122739056166687215123E-01
0.11831616139953236270475071734083E+01 -0.70167211946584449081607670845450E-01
0.11736069706046816693352664484352E+01 -0.69600750029697402065111204463301E-01
0.11640111186631890514853845834199E+01 -0.69031831962555614960789961568484E-01
0.11543743946942163950400927450036E+01 -0.68460477984582675652526996725085E-01
0.11446971366767695142486205746459E+01 -0.67886708413119052423887987193891E-01
0.11349796840328781496067798846812E+01 -0.67310543642993147795528970767721E-01
0.11252223776149672554442482182301E+01 -0.66732004146077785103013305383251E-01
0.11154255596932079857028529245444E+01 -0.66151110470831332603907720110932E-01
0.11055895739428486153444292032769E+01 -0.65567883241825811913740350781140E-01
0.10957147654315239041860742466157E+01 -0.64982343159261313974519585729939E-01
0.10858014806065415324150666178009E+01 -0.64394510998467503640847798265057E-01
0.10758500672821457453853114126311E+01 -0.63804407609393047787216811367674E-01
0.10658608746267560853204197604500E+01 -0.63212053916082816524889424431883E-01
0.10558342531501823806143745510956E+01 -0.62617470916144773727202130984765E-01
0.10457705546908131554912533911768E+01 -0.62020679680204511995827567886957E-01
0.10356701324027784644521791863559E+01 -0.61421701351350410268057323881032E-01
0.10255333407430862577434692971213E+01 -0.60820557144568193757524960383875E-01
0.10153605354587315076566535172255E+01 -0.60217268346165748355482054890658E-01
0.10051520735737773316436411995866E+01 -0.59611856313189324667298816901449E-01
0.99490831337640950509116365766986E+00 -0.59004342472828831167572219873670E-01
0.98462961440596084074987415198346E+00 -0.58394748321816924747814438061204E-01
0.97431633743990958320783594657449E+00 -0.57783095425817577698393643254901E-01
0.96396884448084608595278595425354E+00 -0.57169405418807492597198709160965E-01
0.95358749874341317228130385267444E+00 -0.56553700002449878220104791875771E-01
0.94317266464121586582952539810190E+00 -0.55936000945459901913001750755826E-01
0.93272470777370190134069951113089E+00 -0.55316330082963361473229941872048E-01
0.92224399491301361231736358150250E+00 -0.54694709315848012121460699838901E-01
0.91173089399080919066953913261940E+00 -0.54071160610108412020662698464727E-01
0.90118577408505545499928000192904E+00 -0.53445705996183674561633997164217E-01
0.89060900540679060962865900658980E+00 -0.52818367568289103275305330748646E-01
0.88000095928685702833116620211849E+00 -0.52189167483741584649039660272346E-01
0.86936200816260523348829630235898E+00 -0.51558127962278616982890230227170E-01
0.85869252556456768537902088642390E+00 -0.50925271285372384374024037365631E-01
0.84799288610310385741023243250687E+00 -0.50290619795537036454849681022916E-01
0.83726346545501481337667125633866E+00 -0.49654195895631365732468143848376E-01
0.82650464035012975260483889877523E+00 -0.49016022048155497556515200175088E-01
0.81571678855786293875195218316806E+00 -0.48376120774543525160076164904004E-01
0.80490028887374118925141569205977E+00 -0.47734514654449580307869759409644E-01
0.79405552110590322639012005733737E+00 -0.47091226325030188972740969640900E-01
0.78318286606156990125942737355944E+00 -0.46446278480221727564679995640898E-01
0.77228270553348623147657653490879E+00 -0.45799693870013000700413663659395E-01
0.76135542228633517367945557117702E+00 -0.45151495299713454576369336283727E-01
0.75040140004312278030557382841039E+00 -0.44501705629217333971187514311022E-01
0.73942102347153657641144044681165E+00 -0.43850347772263256487693890741340E-01
0.72841467817027538858270950927577E+00 -0.43197444695690004221700158207108E-01
0.71738275065535215715365257791778E+00 -0.42543019418688020593841455809405E-01
0.70632562834637033672573718217654E+00 -0.41887095012047622394568129079341E-01
0.69524369955277219265150840292216E+00 -0.41229694597402673549694641945756E-01
0.68413735346006188098293287344827E+00 -0.40570841346471267817141154525126E-01
0.67300698011600181833591804983128E+00 -0.39910558480292642995506891061859E-01
0.66185297041678266519343292071391E+00 -0.39248869268460280659805365247003E-01
0.65067571609316882790846077739876E+00 -0.38585797028352424713288640063109E-01
0.63947560969661770731113149310673E+00 -0.37921365124358482494322609535618E-01
0.62825304458537460303076427741610E+00 -0.37255596967102800161633742596456E-01
0.61700841491054257823906157684217E+00 -0.36588516012665073175792276728148E-01
0.60574211560212858355960259053294E+00 -0.35920145761798206945145800429846E-01
0.59445454235506564215629070580158E+00 -0.35250509759142273026391776790655E-01
0.58314609161521061181760702530607E+00 -0.34579631592436640722602607448512E-01
0.57181716056532023471363619677150E+00 -0.33907534891728756129224729740189E-01
0.56046814711100333189187110625913E+00 -0.33234243328580439880937069628817E-01
0.54909944986665077483445355765289E+00 -0.32559780615271431949022601745677E-01
0.53771146814134386485160605339749E+00 -0.31884170504000384284794620055962E-01
0.52630460192474043227923805532242E+00 -0.31207436786083385363793827909901E-01
0.51487925187294035141073745500524E+00 -0.30529603291150340236023456066742E-01
0.50343581929432956774975690504312E+00 -0.29850693886338181700397138524289E-01
0.49197470613540416071325159635647E+00 -0.29170732475483160864273865120047E-01
0.48049631496657428931966394344627E+00 -0.28489742998309214538828713116376E-01
0.46900104896794815244903585089695E+00 -0.27807749429615640874360747044797E-01
0.45748931191509725963082168001056E+00 -0.27124775778461965055503361974233E-01
0.44596150816480269233275917712975E+00 -0.26440846087350518095282652135926E-01
0.43441804264078269420866369239293E+00 -0.25755984431407986516305501048485E-01
0.42285932081940302179071451115172E+00 -0.25070214917563811727846980598536E-01
0.41128574871536914792901493404760E+00 -0.24383561683727816223923200152956E-01
0.39969773286740175083500401269395E+00 -0.23696048897965164013532359789676E-01
0.38809568032389548529539232039699E+00 -0.23007700757670162243756031327924E-01
0.37647999862856156964653950826643E+00 -0.22318541488738080205051268106570E-01
0.36485109580605456410094856317908E+00 -0.21628595344735055934710838100046E-01
0.35320938034758407347558867389203E+00 -0.20937886606067087891706313248035E-01
0.34155526119651134831163862315264E+00 -0.20246439579146880216975570772889E-01
0.32988914773393177137913018081604E+00 -0.19554278595559233514381815829129E-01
0.31821144976424304260396707362003E+00 -0.18861428011225294749698684146650E-01
0.30652257750070034624696790474037E+00 -0.18167912205565130275982219351038E-01
0.29482294155095806821468705395011E+00 -0.17473755580659136970021236038070E-01
0.28311295290259939141638747453887E+00 -0.16778982560407729950174413266674E-01
0.27139302290865333015129925208407E+00 -0.16083617589690489777187001532839E-01
0.25966356327310068974990916843522E+00 -0.15387685133523213133131524792422E-01
0.24792498603636826912128338091064E+00 -0.14691209676214622372623738766635E-01
0.23617770356081298658862468430400E+00 -0.13994215720521268779227539606810E-01
0.22442212851619535649664797547775E+00 -0.13296727786801809821282997460513E-01
0.21265867386514343168758367116999E+00 -0.12598770412170061176733792167532E-01
0.20088775284860749638594135967362E+00 -0.11900368149646901978071540369682E-01
0.18910977897130584564051606494732E+00 -0.11201545567311667594400747096763E-01
0.17732516598716252003012693946784E+00 -0.10502327247452069352266619498889E-01
0.16553432788473686159605246854499E+00 -0.98027377857137423047512422168972E-02
0.15373767887264613820290891686509E+00 -0.91028017902486090271949890333096E-02
0.14193563336498096930326681380451E+00 -0.84025438808625749271753408462850E-02
0.13012860596671449309348857848916E+00 -0.77019886881627076774627686209148E-02
0.11831701145910592629246166562017E+00 -0.70011608527032363498460173119406E-02
0.10650126478509819482017059588593E+00 -0.63000850241312914345429535391715E-02
0.94681781034711127800506140326436E-01 -0.55987858603318404877467171120034E-02
0.82858975430429995132254707826172E-01 -0.48972880265721013501460871756225E-02
0.71033263312590210026688437581290E-01 -0.41956161946453018572688474328686E-02
0.59205060124758511367920125070652E-01 -0.34937950420140759503901109748885E-02
0.47374781399111271057688731301621E-01 -0.27918492509533239409486204984585E-02
0.35542842741810387365835151963053E-01 -0.20898035076925850367521937386352E-02
0.23709659818377049580228300627025E-01 -0.13876825015581144994068315865128E-02
0.11875648339064283228108530529133E-01 -0.68551092411452653636832505099148E-03
0.41224044228249122390013189497097E-04 0.16686531693760372491307488346328E-04
-0.11793197310300656299151743523797E-01 0.71888517240160085245940989103530E-03
-0.23627199967846864834055349142026E-01 0.14210603048821308311782011822560E-02
-0.35460368185518166216654291269404E-01 0.21231872372062150179730100275607E-02
-0.47292286248833056694541208370772E-01 0.28252412795019668832706577289600E-02
-0.59122538486346828739898161686881E-01 0.35271977448144504757662614991210E-02
-0.70950709284275379924920268619877E-01 0.42290319499654138237161818434256E-02
-0.82776383101116746674475960883387E-01 0.49307192164131076210172690487556E-02
-0.94599144482269454669765982179587E-01 0.56322348711122279241379638284437E-02
-0.10641857807464740224857523384399E+00 0.63335542473736616842499365931551E-02
-0.11823426864129078694515865071029E+00 0.70346526857243530128052543627302E-02
-0.13004580107597245262432107433860E+00 0.77355055347669423245858209342996E-02
-0.14185276041779929402982495270099E+00 0.84360881520395446869855841286272E-02
-0.15365473186580793713722998640440E+00 0.91363759048749502763137977650087E-02
-0.16545130079355483901390891466805E+00 0.98363441712600492651525264472575E-02
-0.17724205276369936566920750101038E+00 0.10535968340694951002106102915802E-01
-0.18902657354258011755563189801033E+00 0.11235223815051515709283312042479E-01
-0.20080444911478382547420245986609E+00 0.11934086009432142687917818910660E-01
-0.21257526569770591900291540687319E+00 0.12632530353027672742927944707841E-01
-0.22433860975610292561687253987062E+00 0.13330532289975421938055389140413E-01
-0.23609406801663552995541983775333E+00 0.14028067280216542680896332258649E-01
-0.24784122748240233155075275599983E+00 0.14725110800352877249976840252399E-01
-0.25957967544746343796633056729999E+00 0.15421638344503798640172286152709E-01
-0.27130899951135356609041205612328E+00 0.16117625425161860117265766319470E-01
-0.28302878759358424788803626003112E+00 0.16813047574048763968831703141200E-01
-0.29473862794813414088986526743266E+00 0.17507880342969859743821113296655E-01
-0.30643810917792781541976147609823E+00 0.18202099304668900031755242749817E-01
-0.31812682024930148587731494937211E+00 0.18895680053681532060650364124906E-01
-0.32980435050645617709097559878574E+00 0.19588598207188468428047542270206E-01
-0.34147028968589692911469017612170E+00 0.20280829405867828504578631110020E-01
-0.35312422793085835897495954411424E+00 0.20972349314746914101776610348784E-01
-0.36476575580571527002607071974130E+00 0.21663133624053052890308230900277E-01
-0.37639446431037867206678998081568E+00 0.22353158050063509600777145258095E-01
-0.38800994489467587868191712080442E+00 0.23042398335955158607867749828955E-01
-0.39961178947271487758952629622251E+00 0.23730830252652741032179731655105E-01
-0.41119959043723187157498211232124E+00 0.24418429599676209741629477478277E-01
-0.42277294067392200476457766457033E+00 0.25105172205987795988769151866821E-01
-0.43433143357575252757653448175438E+00 0.25791033930837204252597576643520E-01
-0.44587466305725785591973990160688E+00 0.26475990664606844854847465658917E-01
-0.45740222356881611414158204736020E+00 0.27160018329654946496781918252389E-01
-0.46891371011090689502528601145402E+00 0.27843092881158643843199226705365E-01
-0.48040871824834895161499973686220E+00 0.28525190307955449178914407477886E-01
-0.49188684412451851486993147374566E+00 0.29206286633383289777892888287482E-01
-0.50334768447554677629176821084554E+00 0.29886357916120635542750715192863E-01
-0.51479083664449623378117974817577E+00 0.30565380251023698003378736679779E-01
-0.52621589859551591765452972729257E+00 0.31243329769964089401425990353203E-01
-0.53762246892797441608836333586668E+00 0.31920182642664181223579539735700E-01
-0.54901014689057021481147439478022E+00 0.32595915077531580457280440287393E-01
-0.56037853239541962152297619169317E+00 0.33270503322492365807178583272905E-01
-0.57172722603212054984322208601773E+00 0.33943923665822807679933719254438E-01
-0.58305582908179302723235075533169E+00 0.34616152436979751802729424831825E-01
-0.59436394353109460502055032799557E+00 0.35287166007429895509323633979577E-01
-0.60565117208621130534066268453395E+00 0.35956940791477126504785881900542E-01
-0.61691711818682328402386622533160E+00 0.36625453247089209041288653029063E-01
-0.62816138602004360152729962948929E+00 0.37292679876721879728122084229890E-01
-0.63938358053433195802997086437802E+00 0.37958597228142431350069086987207E-01
-0.65058330745338074252998576378241E+00 0.38623181895251323403603244581076E-01
-0.66176017328997360101846534537551E+00 0.39286410518902381155858591324392E-01
-0.67291378535981671320100605358771E+00 0.39948259787720922119328053905847E-01
-0.68404375179534122674333422963812E+00 0.40608706438920987360335243095600E-01
-0.69514968155947752297209651853029E+00 0.41267727259120410134468353613424E-01
-0.70623118445939914347479166107082E+00 0.41925299085154160071634410699842E-01
-0.71728787116023805463544151116890E+00 0.42581398804886504947062098694317E-01
-0.72831935319876919034353117582984E+00 0.43236003358020644257461866999265E-01
-0.73932524299706369756639684238604E+00 0.43889089736907257034121006128657E-01
-0.75030515387611231505572390826355E+00 0.44540634987350823520989697061514E-01
-0.76125870006941568582597114736500E+00 0.45190616209414305625481553060965E-01
-0.77218549673654320247880953556744E+00 0.45839010558221733500833056461959E-01
-0.78308515997665948362184368133327E+00 0.46485795244759255505072162304329E-01
-0.79395730684201680637322564141155E+00 0.47130947536673986784838117388256E-01
-0.80480155535141497584967986368472E+00 0.47774444759070916276216755394253E-01
-0.81561752450362659226347247537056E+00 0.48416264295307869720110364746072E-01
-0.82640483429078777759274781863404E+00 0.49056383587788926810135094516605E-01
-0.83716310571175425848904207136349E+00 0.49694780138754490049527272498032E-01
-0.84789196078542141849568079136285E+00 0.50331431511070924047071601017573E-01
-0.85859102256400925912299963023086E+00 0.50966315329016971923933467116388E-01
-0.86925991514631039883439174072448E+00 0.51599409279068660212454584841009E-01
-0.87989826369090085331242860626206E+00 0.52230691110681242244997789623660E-01
-0.89050569442931462330734104284328E+00 0.52860138637070080361702753160407E-01
-0.90108183467917947453157607666222E+00 0.53487729735988523651016357236038E-01
-0.91162631285731514649255103464278E+00 0.54113442350503655781521835831478E-01
-0.92213875849279223001483652746022E+00 0.54737254489770078382693211325509E-01
-0.93261880223995265714369249286983E+00 0.55359144229800960019404208391660E-01
-0.94306607589139015907354407858927E+00 0.55979089714237299691655489471423E-01
-0.95348021239089028198148644184188E+00 0.56597069155114338950329161840925E-01
-0.96386084584633090163302781257857E+00 0.57213060833625944242427581215191E-01
-0.97420761154254068439693017613743E+00 0.57827043100886234418767265378909E-01
-0.98452014595411689205367338261264E+00 0.58438994378689037789273952188990E-01
-0.99479808675820140280468739280596E+00 0.59048893160265432626743024811597E-01
-0.10050410728472130105636527502183E+01 0.59656718011036960546537464776149E-01
-0.10152487443415394780948565583263E+01 0.60262447569369040590375366982257E-01
-0.10254207426021836458793026573830E+01 0.60866060547319235333249497645467E-01
-0.10355567102433682039929829807761E+01 0.61467535731384515920261067031907E-01
-0.10456562911450946263966314486309E+01 0.62066851983245715779396430278274E-01
-0.10557191304656587810481769047436E+01 0.62663988240508739010012883766126E-01
-0.10657448746541210712536680540062E+01 0.63258923517444043348962225622003E-01
-0.10757331714627310886238712850698E+01 0.63851636905722264003826746203131E-01
-0.10856836699593064615324473310507E+01 0.64442107575148424720780436723415E-01
-0.10955960205395660470752133594709E+01 0.65030314774392660754684741598654E-01
-0.11054698749394152460319760623178E+01 0.65616237831718203377130767626453E-01
-0.11153048862471853338873237526902E+01 0.66199856155706840734281788071589E-01
-0.11251007089158244412704641883717E+01 0.66781149235981331609002307190610E-01
-0.11348569987750410919613254450778E+01 0.67360096643925520780875368499957E-01
-0.11445734130433989522639844640924E+01 0.67936678033400661018259742127618E-01
-0.11542496103403626909784622768730E+01 0.68510873141459684091420688737714E-01
-0.11638852506982951514898265994097E+01 0.69082661789058261270287979449045E-01
-0.11734799955744039598161981378506E+01 0.69652023881762907841376274353816E-01
-0.11830335078626388807676168218350E+01 0.70218939410456406824377372151931E-01
-0.11925454519055384228227753058406E+01 0.70783388452039301788058138666039E-01
-0.12020154935060244441435143204786E+01 0.71345351170130191771377034565237E-01
-0.12114432999391477196995163587388E+01 0.71904807815760764133353194317741E-01
-0.12208285399637789768696482274175E+01 0.72461738728069734362087525212972E-01
-0.12301708838342502146845120750221E+01 0.73016124334992476309043883249857E-01
-0.12394700033119417802329009911902E+01 0.73567945153948022939388825685039E-01
-0.12487255716768171510309687981517E+01 0.74117181792522902231341270587907E-01
-0.12579372637389045295808205768496E+01 0.74663814949151702013734389093759E-01
-0.12671047558497237787655554645385E+01 0.75207825413794672502160671370508E-01
-0.12762277259136602079298853666346E+01 0.75749194068611684431833541545033E-01
-0.12853058533992833924569879802940E+01 0.76287901888633718183956849011673E-01
-0.12943388193506101304037685977506E+01 0.76823929942430070445303894442941E-01
-0.13033263063983137676877195230374E+01 0.77357259392773385715965714040102E-01
-0.13122679987708759200121723640245E+01 0.77887871497300720035989777577808E-01
-0.13211635823056834001710685310342E+01 0.78415747609170987889116477810523E-01
-0.13300127444600679189295660331206E+01 0.78940869177720154574622319753898E-01
-0.13388151743222887397427577669504E+01 0.79463217749111996724387238849950E-01
-0.13475705626224587382635520118200E+01 0.79982774966986054941741021927569E-01
-0.13562786017434116568351189753564E+01 0.80499522573102042753283169723559E-01
-0.13649389857315121461022229195681E+01 0.81013442407980381274920667376303E-01
-0.13735514103074073408448754693633E+01 0.81524516411540308049359880961817E-01
-0.13821155728767185196145054503873E+01 0.82032726623733217385020984498669E-01
-0.13906311725406751280679753686804E+01 0.82538055185173637509004749568434E-01
-0.13990979101066877543520729017457E+01 0.83040484337766045967697957203160E-01
-0.14075154880988619764764625555704E+01 0.83539996425328087777337682746116E-01
-0.14158836107684517804469027010561E+01 0.84036573894210615661755722951628E-01
-0.14242019841042518324990392745864E+01 0.84530199293913931547126956945462E-01
-0.14324703158429293014852229008555E+01 0.85020855277700264871303302799166E-01
-0.14406883154792936227351463566050E+01 0.85508524603202839350745650974035E-01
-0.14488556942765049050577373687424E+01 0.85993190133031443366631602472680E-01
-0.14569721652762202815818796854447E+01 0.86474834835373537106277561420878E-01
-0.14650374433086768918253299819597E+01 0.86953441784592780100257959806374E-01
-0.14730512450027134585724350727609E+01 0.87428994161822854511018060722225E-01
-0.14810132887957270591284861907550E+01 0.87901475255558122136264815570986E-01
-0.14889232949435674052104384274624E+01 0.88370868462240474188416559318906E-01
-0.14967809855303671527941963310301E+01 0.88837157286841950071641601528534E-01
-0.15045860844783071496193879538332E+01 0.89300325343444241718903261093897E-01
-0.15123383175573181139199629626102E+01 0.89760356355813572186966856767467E-01
-0.15200374123947166448934223780944E+01 0.90217234157972400035821525919555E-01
-0.15276830984847761086286759033510E+01 0.90670942694767253405559921569432E-01
-0.15352751071982324629923811300155E+01 0.91121466022431898758844991326850E-01
-0.15428131717917229315306601937154E+01 0.91568788309147576907769778476074E-01
-0.15502970274171600027274217163406E+01 0.92012893835598629668219945744647E-01
-0.15577264111310372802751858049995E+01 0.92453766995524558818185948113390E-01
-0.15651010619036691966505406437177E+01 0.92891392296267936381268160170952E-01
-0.15724207206283637143995013012965E+01 0.93325754359318367689967519740803E-01
-0.15796851301305266268622149588162E+01 0.93756837920852548413667361174679E-01
-0.15868940351766986613604947107627E+01 0.94184627832269961728911628691153E-01
-0.15940471824835241530728169539067E+01 0.94609109060725322156635467846604E-01
-0.16011443207266507481283708668574E+01 0.95030266689655587355703677372556E-01
-0.16081852005495613909343006525164E+01 0.95448085919304674938790569696681E-01
-0.16151695745723354705040168159888E+01 0.95862552067242352270247502241817E-01
-0.16220971974003424114591234811045E+01 0.96273650568880181209944220539289E-01
-0.16289678256328639060486930377849E+01 0.96681366977982921863966809431015E-01
-0.16357812178716467994695687680504E+01 0.97085686967175631987041501631226E-01
-0.16425371347293857777760909261034E+01 0.97486596328446921761205125359011E-01
-0.16492353388381347982794083204631E+01 0.97884080973647621679193094636152E-01
-0.16558755948576481389143156733000E+01 0.98278126934985844374244013976624E-01
-0.16624576694836498354091310489061E+01 0.98668720365517206519255638292618E-01
-0.16689813314560315633502795295265E+01 0.99055847539631065000386119292560E-01
-0.16754463515669789652895626491490E+01 0.99439494853532569810294412981430E-01
-0.16818525026690254805268722348409E+01 0.99819648825720301336264440576196E-01
-0.16881995596830342765602024569293E+01 0.10019629609745988819949089866743E+00
-0.16944872996061067850823484196730E+01 0.10056942343325265429262988869922E+00
-0.17007155015194189757192794394453E+01 0.10093901772130086493805824376757E+00
-0.17068839465959840651636879430992E+01 0.10130506597396791413155127593874E+00
-0.17129924181083416363446489135292E+01 0.10166755532823446772533423159406E+00
-0.17190407014361730793457234688497E+01 0.10202647304615023497483243387118E+00
-0.17250285840738432751233618789259E+01 0.10238180651528089646993638170188E+00
-0.17309558556378672119903386582778E+01 0.10273354324915173347395650176493E+00
-0.17368223078743031516713265436874E+01 0.10308167088768534997562503245436E+00
-0.17426277346660694978751345003026E+01 0.10342617719763620057045920389878E+00
-0.17483719320401882704621960443663E+01 0.10376705007302009301145761264395E+00
-0.17540546981749517178303947405252E+01 0.10410427753553912048336448965263E+00
-0.17596758334070141764035192335335E+01 0.10443784773500252849931769274205E+00
-0.17652351402384080267664160854356E+01 0.10476774894974277993528736653647E+00
-0.17707324233434831349915242263658E+01 0.10509396958702725318946835039128E+00
-0.17761674895757705635401787706531E+01 0.10541649818346522026453764797736E+00
-0.17815401479747691426282134448036E+01 0.10573532340541053154550605793214E+00
-0.17868502097726554618285875753650E+01 0.10605043404935958771111137616765E+00
-0.17920974884009170056424468902009E+01 0.10636181904234476135975483312980E+00
-0.17972817994969076240257398940172E+01 0.10666946744232340590679720669476E+00
-0.18024029609103258275204666117548E+01 0.10697336843856183768880799678648E+00
-0.18074607927096149834922329291878E+01 0.10727351135201526950394494221452E+00
-0.18124551171882860899876387063441E+01 0.10756988563570269061616357758602E+00
-0.18173857588711617746910970776872E+01 0.10786248087507742949519972393797E+00
-0.18222525445205421261789686546298E+01 0.10815128678839255821532983895988E+00
-0.18270553031422921009846658670464E+01 0.10843629322706235320978284540332E+00
-0.18317938659918497753972674958571E+01 0.10871749017601855035990160087850E+00
-0.18364680665801557613583984933266E+01 0.10899486775406200394848089089509E+00
-0.18410777406795032398990501749109E+01 0.10926841621420977601345764250805E+00
-0.18456227263293085371810929061529E+01 0.10953812594403747123263386753039E+00
-0.18501028638418022706941284909178E+01 0.10980398746601673589193859851487E+00
-0.18545179958076401983010062306725E+01 0.11006599143784818023803245436291E+00
-0.18588679671014344109396066190273E+01 0.11032412865278942683249979269698E+00
-0.18631526248872041363666041541170E+01 0.11057839003997852859981007700041E+00
-0.18673718186237458488876879661046E+01 0.11082876666475238952645699252686E+00
-0.18715254000699232582087889247282E+01 0.11107524972896070889882836599180E+00
-0.18756132232898759802770556373275E+01 0.11131783057127487439447104240291E+00
-0.18796351446581474082556427947751E+01 0.11155650066749213823682101983436E+00
-0.18835910228647315729208828476477E+01 0.11179125163083510537050429364659E+00
-0.18874807189200382438305443297165E+01 0.11202207521224611398020615171042E+00
-0.18913040961597768561588067061546E+01 0.11224896330067708382258782444079E+00
-0.18950610202497585220718021738408E+01 0.11247190792337431823061476720473E+00
-0.18987513591906163207856742052781E+01 0.11269090124615854300745784215083E+00
-0.19023749833224433772575613207822E+01 0.11290593557369992771434562107232E+00
-0.19059317653293487613714265876049E+01 0.11311700334978854767289320605519E+00
-0.19094215802439313027675675357799E+01 0.11332409715759962290746940281814E+00
-0.19128443054516704228503374938505E+01 0.11352720971995405024531230771820E+00
-0.19161998206952346310202978831415E+01 0.11372633389957396107098530363374E+00
-0.19194880080787071268550152662964E+01 0.11392146269933340389666660135617E+00
-0.19227087520717282993726776445909E+01 0.11411258926250410138129875523560E+00
-0.19258619395135552917772103441263E+01 0.11429970687299626922948035707167E+00
-0.19289474596170381130449950608117E+01 0.11448280895559442176838738376736E+00
-0.19319652039725125256540532056116E+01 0.11466188907618845120432903321543E+00
-0.19349150665516092596110411404025E+01 0.11483694094199938317102684764041E+00
-0.19377969437109795794150672777612E+01 0.11500795840180061895594375250537E+00
-0.19406107341959371372413807594504E+01 0.11517493544613381829328088662999E+00
-0.19433563391440157616632869311530E+01 0.11533786620751999131067471629471E+00
-0.19460336620884432493629642096412E+01 0.11549674496066565530576023422612E+00
-0.19486426089615310470959202224850E+01 0.11565156612266377223111862904260E+00
-0.19511830880979794740645180665182E+01 0.11580232425318997170858559465893E+00
-0.19536550102380986805620184719224E+01 0.11594901405469351324862606161185E+00
-0.19560582885309449978971987814312E+01 0.11609163037258342460954052582154E+00
-0.19583928385373726720897198014395E+01 0.11623016819540948675205812676387E+00
-0.19606585782330008525262308184924E+01 0.11636462265503825271246352833494E+00
-0.19628554280110957441592005709526E+01 0.11649498902682407914620646147103E+00
-0.19649833106853677676544456062125E+01 0.11662126272977498433025628291456E+00
-0.19670421514926837212025916353105E+01 0.11674343932671357816817425030108E+00
-0.19690318780956937480484361894728E+01 0.11686151452443292616102960858991E+00
-0.19709524205853731328046364410743E+01 0.11697548417384730158134948259963E+00
-0.19728037114834786932266015939699E+01 0.11708534427013792417034879789076E+00
-0.19745856857449198337212953579907E+01 0.11719109095289359995707782441035E+00
-0.19762982807600440348603674493810E+01 0.11729272050624635156925801445831E+00
-0.19779414363568368406446471164484E+01 0.11739022935900186275998820800002E+00
-0.19795150948030361125276265051723E+01 0.11748361408476497123381255928314E+00
-0.19810192008081606428179154904016E+01 0.11757287140205995637291668471608E+00
-0.19824537015254528865288762422956E+01 0.11765799817444583167561777048786E+00
-0.19838185465537358871039599701101E+01 0.11773899141062647898925108216907E+00
-0.19851136879391842429262963742390E+01 0.11781584826455571837674739812590E+00
-0.19863390801770090818628321969799E+01 0.11788856603553726834056815851050E+00
-0.19874946802130569930556749257012E+01 0.11795714216831961961436324348176E+00
-0.19885804474453228346824408531938E+01 0.11802157425318566936430548204179E+00
-0.19895963437253763820941304977062E+01 0.11808186002603774597205079370833E+00
-0.19905423333597028194140169286619E+01 0.11813799736847596199806543343336E+00
-0.19914183831109567312192785592186E+01 0.11818998430787602259294161046897E+00
-0.19922244621991305561567792915498E+01 0.11823781901744878921123431689094E+00
-0.19929605423026344577249445676175E+01 0.11828149981633217654371922197395E+00
-0.19934123611741385690209228402700E+01 0.11830831185675473278722901428586E+00
-0.19938330507854511686712776239424E+01 0.11833327661072177504892745021288E+00
-0.19942226045672595022685626347774E+01 0.11835639368834494171766944496237E+00
-0.19945810164364547695095423082912E+01 0.11837766272859351137898199946465E+00
-0.19949082807962272284697923081406E+01 0.11839708339929834269022062833753E+00
-0.19952199777702219741452026217994E+01 0.11841558026322542070112088697277E+00
-0.19955316909704434944072033818095E+01 0.11843407809017372691576004530883E+00
-0.19958434203973985929406321237713E+01 0.11845257688017368045654058093992E+00
-0.19961551660515941802036731554943E+01 0.11847107663325407456757448467962E+00
-0.19964669279335368774692826119770E+01 0.11848957734944877946751282663122E+00
-0.19961551660515941802036731554943E+01 0.11847107663325407456757448467962E+00
-0.19958434203973985929406321237713E+01 0.11845257688017368045654058093992E+00
-0.19955316909704434944072033818095E+01 0.11843407809017372691576004530883E+00
-0.19952199777702219741452026217994E+01 0.11841558026322542070112088697277E+00
-0.19949082807962272284697923081406E+01 0.11839708339929834269022062833753E+00
-0.19945810164364547695095423082912E+01 0.11837766272859351137898199946465E+00
-0.19942226045672595022685626347774E+01 0.11835639368834494171766944496237E+00
-0.19938330507854511686712776239424E+01 0.11833327661072177504892745021288E+00
-0.19934123611741385690209228402700E+01 0.11830831185675473278722901428586E+00
-0.19929605423026344577249445676175E+01 0.11828149981633217654371922197395E+00
-0.19922244621991305561567792915498E+01 0.11823781901744878921123431689094E+00
-0.19914183831109567312192785592186E+01 0.11818998430787602259294161046897E+00
-0.19905423333597028194140169286619E+01 0.11813799736847596199806543343336E+00
-0.19895963437253763820941304977062E+01 0.11808186002603774597205079370833E+00
-0.19885804474453228346824408531938E+01 0.11802157425318566936430548204179E+00
-0.19874946802130569930556749257012E+01 0.11795714216831961961436324348176E+00
-0.19863390801770090818628321969799E+01 0.11788856603553726834056815851050E+00
-0.19851136879391842429262963742390E+01 0.11781584826455571837674739812590E+00
-0.19838185465537358871039599701101E+01 0.11773899141062647898925108216907E+00
-0.19824537015254528865288762422956E+01 0.11765799817444583167561777048786E+00
-0.19810192008081606428179154904016E+01 0.11757287140205995637291668471608E+00
-0.19795150948030361125276265051723E+01 0.11748361408476497123381255928314E+00
-0.19779414363568368406446471164484E+01 0.11739022935900186275998820800002E+00
-0.19762982807600440348603674493810E+01 0.11729272050624635156925801445831E+00
-0.19745856857449198337212953579907E+01 0.11719109095289359995707782441035E+00
-0.19728037114834786932266015939699E+01 0.11708534427013792417034879789076E+00
-0.19709524205853731328046364410743E+01 0.11697548417384730158134948259963E+00
-0.19690318780956937480484361894728E+01 0.11686151452443292616102960858991E+00
-0.19670421514926837212025916353105E+01 0.11674343932671357816817425030108E+00
-0.19649833106853677676544456062125E+01 0.11662126272977498433025628291456E+00
-0.19628554280110957441592005709526E+01 0.11649498902682407914620646147103E+00
-0.19606585782330008525262308184924E+01 0.11636462265503825271246352833494E+00
-0.19583928385373726720897198014395E+01 0.11623016819540948675205812676387E+00
-0.19560582885309449978971987814312E+01 0.11609163037258342460954052582154E+00
-0.19536550102380986805620184719224E+01 0.11594901405469351324862606161185E+00
-0.19511830880979794740645180665182E+01 0.11580232425318997170858559465893E+00
-0.19486426089615310470959202224850E+01 0.11565156612266377223111862904260E+00
-0.19460336620884432493629642096412E+01 0.11549674496066565530576023422612E+00
-0.19433563391440157616632869311530E+01 0.11533786620751999131067471629471E+00
-0.19406107341959371372413807594504E+01 0.11517493544613381829328088662999E+00
-0.19377969437109795794150672777612E+01 0.11500795840180061895594375250537E+00
-0.19349150665516092596110411404025E+01 0.11483694094199938317102684764041E+00
-0.19319652039725125256540532056116E+01 0.11466188907618845120432903321543E+00
-0.19289474596170381130449950608117E+01 0.11448280895559442176838738376736E+00
-0.19258619395135552917772103441263E+01 0.11429970687299626922948035707167E+00
-0.19227087520717282993726776445909E+01 0.11411258926250410138129875523560E+00
-0.19194880080787071268550152662964E+01 0.11392146269933340389666660135617E+00
-0.19161998206952346310202978831415E+01 0.11372633389957396107098530363374E+00
-0.19128443054516704228503374938505E+01 0.11352720971995405024531230771820E+00
-0.19094215802439313027675675357799E+01 0.11332409715759962290746940281814E+00
-0.19059317653293487613714265876049E+01 0.11311700334978854767289320605519E+00
-0.19023749833224433772575613207822E+01 0.11290593557369992771434562107232E+00
-0.18987513591906163207856742052781E+01 0.11269090124615854300745784215083E+00
-0.18950610202497585220718021738408E+01 0.11247190792337431823061476720473E+00
-0.18913040961597768561588067061546E+01 0.11224896330067708382258782444079E+00
-0.18874807189200382438305443297165E+01 0.11202207521224611398020615171042E+00
-0.18835910228647315729208828476477E+01 0.11179125163083510537050429364659E+00
-0.18796351446581474082556427947751E+01 0.11155650066749213823682101983436E+00
-0.18756132232898759802770556373275E+01 0.11131783057127487439447104240291E+00
-0.18715254000699232582087889247282E+01 0.11107524972896070889882836599180E+00
-0.18673718186237458488876879661046E+01 0.11082876666475238952645699252686E+00
-0.18631526248872041363666041541170E+01 0.11057839003997852859981007700041E+00
-0.18588679671014344109396066190273E+01 0.11032412865278942683249979269698E+00
-0.18545179958076401983010062306725E+01 0.11006599143784818023803245436291E+00
-0.18501028638418022706941284909178E+01 0.10980398746601673589193859851487E+00
-0.18456227263293085371810929061529E+01 0.10953812594403747123263386753039E+00
-0.18410777406795032398990501749109E+01 0.10926841621420977601345764250805E+00
-0.18364680665801557613583984933266E+01 0.10899486775406200394848089089509E+00
-0.18317938659918497753972674958571E+01 0.10871749017601855035990160087850E+00
-0.18270553031422921009846658670464E+01 0.10843629322706235320978284540332E+00
-0.18222525445205421261789686546298E+01 0.10815128678839255821532983895988E+00
-0.18173857588711617746910970776872E+01 0.10786248087507742949519972393797E+00
-0.18124551171882860899876387063441E+01 0.10756988563570269061616357758602E+00
-0.18074607927096149834922329291878E+01 0.10727351135201526950394494221452E+00
-0.18024029609103258275204666117548E+01 0.10697336843856183768880799678648E+00
-0.17972817994969076240257398940172E+01 0.10666946744232340590679720669476E+00
-0.17920974884009170056424468902009E+01 0.10636181904234476135975483312980E+00
-0.17868502097726554618285875753650E+01 0.10605043404935958771111137616765E+00
-0.17815401479747691426282134448036E+01 0.10573532340541053154550605793214E+00
-0.17761674895757705635401787706531E+01 0.10541649818346522026453764797736E+00
-0.17707324233434831349915242263658E+01 0.10509396958702725318946835039128E+00
-0.17652351402384080267664160854356E+01 0.10476774894974277993528736653647E+00
-0.17596758334070141764035192335335E+01 0.10443784773500252849931769274205E+00
-0.17540546981749517178303947405252E+01 0.10410427753553912048336448965263E+00
-0.17483719320401882704621960443663E+01 0.10376705007302009301145761264395E+00
-0.17426277346660694978751345003026E+01 0.10342617719763620057045920389878E+00
-0.17368223078743031516713265436874E+01 0.10308167088768534997562503245436E+00
-0.17309558556378672119903386582778E+01 0.10273354324915173347395650176493E+00
-0.17250285840738432751233618789259E+01 0.10238180651528089646993638170188E+00
-0.17190407014361730793457234688497E+01 0.10202647304615023497483243387118E+00
-0.17129924181083416363446489135292E+01 0.10166755532823446772533423159406E+00
-0.17068839465959840651636879430992E+01 0.10130506597396791413155127593874E+00
-0.17007155015194189757192794394453E+01 0.10093901772130086493805824376757E+00
-0.16944872996061067850823484196730E+01 0.10056942343325265429262988869922E+00
-0.16881995596830342765602024569293E+01 0.10019629609745988819949089866743E+00
-0.16818525026690254805268722348409E+01 0.99819648825720301336264440576196E-01
-0.16754463515669789652895626491490E+01 0.99439494853532569810294412981430E-01
-0.16689813314560315633502795295265E+01 0.99055847539631065000386119292560E-01
-0.16624576694836498354091310489061E+01 0.98668720365517206519255638292618E-01
-0.16558755948576481389143156733000E+01 0.98278126934985844374244013976624E-01
-0.16492353388381347982794083204631E+01 0.97884080973647621679193094636152E-01
-0.16425371347293857777760909261034E+01 0.97486596328446921761205125359011E-01
-0.16357812178716467994695687680504E+01 0.97085686967175631987041501631226E-01
-0.16289678256328639060486930377849E+01 0.96681366977982921863966809431015E-01
-0.16220971974003424114591234811045E+01 0.96273650568880181209944220539289E-01
-0.16151695745723354705040168159888E+01 0.95862552067242352270247502241817E-01
-0.16081852005495613909343006525164E+01 0.95448085919304674938790569696681E-01
-0.16011443207266507481283708668574E+01 0.95030266689655587355703677372556E-01
-0.15940471824835241530728169539067E+01 0.94609109060725322156635467846604E-01
-0.15868940351766986613604947107627E+01 0.94184627832269961728911628691153E-01
-0.15796851301305266268622149588162E+01 0.93756837920852548413667361174679E-01
-0.15724207206283637143995013012965E+01 0.93325754359318367689967519740803E-01
-0.15651010619036691966505406437177E+01 0.92891392296267936381268160170952E-01
-0.15577264111310372802751858049995E+01 0.92453766995524558818185948113390E-01
-0.15502970274171600027274217163406E+01 0.92012893835598629668219945744647E-01
-0.15428131717917229315306601937154E+01 0.91568788309147576907769778476074E-01
-0.15352751071982324629923811300155E+01 0.91121466022431898758844991326850E-01
-0.15276830984847761086286759033510E+01 0.90670942694767253405559921569432E-01
-0.15200374123947166448934223780944E+01 0.90217234157972400035821525919555E-01
-0.15123383175573181139199629626102E+01 0.89760356355813572186966856767467E-01
-0.15045860844783071496193879538332E+01 0.89300325343444241718903261093897E-01
-0.14967809855303671527941963310301E+01 0.88837157286841950071641601528534E-01
-0.14889232949435674052104384274624E+01 0.88370868462240474188416559318906E-01
-0.14810132887957270591284861907550E+01 0.87901475255558122136264815570986E-01
-0.14730512450027134585724350727609E+01 0.87428994161822854511018060722225E-01
-0.14650374433086768918253299819597E+01 0.86953441784592780100257959806374E-01
-0.14569721652762202815818796854447E+01 0.86474834835373537106277561420878E-01
-0.14488556942765049050577373687424E+01 0.85993190133031443366631602472680E-01
-0.14406883154792936227351463566050E+01 0.85508524603202839350745650974035E-01
-0.14324703158429293014852229008555E+01 0.85020855277700264871303302799166E-01
-0.14242019841042518324990392745864E+01 0.84530199293913931547126956945462E-01
-0.14158836107684517804469027010561E+01 0.84036573894210615661755722951628E-01
-0.14075154880988619764764625555704E+01 0.83539996425328087777337682746116E-01
-0.13990979101066877543520729017457E+01 0.83040484337766045967697957203160E-01
-0.13906311725406751280679753686804E+01 0.82538055185173637509004749568434E-01
-0.13821155728767185196145054503873E+01 0.82032726623733217385020984498669E-01
-0.13735514103074073408448754693633E+01 0.81524516411540308049359880961817E-01
-0.13649389857315121461022229195681E+01 0.81013442407980381274920667376303E-01
-0.13562786017434116568351189753564E+01 0.80499522573102042753283169723559E-01
-0.13475705626224587382635520118200E+01 0.79982774966986054941741021927569E-01
-0.13388151743222887397427577669504E+01 0.79463217749111996724387238849950E-01
-0.13300127444600679189295660331206E+01 0.78940869177720154574622319753898E-01
-0.13211635823056834001710685310342E+01 0.78415747609170987889116477810523E-01
-0.13122679987708759200121723640245E+01 0.77887871497300720035989777577808E-01
-0.13033263063983137676877195230374E+01 0.77357259392773385715965714040102E-01
-0.12943388193506101304037685977506E+01 0.76823929942430070445303894442941E-01
-0.12853058533992833924569879802940E+01 0.76287901888633718183956849011673E-01
-0.12762277259136602079298853666346E+01 0.75749194068611684431833541545033E-01
-0.12671047558497237787655554645385E+01 0.75207825413794672502160671370508E-01
-0.12579372637389045295808205768496E+01 0.74663814949151702013734389093759E-01
-0.12487255716768171510309687981517E+01 0.74117181792522902231341270587907E-01
-0.12394700033119417802329009911902E+01 0.73567945153948022939388825685039E-01
-0.12301708838342502146845120750221E+01 0.73016124334992476309043883249857E-01
-0.12208285399637789768696482274175E+01 0.72461738728069734362087525212972E-01
-0.12114432999391477196995163587388E+01 0.71904807815760764133353194317741E-01
-0.12020154935060244441435143204786E+01 0.71345351170130191771377034565237E-01
-0.11925454519055384228227753058406E+01 0.70783388452039301788058138666039E-01
-0.11830335078626388807676168218350E+01 0.70218939410456406824377372151931E-01
-0.11734799955744039598161981378506E+01 0.69652023881762907841376274353816E-01
-0.11638852506982951514898265994097E+01 0.69082661789058261270287979449045E-01
-0.11542496103403626909784622768730E+01 0.68510873141459684091420688737714E-01
-0.11445734130433989522639844640924E+01 0.67936678033400661018259742127618E-01
-0.11348569987750410919613254450778E+01 0.67360096643925520780875368499957E-01
-0.11251007089158244412704641883717E+01 0.66781149235981331609002307190610E-01
-0.11153048862471853338873237526902E+01 0.66199856155706840734281788071589E-01
-0.11054698749394152460319760623178E+01 0.65616237831718203377130767626453E-01
-0.10955960205395660470752133594709E+01 0.65030314774392660754684741598654E-01
-0.10856836699593064615324473310507E+01 0.64442107575148424720780436723415E-01
-0.10757331714627310886238712850698E+01 0.63851636905722264003826746203131E-01
-0.10657448746541210712536680540062E+01 0.63258923517444043348962225622003E-01
-0.10557191304656587810481769047436E+01 0.62663988240508739010012883766126E-01
-0.10456562911450946263966314486309E+01 0.62066851983245715779396430278274E-01
-0.10355567102433682039929829807761E+01 0.61467535731384515920261067031907E-01
-0.10254207426021836458793026573830E+01 0.60866060547319235333249497645467E-01
-0.10152487443415394780948565583263E+01 0.60262447569369040590375366982257E-01
-0.10050410728472130105636527502183E+01 0.59656718011036960546537464776149E-01
-0.99479808675820140280468739280596E+00 0.59048893160265432626743024811597E-01
-0.98452014595411689205367338261264E+00 0.58438994378689037789273952188990E-01
-0.97420761154254068439693017613743E+00 0.57827043100886234418767265378909E-01
-0.96386084584633090163302781257857E+00 0.57213060833625944242427581215191E-01
-0.95348021239089028198148644184188E+00 0.56597069155114338950329161840925E-01
-0.94306607589139015907354407858927E+00 0.55979089714237299691655489471423E-01
-0.93261880223995265714369249286983E+00 0.55359144229800960019404208391660E-01
-0.92213875849279223001483652746022E+00 0.54737254489770078382693211325509E-01
-0.91162631285731514649255103464278E+00 0.54113442350503655781521835831478E-01
-0.90108183467917947453157607666222E+00 0.53487729735988523651016357236038E-01
-0.89050569442931462330734104284328E+00 0.52860138637070080361702753160407E-01
-0.87989826369090085331242860626206E+00 0.52230691110681242244997789623660E-01
-0.86925991514631039883439174072448E+00 0.51599409279068660212454584841009E-01
-0.85859102256400925912299963023086E+00 0.50966315329016971923933467116388E-01
-0.84789196078542141849568079136285E+00 0.50331431511070924047071601017573E-01
-0.83716310571175425848904207136349E+00 0.49694780138754490049527272498032E-01
-0.82640483429078777759274781863404E+00 0.49056383587788926810135094516605E-01
-0.81561752450362659226347247537056E+00 0.48416264295307869720110364746072E-01
-0.80480155535141497584967986368472E+00 0.47774444759070916276216755394253E-01
-0.79395730684201680637322564141155E+00 0.47130947536673986784838117388256E-01
-0.78308515997665948362184368133327E+00 0.46485795244759255505072162304329E-01
-0.77218549673654320247880953556744E+00 0.45839010558221733500833056461959E-01
-0.76125870006941568582597114736500E+00 0.45190616209414305625481553060965E-01
-0.75030515387611231505572390826355E+00 0.44540634987350823520989697061514E-01
-0.73932524299706369756639684238604E+00 0.43889089736907257034121006128657E-01
-0.72831935319876919034353117582984E+00 0.43236003358020644257461866999265E-01
-0.71728787116023805463544151116890E+00 0.42581398804886504947062098694317E-01
-0.70623118445939914347479166107082E+00 0.41925299085154160071634410699842E-01
-0.69514968155947752297209651853029E+00 0.41267727259120410134468353613424E-01
-0.68404375179534122674333422963812E+00 0.40608706438920987360335243095600E-01
-0.67291378535981671320100605358771E+00 0.39948259787720922119328053905847E-01
-0.66176017328997360101846534537551E+00 0.39286410518902381155858591324392E-01
-0.65058330745338074252998576378241E+00 0.38623181895251323403603244581076E-01
-0.63938358053433195802997086437802E+00 0.37958597228142431350069086987207E-01
-0.62816138602004360152729962948929E+00 0.37292679876721879728122084229890E-01
-0.61691711818682328402386622533160E+00 0.36625453247089209041288653029063E-01
-0.60565117208621130534066268453395E+00 0.35956940791477126504785881900542E-01
-0.59436394353109460502055032799557E+00 0.35287166007429895509323633979577E-01
-0.58305582908179302723235075533169E+00 0.34616152436979751802729424831825E-01
-0.57172722603212054984322208601773E+00 0.33943923665822807679933719254438E-01
-0.56037853239541962152297619169317E+00 0.33270503322492365807178583272905E-01
-0.54901014689057021481147439478022E+00 0.32595915077531580457280440287393E-01
-0.53762246892797441608836333586668E+00 0.31920182642664181223579539735700E-01
-0.52621589859551591765452972729257E+00 0.31243329769964089401425990353203E-01
-0.51479083664449623378117974817577E+00 0.30565380251023698003378736679779E-01
-0.50334768447554677629176821084554E+00 0.29886357916120635542750715192863E-01
-0.49188684412451851486993147374566E+00 0.29206286633383289777892888287482E-01
-0.48040871824834895161499973686220E+00 0.28525190307955449178914407477886E-01
-0.46891371011090689502528601145402E+00 0.27843092881158643843199226705365E-01
-0.45740222356881611414158204736020E+00 0.27160018329654946496781918252389E-01
-0.44587466305725785591973990160688E+00 0.26475990664606844854847465658917E-01
-0.43433143357575252757653448175438E+00 0.25791033930837204252597576643520E-01
-0.42277294067392200476457766457033E+00 0.25105172205987795988769151866821E-01
-0.41119959043723187157498211232124E+00 0.24418429599676209741629477478277E-01
-0.39961178947271487758952629622251E+00 0.23730830252652741032179731655105E-01
-0.38800994489467587868191712080442E+00 0.23042398335955158607867749828955E-01
-0.37639446431037867206678998081568E+00 0.22353158050063509600777145258095E-01
-0.36476575580571527002607071974130E+00 0.21663133624053052890308230900277E-01
-0.35312422793085835897495954411424E+00 0.20972349314746914101776610348784E-01
-0.34147028968589692911469017612170E+00 0.20280829405867828504578631110020E-01
-0.32980435050645617709097559878574E+00 0.19588598207188468428047542270206E-01
-0.31812682024930148587731494937211E+00 0.18895680053681532060650364124906E-01
-0.30643810917792781541976147609823E+00 0.18202099304668900031755242749817E-01
-0.29473862794813414088986526743266E+00 0.17507880342969859743821113296655E-01
-0.28302878759358424788803626003112E+00 0.16813047574048763968831703141200E-01
-0.27130899951135356609041205612328E+00 0.16117625425161860117265766319470E-01
-0.25957967544746343796633056729999E+00 0.15421638344503798640172286152709E-01
-0.24784122748240233155075275599983E+00 0.14725110800352877249976840252399E-01
-0.23609406801663552995541983775333E+00 0.14028067280216542680896332258649E-01
-0.22433860975610292561687253987062E+00 0.13330532289975421938055389140413E-01
-0.21257526569770591900291540687319E+00 0.12632530353027672742927944707841E-01
-0.20080444911478382547420245986609E+00 0.11934086009432142687917818910660E-01
-0.18902657354258011755563189801033E+00 0.11235223815051515709283312042479E-01
-0.17724205276369936566920750101038E+00 0.10535968340694951002106102915802E-01
-0.16545130079355483901390891466805E+00 0.98363441712600492651525264472575E-02
-0.15365473186580793713722998640440E+00 0.91363759048749502763137977650087E-02
-0.14185276041779929402982495270099E+00 0.84360881520395446869855841286272E-02
-0.13004580107597245262432107433860E+00 0.77355055347669423245858209342996E-02
-0.11823426864129078694515865071029E+00 0.70346526857243530128052543627302E-02
-0.10641857807464740224857523384399E+00 0.63335542473736616842499365931551E-02
-0.94599144482269454669765982179587E-01 0.56322348711122279241379638284437E-02
-0.82776383101116746674475960883387E-01 0.49307192164131076210172690487556E-02
-0.70950709284275379924920268619877E-01 0.42290319499654138237161818434256E-02
-0.59122538486346828739898161686881E-01 0.35271977448144504757662614991210E-02
-0.47292286248833056694541208370772E-01 0.28252412795019668832706577289600E-02
-0.35460368185518166216654291269404E-01 0.21231872372062150179730100275607E-02
-0.23627199967846864834055349142026E-01 0.14210603048821308311782011822560E-02
-0.11793197310300656299151743523797E-01 0.71888517240160085245940989103530E-03
0.41224044228249122390013189497097E-04 0.16686531693760372491307488346328E-04
0.11875648339064283228108530529133E-01 -0.68551092411452653636832505099148E-03
0.23709659818377049580228300627025E-01 -0.13876825015581144994068315865128E-02
0.35542842741810387365835151963053E-01 -0.20898035076925850367521937386352E-02
0.47374781399111271057688731301621E-01 -0.27918492509533239409486204984585E-02
0.59205060124758511367920125070652E-01 -0.34937950420140759503901109748885E-02
0.71033263312590210026688437581290E-01 -0.41956161946453018572688474328686E-02
0.82858975430429995132254707826172E-01 -0.48972880265721013501460871756225E-02
0.94681781034711127800506140326436E-01 -0.55987858603318404877467171120034E-02
0.10650126478509819482017059588593E+00 -0.63000850241312914345429535391715E-02
0.11831701145910592629246166562017E+00 -0.70011608527032363498460173119406E-02
0.13012860596671449309348857848916E+00 -0.77019886881627076774627686209148E-02
0.14193563336498096930326681380451E+00 -0.84025438808625749271753408462850E-02
0.15373767887264613820290891686509E+00 -0.91028017902486090271949890333096E-02
0.16553432788473686159605246854499E+00 -0.98027377857137423047512422168972E-02
0.17732516598716252003012693946784E+00 -0.10502327247452069352266619498889E-01
0.18910977897130584564051606494732E+00 -0.11201545567311667594400747096763E-01
0.20088775284860749638594135967362E+00 -0.11900368149646901978071540369682E-01
0.21265867386514343168758367116999E+00 -0.12598770412170061176733792167532E-01
0.22442212851619535649664797547775E+00 -0.13296727786801809821282997460513E-01
0.23617770356081298658862468430400E+00 -0.13994215720521268779227539606810E-01
0.24792498603636826912128338091064E+00 -0.14691209676214622372623738766635E-01
0.25966356327310068974990916843522E+00 -0.15387685133523213133131524792422E-01
0.27139302290865333015129925208407E+00 -0.16083617589690489777187001532839E-01
0.28311295290259939141638747453887E+00 -0.16778982560407729950174413266674E-01
0.29482294155095806821468705395011E+00 -0.17473755580659136970021236038070E-01
0.30652257750070034624696790474037E+00 -0.18167912205565130275982219351038E-01
0.31821144976424304260396707362003E+00 -0.18861428011225294749698684146650E-01
0.32988914773393177137913018081604E+00 -0.19554278595559233514381815829129E-01
0.34155526119651134831163862315264E+00 -0.20246439579146880216975570772889E-01
0.35320938034758407347558867389203E+00 -0.20937886606067087891706313248035E-01
0.36485109580605456410094856317908E+00 -0.21628595344735055934710838100046E-01
0.37647999862856156964653950826643E+00 -0.22318541488738080205051268106570E-01
0.38809568032389548529539232039699E+00 -0.23007700757670162243756031327924E-01
0.39969773286740175083500401269395E+00 -0.23696048897965164013532359789676E-01
0.41128574871536914792901493404760E+00 -0.24383561683727816223923200152956E-01
0.42285932081940302179071451115172E+00 -0.25070214917563811727846980598536E-01
0.43441804264078269420866369239293E+00 -0.25755984431407986516305501048485E-01
0.44596150816480269233275917712975E+00 -0.26440846087350518095282652135926E-01
0.45748931191509725963082168001056E+00 -0.27124775778461965055503361974233E-01
0.46900104896794815244903585089695E+00 -0.27807749429615640874360747044797E-01
0.48049631496657428931966394344627E+00 -0.28489742998309214538828713116376E-01
0.49197470613540416071325159635647E+00 -0.29170732475483160864273865120047E-01
0.50343581929432956774975690504312E+00 -0.29850693886338181700397138524289E-01
0.51487925187294035141073745500524E+00 -0.30529603291150340236023456066742E-01
0.52630460192474043227923805532242E+00 -0.31207436786083385363793827909901E-01
0.53771146814134386485160605339749E+00 -0.31884170504000384284794620055962E-01
0.54909944986665077483445355765289E+00 -0.32559780615271431949022601745677E-01
0.56046814711100333189187110625913E+00 -0.33234243328580439880937069628817E-01
0.57181716056532023471363619677150E+00 -0.33907534891728756129224729740189E-01
0.58314609161521061181760702530607E+00 -0.34579631592436640722602607448512E-01
0.59445454235506564215629070580158E+00 -0.35250509759142273026391776790655E-01
0.60574211560212858355960259053294E+00 -0.35920145761798206945145800429846E-01
0.61700841491054257823906157684217E+00 -0.36588516012665073175792276728148E-01
0.62825304458537460303076427741610E+00 -0.37255596967102800161633742596456E-01
0.63947560969661770731113149310673E+00 -0.37921365124358482494322609535618E-01
0.65067571609316882790846077739876E+00 -0.38585797028352424713288640063109E-01
0.66185297041678266519343292071391E+00 -0.39248869268460280659805365247003E-01
0.67300698011600181833591804983128E+00 -0.39910558480292642995506891061859E-01
0.68413735346006188098293287344827E+00 -0.40570841346471267817141154525126E-01
0.69524369955277219265150840292216E+00 -0.41229694597402673549694641945756E-01
0.70632562834637033672573718217654E+00 -0.41887095012047622394568129079341E-01
0.71738275065535215715365257791778E+00 -0.42543019418688020593841455809405E-01
0.72841467817027538858270950927577E+00 -0.43197444695690004221700158207108E-01
0.73942102347153657641144044681165E+00 -0.43850347772263256487693890741340E-01
0.75040140004312278030557382841039E+00 -0.44501705629217333971187514311022E-01
0.76135542228633517367945557117702E+00 -0.45151495299713454576369336283727E-01
0.77228270553348623147657653490879E+00 -0.45799693870013000700413663659395E-01
0.78318286606156990125942737355944E+00 -0.46446278480221727564679995640898E-01
0.79405552110590322639012005733737E+00 -0.47091226325030188972740969640900E-01
0.80490028887374118925141569205977E+00 -0.47734514654449580307869759409644E-01
0.81571678855786293875195218316806E+00 -0.48376120774543525160076164904004E-01
0.82650464035012975260483889877523E+00 -0.49016022048155497556515200175088E-01
0.83726346545501481337667125633866E+00 -0.49654195895631365732468143848376E-01
0.84799288610310385741023243250687E+00 -0.50290619795537036454849681022916E-01
0.85869252556456768537902088642390E+00 -0.50925271285372384374024037365631E-01
0.86936200816260523348829630235898E+00 -0.51558127962278616982890230227170E-01
0.88000095928685702833116620211849E+00 -0.52189167483741584649039660272346E-01
0.89060900540679060962865900658980E+00 -0.52818367568289103275305330748646E-01
0.90118577408505545499928000192904E+00 -0.53445705996183674561633997164217E-01
0.91173089399080919066953913261940E+00 -0.54071160610108412020662698464727E-01
0.92224399491301361231736358150250E+00 -0.54694709315848012121460699838901E-01
0.93272470777370190134069951113089E+00 -0.55316330082963361473229941872048E-01
0.94317266464121586582952539810190E+00 -0.55936000945459901913001750755826E-01
0.95358749874341317228130385267444E+00 -0.56553700002449878220104791875771E-01
0.96396884448084608595278595425354E+00 -0.57169405418807492597198709160965E-01
0.97431633743990958320783594657449E+00 -0.57783095425817577698393643254901E-01
0.98462961440596084074987415198346E+00 -0.58394748321816924747814438061204E-01
0.99490831337640950509116365766986E+00 -0.59004342472828831167572219873670E-01
0.10051520735737773316436411995866E+01 -0.59611856313189324667298816901449E-01
0.10153605354587315076566535172255E+01 -0.60217268346165748355482054890658E-01
0.10255333407430862577434692971213E+01 -0.60820557144568193757524960383875E-01
0.10356701324027784644521791863559E+01 -0.61421701351350410268057323881032E-01
0.10457705546908131554912533911768E+01 -0.62020679680204511995827567886957E-01
0.10558342531501823806143745510956E+01 -0.62617470916144773727202130984765E-01
0.10658608746267560853204197604500E+01 -0.63212053916082816524889424431883E-01
0.10758500672821457453853114126311E+01 -0.63804407609393047787216811367674E-01
0.10858014806065415324150666178009E+01 -0.64394510998467503640847798265057E-01
0.10957147654315239041860742466157E+01 -0.64982343159261313974519585729939E-01
0.11055895739428486153444292032769E+01 -0.65567883241825811913740350781140E-01
0.11154255596932079857028529245444E+01 -0.66151110470831332603907720110932E-01
0.11252223776149672554442482182301E+01 -0.66732004146077785103013305383251E-01
0.11349796840328781496067798846812E+01 -0.67310543642993147795528970767721E-01
0.11446971366767695142486205746459E+01 -0.67886708413119052423887987193891E-01
0.11543743946942163950400927450036E+01 -0.68460477984582675652526996725085E-01
0.11640111186631890514853845834199E+01 -0.69031831962555614960789961568484E-01
0.11736069706046816693352664484352E+01 -0.69600750029697402065111204463301E-01
0.11831616139953236270475071734083E+01 -0.70167211946584449081607670845450E-01
0.11926747137799735128670701921417E+01 -0.70731197552122739056166687215123E-01
0.12021459363842965817491301492596E+01 -0.71292686763944224125049218058120E-01
0.12115749497273302790895562683209E+01 -0.71851659578786495404672753330886E-01
0.12209614232340347549167925675253E+01 -0.72408096072852848870477256256867E-01
0.12303050278478349403856760100699E+01 -0.72961976402155736429886389157049E-01
0.12396054360431523441418336443817E+01 -0.73513280802838092114408687065224E-01
0.12488623218379306992119297598203E+01 -0.74061989591475710596194615559317E-01
0.12580753608061573414284715480469E+01 -0.74608083165356871388819467577087E-01
0.12672442300903815637480735059395E+01 -0.75151542002739593361166660088644E-01
0.12763686084142344133214784807581E+01 -0.75692346663084831447874948364101E-01
0.12854481760949513371011312318092E+01 -0.76230477787264494074945371379882E-01
0.12944826150559000228179982402720E+01 -0.76765916097743263945951842540565E-01
0.13034716088391194220862330222279E+01 -0.77298642398732193809797853975734E-01
0.13124148426178696335741593614202E+01 -0.77828637576313877977147924757722E-01
0.13213120032091996804797220077657E+01 -0.78355882598535717760320879729371E-01
0.13301627790865350772401886249827E+01 -0.78880358515471686696653225795509E-01
0.13389668603922899591190258519192E+01 -0.79402046459249911621817863032244E-01
0.13477239389505093560914573137585E+01 -0.79920927644043461167870559144949E-01
0.13564337082795445978933572568029E+01 -0.80436983366023991569909030142293E-01
0.13650958636047692351608147946538E+01 -0.80950195003274455731313580611279E-01
0.13737101018713403538810533491956E+01 -0.81460544015659853444915945524317E-01
0.13822761217570102771356687980849E+01 -0.81968011944653124427908609406648E-01
0.13907936236849981445126754081641E+01 -0.82472580413112934994660249425154E-01
0.13992623098369252941938311854618E+01 -0.82974231125012195817846008526243E-01
0.14076818841658246255152352299128E+01 -0.83472945865112124528371044412959E-01
0.14160520524092312411331394016808E+01 -0.83968706498580627549401308732702E-01
0.14243725221023630162068850681867E+01 -0.84461494970550569127198829942050E-01
0.14326430025914018421259516820801E+01 -0.84951293305614185547492995467841E-01
0.14408632050468847444219241733797E+01 -0.85438083607250055128132550158225E-01
0.14490328424772172087184123344846E+01 -0.85921848057178403931098496255668E-01
0.14571516297423205328193889794823E+01 -0.86402568914639587945993230684068E-01
0.14652192835674254986651290742318E+01 -0.86880228515591260527806443803957E-01
0.14732355225570287584249440819325E+01 -0.87354809271819445343553070622831E-01
0.14812000672090244716843348243248E+01 -0.87826293669956145645409513002951E-01
0.14891126399290303533008010061464E+01 -0.88294664270399569603122383799765E-01
0.14969729650449251516014046478767E+01 -0.88759903706128178842397257061856E-01
0.15047807688216163560114949768135E+01 -0.89221994681402729914306237582847E-01
0.15125357794760611099836866194763E+01 -0.89680919970348247681930384519421E-01
0.15202377271925617082441097186088E+01 -0.90136662415406920726947358729437E-01
0.15278863441383614266739236143108E+01 -0.90589204925654256003036419192633E-01
0.15354813644795683032541515830474E+01 -0.91038530474966792533655607312502E-01
0.15430225243974346733482356044411E+01 -0.91484622100031922413104524149393E-01
0.15505095621050272857228631367806E+01 -0.91927462898188534030387085107423E-01
0.15579422178643199965269175036011E+01 -0.92367036025084461519253950051653E-01
0.15653202340037493852364982915257E+01 -0.92803324692138855168860013957784E-01
0.15726433549362744465584213165416E+01 -0.93236312163793174835333556752251E-01
0.15799113271779846607333371296260E+01 -0.93665981754535635900573564538928E-01
0.15871238993673076052686841941684E+01 -0.94092316825680994030926407002334E-01
0.15942808222848695289128020230249E+01 -0.94515300781886761196022411017375E-01
0.16013818488740679624304716953962E+01 -0.94934917067384862188223594557595E-01
0.16084267342624232590191290385951E+01 -0.95351149161905506259714210494786E-01
0.16154152357837773840905049843400E+01 -0.95763980576269550553760323629175E-01
0.16223471130014222740276755005836E+01 -0.96173394847619657102767389998345E-01
0.16292221277322401685074582195641E+01 -0.96579375534263371279904554205109E-01
0.16360400440719532407254184739320E+01 -0.96981906210092322358673676345056E-01
0.16428006284215863211455882370002E+01 -0.97380970458543495178109883430897E-01
0.16495036495152571211438795283329E+01 -0.97776551866062058169148898554230E-01
0.16561488784494223065863315572477E+01 -0.98168634015022368882172596477271E-01
0.16627360887137189134667350943722E+01 -0.98557200476059323431322955673357E-01
0.16692650562235570461807175817056E+01 -0.98942234799756343114650705134324E-01
0.16757355593546363591205541976779E+01 -0.99323720507632733357482083230154E-01
0.16821473789795768624036387574209E+01 -0.99701641082364811302352344747352E-01
0.16885002985068772881704546965814E+01 -0.10007597995716980887201410011738E+00
0.16947941039224360078376597317089E+01 -0.10044672050427298380565961927100E+00
0.17010285838338991856979786214682E+01 -0.10081384602237016893699154280858E+00
0.17072035295181286499568556547065E+01 -0.10117733972298852044508601616083E+00
0.17133187349721179591525636605043E+01 -0.10153718471563548304784234608562E+00
0.17193739969677239069294966300142E+01 -0.10189336399161635059678292488794E+00
0.17253691151106252583278556782018E+01 -0.10224586040638393921403066297727E+00
0.17313038919039697794371144982070E+01 -0.10259465666027020450591335154464E+00
0.17371781328172309745896669605100E+01 -0.10293973527743038349387150083750E+00
0.17429916463608576444823391636071E+01 -0.10328107858280899662056706498516E+00
0.17487442441673800130367721932295E+01 -0.10361866867691706217343279508825E+00
0.17544357410797166927298313129267E+01 -0.10395248740817783842134341811079E+00
0.17600659552475314205578613009630E+01 -0.10428251634257353514284899378861E+00
0.17656347082325999541103813167732E+01 -0.10460873673028661416403272920668E+00
0.17711418251242803843202982942874E+01 -0.10493112946899074819821653153865E+00
0.17765871346663347290077065493502E+01 -0.10524967506340055322296048703426E+00
0.17819704693965255014731328779222E+01 -0.10556435358063532982757892164330E+00
0.17872916658006199540586826810292E+01 -0.10587514460089136449126066840035E+00
0.17925505644826757215309286130779E+01 -0.10618202716284509590191543573224E+00
0.17977470103537639990914555939457E+01 -0.10648497970312764850847267472942E+00
0.18028808528416199501114561467481E+01 -0.10678397998911383705412789253010E+00
0.18079519461240999595891179274248E+01 -0.10707900504415642527584796410320E+00
0.18129601493897890661131771466749E+01 -0.10737003106426452158338597560453E+00
0.18179053271296479825366007296921E+01 -0.10765703332506823178007476755836E+00
0.18227873494642426418805206198256E+01 -0.10793998607773017187909712476779E+00
0.18276060925118766504017052165819E+01 -0.10821886243224590864130497035281E+00
0.18323614388038787890307311816100E+01 -0.10849363422631916723007032505242E+00
0.18370532777544209125950705534675E+01 -0.10876427187768851186814387134746E+00
0.18416815061935960860188363512393E+01 -0.10903074421741723349321319387051E+00
0.18462460289741323777845779823634E+01 -0.10929301830121453548756984265014E+00
0.18507467596641232798150820667098E+01 -0.10955105919532432629073939904265E+00
0.18551836213406117442758676267127E+01 -0.10980482973287202471659623276698E+00
0.18595565475018916146330549518224E+01 -0.11005429023577351265958231460861E+00
0.18638654831201343008322768857479E+01 -0.11029939819634754804772685702994E+00
0.18681103858606123144905266363889E+01 -0.11054010791158919099129809858483E+00
0.18722912274996338145805432314869E+01 -0.11077637006159598351540937734597E+00
0.18764079955806648576603407228966E+01 -0.11100813122181479661012946607252E+00
0.18804606953574654781659840928388E+01 -0.11123533329649112970559086941281E+00
0.18844493520850160593145364717162E+01 -0.11145791285782059304253019584816E+00
0.18883740137344082740067529931989E+01 -0.11167580037163771227472663411026E+00
0.18922347542278806660757334170586E+01 -0.11188891928578557225169822919948E+00
0.18960316773163970557015232566227E+01 -0.11209718495124826517014561733763E+00
0.18997649212568610949000236355946E+01 -0.11230050333822442079878127264940E+00
0.19034346644924406046844500217461E+01 -0.11249876949891166312018485481314E+00
0.19070411326021719034234867938336E+01 -0.11269186571490674900847207824583E+00
0.19105846068717889855088913740107E+01 -0.11287965924842776752640921139134E+00
0.19140654349566157298645735638971E+01 -0.11306199959098438322814876923834E+00
0.19174840442745361796033342385085E+01 -0.11323871506754411102201462261785E+00
0.19208409590058390826273613701898E+01 -0.11340960860374095190089252516163E+00
0.19241368219237566862703269489848E+01 -0.11357445239007335892629015847428E+00
0.19273724227936621128157874440083E+01 -0.11373298106559539962142766417293E+00
0.19305487358573128656386589103816E+01 -0.11388488286384431727777192862805E+00
0.19336669701267567920467558631437E+01 -0.11402978783622341160354437654640E+00
0.19367286381457858587831527635839E+01 -0.11416725149388807078810998808002E+00
0.19397356521238509990522585810649E+01 -0.11429672903604888172444981698696E+00
0.19426904637061680691899364954680E+01 -0.11441748296493456861080998593271E+00
0.19461718609838283999337400852914E+01 -0.11455039061381265350895094509905E+00
0.19495903276724585950017262430656E+01 -0.11466745849288178839641814467595E+00
0.19529569467545867156140603770184E+01 -0.11476670127260779333803328794761E+00
0.19562888519864299857022671439864E+01 -0.11484434326346178185380054503262E+00
0.19596145258677488243965314421478E+01 -0.11489512613760815150771517572275E+00
0.19628098723466593501823690123961E+01 -0.11490970101977288300686957559794E+00
0.19657380743925247583377354660199E+01 -0.11488252463976553160300373392923E+00
0.19684238838253879904770916511971E+01 -0.11481273765645234947677312505000E+00
0.19708933612463749372328632826648E+01 -0.11471574444368348734578486857812E+00
0.19731681572347965580657850927544E+01 -0.11453201107884465693206754667775E+00
0.19744988516795171766232752125672E+01 -0.11626631646985257336199049680085E+00
0.19759211134776263560094246878385E+01 -0.11789901440236187060267219164465E+00
0.19774186744789749807834691273349E+01 -0.11941975786850301027731293862435E+00
0.19789579609895056140351434543539E+01 -0.12083370519412165119304684651259E+00
0.19805107053151737385865326994884E+01 -0.12213999707060349112767980299728E+00
0.19819795634139848569620834953640E+01 -0.12328763441538114381266993395055E+00
0.19833024963308117996297552033648E+01 -0.12426052976366933327201403881651E+00
0.19844941863665284415167743438287E+01 -0.12509485086401820841959964039954E+00
0.19855633304735332965890838840847E+01 -0.12581354934025292003323513728616E+00
0.19865154407768206506028630889260E+01 -0.12643227028428658296514128485531E+00
0.19869952460055745088619849357692E+01 -0.12673701305842002891474731695020E+00
0.19874405413391300152105041288576E+01 -0.12701589420213911769145410383649E+00
0.19878517323363500861299115507885E+01 -0.12727014080832879279688816973908E+00
0.19882291335979931714579038517075E+01 -0.12750083282398410566217242011701E+00
0.19885730127620123591344594119022E+01 -0.12770888291204577254207326113414E+00
0.19888999234848603822297914703226E+01 -0.12790482093048583847632157645110E+00
0.19892262837270415181422661074232E+01 -0.12809868226665767984892181194641E+00
0.19895521194129373054844907613866E+01 -0.12829053616206887117278145288572E+00
0.19898774547669423836000567211502E+01 -0.12848044818342128070140270139117E+00
0.19902023125744464862058714087123E+01 -0.12866848029258835391731005158393E+00
0.19898774547669423836000567211502E+01 -0.12848044818342128070140270139117E+00
0.19895521194129373054844907613866E+01 -0.12829053616206887117278145288572E+00
0.19892262837270415181422661074232E+01 -0.12809868226665767984892181194641E+00
0.19888999234848603822297914703226E+01 -0.12790482093048583847632157645110E+00
0.19885730127620123591344594119022E+01 -0.12770888291204577254207326113414E+00
0.19882291335979931714579038517075E+01 -0.12750083282398410566217242011701E+00
0.19878517323363500861299115507885E+01 -0.12727014080832879279688816973908E+00
0.19874405413391300152105041288576E+01 -0.12701589420213911769145410383649E+00
0.19869952460055745088619849357692E+01 -0.12673701305842002891474731695020E+00
0.19865154407768206506028630889260E+01 -0.12643227028428658296514128485531E+00
0.19855633304735332965890838840847E+01 -0.12581354934025292003323513728616E+00
0.19844941863665284415167743438287E+01 -0.12509485086401820841959964039954E+00
0.19833024963308117996297552033648E+01 -0.12426052976366933327201403881651E+00
0.19819795634139848569620834953640E+01 -0.12328763441538114381266993395055E+00
0.19805107053151737385865326994884E+01 -0.12213999707060349112767980299728E+00
0.19789579609895056140351434543539E+01 -0.12083370519412165119304684651259E+00
0.19774186744789749807834691273349E+01 -0.11941975786850301027731293862435E+00
0.19759211134776263560094246878385E+01 -0.11789901440236187060267219164465E+00
0.19744988516795171766232752125672E+01 -0.11626631646985257336199049680085E+00
