0.16572949300089494814599424434253E+00 -0.21047038649355956010011498871650E+00
0.17582086690822830977633274355121E+00 -0.20874758426833052451248913275692E+00
0.18532693426620060265948028676078E+00 -0.20712968323022786492283577013337E+00
0.19420849614984975494969471396971E+00 -0.20562449792589497020707358377544E+00
0.20243480722552610724263797222375E+00 -0.20423536593784899181029831177645E+00
0.20997362971923379508095136853162E+00 -0.20296629904179659580250901750063E+00
0.21683184792427850784401692927771E+00 -0.20181499686746532201747140594793E+00
0.22315247287382967966085355628711E+00 -0.20075658660865061990311098868951E+00
0.22905617798535423996511169831042E+00 -0.19977025742803339318021296363255E+00
0.23462327684410485001229825494760E+00 -0.19884215584413789784547433747275E+00
0.23991060454280076791887169733736E+00 -0.19796247563911070335052646980460E+00
0.23462327684410485001229825494760E+00 -0.19884215584413789784547433747275E+00
0.22905617798535423996511169831042E+00 -0.19977025742803339318021296363255E+00
0.22315247287382967966085355628711E+00 -0.20075658660865061990311098868951E+00
0.21683184792427850784401692927771E+00 -0.20181499686746532201747140594793E+00
0.20997362971923379508095136853162E+00 -0.20296629904179659580250901750063E+00
0.20243480722552610724263797222375E+00 -0.20423536593784899181029831177645E+00
0.19420849614984975494969471396971E+00 -0.20562449792589497020707358377544E+00
0.18532693426620060265948028676078E+00 -0.20712968323022786492283577013337E+00
0.17582086690822830977633274355121E+00 -0.20874758426833052451248913275692E+00
0.16572949300089494814599424434253E+00 -0.21047038649355956010011498871650E+00
0.15653033256679766708721785463676E+00 -0.19894126554662004400435218711290E+00
0.14792164286266571043452873511702E+00 -0.18619544853585098699801589118673E+00
0.13947385052121860470972615114154E+00 -0.17251585079273871979947643115270E+00
0.13124394815930421500184145818449E+00 -0.15784592734174118953681135348142E+00
0.12320141304793293245429566083238E+00 -0.14219939047609072570073655313843E+00
0.11565830013146693039972635676160E+00 -0.12635298321914768298140777525550E+00
0.10878061209066136041651353105081E+00 -0.11093134144207010430311631213361E+00
0.10239573814433524991930151106287E+00 -0.95798573828099108286672377595004E-01
0.96392711787378354057877574700866E-01 -0.80874324900954046722861213723071E-01
0.90697882452389699872528991101311E-01 -0.66106101791391252634792935067923E-01
0.86145509791583378809468113917477E-01 -0.53893707746228384185922654475451E-01
0.81744733956062285148060221428920E-01 -0.41750628766867308406482445087717E-01
0.77476117576014963315639598235505E-01 -0.29665730934750687227146309231190E-01
0.73323998750899097549611042411612E-01 -0.17630273881310144989821554933658E-01
0.69275441065431002959634735987781E-01 -0.56373442684745717987641282116605E-02
0.65319615528926909240215979299262E-01 0.63185874273838844599097173728968E-02
0.61447357141012149804650044838294E-01 0.18241986252418186736135346928863E-01
0.57650835446783179417614713982034E-01 0.30136486115855322715832848867819E-01
0.53923304502480354314099420589024E-01 0.42005063223017180149824967755308E-01
0.50258909861291635610530057333987E-01 0.53850167049941162936359340882725E-01
0.46652537395428958351299075146002E-01 0.65673820687882612082919353399204E-01
0.43099693363984865973650412563350E-01 0.77477698724052532219458185702448E-01
0.39596408178788979399285742254963E-01 0.89263188399132615204459876638633E-01
0.36139158390479785880704154366318E-01 0.10103143814484920391990748110245E+00
0.32724802855644626260784424641558E-01 0.11278339647976872987384217898480E+00
0.29350530064164942500990925262061E-01 0.12451984345525172136467121736994E+00
0.26013814338375764258504215064894E-01 0.13624141628556266908282108471655E+00
0.22712379150217932951110990774170E-01 0.14794863039455927095379002834533E+00
0.19444166197867706579540890230923E-01 0.15964189681856236215929010601548E+00
0.16207309179175894366313955286185E-01 0.17132153668891663438851669164462E+00
0.13000111423133974198881061229305E-01 0.18298779335650395078766762786453E+00
0.98210267117332806910363009717618E-02 0.19464084259890785610041223995818E+00
0.66686427566683779001572017087189E-02 0.20628080125840212241389946213081E+00
0.35416668981708952238964543661453E-02 0.21790773458788437322708562377303E+00
0.43891367397196229841652831166666E-03 0.22952166252686101584250961488203E+00
-0.26407060297618466007623222420298E-02 0.24112256508665384229669962615583E+00
-0.56981944828178907017213967196486E-02 0.25271038699025453293595723165190E+00
-0.87344754671614102117602340725663E-02 0.26428504168554113109205194200107E+00
-0.11750401648582647062319673907530E-01 0.27584641482929376730823111475638E+00
-0.14746761100629041161826328750759E-01 0.28739436732239592151008012924890E+00
-0.17724283095860968961399461947535E-01 0.29892873796286001871594510470073E+00
-0.20683643261556231267098908267461E-01 0.31044934577217800197659893141027E+00
-0.23625468182213076487358471180315E-01 0.32195599204142024742299843647290E+00
-0.26550339518948152152575801027645E-01 0.33344846213607629868577933321121E+00
-0.29458797705690529691267308530520E-01 0.34492652709252194977467814094223E+00
-0.32351345273539070066922132047214E-01 0.35638994503394453877252960030364E+00
-0.35228449847488502012857929066458E-01 0.36783846242937308334006363856668E+00
-0.38090546853691296218264842214688E-01 0.37927181521596903722331952523984E+00
-0.40938041970312007788445767886534E-01 0.39068972980181584425269644553205E+00
-0.43771313350691562630552647850180E-01 0.40209192396399615045393870560967E+00
-0.46590713643840225313306572895173E-01 0.41347810765468316268031070723329E+00
-0.49396571834118454745242426078839E-01 0.42484798372622955693507092933201E+00
-0.52189194919252029033906989604412E-01 0.43620124858475786109200583453342E+00
-0.54968869443495935904999028437150E-01 0.44753759278050038944248793445230E+00
-0.57735862900750731155133554716925E-01 0.45885670154206355176534630542254E+00
-0.60490425020692891265976160118651E-01 0.47015825526087319703528741644271E+00
-0.63232788949471633330025566001713E-01 0.48144192993127138904226875544536E+00
-0.65963172335212838646339610497537E-01 0.49270739755105717744331024216370E+00
-0.68681778327423563568267149318289E-01 0.50395432648667894253919519050711E+00
-0.71388796498392861197225490419778E-01 0.51518238180678304991178436546652E+00
-0.74084403693807062440904135383706E-01 0.52639122558738345219936394860886E+00
-0.76768764819029082754068761694323E-01 0.53758051719153781439151732171577E+00
-0.79442033566813696098519990680534E-01 0.54874991352608501981220302364111E+00
-0.82104353091636326579562898472510E-01 0.55989906927770932482043815285806E+00
-0.84755856635283235078532946830264E-01 0.57102763713034398596440392836292E+00
-0.87396668107887396023973222116553E-01 0.58213526796570617710022221508006E+00
-0.90026902628177346326449893034221E-01 0.59322161104856049118534100554835E+00
-0.92646667026343518074550928960150E-01 0.60428631419813849723602573139987E+00
-0.95256060312594885079124512144433E-01 0.61532902394698863674029050476681E+00
-0.97855174114190678302682188293853E-01 0.62634938568840149489587160607040E+00
-0.10044409308346994587672009151911E+00 0.63734704381343468371220770170925E+00
-0.10302289527916931046537444197610E+00 0.64832164183845988426050731818650E+00
-0.10559165252311215195093282805455E+00 0.65927282252406030984236180372322E+00
-0.10815043073416195461952668710586E+00 0.67020022798602632943136491209680E+00
-0.11069929024116879839757629023137E+00 0.68110349979912326732799549557181E+00
-0.11323828607648350001872213335828E+00 0.69198227909423962612476947298356E+00
-0.11576746825147861454021295431402E+00 0.70283620664946801692713959491275E+00
-0.11828688201539469578464770224725E+00 0.71366492297561576064838935432293E+00
-0.12079656809871268529641855866569E+00 0.72446806839659858201609898365442E+00
-0.12329656294216369215432373783790E+00 0.73524528312512894117207056490553E+00
-0.12578689891238349239460156690610E+00 0.74599620733406916419916342199846E+00
-0.12826760450514795178695909074334E+00 0.75672048122379315585474561404044E+00
-0.13073870453704331269487603927461E+00 0.76741774508586175228822399512878E+00
-0.13320022032635959339864237055594E+00 0.77808763936329708418006784446032E+00
-0.13565216986393501119457604779001E+00 0.78872980470771104933381202553860E+00
-0.13809456797461881316514577543450E+00 0.79934388203352442864993610529065E+00
-0.14052742646997279918564864622533E+00 0.80992951256949107717968656956652E+00
-0.14295075429278186269306860428225E+00 0.82048633790772437274794103485151E+00
-0.14536455765390134961739038172090E+00 0.83101400005040575595550787509723E+00
-0.14776884016193099008030353006124E+00 0.84151214145434193742163224283366E+00
-0.15016360294616762022549317246253E+00 0.85198040507352124445613180739697E+00
-0.15254884477325724439910218067973E+00 0.86241843439980990438973721523441E+00
-0.15492456215793480601233247012306E+00 0.87282587350191554855540650586693E+00
-0.15729074946821440699454038428196E+00 0.88320236706273672426496264867293E+00
-0.15964739902536620676686298064403E+00 0.89354756041520678858557327288075E+00
-0.16199450119899153402640804379850E+00 0.90386109957673247014842441201368E+00
-0.16433204449748836405716089520983E+00 0.91414263128231956853631526722473E+00
-0.16666001565417736689162360526751E+00 0.92439180301647143686782241651026E+00
-0.16897839970934155996258168743015E+00 0.93460826304393814796105622804980E+00
-0.17128718008841460974932234588482E+00 0.94479166043939095921811114890997E+00
-0.17358633867653815477625464236991E+00 0.95494164511608742045410539950304E+00
-0.17587585588969348033137159175799E+00 0.96505786785359130487369711138359E+00
-0.17815571074259863581438337764255E+00 0.97513998032460454458356585865861E+00
-0.18042588091355157874654982801776E+00 0.98518763512096400145863853672270E+00
-0.18268634280638660839998380161455E+00 0.99520048577885485994042523070720E+00
-0.18493707160970113500553070144173E+00 0.10051781868032841935374870230654E+01
-0.18717804135350045707872117682857E+00 0.10151203936918598776368382256208E+01
-0.18940922496339930862515948521214E+00 0.10250267629579136051730499210762E+01
-0.19163059431250743365343672203068E+00 0.10348969521530043497755268975708E+01
-0.19384212027112401136037213948907E+00 0.10447306198888391678816171783772E+01
-0.19604377275435197099038915490376E+00 0.10545274258586401722840734759154E+01
-0.19823552076774148664360980544836E+00 0.10642870308579904361401996715011E+01
-0.20041733245106286501326371523090E+00 0.10740090968051855461996691752908E+01
-0.20258917512030330764629614134325E+00 0.10836932867611153561439461768613E+01
-0.20475101530797777402744998890782E+00 0.10933392649487035865523355003524E+01
-0.20690281880183662139135975499158E+00 0.11029466967719241853934388243698E+01
-0.20904455068204987853350494233861E+00 0.11125152488344180556928504174064E+01
-0.21117617535694417880736302095105E+00 0.11220445889577291256407920314575E+01
-0.21329765659735943419210105172537E+00 0.11315343861991774203495633126422E+01
-0.21540895756969502564489881089815E+00 0.11409843108693883399418840704714E+01
-0.21751004086770610248448888367217E+00 0.11503940345494914509406440652765E+01
-0.21960086854310957078217700934351E+00 0.11597632301080068214506757570199E+01
-0.22168140213505630681581083156253E+00 0.11690915717174311428479627017220E+01
-0.22375160269852170156170008932147E+00 0.11783787348705370734730205384300E+01
-0.22581143083166476655042176869535E+00 0.11876243963963992571485783810545E+01
-0.22786084670220297426290996142944E+00 0.11968282344761573095365346204349E+01
-0.22989981007284792501197170195404E+00 0.12059899286585274416725983546764E+01
-0.23192828032584344966572736525832E+00 0.12151091598750731636495118121859E+01
-0.23394621648664686209080118465929E+00 0.12241856104552435679463941461494E+01
-0.23595357724679138631721596879911E+00 0.12332189641411895959687766572568E+01
-0.23795032098596527884331131476459E+00 0.12422089061023656470774815912381E+01
-0.23993640579334193317288728582194E+00 0.12511551229499249628793400391891E+01
-0.24191178948819416378480070514900E+00 0.12600573027509161155522054382170E+01
-0.24387642963982221406603125110829E+00 0.12689151350422877966944434403881E+01
-0.24583028358682537460804092014330E+00 0.12777283108447081584890855223044E+01
-0.24777330845574486485144537998545E+00 0.12864965226762054765816535012108E+01
-0.24970546117910451806651181189906E+00 0.12952194645656346034667974750367E+01
-0.25162669851287372034330710973501E+00 0.13038968320659770244053586497766E+01
-0.25353697705337674679936656324916E+00 0.13125283222674770506405208514972E+01
-0.25543625325367144656766624777020E+00 0.13211136338106211894413301146374E+01
-0.25732448343941839293981514956028E+00 0.13296524668989635490824452173136E+01
-0.25920162382426090722500518920019E+00 0.13381445233118027515038525468649E+01
-0.26106763052473582792593395795089E+00 0.13465895064167143045242832512337E+01
-0.26292245957473365172847454017677E+00 0.13549871211819409059094175401754E+01
-0.26476606693952498871858872810187E+00 0.13633370741886464468499504894095E+01
-0.26659840852937187322590576789049E+00 0.13716390736430351178345190098820E+01
-0.26841944021273738339075801810941E+00 0.13798928293883397637830872011099E+01
-0.27022911782911184165514301183707E+00 0.13880980529166833551608324560272E+01
-0.27202739720146803649343702202901E+00 0.13962544573808127128401144718465E+01
-0.27381423414836027668525911961412E+00 0.14043617576057137683846784912743E+01
-0.27558958449568111046736312992406E+00 0.14124196701001028223699929000658E+01
-0.27735340408808691986385245151764E+00 0.14204279130678032708785473827612E+01
-0.27910564880010619110898780959906E+00 0.14283862064190055271950404623175E+01
-0.28084627454694096953311513980064E+00 0.14362942717814139865219061580106E+01
-0.28257523729497310117878602277582E+00 0.14441518325112832306070773586518E+01
-0.28429249307198567467582375928877E+00 0.14519586137043438776430213121719E+01
-0.28599799797710967235672044479378E+00 0.14597143422066217319252449390361E+01
-0.28769170819050571505720460032835E+00 0.14674187466251505954378761665755E+01
-0.28937357998279004585166158880875E+00 0.14750715573385803370037546064051E+01
-0.29104356972421403065953205765152E+00 0.14826725065076826148263366824977E+01
-0.29270163389360455092138599271813E+00 0.14902213280857542856791280273087E+01
-0.29434772908707478070489766218025E+00 0.14977177578289214688351185692837E+01
-0.29598181202651217772070573475464E+00 0.15051615333063434922729913317573E+01
-0.29760383956785167942535406728861E+00 0.15125523939103196509541231727946E+01
-0.29921376870914046835717154906315E+00 0.15198900808662988996628629951143E+01
-0.30081155659840215474274020968644E+00 0.15271743372427937508304361638891E+01
-0.30239716054130632293348032446485E+00 0.15344049079611993107751179541889E+01
-0.30397053800864960360962268842521E+00 0.15415815398055183172969735097509E+01
-0.30553164664365452080022235290124E+00 0.15487039814319930151167139642293E+01
-0.30708044426909222935789902885990E+00 0.15557719833786449883287089405375E+01
-0.30861688889423380228079934131038E+00 0.15627852980747229479248740475615E+01
-0.31014093872163614662223460065701E+00 0.15697436798500600974538962883819E+01
-0.31165255215376741157075472961680E+00 0.15766468849443410356860733396158E+01
-0.31315168779947663033188274029760E+00 0.15834946715162789019979364138299E+01
-0.31463830448031235679595196052288E+00 0.15902867996527039488755218505373E+01
-0.31611236123669505494126913801981E+00 0.15970230313775630301778354488389E+01
-0.31757381733394730703452714112838E+00 0.16037031306608313875048203246375E+01
-0.31902263226818568204723036653823E+00 0.16103268634273372742248112249269E+01
-0.32045876577207942460256460805617E+00 0.16168939975654983852301839356203E+01
-0.32188217782047816840611128162316E+00 0.16234043029359729734469786491056E+01
-0.32329282863591366552715830766931E+00 0.16298575513802234653734771311060E+01
-0.32469067869397883705860210279284E+00 0.16362535167289948587354394866074E+01
-0.32607568872858687837075305641620E+00 0.16425919748107073294465368389080E+01
-0.32744781973711422824359780272051E+00 0.16488727034597629774334051847955E+01
-0.32880703298543089037126354581787E+00 0.16550954825247686293663517398818E+01
-0.33015329001282025882646441760908E+00 0.16612600938766725532814962627576E+01
-0.33148655263679242351708909461864E+00 0.16673663214168174456872562024669E+01
-0.33280678295779248195766784145135E+00 0.16734139510849091955161099357864E+01
-0.33411394336380795096593598623431E+00 0.16794027708669005622206090030395E+01
-0.33540799653487681669644592924490E+00 0.16853325708027922146818599625610E+01
-0.33668890544749918412805336093991E+00 0.16912031429943487846750693538418E+01
-0.33795663337895503343420764399487E+00 0.16970142816127319799692331650263E+01
-0.33921114391153022263977418281306E+00 0.17027657829060501782194948159493E+01
-0.34045240093665266836137044252267E+00 0.17084574452068241698944169966806E+01
-0.34168036865894174212664281284339E+00 0.17140890689393703262812631001254E+01
-0.34289501160017204564728648476387E+00 0.17196604566270999751481200714835E+01
-0.34409629460315392436130564966571E+00 0.17251714128997360733655292488269E+01
-0.34528418283553300481713927132941E+00 0.17306217445004468587536411997982E+01
-0.34645864179350985808018658481953E+00 0.17360112602928962687485130913696E+01
-0.34761963730548230957836450542747E+00 0.17413397712682119513451292599439E+01
-0.34876713553561155839339220273521E+00 0.17466070905518699873423500885963E+01
-0.34990110298731431983088213046051E+00 0.17518130334104970856621703969818E+01
-0.35102150650668203259002617168499E+00 0.17569574172585899582850575518891E+01
-0.35212831328582904119120123400424E+00 0.17620400616651518840702355802544E+01
-0.35322149086617135914948038379142E+00 0.17670607883602465915542697248331E+01
-0.35430100714163693068997767067001E+00 0.17720194212414694828465859581404E+01
-0.35536683036180925254234739232706E+00 0.17769157863803359371842712879612E+01
-0.35641892913500561972824444435707E+00 0.17817497120285871550019742716682E+01
-0.35745727243129116706306732923643E+00 0.17865210286244129583245763892628E+01
-0.35848182958543003198213386459021E+00 0.17912295687985921762822612242797E+01
-0.35949257029977460267391028975479E+00 0.17958751673805499446006284930047E+01
-0.36048946464709475032528634712576E+00 0.18004576614043323361261011172835E+01
-0.36147248307334706482512925022562E+00 0.18049768901144982310520638274921E+01
-0.36244159640038617923173484369780E+00 0.18094326949719282209014975158989E+01
-0.36339677582861873193921463275223E+00 0.18138249196595505503280118587699E+01
-0.36433799293960074810093618908647E+00 0.18181534100879844385840978783850E+01
-0.36526521969858044692475411004077E+00 0.18224180144010997402613846288947E+01
-0.36617842845698572980086701481326E+00 0.18266185829814946153271299786983E+01
-0.36707759195485919584394622113788E+00 0.18307549684558888419391906890664E+01
-0.36796268332323991314711358104813E+00 0.18348270257004351844487062694025E+01
-0.36883367608649371424279890161536E+00 0.18388346118459467879860952578144E+01
-0.36969054416459270544655833181879E+00 0.18427775862830415143380546952964E+01
-0.37053326187534443711082427787880E+00 0.18466558106672032270502018339138E+01
-0.37136180393657203147468300961415E+00 0.18504691489237593361274112686577E+01
-0.37217614546824533445134076491226E+00 0.18542174672527752066662025768823E+01
-0.37297626199456443542425935846294E+00 0.18579006341338648891925380426670E+01
-0.37376212944599595755551767514574E+00 0.18615185203309183345450036014486E+01
-0.37453372416126268507917106323455E+00 0.18650709988967450825951892782900E+01
-0.37529102288928742336520748519446E+00 0.18685579451776341001086681122363E+01
-0.37603400279109137177884443789928E+00 0.18719792368178300881303695389337E+01
-0.37676264144164809949719143593234E+00 0.18753347537639256115627924348804E+01
-0.37747691683169312510060600877755E+00 0.18786243782691697804882571572702E+01
-0.37817680736949008726997951901681E+00 0.18818479948976926223428813081290E+01
-0.37886229188255380213251088637136E+00 0.18850054905286455874564993525903E+01
-0.37953334961933095205220431834889E+00 0.18880967543602578778040696386439E+01
-0.38018996025083862792867154038392E+00 0.18911216779138087199055176362054E+01
-0.38083210387226138158409358454008E+00 0.18940801550375153391536699436546E+01
-0.38145976100450722740235332723444E+00 0.18969720819103365966531334299926E+01
-0.38207291259572308296438330513352E+00 0.18997973570456922875327399265042E+01
-0.38267154002276989925951998737738E+00 0.19025558812950981108111230943240E+01
-0.38325562509265812797717963902253E+00 0.19052475578517159182960141622895E+01
-0.38382515004394382004012757199193E+00 0.19078722922538195970863242322908E+01
-0.38438009754808564736007667491215E+00 0.19104299923881762398824603023872E+01
-0.38492045071076342562929721036494E+00 0.19129205684933425663956242552379E+01
-0.38544619307315834066497253060862E+00 0.19153439331628766831245457895026E+01
-0.38595730861319522331169025989172E+00 0.19177000013484649617008484885127E+01
-0.38645378174674734703976832288905E+00 0.19199886903629639926420926345358E+01
-0.38693559732880388244273823464130E+00 0.19222099198833577026576613487057E+01
-0.38740274065460042460648637355892E+00 0.19243636119536293554803677197481E+01
-0.38785519746071288379162910143658E+00 0.19264496909875485233071197795230E+01
-0.38829295392611499637612280713931E+00 0.19284680837713729607776695528830E+01
-0.38871599667319970653809669634375E+00 0.19304187194664652842542278845154E+01
-0.38912431276876467292145159825954E+00 0.19323015296118244044484686596397E+01
-0.38951788972496231679122198792856E+00 0.19341164481265316059605405518262E+01
-0.38989671550021434178428024536816E+00 0.19358634113121114914355737647672E+01
-0.39026077850009122037111315955812E+00 0.19375423578548072866247720692403E+01
-0.39061006757815674549525024432866E+00 0.19391532288277708577163577018791E+01
-0.39094457203677786107675077734123E+00 0.19406959676931672150885866041788E+01
-0.39126428162790001467860587358295E+00 0.19421705203041934327143835221527E+01
-0.39156918655378813282759112304818E+00 0.19435768349070120737095135229241E+01
-0.39185927746773356188639855469048E+00 0.19449148621425988939414340187387E+01
-0.39213454547472673812303916976130E+00 0.19461845550485050091997200817724E+01
-0.39239498213209694719754127268129E+00 0.19473858690605331504698095248076E+01
-0.39264057945011566924862925307747E+00 0.19485187620143287196399770165521E+01
-0.39287132989257454837402162597027E+00 0.19495831941468834255870012506281E+01
-0.39308722637730617131573801461353E+00 0.19505791280979581464693229265263E+01
-0.39328826227674024696068607134039E+00 0.19515065289114051456383599135820E+01
-0.39347443141822894114076547250516E+00 0.19523653640364472557667177953323E+01
-0.39364572808490413771172217814942E+00 0.19531556033287486782034231114652E+01
-0.39380214701488937313242476975514E+00 0.19538772190517494009320854831228E+01
-0.39389815850135261067672729508515E+00 0.19543201593882360049460367976981E+01
-0.39398755420461215080135980761279E+00 0.19547325821443059928018481867996E+01
-0.39407033290400796059224941886026E+00 0.19551144808862671750729253771382E+01
-0.39414649346908318175353845043750E+00 0.19554658496566013099008610183719E+01
-0.39421603485969261469445074384868E+00 0.19557866829740427377954509307619E+01
-0.39428226784701522257637958928293E+00 0.19560922548025070690437105488348E+01
-0.39434850385062782744174711032099E+00 0.19563978425222590643082517500678E+01
-0.39441474287070439948675074882638E+00 0.19567034461338058785859942700094E+01
-0.39448098490748886502898749470645E+00 0.19570090656376395078383312154011E+01
-0.39454722996100684423839380988347E+00 0.19573147010342992661514418081110E+01
-0.39448098490748886502898749470645E+00 0.19570090656376395078383312154011E+01
-0.39441474287070439948675074882638E+00 0.19567034461338058785859942700094E+01
-0.39434850385062782744174711032099E+00 0.19563978425222590643082517500678E+01
-0.39428226784701522257637958928293E+00 0.19560922548025070690437105488348E+01
-0.39421603485969261469445074384868E+00 0.19557866829740427377954509307619E+01
-0.39414649346908318175353845043750E+00 0.19554658496566013099008610183719E+01
-0.39407033290400796059224941886026E+00 0.19551144808862671750729253771382E+01
-0.39398755420461215080135980761279E+00 0.19547325821443059928018481867996E+01
-0.39389815850135261067672729508515E+00 0.19543201593882360049460367976981E+01
-0.39380214701488937313242476975514E+00 0.19538772190517494009320854831228E+01
-0.39364572808490413771172217814942E+00 0.19531556033287486782034231114652E+01
-0.39347443141822894114076547250516E+00 0.19523653640364472557667177953323E+01
-0.39328826227674024696068607134039E+00 0.19515065289114051456383599135820E+01
-0.39308722637730617131573801461353E+00 0.19505791280979581464693229265263E+01
-0.39287132989257454837402162597027E+00 0.19495831941468834255870012506281E+01
-0.39264057945011566924862925307747E+00 0.19485187620143287196399770165521E+01
-0.39239498213209694719754127268129E+00 0.19473858690605331504698095248076E+01
-0.39213454547472673812303916976130E+00 0.19461845550485050091997200817724E+01
-0.39185927746773356188639855469048E+00 0.19449148621425988939414340187387E+01
-0.39156918655378813282759112304818E+00 0.19435768349070120737095135229241E+01
-0.39126428162790001467860587358295E+00 0.19421705203041934327143835221527E+01
-0.39094457203677786107675077734123E+00 0.19406959676931672150885866041788E+01
-0.39061006757815674549525024432866E+00 0.19391532288277708577163577018791E+01
-0.39026077850009122037111315955812E+00 0.19375423578548072866247720692403E+01
-0.38989671550021434178428024536816E+00 0.19358634113121114914355737647672E+01
-0.38951788972496231679122198792856E+00 0.19341164481265316059605405518262E+01
-0.38912431276876467292145159825954E+00 0.19323015296118244044484686596397E+01
-0.38871599667319970653809669634375E+00 0.19304187194664652842542278845154E+01
-0.38829295392611499637612280713931E+00 0.19284680837713729607776695528830E+01
-0.38785519746071288379162910143658E+00 0.19264496909875485233071197795230E+01
-0.38740274065460042460648637355892E+00 0.19243636119536293554803677197481E+01
-0.38693559732880388244273823464130E+00 0.19222099198833577026576613487057E+01
-0.38645378174674734703976832288905E+00 0.19199886903629639926420926345358E+01
-0.38595730861319522331169025989172E+00 0.19177000013484649617008484885127E+01
-0.38544619307315834066497253060862E+00 0.19153439331628766831245457895026E+01
-0.38492045071076342562929721036494E+00 0.19129205684933425663956242552379E+01
-0.38438009754808564736007667491215E+00 0.19104299923881762398824603023872E+01
-0.38382515004394382004012757199193E+00 0.19078722922538195970863242322908E+01
-0.38325562509265812797717963902253E+00 0.19052475578517159182960141622895E+01
-0.38267154002276989925951998737738E+00 0.19025558812950981108111230943240E+01
-0.38207291259572308296438330513352E+00 0.18997973570456922875327399265042E+01
-0.38145976100450722740235332723444E+00 0.18969720819103365966531334299926E+01
-0.38083210387226138158409358454008E+00 0.18940801550375153391536699436546E+01
-0.38018996025083862792867154038392E+00 0.18911216779138087199055176362054E+01
-0.37953334961933095205220431834889E+00 0.18880967543602578778040696386439E+01
-0.37886229188255380213251088637136E+00 0.18850054905286455874564993525903E+01
-0.37817680736949008726997951901681E+00 0.18818479948976926223428813081290E+01
-0.37747691683169312510060600877755E+00 0.18786243782691697804882571572702E+01
-0.37676264144164809949719143593234E+00 0.18753347537639256115627924348804E+01
-0.37603400279109137177884443789928E+00 0.18719792368178300881303695389337E+01
-0.37529102288928742336520748519446E+00 0.18685579451776341001086681122363E+01
-0.37453372416126268507917106323455E+00 0.18650709988967450825951892782900E+01
-0.37376212944599595755551767514574E+00 0.18615185203309183345450036014486E+01
-0.37297626199456443542425935846294E+00 0.18579006341338648891925380426670E+01
-0.37217614546824533445134076491226E+00 0.18542174672527752066662025768823E+01
-0.37136180393657203147468300961415E+00 0.18504691489237593361274112686577E+01
-0.37053326187534443711082427787880E+00 0.18466558106672032270502018339138E+01
-0.36969054416459270544655833181879E+00 0.18427775862830415143380546952964E+01
-0.36883367608649371424279890161536E+00 0.18388346118459467879860952578144E+01
-0.36796268332323991314711358104813E+00 0.18348270257004351844487062694025E+01
-0.36707759195485919584394622113788E+00 0.18307549684558888419391906890664E+01
-0.36617842845698572980086701481326E+00 0.18266185829814946153271299786983E+01
-0.36526521969858044692475411004077E+00 0.18224180144010997402613846288947E+01
-0.36433799293960074810093618908647E+00 0.18181534100879844385840978783850E+01
-0.36339677582861873193921463275223E+00 0.18138249196595505503280118587699E+01
-0.36244159640038617923173484369780E+00 0.18094326949719282209014975158989E+01
-0.36147248307334706482512925022562E+00 0.18049768901144982310520638274921E+01
-0.36048946464709475032528634712576E+00 0.18004576614043323361261011172835E+01
-0.35949257029977460267391028975479E+00 0.17958751673805499446006284930047E+01
-0.35848182958543003198213386459021E+00 0.17912295687985921762822612242797E+01
-0.35745727243129116706306732923643E+00 0.17865210286244129583245763892628E+01
-0.35641892913500561972824444435707E+00 0.17817497120285871550019742716682E+01
-0.35536683036180925254234739232706E+00 0.17769157863803359371842712879612E+01
-0.35430100714163693068997767067001E+00 0.17720194212414694828465859581404E+01
-0.35322149086617135914948038379142E+00 0.17670607883602465915542697248331E+01
-0.35212831328582904119120123400424E+00 0.17620400616651518840702355802544E+01
-0.35102150650668203259002617168499E+00 0.17569574172585899582850575518891E+01
-0.34990110298731431983088213046051E+00 0.17518130334104970856621703969818E+01
-0.34876713553561155839339220273521E+00 0.17466070905518699873423500885963E+01
-0.34761963730548230957836450542747E+00 0.17413397712682119513451292599439E+01
-0.34645864179350985808018658481953E+00 0.17360112602928962687485130913696E+01
-0.34528418283553300481713927132941E+00 0.17306217445004468587536411997982E+01
-0.34409629460315392436130564966571E+00 0.17251714128997360733655292488269E+01
-0.34289501160017204564728648476387E+00 0.17196604566270999751481200714835E+01
-0.34168036865894174212664281284339E+00 0.17140890689393703262812631001254E+01
-0.34045240093665266836137044252267E+00 0.17084574452068241698944169966806E+01
-0.33921114391153022263977418281306E+00 0.17027657829060501782194948159493E+01
-0.33795663337895503343420764399487E+00 0.16970142816127319799692331650263E+01
-0.33668890544749918412805336093991E+00 0.16912031429943487846750693538418E+01
-0.33540799653487681669644592924490E+00 0.16853325708027922146818599625610E+01
-0.33411394336380795096593598623431E+00 0.16794027708669005622206090030395E+01
-0.33280678295779248195766784145135E+00 0.16734139510849091955161099357864E+01
-0.33148655263679242351708909461864E+00 0.16673663214168174456872562024669E+01
-0.33015329001282025882646441760908E+00 0.16612600938766725532814962627576E+01
-0.32880703298543089037126354581787E+00 0.16550954825247686293663517398818E+01
-0.32744781973711422824359780272051E+00 0.16488727034597629774334051847955E+01
-0.32607568872858687837075305641620E+00 0.16425919748107073294465368389080E+01
-0.32469067869397883705860210279284E+00 0.16362535167289948587354394866074E+01
-0.32329282863591366552715830766931E+00 0.16298575513802234653734771311060E+01
-0.32188217782047816840611128162316E+00 0.16234043029359729734469786491056E+01
-0.32045876577207942460256460805617E+00 0.16168939975654983852301839356203E+01
-0.31902263226818568204723036653823E+00 0.16103268634273372742248112249269E+01
-0.31757381733394730703452714112838E+00 0.16037031306608313875048203246375E+01
-0.31611236123669505494126913801981E+00 0.15970230313775630301778354488389E+01
-0.31463830448031235679595196052288E+00 0.15902867996527039488755218505373E+01
-0.31315168779947663033188274029760E+00 0.15834946715162789019979364138299E+01
-0.31165255215376741157075472961680E+00 0.15766468849443410356860733396158E+01
-0.31014093872163614662223460065701E+00 0.15697436798500600974538962883819E+01
-0.30861688889423380228079934131038E+00 0.15627852980747229479248740475615E+01
-0.30708044426909222935789902885990E+00 0.15557719833786449883287089405375E+01
-0.30553164664365452080022235290124E+00 0.15487039814319930151167139642293E+01
-0.30397053800864960360962268842521E+00 0.15415815398055183172969735097509E+01
-0.30239716054130632293348032446485E+00 0.15344049079611993107751179541889E+01
-0.30081155659840215474274020968644E+00 0.15271743372427937508304361638891E+01
-0.29921376870914046835717154906315E+00 0.15198900808662988996628629951143E+01
-0.29760383956785167942535406728861E+00 0.15125523939103196509541231727946E+01
-0.29598181202651217772070573475464E+00 0.15051615333063434922729913317573E+01
-0.29434772908707478070489766218025E+00 0.14977177578289214688351185692837E+01
-0.29270163389360455092138599271813E+00 0.14902213280857542856791280273087E+01
-0.29104356972421403065953205765152E+00 0.14826725065076826148263366824977E+01
-0.28937357998279004585166158880875E+00 0.14750715573385803370037546064051E+01
-0.28769170819050571505720460032835E+00 0.14674187466251505954378761665755E+01
-0.28599799797710967235672044479378E+00 0.14597143422066217319252449390361E+01
-0.28429249307198567467582375928877E+00 0.14519586137043438776430213121719E+01
-0.28257523729497310117878602277582E+00 0.14441518325112832306070773586518E+01
-0.28084627454694096953311513980064E+00 0.14362942717814139865219061580106E+01
-0.27910564880010619110898780959906E+00 0.14283862064190055271950404623175E+01
-0.27735340408808691986385245151764E+00 0.14204279130678032708785473827612E+01
-0.27558958449568111046736312992406E+00 0.14124196701001028223699929000658E+01
-0.27381423414836027668525911961412E+00 0.14043617576057137683846784912743E+01
-0.27202739720146803649343702202901E+00 0.13962544573808127128401144718465E+01
-0.27022911782911184165514301183707E+00 0.13880980529166833551608324560272E+01
-0.26841944021273738339075801810941E+00 0.13798928293883397637830872011099E+01
-0.26659840852937187322590576789049E+00 0.13716390736430351178345190098820E+01
-0.26476606693952498871858872810187E+00 0.13633370741886464468499504894095E+01
-0.26292245957473365172847454017677E+00 0.13549871211819409059094175401754E+01
-0.26106763052473582792593395795089E+00 0.13465895064167143045242832512337E+01
-0.25920162382426090722500518920019E+00 0.13381445233118027515038525468649E+01
-0.25732448343941839293981514956028E+00 0.13296524668989635490824452173136E+01
-0.25543625325367144656766624777020E+00 0.13211136338106211894413301146374E+01
-0.25353697705337674679936656324916E+00 0.13125283222674770506405208514972E+01
-0.25162669851287372034330710973501E+00 0.13038968320659770244053586497766E+01
-0.24970546117910451806651181189906E+00 0.12952194645656346034667974750367E+01
-0.24777330845574486485144537998545E+00 0.12864965226762054765816535012108E+01
-0.24583028358682537460804092014330E+00 0.12777283108447081584890855223044E+01
-0.24387642963982221406603125110829E+00 0.12689151350422877966944434403881E+01
-0.24191178948819416378480070514900E+00 0.12600573027509161155522054382170E+01
-0.23993640579334193317288728582194E+00 0.12511551229499249628793400391891E+01
-0.23795032098596527884331131476459E+00 0.12422089061023656470774815912381E+01
-0.23595357724679138631721596879911E+00 0.12332189641411895959687766572568E+01
-0.23394621648664686209080118465929E+00 0.12241856104552435679463941461494E+01
-0.23192828032584344966572736525832E+00 0.12151091598750731636495118121859E+01
-0.22989981007284792501197170195404E+00 0.12059899286585274416725983546764E+01
-0.22786084670220297426290996142944E+00 0.11968282344761573095365346204349E+01
-0.22581143083166476655042176869535E+00 0.11876243963963992571485783810545E+01
-0.22375160269852170156170008932147E+00 0.11783787348705370734730205384300E+01
-0.22168140213505630681581083156253E+00 0.11690915717174311428479627017220E+01
-0.21960086854310957078217700934351E+00 0.11597632301080068214506757570199E+01
-0.21751004086770610248448888367217E+00 0.11503940345494914509406440652765E+01
-0.21540895756969502564489881089815E+00 0.11409843108693883399418840704714E+01
-0.21329765659735943419210105172537E+00 0.11315343861991774203495633126422E+01
-0.21117617535694417880736302095105E+00 0.11220445889577291256407920314575E+01
-0.20904455068204987853350494233861E+00 0.11125152488344180556928504174064E+01
-0.20690281880183662139135975499158E+00 0.11029466967719241853934388243698E+01
-0.20475101530797777402744998890782E+00 0.10933392649487035865523355003524E+01
-0.20258917512030330764629614134325E+00 0.10836932867611153561439461768613E+01
-0.20041733245106286501326371523090E+00 0.10740090968051855461996691752908E+01
-0.19823552076774148664360980544836E+00 0.10642870308579904361401996715011E+01
-0.19604377275435197099038915490376E+00 0.10545274258586401722840734759154E+01
-0.19384212027112401136037213948907E+00 0.10447306198888391678816171783772E+01
-0.19163059431250743365343672203068E+00 0.10348969521530043497755268975708E+01
-0.18940922496339930862515948521214E+00 0.10250267629579136051730499210762E+01
-0.18717804135350045707872117682857E+00 0.10151203936918598776368382256208E+01
-0.18493707160970113500553070144173E+00 0.10051781868032841935374870230654E+01
-0.18268634280638660839998380161455E+00 0.99520048577885485994042523070720E+00
-0.18042588091355157874654982801776E+00 0.98518763512096400145863853672270E+00
-0.17815571074259863581438337764255E+00 0.97513998032460454458356585865861E+00
-0.17587585588969348033137159175799E+00 0.96505786785359130487369711138359E+00
-0.17358633867653815477625464236991E+00 0.95494164511608742045410539950304E+00
-0.17128718008841460974932234588482E+00 0.94479166043939095921811114890997E+00
-0.16897839970934155996258168743015E+00 0.93460826304393814796105622804980E+00
-0.16666001565417736689162360526751E+00 0.92439180301647143686782241651026E+00
-0.16433204449748836405716089520983E+00 0.91414263128231956853631526722473E+00
-0.16199450119899153402640804379850E+00 0.90386109957673247014842441201368E+00
-0.15964739902536620676686298064403E+00 0.89354756041520678858557327288075E+00
-0.15729074946821440699454038428196E+00 0.88320236706273672426496264867293E+00
-0.15492456215793480601233247012306E+00 0.87282587350191554855540650586693E+00
-0.15254884477325724439910218067973E+00 0.86241843439980990438973721523441E+00
-0.15016360294616762022549317246253E+00 0.85198040507352124445613180739697E+00
-0.14776884016193099008030353006124E+00 0.84151214145434193742163224283366E+00
-0.14536455765390134961739038172090E+00 0.83101400005040575595550787509723E+00
-0.14295075429278186269306860428225E+00 0.82048633790772437274794103485151E+00
-0.14052742646997279918564864622533E+00 0.80992951256949107717968656956652E+00
-0.13809456797461881316514577543450E+00 0.79934388203352442864993610529065E+00
-0.13565216986393501119457604779001E+00 0.78872980470771104933381202553860E+00
-0.13320022032635959339864237055594E+00 0.77808763936329708418006784446032E+00
-0.13073870453704331269487603927461E+00 0.76741774508586175228822399512878E+00
-0.12826760450514795178695909074334E+00 0.75672048122379315585474561404044E+00
-0.12578689891238349239460156690610E+00 0.74599620733406916419916342199846E+00
-0.12329656294216369215432373783790E+00 0.73524528312512894117207056490553E+00
-0.12079656809871268529641855866569E+00 0.72446806839659858201609898365442E+00
-0.11828688201539469578464770224725E+00 0.71366492297561576064838935432293E+00
-0.11576746825147861454021295431402E+00 0.70283620664946801692713959491275E+00
-0.11323828607648350001872213335828E+00 0.69198227909423962612476947298356E+00
-0.11069929024116879839757629023137E+00 0.68110349979912326732799549557181E+00
-0.10815043073416195461952668710586E+00 0.67020022798602632943136491209680E+00
-0.10559165252311215195093282805455E+00 0.65927282252406030984236180372322E+00
-0.10302289527916931046537444197610E+00 0.64832164183845988426050731818650E+00
-0.10044409308346994587672009151911E+00 0.63734704381343468371220770170925E+00
-0.97855174114190678302682188293853E-01 0.62634938568840149489587160607040E+00
-0.95256060312594885079124512144433E-01 0.61532902394698863674029050476681E+00
-0.92646667026343518074550928960150E-01 0.60428631419813849723602573139987E+00
-0.90026902628177346326449893034221E-01 0.59322161104856049118534100554835E+00
-0.87396668107887396023973222116553E-01 0.58213526796570617710022221508006E+00
-0.84755856635283235078532946830264E-01 0.57102763713034398596440392836292E+00
-0.82104353091636326579562898472510E-01 0.55989906927770932482043815285806E+00
-0.79442033566813696098519990680534E-01 0.54874991352608501981220302364111E+00
-0.76768764819029082754068761694323E-01 0.53758051719153781439151732171577E+00
-0.74084403693807062440904135383706E-01 0.52639122558738345219936394860886E+00
-0.71388796498392861197225490419778E-01 0.51518238180678304991178436546652E+00
-0.68681778327423563568267149318289E-01 0.50395432648667894253919519050711E+00
-0.65963172335212838646339610497537E-01 0.49270739755105717744331024216370E+00
-0.63232788949471633330025566001713E-01 0.48144192993127138904226875544536E+00
-0.60490425020692891265976160118651E-01 0.47015825526087319703528741644271E+00
-0.57735862900750731155133554716925E-01 0.45885670154206355176534630542254E+00
-0.54968869443495935904999028437150E-01 0.44753759278050038944248793445230E+00
-0.52189194919252029033906989604412E-01 0.43620124858475786109200583453342E+00
-0.49396571834118454745242426078839E-01 0.42484798372622955693507092933201E+00
-0.46590713643840225313306572895173E-01 0.41347810765468316268031070723329E+00
-0.43771313350691562630552647850180E-01 0.40209192396399615045393870560967E+00
-0.40938041970312007788445767886534E-01 0.39068972980181584425269644553205E+00
-0.38090546853691296218264842214688E-01 0.37927181521596903722331952523984E+00
-0.35228449847488502012857929066458E-01 0.36783846242937308334006363856668E+00
-0.32351345273539070066922132047214E-01 0.35638994503394453877252960030364E+00
-0.29458797705690529691267308530520E-01 0.34492652709252194977467814094223E+00
-0.26550339518948152152575801027645E-01 0.33344846213607629868577933321121E+00
-0.23625468182213076487358471180315E-01 0.32195599204142024742299843647290E+00
-0.20683643261556231267098908267461E-01 0.31044934577217800197659893141027E+00
-0.17724283095860968961399461947535E-01 0.29892873796286001871594510470073E+00
-0.14746761100629041161826328750759E-01 0.28739436732239592151008012924890E+00
-0.11750401648582647062319673907530E-01 0.27584641482929376730823111475638E+00
-0.87344754671614102117602340725663E-02 0.26428504168554113109205194200107E+00
-0.56981944828178907017213967196486E-02 0.25271038699025453293595723165190E+00
-0.26407060297618466007623222420298E-02 0.24112256508665384229669962615583E+00
0.43891367397196229841652831166666E-03 0.22952166252686101584250961488203E+00
0.35416668981708952238964543661453E-02 0.21790773458788437322708562377303E+00
0.66686427566683779001572017087189E-02 0.20628080125840212241389946213081E+00
0.98210267117332806910363009717618E-02 0.19464084259890785610041223995818E+00
0.13000111423133974198881061229305E-01 0.18298779335650395078766762786453E+00
0.16207309179175894366313955286185E-01 0.17132153668891663438851669164462E+00
0.19444166197867706579540890230923E-01 0.15964189681856236215929010601548E+00
0.22712379150217932951110990774170E-01 0.14794863039455927095379002834533E+00
0.26013814338375764258504215064894E-01 0.13624141628556266908282108471655E+00
0.29350530064164942500990925262061E-01 0.12451984345525172136467121736994E+00
0.32724802855644626260784424641558E-01 0.11278339647976872987384217898480E+00
0.36139158390479785880704154366318E-01 0.10103143814484920391990748110245E+00
0.39596408178788979399285742254963E-01 0.89263188399132615204459876638633E-01
0.43099693363984865973650412563350E-01 0.77477698724052532219458185702448E-01
0.46652537395428958351299075146002E-01 0.65673820687882612082919353399204E-01
0.50258909861291635610530057333987E-01 0.53850167049941162936359340882725E-01
0.53923304502480354314099420589024E-01 0.42005063223017180149824967755308E-01
0.57650835446783179417614713982034E-01 0.30136486115855322715832848867819E-01
0.61447357141012149804650044838294E-01 0.18241986252418186736135346928863E-01
0.65319615528926909240215979299262E-01 0.63185874273838844599097173728968E-02
0.69275441065431002959634735987781E-01 -0.56373442684745717987641282116605E-02
0.73323998750899097549611042411612E-01 -0.17630273881310144989821554933658E-01
0.77476117576014963315639598235505E-01 -0.29665730934750687227146309231190E-01
0.81744733956062285148060221428920E-01 -0.41750628766867308406482445087717E-01
0.86145509791583378809468113917477E-01 -0.53893707746228384185922654475451E-01
0.90697882452389699872528991101311E-01 -0.66106101791391252634792935067923E-01
0.96392711787378354057877574700866E-01 -0.80874324900954046722861213723071E-01
0.10239573814433524991930151106287E+00 -0.95798573828099108286672377595004E-01
0.10878061209066136041651353105081E+00 -0.11093134144207010430311631213361E+00
0.11565830013146693039972635676160E+00 -0.12635298321914768298140777525550E+00
0.12320141304793293245429566083238E+00 -0.14219939047609072570073655313843E+00
0.13124394815930421500184145818449E+00 -0.15784592734174118953681135348142E+00
0.13947385052121860470972615114154E+00 -0.17251585079273871979947643115270E+00
0.14792164286266571043452873511702E+00 -0.18619544853585098699801589118673E+00
0.15653033256679766708721785463676E+00 -0.19894126554662004400435218711290E+00
0.16572949300089494814599424434253E+00 -0.21047038649355956010011498871650E+00
0.16101521479313977906454983257475E+00 -0.22443046091747796202893418063550E+00
0.15703133294505343015780740573682E+00 -0.23924322190024934241703396518371E+00
0.15362914921511793647789073049588E+00 -0.25488737040491651808198188072736E+00
0.15079488160679114906691785224094E+00 -0.27136552711444661710521510242763E+00
0.14847363137575091153447364464945E+00 -0.28866420110549316915946308225156E+00
0.14670294917683391160643010923843E+00 -0.30595069382874733865990486620854E+00
0.14542456473411561640380064795521E+00 -0.32258766930305074260708289393602E+00
0.14451764970822176577956113304279E+00 -0.33876118150801672215064769401132E+00
0.14390397374851767678203273498142E+00 -0.35458447522895416153878950511647E+00
0.14352872814550296252853467276608E+00 -0.37013189488362516281836024627014E+00
0.14337032356117451050941970327667E+00 -0.38291499286260269895945971026591E+00
0.14333057903626707253117821178230E+00 -0.39556447682764052910708462398184E+00
0.14339654608494873066254295996166E+00 -0.40809747333438605563375489153836E+00
0.14355574423591731643238351474732E+00 -0.42052755294600139005990640832026E+00
0.14379830360417605739695215949441E+00 -0.43286564109513931853083829045666E+00
0.14411567024421876897333544050606E+00 -0.44512064757758479237385280466713E+00
0.14450058550838894591892023002542E+00 -0.45729991450775720155034950591177E+00
0.14494675928343916347657782740109E+00 -0.46940954930431434463987425443168E+00
0.14544872193369712734667855393207E+00 -0.48145467198514935663046448179064E+00
0.14600167493829608426442448574410E+00 -0.49343960421654796330807151926297E+00
0.14660138413171052924840579274287E+00 -0.50536801494156660776973942696306E+00
0.14724409065190314595658024897064E+00 -0.51724303443596928479243131165316E+00
0.14792644019033862272968932144548E+00 -0.52906734453270766053492395564580E+00
0.14864542484574741714639140863207E+00 -0.54084325081256977862149849831090E+00
0.14939833537470980074871223242467E+00 -0.55257274090308221302662395306089E+00
0.15018272150650078907588092958093E+00 -0.56425753198244438755642007298096E+00
0.15099635876478868301351633480066E+00 -0.57589910979816815225491437932747E+00
0.15183722052208504992826638859224E+00 -0.58749876095604096679993737115805E+00
0.15270345431827444361799852776828E+00 -0.59905759982385353433587832000428E+00
0.15359336167327244053651181209694E+00 -0.61057659109133342167845119977056E+00
0.15450538078540381387464630196090E+00 -0.62205656879991453867421070772919E+00
0.15543807162784948736824671700190E+00 -0.63349825248363536975783295708064E+00
0.15639010305031298845746180913696E+00 -0.64490226093058798923120943227722E+00
0.15736024156685969679315295733278E+00 -0.65626912397261851006012136948455E+00
0.15834734156921279036118395388587E+00 -0.66759929263182676530480732561494E+00
0.15935033675110121122914790378850E+00 -0.67889314789036014396560149763437E+00
0.16036823256632601727499273294261E+00 -0.69015100830097809751371779006964E+00
0.16140009957307033254560558797490E+00 -0.70137313661689165756826706780442E+00
0.16244506754117795426906086094705E+00 -0.71255974558817951893395516005213E+00
0.16350232021885373218980182396205E+00 -0.72371100304696694265695183203009E+00
0.16457109067141373801747678407090E+00 -0.73482703638320343373899905585787E+00
0.16565065711803825844848850466598E+00 -0.74590793649631085688891019454585E+00
0.16674033920351738922460797850729E+00 -0.75695376129441049091095831326649E+00
0.16783949465116024660800113622015E+00 -0.76796453880168337288411434084795E+00
0.16894751625071166945281914245349E+00 -0.77894026992520288612406059169204E+00
0.17006382914156029060709927912087E+00 -0.78988093092492421231163834509341E+00
0.17118788835694573692672387875046E+00 -0.80078647562414078111151713432578E+00
0.17231917659946497108820510238252E+00 -0.81165683739237893619309279219075E+00
0.17345720222207010091116600820751E+00 -0.82249193092821693751278635579750E+00
0.17460149739207208470320466273930E+00 -0.83329165386573893191930037684939E+00
0.17575161641850147162494112622146E+00 -0.84405588822512404904363737752555E+00
0.17690713422560716388444839828965E+00 -0.85478450172516796000884782871414E+00
0.17806764495737227149398242164970E+00 -0.86547734897320728808136641783174E+00
0.17923276069972469920181730463178E+00 -0.87613427254594809880398602183227E+00
0.18040211030868890334981735145867E+00 -0.88675510397300272913160088350852E+00
0.18157533833407353083367529393092E+00 -0.89733966463348034867637881581775E+00
0.18275210402947329195875243886502E+00 -0.90788776657472565960065760109697E+00
0.18393208044038802968549442004534E+00 -0.91839921326121143580370448746971E+00
0.18511495356316039637242115168415E+00 -0.92887380026065229852031324207529E+00
0.18630042156822138459799416227101E+00 -0.93931131587359195299694002695713E+00
0.18748819408182303937461709243820E+00 -0.94971154171200260232720478741660E+00
0.18867799152104600561791780670410E+00 -0.96007425323181782289077977175083E+00
0.18986954447740571760427657319414E+00 -0.97039922022377599022207408756912E+00
0.19106259314485405677206219024587E+00 -0.98068620726647652544280491074832E+00
0.19225688678839555601794521027025E+00 -0.99093497414513488482166758000523E+00
0.19345218324990447162531291216036E+00 -0.10011452762391519210615200330148E+01
0.19464824848806483312561431453468E+00 -0.10113168648812922507223766647250E+01
0.19584485614964709775862113851193E+00 -0.10214494876909783486539112797340E+01
0.19704178716959797336322262538761E+00 -0.10315428888839540172657544359187E+01
0.19823882939765490680148420333150E+00 -0.10415968095603466539410467080505E+01
0.19943577724940703952476358024659E+00 -0.10516109879729572540172953093773E+01
0.20063243137991176845936054542971E+00 -0.10615851597774311501337719802963E+01
0.20182859837814480186795101262959E+00 -0.10715190582658024576853290942020E+01
0.20302409048071441662357654186032E+00 -0.10814124145847652239126114072734E+01
0.20421872530340613029022319797123E+00 -0.10912649579398982940533719031409E+01
0.20541232558924755595194774461684E+00 -0.11010764157869559496886575103563E+01
0.20660471897189450729028366371333E+00 -0.11108465140112379113985118280076E+01
0.20779573775324021869035345524746E+00 -0.11205749770959594737900457789647E+01
0.20898521869423921478384518762119E+00 -0.11302615282804594276185397809656E+01
0.21017300281802135345858917574660E+00 -0.11399058897090149610690165689227E+01
0.21135893522444606167883845555003E+00 -0.11495077825709588878123551862334E+01
0.21254286491531254990928244803807E+00 -0.11590669272327417176516639919150E+01
0.21372464462950800562610713345327E+00 -0.11685830433625221632880560683921E+01
0.21490413068742757564136265840849E+00 -0.11780558500478224738385095709241E+01
0.21608118284405294708427057009844E+00 -0.11874850659067413169312664466930E+01
0.21725566415012490684142086028541E+00 -0.11968704091931742535810080015770E+01
0.21842744082088411469337945172626E+00 -0.12062115978964578821196594449731E+01
0.21959638211189828351902378685225E+00 -0.12155083498358200507526028157019E+01
0.22076236020152458275731348226815E+00 -0.12247603827499847145845676898427E+01
0.22192525007959297990763418576414E+00 -0.12339674143822594752327829522058E+01
0.22308492944192489557987955100473E+00 -0.12431291625614005217125172879565E+01
0.22424127859032765440377404789263E+00 -0.12522453452785338903737650969586E+01
0.22539418033773345669360170433125E+00 -0.12613156807603865955050587194977E+01
0.22654351991817258940531764756835E+00 -0.12703398875390626142893905430634E+01
0.22768918490129333841024205124934E+00 -0.12793176845185837702251068191856E+01
0.22883106511115997270685977485608E+00 -0.12882487910383956613261937542335E+01
0.22996905254907961716188342933636E+00 -0.12971329269340272892981991733665E+01
0.23110304132022391628428174300216E+00 -0.13059698125950775483794624084899E+01
0.23223292756382882905933904539262E+00 -0.13147591690206890547941802116818E+01
0.23335860938676982350011184519247E+00 -0.13235007178726619428343761173936E+01
0.23447998680032028847031738255749E+00 -0.13321941815263427127156749558900E+01
0.23559696165991948954107288074939E+00 -0.13408392831194221219175514651868E+01
0.23670943760777957928498596253267E+00 -0.13494357465987596665877089200584E+01
0.23781732001818011659547957234269E+00 -0.13579832967653483972442353469313E+01
0.23892051594530135956362368057337E+00 -0.13664816593175250009696598938614E+01
0.24001893407346140480347019151738E+00 -0.13749305608925222784789078088176E+01
0.24111248466962887587274186709198E+00 -0.13833297291064557143637872416604E+01
0.24220107953808970016235908341319E+00 -0.13916788925928294277653963330454E+01
0.24328463197715652805774406910687E+00 -0.13999777810396405402546822358152E+01
0.24436305673781387222856183894476E+00 -0.14082261252251576919186497399220E+01
0.24543626998419927404235421016582E+00 -0.14164236570524419201832304782516E+01
0.24650418925582653849651081432421E+00 -0.14245701095826763059579038317734E+01
0.24756673343146274243354272199161E+00 -0.14326652170673650758713253915885E+01
0.24862382269457650611563491309295E+00 -0.14407087149794592702857488567408E+01
0.24967537850027766120836206523365E+00 -0.14487003400434632940702819711189E+01
0.25072132354367591236413247207879E+00 -0.14566398302645721633280923303564E+01
0.25176158172958811536913052359826E+00 -0.14645269249568866383621733467364E+01
0.25279607814352806321211195437225E+00 -0.14723613647707523859191520262776E+01
0.25382473902391813859723563993288E+00 -0.14801428917192614249751816269122E+01
0.25484749173546185170451189329574E+00 -0.14878712492039597946807113457267E+01
0.25586426474362492256644576183954E+00 -0.14955461820397939254588336548085E+01
0.25687498759016940048299869988942E+00 -0.15031674364793334032934428388476E+01
0.25787959086969362566974981297761E+00 -0.15107347602363018917613484580175E+01
0.25887800620713022766747539303866E+00 -0.15182479025084465616502708823756E+01
0.25987016623615777254579261542139E+00 -0.15257066139997763013870993921697E+01
0.26085600457848442557730562914230E+00 -0.15331106469421944123947466459744E+01
0.26183545582396353651224854925584E+00 -0.15404597551165532832805450632108E+01
0.26280845551150351304426385322480E+00 -0.15477536938731547056401000484939E+01
0.26377494011073617852750383833252E+00 -0.15549922201517179680432490142664E+01
0.26473484700441037336168717145293E+00 -0.15621750925008396514053036678537E+01
0.26568811447147700054844207274054E+00 -0.15693020710969626985594666623464E+01
0.26663468167083698709405618054627E+00 -0.15763729177628772401894258446004E+01
0.26757448862572179585947299176019E+00 -0.15833873959857691934519558592841E+01
0.26850747620867894866749879180888E+00 -0.15903452709348347698148035998194E+01
0.26943358612713746276544247665811E+00 -0.15972463094784777510505221666348E+01
0.27035276090952664187601651331703E+00 -0.16040902802011043268940576726701E+01
0.27126494389192658166057802773426E+00 -0.16108769534195305840406413343573E+01
0.27217007920522591888975075601947E+00 -0.16176061011990167796880392681694E+01
0.27306811176276618246864902361027E+00 -0.16242774973689405813821417800843E+01
0.27395898724845323159233678348603E+00 -0.16308909175381236767743694215169E+01
0.27484265210531438898249983210648E+00 -0.16374461391098211611643430582964E+01
0.27571905352448470713741787974776E+00 -0.16439429412963871491590627983707E+01
0.27658813943460355472200436890414E+00 -0.16503811051336261836759332346371E+01
0.27744985849160490121657560048816E+00 -0.16567604134948403530536862780425E+01
0.27830416006888561777932040108573E+00 -0.16630806511045826547141676047439E+01
0.27915099424783617106824665406283E+00 -0.16693416045521248664707438913392E+01
0.27999031180871919653102405864239E+00 -0.16755430623046489339551895116609E+01
0.28082206422188199771562078703028E+00 -0.16816848147201703642260261983640E+01
0.28164620363928989170137840228275E+00 -0.16877666540602008395038399033945E+01
0.28246268288636730487237137620931E+00 -0.16937883745021581095397259826334E+01
0.28327145545413470298703042453084E+00 -0.16997497721515298477120487418877E+01
0.28407247549162997808254828281189E+00 -0.17056506450537983677916016454759E+01
0.28486569779860289758350709666144E+00 -0.17114907932061325622669258254977E+01
0.28565107781847189511167695332285E+00 -0.17172700185688529169243902489256E+01
0.28642857163153355065879108189082E+00 -0.17229881250766762057411681544878E+01
0.28719813594841498054055707458903E+00 -0.17286449186497442231259790685817E+01
0.28795972810375907813008849262945E+00 -0.17342402072044426897390370022897E+01
0.28871330605013507766853392642759E+00 -0.17397738006640150582578920273698E+01
0.28945882835216475091982110634993E+00 -0.17452455109689758179987608501766E+01
0.29019625418085682965306453281858E+00 -0.17506551520873283719663092327992E+01
0.29092554330814142935408203052755E+00 -0.17560025400245910333909431658338E+01
0.29164665610159734380969475382205E+00 -0.17612874928336359131473456852606E+01
0.29235955351936499830348254344139E+00 -0.17665098306243446340288623952923E+01
0.29306419710523783783775338000152E+00 -0.17716693755730838869793944326523E+01
0.29376054898392612210978494871371E+00 -0.17767659519320056197536606126492E+01
0.29444857185648663820193696158503E+00 -0.17817993860381741312800896616833E+01
0.29512822899591184766572165899027E+00 -0.17867695063225237523602166682126E+01
0.29579948424287377062103172432673E+00 -0.17916761433186510990751392345219E+01
0.29646230200161540639549017643669E+00 -0.17965191296714426643113055251871E+01
0.29711664723598641287772226710500E+00 -0.18012983001455435221026024268892E+01
0.29776248546561568970375425558702E+00 -0.18060134916336671535167339655441E+01
0.29839978276221794977419474548874E+00 -0.18106645431647506839170363146744E+01
0.29902850574602835672205482884410E+00 -0.18152512959119574299043701328003E+01
0.29964862158236091458472172831674E+00 -0.18197735932005290138516665973415E+01
0.30026009797828672541469944033453E+00 -0.18242312805154896931482912079607E+01
0.30086290317942722170358149513836E+00 -0.18286242055092044683144885583251E+01
0.30145700596685905940250207681981E+00 -0.18329522180087936194846851726702E+01
0.30204237565412633396446651404770E+00 -0.18372151700234054596312511065012E+01
0.30261898208435663369262092357752E+00 -0.18414129157513488788131873154577E+01
0.30318679562747730214091266879249E+00 -0.18455453115870880282493133466850E+01
0.30374578717752843964558132429216E+00 -0.18496122161281001753456242859671E+01
0.30429592815006966400259801522033E+00 -0.18536134901815993184114973731445E+01
0.30483719047967685410577813869754E+00 -0.18575489967711260233172256636482E+01
0.30536954661752648336788721189324E+00 -0.18614186011430059841708970557525E+01
0.30589296952906430028233334454742E+00 -0.18652221707726779533706935967111E+01
0.30640743269175554024792886445556E+00 -0.18689595753708931479025813115225E+01
0.30691291009291401259744385598235E+00 -0.18726306868897868118791189357485E+01
0.30740937622760746892369493541803E+00 -0.18762353795288235329734637990430E+01
0.30789680609663683311901190672262E+00 -0.18797735297406174947543257646561E+01
0.30837517520458675803375679507011E+00 -0.18832450162366287662403973649604E+01
0.30884445955794511995574668713105E+00 -0.18866497199927366828841961901711E+01
0.30930463566328966426866685006444E+00 -0.18899875242546914698358152960897E+01
0.30975568052553900551727541623037E+00 -0.18932583145434451462475909409887E+01
0.31019757164626651799492694935552E+00 -0.18964619786603624669957158688134E+01
0.31063028702207484771729499242432E+00 -0.18995984066923130509104844851381E+01
0.31105380514302906176215330002493E+00 -0.19026674910166455559945031975205E+01
0.31146810499114692802599777276317E+00 -0.19056691263060445203613682232116E+01
0.31187316603894428249435913813171E+00 -0.19086032095332710405877248368004E+01
0.31226896824803383531917937377498E+00 -0.19114696399757877116980763756807E+01
0.31265549206777594977222684421340E+00 -0.19142683192202687939416898114375E+01
0.31303271843397969623490099224744E+00 -0.19169991511669962366925274349181E+01
0.31340062876765266239449249178947E+00 -0.19196620420341422450962375192793E+01
0.31375920497379813124451576626389E+00 -0.19222569003619390132167355112666E+01
0.31410842944025830802236091814388E+00 -0.19247836370167361823180162821945E+01
0.31444828503660220320055135452691E+00 -0.19272421651949469317521409896567E+01
0.31477875511305670508769718828004E+00 -0.19296324004268827208860359256347E+01
0.31509982349948005867508836132750E+00 -0.19319542605804777391572072421032E+01
0.31541147450437614302740557108193E+00 -0.19342076658649032814699578959698E+01
0.31571369291394865556008858141697E+00 -0.19363925388340726019772326239846E+01
0.31600646399119407896202210323290E+00 -0.19385088043900368092052830930831E+01
0.31628977347503233206705326781060E+00 -0.19405563897862720794811535420620E+01
0.31656360757947423314343155089058E+00 -0.19425352246308587691992026019951E+01
0.31682795299282470427704325011559E+00 -0.19444452408895527617162998771990E+01
0.31708279687692087373211301816845E+00 -0.19462863728887493623554808900518E+01
0.31732812686640429407130088150615E+00 -0.19480585573183403302531291971722E+01
0.31756393106802618871562267854003E+00 -0.19497617332344641007140408699327E+01
0.31779019805998530337674982831310E+00 -0.19513958420621497554012436446873E+01
0.31800691689129730000978187066761E+00 -0.19529608275978550005685703610050E+01
0.31821407708119511127871371802077E+00 -0.19544566360118983300817117174810E+01
0.31841166861855965131586641346325E+00 -0.19558832158507858588803248092873E+01
0.31859968196138003903057817328136E+00 -0.19572405180394329088661008931031E+01
0.31877810803624294350179047171071E+00 -0.19585284958832807208495678777517E+01
0.31894693823785029342519393390453E+00 -0.19597471050703084556169921534873E+01
0.31910616442856494163557280426331E+00 -0.19608963036729407509277227753482E+01
0.31925577893798366477630230470666E+00 -0.19619760521498510365518801703468E+01
0.31939577456253707446223971997819E+00 -0.19629863133476607696545588644358E+01
0.31952614456511594421948052770447E+00 -0.19639270525025348194463759478777E+01
0.31964688267472339593856473904031E+00 -0.19647982372416731962343470445812E+01
0.31975798308615186177214394711101E+00 -0.19655998375846993116128673483611E+01
0.31985944045966906030008116011927E+00 -0.19663318259449471372168671205219E+01
0.31992171903925884149513582565209E+00 -0.19667811323223518874692422620450E+01
0.31997970831859714608768335757204E+00 -0.19671994819224420625485905382513E+01
0.32003340706021566329290128998335E+00 -0.19675868683459261925250218524390E+01
0.32008281411819556222597634905485E+00 -0.19679432856670778156367838741238E+01
0.32012792843844758181888504286771E+00 -0.19682687284338057227854999903248E+01
0.32017089758865284566341139582812E+00 -0.19685786901278953759700593613095E+01
0.32021386979327615398102191851923E+00 -0.19688886676293927775858975925556E+01
0.32025684505218419389125577989896E+00 -0.19691986609388977404069771552082E+01
0.32029982336524185641113247551346E+00 -0.19695086700570102988237473008828E+01
0.32034280473231605301538430970129E+00 -0.19698186949843301829714722535086E+01
0.32029982336524185641113247551346E+00 -0.19695086700570102988237473008828E+01
0.32025684505218419389125577989896E+00 -0.19691986609388977404069771552082E+01
0.32021386979327615398102191851923E+00 -0.19688886676293927775858975925556E+01
0.32017089758865284566341139582812E+00 -0.19685786901278953759700593613095E+01
0.32012792843844758181888504286771E+00 -0.19682687284338057227854999903248E+01
0.32008281411819556222597634905485E+00 -0.19679432856670778156367838741238E+01
0.32003340706021566329290128998335E+00 -0.19675868683459261925250218524390E+01
0.31997970831859714608768335757204E+00 -0.19671994819224420625485905382513E+01
0.31992171903925884149513582565209E+00 -0.19667811323223518874692422620450E+01
0.31985944045966906030008116011927E+00 -0.19663318259449471372168671205219E+01
0.31975798308615186177214394711101E+00 -0.19655998375846993116128673483611E+01
0.31964688267472339593856473904031E+00 -0.19647982372416731962343470445812E+01
0.31952614456511594421948052770447E+00 -0.19639270525025348194463759478777E+01
0.31939577456253707446223971997819E+00 -0.19629863133476607696545588644358E+01
0.31925577893798366477630230470666E+00 -0.19619760521498510365518801703468E+01
0.31910616442856494163557280426331E+00 -0.19608963036729407509277227753482E+01
0.31894693823785029342519393390453E+00 -0.19597471050703084556169921534873E+01
0.31877810803624294350179047171071E+00 -0.19585284958832807208495678777517E+01
0.31859968196138003903057817328136E+00 -0.19572405180394329088661008931031E+01
0.31841166861855965131586641346325E+00 -0.19558832158507858588803248092873E+01
0.31821407708119511127871371802077E+00 -0.19544566360118983300817117174810E+01
0.31800691689129730000978187066761E+00 -0.19529608275978550005685703610050E+01
0.31779019805998530337674982831310E+00 -0.19513958420621497554012436446873E+01
0.31756393106802618871562267854003E+00 -0.19497617332344641007140408699327E+01
0.31732812686640429407130088150615E+00 -0.19480585573183403302531291971722E+01
0.31708279687692087373211301816845E+00 -0.19462863728887493623554808900518E+01
0.31682795299282470427704325011559E+00 -0.19444452408895527617162998771990E+01
0.31656360757947423314343155089058E+00 -0.19425352246308587691992026019951E+01
0.31628977347503233206705326781060E+00 -0.19405563897862720794811535420620E+01
0.31600646399119407896202210323290E+00 -0.19385088043900368092052830930831E+01
0.31571369291394865556008858141697E+00 -0.19363925388340726019772326239846E+01
0.31541147450437614302740557108193E+00 -0.19342076658649032814699578959698E+01
0.31509982349948005867508836132750E+00 -0.19319542605804777391572072421032E+01
0.31477875511305670508769718828004E+00 -0.19296324004268827208860359256347E+01
0.31444828503660220320055135452691E+00 -0.19272421651949469317521409896567E+01
0.31410842944025830802236091814388E+00 -0.19247836370167361823180162821945E+01
0.31375920497379813124451576626389E+00 -0.19222569003619390132167355112666E+01
0.31340062876765266239449249178947E+00 -0.19196620420341422450962375192793E+01
0.31303271843397969623490099224744E+00 -0.19169991511669962366925274349181E+01
0.31265549206777594977222684421340E+00 -0.19142683192202687939416898114375E+01
0.31226896824803383531917937377498E+00 -0.19114696399757877116980763756807E+01
0.31187316603894428249435913813171E+00 -0.19086032095332710405877248368004E+01
0.31146810499114692802599777276317E+00 -0.19056691263060445203613682232116E+01
0.31105380514302906176215330002493E+00 -0.19026674910166455559945031975205E+01
0.31063028702207484771729499242432E+00 -0.18995984066923130509104844851381E+01
0.31019757164626651799492694935552E+00 -0.18964619786603624669957158688134E+01
0.30975568052553900551727541623037E+00 -0.18932583145434451462475909409887E+01
0.30930463566328966426866685006444E+00 -0.18899875242546914698358152960897E+01
0.30884445955794511995574668713105E+00 -0.18866497199927366828841961901711E+01
0.30837517520458675803375679507011E+00 -0.18832450162366287662403973649604E+01
0.30789680609663683311901190672262E+00 -0.18797735297406174947543257646561E+01
0.30740937622760746892369493541803E+00 -0.18762353795288235329734637990430E+01
0.30691291009291401259744385598235E+00 -0.18726306868897868118791189357485E+01
0.30640743269175554024792886445556E+00 -0.18689595753708931479025813115225E+01
0.30589296952906430028233334454742E+00 -0.18652221707726779533706935967111E+01
0.30536954661752648336788721189324E+00 -0.18614186011430059841708970557525E+01
0.30483719047967685410577813869754E+00 -0.18575489967711260233172256636482E+01
0.30429592815006966400259801522033E+00 -0.18536134901815993184114973731445E+01
0.30374578717752843964558132429216E+00 -0.18496122161281001753456242859671E+01
0.30318679562747730214091266879249E+00 -0.18455453115870880282493133466850E+01
0.30261898208435663369262092357752E+00 -0.18414129157513488788131873154577E+01
0.30204237565412633396446651404770E+00 -0.18372151700234054596312511065012E+01
0.30145700596685905940250207681981E+00 -0.18329522180087936194846851726702E+01
0.30086290317942722170358149513836E+00 -0.18286242055092044683144885583251E+01
0.30026009797828672541469944033453E+00 -0.18242312805154896931482912079607E+01
0.29964862158236091458472172831674E+00 -0.18197735932005290138516665973415E+01
0.29902850574602835672205482884410E+00 -0.18152512959119574299043701328003E+01
0.29839978276221794977419474548874E+00 -0.18106645431647506839170363146744E+01
0.29776248546561568970375425558702E+00 -0.18060134916336671535167339655441E+01
0.29711664723598641287772226710500E+00 -0.18012983001455435221026024268892E+01
0.29646230200161540639549017643669E+00 -0.17965191296714426643113055251871E+01
0.29579948424287377062103172432673E+00 -0.17916761433186510990751392345219E+01
0.29512822899591184766572165899027E+00 -0.17867695063225237523602166682126E+01
0.29444857185648663820193696158503E+00 -0.17817993860381741312800896616833E+01
0.29376054898392612210978494871371E+00 -0.17767659519320056197536606126492E+01
0.29306419710523783783775338000152E+00 -0.17716693755730838869793944326523E+01
0.29235955351936499830348254344139E+00 -0.17665098306243446340288623952923E+01
0.29164665610159734380969475382205E+00 -0.17612874928336359131473456852606E+01
0.29092554330814142935408203052755E+00 -0.17560025400245910333909431658338E+01
0.29019625418085682965306453281858E+00 -0.17506551520873283719663092327992E+01
0.28945882835216475091982110634993E+00 -0.17452455109689758179987608501766E+01
0.28871330605013507766853392642759E+00 -0.17397738006640150582578920273698E+01
0.28795972810375907813008849262945E+00 -0.17342402072044426897390370022897E+01
0.28719813594841498054055707458903E+00 -0.17286449186497442231259790685817E+01
0.28642857163153355065879108189082E+00 -0.17229881250766762057411681544878E+01
0.28565107781847189511167695332285E+00 -0.17172700185688529169243902489256E+01
0.28486569779860289758350709666144E+00 -0.17114907932061325622669258254977E+01
0.28407247549162997808254828281189E+00 -0.17056506450537983677916016454759E+01
0.28327145545413470298703042453084E+00 -0.16997497721515298477120487418877E+01
0.28246268288636730487237137620931E+00 -0.16937883745021581095397259826334E+01
0.28164620363928989170137840228275E+00 -0.16877666540602008395038399033945E+01
0.28082206422188199771562078703028E+00 -0.16816848147201703642260261983640E+01
0.27999031180871919653102405864239E+00 -0.16755430623046489339551895116609E+01
0.27915099424783617106824665406283E+00 -0.16693416045521248664707438913392E+01
0.27830416006888561777932040108573E+00 -0.16630806511045826547141676047439E+01
0.27744985849160490121657560048816E+00 -0.16567604134948403530536862780425E+01
0.27658813943460355472200436890414E+00 -0.16503811051336261836759332346371E+01
0.27571905352448470713741787974776E+00 -0.16439429412963871491590627983707E+01
0.27484265210531438898249983210648E+00 -0.16374461391098211611643430582964E+01
0.27395898724845323159233678348603E+00 -0.16308909175381236767743694215169E+01
0.27306811176276618246864902361027E+00 -0.16242774973689405813821417800843E+01
0.27217007920522591888975075601947E+00 -0.16176061011990167796880392681694E+01
0.27126494389192658166057802773426E+00 -0.16108769534195305840406413343573E+01
0.27035276090952664187601651331703E+00 -0.16040902802011043268940576726701E+01
0.26943358612713746276544247665811E+00 -0.15972463094784777510505221666348E+01
0.26850747620867894866749879180888E+00 -0.15903452709348347698148035998194E+01
0.26757448862572179585947299176019E+00 -0.15833873959857691934519558592841E+01
0.26663468167083698709405618054627E+00 -0.15763729177628772401894258446004E+01
0.26568811447147700054844207274054E+00 -0.15693020710969626985594666623464E+01
0.26473484700441037336168717145293E+00 -0.15621750925008396514053036678537E+01
0.26377494011073617852750383833252E+00 -0.15549922201517179680432490142664E+01
0.26280845551150351304426385322480E+00 -0.15477536938731547056401000484939E+01
0.26183545582396353651224854925584E+00 -0.15404597551165532832805450632108E+01
0.26085600457848442557730562914230E+00 -0.15331106469421944123947466459744E+01
0.25987016623615777254579261542139E+00 -0.15257066139997763013870993921697E+01
0.25887800620713022766747539303866E+00 -0.15182479025084465616502708823756E+01
0.25787959086969362566974981297761E+00 -0.15107347602363018917613484580175E+01
0.25687498759016940048299869988942E+00 -0.15031674364793334032934428388476E+01
0.25586426474362492256644576183954E+00 -0.14955461820397939254588336548085E+01
0.25484749173546185170451189329574E+00 -0.14878712492039597946807113457267E+01
0.25382473902391813859723563993288E+00 -0.14801428917192614249751816269122E+01
0.25279607814352806321211195437225E+00 -0.14723613647707523859191520262776E+01
0.25176158172958811536913052359826E+00 -0.14645269249568866383621733467364E+01
0.25072132354367591236413247207879E+00 -0.14566398302645721633280923303564E+01
0.24967537850027766120836206523365E+00 -0.14487003400434632940702819711189E+01
0.24862382269457650611563491309295E+00 -0.14407087149794592702857488567408E+01
0.24756673343146274243354272199161E+00 -0.14326652170673650758713253915885E+01
0.24650418925582653849651081432421E+00 -0.14245701095826763059579038317734E+01
0.24543626998419927404235421016582E+00 -0.14164236570524419201832304782516E+01
0.24436305673781387222856183894476E+00 -0.14082261252251576919186497399220E+01
0.24328463197715652805774406910687E+00 -0.13999777810396405402546822358152E+01
0.24220107953808970016235908341319E+00 -0.13916788925928294277653963330454E+01
0.24111248466962887587274186709198E+00 -0.13833297291064557143637872416604E+01
0.24001893407346140480347019151738E+00 -0.13749305608925222784789078088176E+01
0.23892051594530135956362368057337E+00 -0.13664816593175250009696598938614E+01
0.23781732001818011659547957234269E+00 -0.13579832967653483972442353469313E+01
0.23670943760777957928498596253267E+00 -0.13494357465987596665877089200584E+01
0.23559696165991948954107288074939E+00 -0.13408392831194221219175514651868E+01
0.23447998680032028847031738255749E+00 -0.13321941815263427127156749558900E+01
0.23335860938676982350011184519247E+00 -0.13235007178726619428343761173936E+01
0.23223292756382882905933904539262E+00 -0.13147591690206890547941802116818E+01
0.23110304132022391628428174300216E+00 -0.13059698125950775483794624084899E+01
0.22996905254907961716188342933636E+00 -0.12971329269340272892981991733665E+01
0.22883106511115997270685977485608E+00 -0.12882487910383956613261937542335E+01
0.22768918490129333841024205124934E+00 -0.12793176845185837702251068191856E+01
0.22654351991817258940531764756835E+00 -0.12703398875390626142893905430634E+01
0.22539418033773345669360170433125E+00 -0.12613156807603865955050587194977E+01
0.22424127859032765440377404789263E+00 -0.12522453452785338903737650969586E+01
0.22308492944192489557987955100473E+00 -0.12431291625614005217125172879565E+01
0.22192525007959297990763418576414E+00 -0.12339674143822594752327829522058E+01
0.22076236020152458275731348226815E+00 -0.12247603827499847145845676898427E+01
0.21959638211189828351902378685225E+00 -0.12155083498358200507526028157019E+01
0.21842744082088411469337945172626E+00 -0.12062115978964578821196594449731E+01
0.21725566415012490684142086028541E+00 -0.11968704091931742535810080015770E+01
0.21608118284405294708427057009844E+00 -0.11874850659067413169312664466930E+01
0.21490413068742757564136265840849E+00 -0.11780558500478224738385095709241E+01
0.21372464462950800562610713345327E+00 -0.11685830433625221632880560683921E+01
0.21254286491531254990928244803807E+00 -0.11590669272327417176516639919150E+01
0.21135893522444606167883845555003E+00 -0.11495077825709588878123551862334E+01
0.21017300281802135345858917574660E+00 -0.11399058897090149610690165689227E+01
0.20898521869423921478384518762119E+00 -0.11302615282804594276185397809656E+01
0.20779573775324021869035345524746E+00 -0.11205749770959594737900457789647E+01
0.20660471897189450729028366371333E+00 -0.11108465140112379113985118280076E+01
0.20541232558924755595194774461684E+00 -0.11010764157869559496886575103563E+01
0.20421872530340613029022319797123E+00 -0.10912649579398982940533719031409E+01
0.20302409048071441662357654186032E+00 -0.10814124145847652239126114072734E+01
0.20182859837814480186795101262959E+00 -0.10715190582658024576853290942020E+01
0.20063243137991176845936054542971E+00 -0.10615851597774311501337719802963E+01
0.19943577724940703952476358024659E+00 -0.10516109879729572540172953093773E+01
0.19823882939765490680148420333150E+00 -0.10415968095603466539410467080505E+01
0.19704178716959797336322262538761E+00 -0.10315428888839540172657544359187E+01
0.19584485614964709775862113851193E+00 -0.10214494876909783486539112797340E+01
0.19464824848806483312561431453468E+00 -0.10113168648812922507223766647250E+01
0.19345218324990447162531291216036E+00 -0.10011452762391519210615200330148E+01
0.19225688678839555601794521027025E+00 -0.99093497414513488482166758000523E+00
0.19106259314485405677206219024587E+00 -0.98068620726647652544280491074832E+00
0.18986954447740571760427657319414E+00 -0.97039922022377599022207408756912E+00
0.18867799152104600561791780670410E+00 -0.96007425323181782289077977175083E+00
0.18748819408182303937461709243820E+00 -0.94971154171200260232720478741660E+00
0.18630042156822138459799416227101E+00 -0.93931131587359195299694002695713E+00
0.18511495356316039637242115168415E+00 -0.92887380026065229852031324207529E+00
0.18393208044038802968549442004534E+00 -0.91839921326121143580370448746971E+00
0.18275210402947329195875243886502E+00 -0.90788776657472565960065760109697E+00
0.18157533833407353083367529393092E+00 -0.89733966463348034867637881581775E+00
0.18040211030868890334981735145867E+00 -0.88675510397300272913160088350852E+00
0.17923276069972469920181730463178E+00 -0.87613427254594809880398602183227E+00
0.17806764495737227149398242164970E+00 -0.86547734897320728808136641783174E+00
0.17690713422560716388444839828965E+00 -0.85478450172516796000884782871414E+00
0.17575161641850147162494112622146E+00 -0.84405588822512404904363737752555E+00
0.17460149739207208470320466273930E+00 -0.83329165386573893191930037684939E+00
0.17345720222207010091116600820751E+00 -0.82249193092821693751278635579750E+00
0.17231917659946497108820510238252E+00 -0.81165683739237893619309279219075E+00
0.17118788835694573692672387875046E+00 -0.80078647562414078111151713432578E+00
0.17006382914156029060709927912087E+00 -0.78988093092492421231163834509341E+00
0.16894751625071166945281914245349E+00 -0.77894026992520288612406059169204E+00
0.16783949465116024660800113622015E+00 -0.76796453880168337288411434084795E+00
0.16674033920351738922460797850729E+00 -0.75695376129441049091095831326649E+00
0.16565065711803825844848850466598E+00 -0.74590793649631085688891019454585E+00
0.16457109067141373801747678407090E+00 -0.73482703638320343373899905585787E+00
0.16350232021885373218980182396205E+00 -0.72371100304696694265695183203009E+00
0.16244506754117795426906086094705E+00 -0.71255974558817951893395516005213E+00
0.16140009957307033254560558797490E+00 -0.70137313661689165756826706780442E+00
0.16036823256632601727499273294261E+00 -0.69015100830097809751371779006964E+00
0.15935033675110121122914790378850E+00 -0.67889314789036014396560149763437E+00
0.15834734156921279036118395388587E+00 -0.66759929263182676530480732561494E+00
0.15736024156685969679315295733278E+00 -0.65626912397261851006012136948455E+00
0.15639010305031298845746180913696E+00 -0.64490226093058798923120943227722E+00
0.15543807162784948736824671700190E+00 -0.63349825248363536975783295708064E+00
0.15450538078540381387464630196090E+00 -0.62205656879991453867421070772919E+00
0.15359336167327244053651181209694E+00 -0.61057659109133342167845119977056E+00
0.15270345431827444361799852776828E+00 -0.59905759982385353433587832000428E+00
0.15183722052208504992826638859224E+00 -0.58749876095604096679993737115805E+00
0.15099635876478868301351633480066E+00 -0.57589910979816815225491437932747E+00
0.15018272150650078907588092958093E+00 -0.56425753198244438755642007298096E+00
0.14939833537470980074871223242467E+00 -0.55257274090308221302662395306089E+00
0.14864542484574741714639140863207E+00 -0.54084325081256977862149849831090E+00
0.14792644019033862272968932144548E+00 -0.52906734453270766053492395564580E+00
0.14724409065190314595658024897064E+00 -0.51724303443596928479243131165316E+00
0.14660138413171052924840579274287E+00 -0.50536801494156660776973942696306E+00
0.14600167493829608426442448574410E+00 -0.49343960421654796330807151926297E+00
0.14544872193369712734667855393207E+00 -0.48145467198514935663046448179064E+00
0.14494675928343916347657782740109E+00 -0.46940954930431434463987425443168E+00
0.14450058550838894591892023002542E+00 -0.45729991450775720155034950591177E+00
0.14411567024421876897333544050606E+00 -0.44512064757758479237385280466713E+00
0.14379830360417605739695215949441E+00 -0.43286564109513931853083829045666E+00
0.14355574423591731643238351474732E+00 -0.42052755294600139005990640832026E+00
0.14339654608494873066254295996166E+00 -0.40809747333438605563375489153836E+00
0.14333057903626707253117821178230E+00 -0.39556447682764052910708462398184E+00
0.14337032356117451050941970327667E+00 -0.38291499286260269895945971026591E+00
0.14352872814550296252853467276608E+00 -0.37013189488362516281836024627014E+00
0.14390397374851767678203273498142E+00 -0.35458447522895416153878950511647E+00
0.14451764970822176577956113304279E+00 -0.33876118150801672215064769401132E+00
0.14542456473411561640380064795521E+00 -0.32258766930305074260708289393602E+00
0.14670294917683391160643010923843E+00 -0.30595069382874733865990486620854E+00
0.14847363137575091153447364464945E+00 -0.28866420110549316915946308225156E+00
0.15079488160679114906691785224094E+00 -0.27136552711444661710521510242763E+00
0.15362914921511793647789073049588E+00 -0.25488737040491651808198188072736E+00
0.15703133294505343015780740573682E+00 -0.23924322190024934241703396518371E+00
0.16101521479313977906454983257475E+00 -0.22443046091747796202893418063550E+00
