0.17809435833563841317254533669661E+01 0.64542708098029533873124564524508E+00
0.17827634431332303439033121470135E+01 0.64262871431193318042952149989234E+00
0.17845196949072421157004848271403E+01 0.64001201267669165168436996960017E+00
0.17861969479793298173944922358637E+01 0.63758343028791627868586465705702E+00
0.17877819601603157910847762647086E+01 0.63534798304604777790865578064341E+00
0.17892611656413155487782669213223E+01 0.63331114882990009155055078303095E+00
0.17906289838043800810682582493886E+01 0.63146799143770190144940686534511E+00
0.17919082703001943827629652591271E+01 0.62977756646794380019203425174996E+00
0.17931193550753965782103685089456E+01 0.62820578838816156844572358078000E+00
0.17942756985561617138615046385412E+01 0.62672994112376194786459945550102E+00
0.17953867823318893805139074715225E+01 0.62533393009726739038510187179480E+00
0.17942756985561617138615046385412E+01 0.62672994112376194786459945550102E+00
0.17931193550753965782103685089456E+01 0.62820578838816156844572358078000E+00
0.17919082703001943827629652591271E+01 0.62977756646794380019203425174996E+00
0.17906289838043800810682582493886E+01 0.63146799143770190144940686534511E+00
0.17892611656413155487782669213223E+01 0.63331114882990009155055078303095E+00
0.17877819601603157910847762647086E+01 0.63534798304604777790865578064341E+00
0.17861969479793298173944922358637E+01 0.63758343028791627868586465705702E+00
0.17845196949072421157004848271403E+01 0.64001201267669165168436996960017E+00
0.17827634431332303439033121470135E+01 0.64262871431193318042952149989234E+00
0.17809435833563841317254533669661E+01 0.64542708098029533873124564524508E+00
0.17832287346690436337894692325293E+01 0.64959185906467580256278927365032E+00
0.17859168216547526685462281608096E+01 0.65362199571873907642061637568915E+00
0.17888507867568889751829870753298E+01 0.65759912929349059631497762940074E+00
0.17920316038570658863542524959902E+01 0.66150396992732073496475996884368E+00
0.17954285795505256909728316443521E+01 0.66533447239913298193413101430369E+00
0.17988462510224866987962614550434E+01 0.66892413733415385347673128943467E+00
0.18021317346778495643896267402373E+01 0.67218088130287516926608128657411E+00
0.18053042045562638869309770931082E+01 0.67517942596066174358448976212167E+00
0.18083739500977943518246147821180E+01 0.67796732772565280825370403191246E+00
0.18113474058414566063737850550914E+01 0.68057655393038417676660126454795E+00
0.18137540650135921845228020583017E+01 0.68263184291672893337913294964300E+00
0.18160978211049478098779716284822E+01 0.68458958377110753071292869613345E+00
0.18183796103988453994168506660836E+01 0.68645800414503025455890755759022E+00
0.18206001091511231587701365151396E+01 0.68824377113080482063749961263485E+00
0.18227597866330023957884614777925E+01 0.68995239355326427976740758812952E+00
0.18248589623660908100869219439912E+01 0.69158848251803088667403756448027E+00
0.18268978470508244460274517774843E+01 0.69315593992354795500319584570111E+00
0.18288765716874424404824736244865E+01 0.69465809867541633194600948870542E+00
0.18307952085392237207957711714152E+01 0.69609782906023104199530298001363E+00
0.18326537864227100582229150201150E+01 0.69747762079189721092090257061246E+00
0.18344523019979875248368681745345E+01 0.69879964721152413709143097638085E+00
0.18361907281978966355433148878752E+01 0.70006581616648708804920667549514E+00
0.18378690205830046148107526430502E+01 0.70127781079351758496767958508845E+00
0.18394871221741564537013208278089E+01 0.70243712254465009641981293357655E+00
0.18410449671551096286310146098832E+01 0.70354507817901474605869079076303E+00
0.18425424837281020139644185381402E+01 0.70460286200776818276255753447056E+00
0.18439795963286311342999304672815E+01 0.70561153436627877304676210536613E+00
0.18453562273515488141542504199775E+01 0.70657204705928185154962992656482E+00
0.18466722985017129659375854743017E+01 0.70748525635603069883263031304027E+00
0.18479277318544126380657005805579E+01 0.70835193398611896006130578596378E+00
0.18491224506898532058179127256435E+01 0.70917277649168911179128909836613E+00
0.18502563801516861881970650476864E+01 0.70994841321747521351286556373917E+00
0.18513294477654739728107269996078E+01 0.71067941316785554551721991068375E+00
0.18523415838523208327542502356187E+01 0.71136629090474913000155460040920E+00
0.18532927218435504133940574673234E+01 0.71200951165944125739906787269731E+00
0.18541827985634198972598725568617E+01 0.71260949570674342340807275610401E+00
0.18550117543527594574550528371741E+01 0.71316662230996208717268526180206E+00
0.18557795334502766953777105609426E+01 0.71368123271561448614393195014530E+00
0.18564860834815544848413822100858E+01 0.71415363399287571568344495689405E+00
0.18571313573642522563705502340400E+01 0.71458409884054345586413046020424E+00
0.18575274746808245003143080182673E+01 0.71484790063839364374198052264292E+00
0.18578963262696903012735246242663E+01 0.71509323855901399181810045788640E+00
0.18582379007801868347105859490435E+01 0.71532017265732527579952717053780E+00
0.18585521877841402862702900967762E+01 0.71552875766532524845128903920507E+00
0.18588391776692886709894794117706E+01 0.71571904333692767567415683971135E+00
0.18591125299497257060591237923687E+01 0.71590012537769307093951406466917E+00
0.18593859101310792857032431667250E+01 0.71608106932925665499445435760382E+00
0.18596593182447372558887973734812E+01 0.71626187599361611007406418531628E+00
0.18599327542263020144197376538191E+01 0.71644254630915159169459817810607E+00
0.18602062183078409037513401913995E+01 0.71662308075694080801580449914037E+00
0.18599327542263020144197376538191E+01 0.71644254630915159169459817810607E+00
0.18596593182447372558887973734812E+01 0.71626187599361611007406418531628E+00
0.18593859101310792857032431667250E+01 0.71608106932925665499445435760382E+00
0.18591125299497257060591237923687E+01 0.71590012537769307093951406466917E+00
0.18588391776692886709894794117706E+01 0.71571904333692767567415683971135E+00
0.18585521877841402862702900967762E+01 0.71552875766532524845128903920507E+00
0.18582379007801868347105859490435E+01 0.71532017265732527579952717053780E+00
0.18578963262696903012735246242663E+01 0.71509323855901399181810045788640E+00
0.18575274746808245003143080182673E+01 0.71484790063839364374198052264292E+00
0.18571313573642522563705502340400E+01 0.71458409884054345586413046020424E+00
0.18564860834815544848413822100858E+01 0.71415363399287571568344495689405E+00
0.18557795334502766953777105609426E+01 0.71368123271561448614393195014530E+00
0.18550117543527594574550528371741E+01 0.71316662230996208717268526180206E+00
0.18541827985634198972598725568617E+01 0.71260949570674342340807275610401E+00
0.18532927218435504133940574673234E+01 0.71200951165944125739906787269731E+00
0.18523415838523208327542502356187E+01 0.71136629090474913000155460040920E+00
0.18513294477654739728107269996078E+01 0.71067941316785554551721991068375E+00
0.18502563801516861881970650476864E+01 0.70994841321747521351286556373917E+00
0.18491224506898532058179127256435E+01 0.70917277649168911179128909836613E+00
0.18479277318544126380657005805579E+01 0.70835193398611896006130578596378E+00
0.18466722985017129659375854743017E+01 0.70748525635603069883263031304027E+00
0.18453562273515488141542504199775E+01 0.70657204705928185154962992656482E+00
0.18439795963286311342999304672815E+01 0.70561153436627877304676210536613E+00
0.18425424837281020139644185381402E+01 0.70460286200776818276255753447056E+00
0.18410449671551096286310146098832E+01 0.70354507817901474605869079076303E+00
0.18394871221741564537013208278089E+01 0.70243712254465009641981293357655E+00
0.18378690205830046148107526430502E+01 0.70127781079351758496767958508845E+00
0.18361907281978966355433148878752E+01 0.70006581616648708804920667549514E+00
0.18344523019979875248368681745345E+01 0.69879964721152413709143097638085E+00
0.18326537864227100582229150201150E+01 0.69747762079189721092090257061246E+00
0.18307952085392237207957711714152E+01 0.69609782906023104199530298001363E+00
0.18288765716874424404824736244865E+01 0.69465809867541633194600948870542E+00
0.18268978470508244460274517774843E+01 0.69315593992354795500319584570111E+00
0.18248589623660908100869219439912E+01 0.69158848251803088667403756448027E+00
0.18227597866330023957884614777925E+01 0.68995239355326427976740758812952E+00
0.18206001091511231587701365151396E+01 0.68824377113080482063749961263485E+00
0.18183796103988453994168506660836E+01 0.68645800414503025455890755759022E+00
0.18160978211049478098779716284822E+01 0.68458958377110753071292869613345E+00
0.18137540650135921845228020583017E+01 0.68263184291672893337913294964300E+00
0.18113474058414566063737850550914E+01 0.68057655393038417676660126454795E+00
0.18083739500977943518246147821180E+01 0.67796732772565280825370403191246E+00
0.18053042045562638869309770931082E+01 0.67517942596066174358448976212167E+00
0.18021317346778495643896267402373E+01 0.67218088130287516926608128657411E+00
0.17988462510224866987962614550434E+01 0.66892413733415385347673128943467E+00
0.17954285795505256909728316443521E+01 0.66533447239913298193413101430369E+00
0.17920316038570658863542524959902E+01 0.66150396992732073496475996884368E+00
0.17888507867568889751829870753298E+01 0.65759912929349059631497762940074E+00
0.17859168216547526685462281608096E+01 0.65362199571873907642061637568915E+00
0.17832287346690436337894692325293E+01 0.64959185906467580256278927365032E+00
0.17809435833563841317254533669661E+01 0.64542708098029533873124564524508E+00
0.17761145581330887386384600711024E+01 0.64509918392444119577761650191670E+00
0.17710153739294801315945188034016E+01 0.64449872218666369649492036758624E+00
0.17656126534961142066071391263834E+01 0.64365916828850823855890513424723E+00
0.17598814459510416791993543246343E+01 0.64257529086907416119323753150264E+00
0.17537968987366608245903929862251E+01 0.64125459582536811031703617376648E+00
0.17476309248911418768739595171859E+01 0.63977264067313571107683561996960E+00
0.17416036226017984933118537569729E+01 0.63821268286085888948013998980268E+00
0.17356483979549277324101652492465E+01 0.63658378777511627222369489823559E+00
0.17297246151444685489016515493407E+01 0.63489244406681262683581404734293E+00
0.17238055016011398906679650348341E+01 0.63314365047690210512398984091765E+00
0.17188630281169152459852834539982E+01 0.63164484209983137499009406818300E+00
0.17139027866279291646027430943195E+01 0.63011097379271968831085805545830E+00
0.17089187482199879310511850663245E+01 0.62854308746289375378908057315647E+00
0.17039059680451216576933288590619E+01 0.62694263555326474423087255077972E+00
0.16988605228891082234062077858328E+01 0.62531068531125979948063964434786E+00
0.16937792000297478153649243002127E+01 0.62364822669234944266913334282894E+00
0.16886593639490196871258347435594E+01 0.62195610697351854466834749671410E+00
0.16834988271324453371092660864375E+01 0.62023508131580313686737984133596E+00
0.16782957637330920946142270249381E+01 0.61848581899282037987434345421153E+00
0.16730486401900945628428165871027E+01 0.61670891975710607770379066934135E+00
0.16677561627889755847705124551478E+01 0.61490492333776649806436135990259E+00
0.16624172361774813020060955089000E+01 0.61307431848545793724078883737253E+00
0.16570309306299888761592169607790E+01 0.61121755002134542748933353588763E+00
0.16515964557870443031059334508154E+01 0.60933502484420801714855212996721E+00
0.16461131394406462977135089622622E+01 0.60742711691773786813628825106032E+00
0.16405804102280799974158516937508E+01 0.60549417149254171915754968579126E+00
0.16349977834071853616517302383919E+01 0.60353650868289498796915228962125E+00
0.16293648490761921429573279818107E+01 0.60155442651960521085109271809836E+00
0.16236812623523079222969554697356E+01 0.59954820356686788862470014427998E+00
0.16179467351314989190219730319518E+01 0.59751810117665387333102920163770E+00
0.16121610291344548268668477829728E+01 0.59546436543914223497348081644977E+00
0.16063239500058901239295373191019E+01 0.59338722887719062412970347768902E+00
0.16004353422820688040204547491737E+01 0.59128691192407261480207627350978E+00
0.15944950850782577744755829018809E+01 0.58916362421686649148186527068795E+00
0.15885030883765038239641442655189E+01 0.58701756573233537356216959088440E+00
0.15824592898166391628693205961804E+01 0.58484892778767173610314582727537E+00
0.15763636519112186300039046552637E+01 0.58265789392484589926436801005451E+00
0.15702161596192541891802362397294E+01 0.58044464069432544343401369621552E+00
0.15640168182249608158480831887402E+01 0.57820933835149172315374390292876E+00
0.15577656514768703605884306435317E+01 0.57595215147706146534386879396714E+00
0.15514626999500831248965853682496E+01 0.57367323953114779400855024627781E+00
0.15451080196004648872174571901020E+01 0.57137275734919894126083361172833E+00
0.15387016804845451116346555131660E+01 0.56905085558688413956191247167687E+00
0.15322437656229446344977932006952E+01 0.56670768112001362924414817553377E+00
0.15257343699885262391319271956428E+01 0.56434337740475092894556174216189E+00
0.15191735996032595390766903084911E+01 0.56195808480267245920962641769585E+00
0.15125615707301239387308517197199E+01 0.55955194087463377580329558988798E+00
0.15058984091483237664481620540321E+01 0.55712508064689120123365577490430E+00
0.14991842495017368676259680330602E+01 0.55467763685249288161704289065007E+00
0.14924192347118944794142453262221E+01 0.55220974015057981669294155588182E+00
0.14856035154479723426878269607443E+01 0.54972151932591387959948546985538E+00
0.14787372496472602806073244780654E+01 0.54721310147067459723199024639031E+00
0.14718206020804311379990562017035E+01 0.54468461215032379096124981387255E+00
0.14648537439566547557593333753330E+01 0.54213617555513005439083450727067E+00
0.14578368525642218932828199686889E+01 0.53956791463876237908476469343604E+00
0.14507701109428816914395847881626E+01 0.53697995124520562697238947901935E+00
0.14436537075845534375917007198315E+01 0.53437240622511036515647664379175E+00
0.14364878361594740465848887617827E+01 0.53174539954256961068655682062053E+00
0.14292726952651876915676838328455E+01 0.52909905037320843669428043036901E+00
0.14220084881960826680785777788206E+01 0.52643347719437834771926019694786E+00
0.14146954227314438455710168879871E+01 0.52374879786816673657967494741508E+00
0.14073337109402141607570078295375E+01 0.52104512971785796396849292441356E+00
0.13999235690008611652613419628030E+01 0.51832258959841819192370840523665E+00
0.13924652170349169433323185542138E+01 0.51558129396152055753167760408453E+00
0.13849588789529138387573023581755E+01 0.51282135891557320956334918336213E+00
0.13774047823115737924708657360256E+01 0.51004290028117198926410625261027E+00
0.13698031581812286994269529135904E+01 0.50724603364235480890718114729403E+00
0.13621542410225529585686575848951E+01 0.50443087439400234331425124256994E+00
0.13544582685717835078088743435555E+01 0.50159753778569581594303528868296E+00
0.13467154817336849854244324550922E+01 0.49874613896231432710404941934259E+00
0.13389261244815917753201353283838E+01 0.49587679300162849634229991897607E+00
0.13310904437639215512376006905024E+01 0.49298961494912403112205265343742E+00
0.13232086894166161236678205180516E+01 0.49008471985026804380322155839338E+00
0.13152811140810152990327011627645E+01 0.48716222278041219273611904580739E+00
0.13073079731267156115423159454952E+01 0.48422223887250988692951775413471E+00
0.12992895245790090709363299165035E+01 0.48126488334280966587703121226998E+00
0.12912260290505325439704838753144E+01 0.47829027151467283044405525026726E+00
0.12831177496767918070711439021087E+01 0.47529851884065122417040047290037E+00
0.12749649520552563514813572475304E+01 0.47228974092294989011335766087241E+00
0.12667679041877450905206024718296E+01 0.46926405353238837492781318461864E+00
0.12585268764258494741686179007087E+01 0.46622157262596639697510990822743E+00
0.12502421414191621068611416552141E+01 0.46316241436312988105133122202292E+00
0.12419139740660986016990511099074E+01 0.46008669512082642890675460537772E+00
0.12335426514671179538833908070380E+01 0.45699453150743227868802879478721E+00
0.12251284528801631716040928552392E+01 0.45388604037562634678583215744217E+00
0.12166716596781602815519491967339E+01 0.45076133883428027032872929070158E+00
0.12081725553084241602811954073717E+01 0.44762054425943043379491871946448E+00
0.11996314252538338226971723908331E+01 0.44446377430438917875549400223109E+00
0.11910485569956511475735076900665E+01 0.44129114690905308846310650346329E+00
0.11824242399778653184510879940692E+01 0.43810278030845664801258049037576E+00
0.11737587655729564560477480051787E+01 0.43489879304062044033656178892701E+00
0.11650524270489784454423121522245E+01 0.43167930395373669959173875121648E+00
0.11563055195378698104537951886997E+01 0.42844443221273326754254134117528E+00
0.11475183400049089771182183328466E+01 0.42519429730525397336830101303603E+00
0.11386911872192336554973477790677E+01 0.42192901904708970731114173672250E+00
0.11298243617253549090070132924009E+01 0.41864871758709375418220740933665E+00
0.11209181658155964958443508864043E+01 0.41535351341161128554279541683224E+00
0.11119729035033986221177809539523E+01 0.41204352734845155156485605805558E+00
0.11029888804974300469026356624030E+01 0.40871888057042921922385471556719E+00
0.10939664041764513820919133900026E+01 0.40537969459849831718552038624312E+00
0.10849057835648851077172487799771E+01 0.40202609130450474114514689252221E+00
0.10758073293090418429455692166324E+01 0.39865819291357415758325891059390E+00
0.10666713536539632778698532445443E+01 0.39527612200616045457792671065605E+00
0.10574981704208404806640278691184E+01 0.39188000151976923508213576166248E+00
0.10482880949849708329512443398167E+01 0.38846995475037638100034328462485E+00
0.10390414442542199738243777413425E+01 0.38504610535355735509750527133097E+00
0.10297585366479554008115900943076E+01 0.38160857734534219739053640503168E+00
0.10204396920764225846428142861687E+01 0.37815749510281156085046661966646E+00
0.10110852319205361876233229488624E+01 0.37469298336444643034529418607526E+00
0.10016954790120590219559140985526E+01 0.37121516723024446429579350432390E+00
0.99227075761414575496721306863785E+00 0.36772417216161529930296577614042E+00
0.98281139340222751597946814964711E+00 0.36422012398106529740505520679665E+00
0.97331771344521765732267680988751E+00 0.36070314887168293201486119060917E+00
0.96379004618701694032103283750686E+00 0.35717337337643396435381251888071E+00
0.95422872142830133131341062749583E+00 0.35363092439727630400272016446828E+00
0.94463407030857387335318705659518E+00 0.35007592919410341651966851103366E+00
0.93500642528846505401405166227633E+00 0.34650851538352354350823281170270E+00
0.92534612013226590008514543959302E+00 0.34292881093748386757376024669410E+00
0.91565348989068000735009968931625E+00 0.33933694418174593053810338892127E+00
0.90592887088378090774766090698059E+00 0.33573304379421947873025277404553E+00
0.89617260068416189072559977137390E+00 0.33211723880316169492277006755889E+00
0.88638501810026731341164349251750E+00 0.32848965858524724894397574080367E+00
0.87656646315989337108553063614338E+00 0.32485043286351576535698460555400E+00
0.86671727709384884084176927703062E+00 0.32119969170520144769879809927925E+00
0.85683780231976549289141195129387E+00 0.31753756551945064445840714329513E+00
0.84692838242604915378396614655436E+00 0.31386418505493241149738873464518E+00
0.83698936215596309067686031194497E+00 0.31017968139734554437590671543416E+00
0.82702108739183482058227326926728E+00 0.30648418596682823161822115203772E+00
0.81702390513938044998935394619869E+00 0.30277783051527365832947858009210E+00
0.80699816351213689185819219939342E+00 0.29906074712355438469751561827070E+00
0.79694421171599792215547957903486E+00 0.29533306819866233437799142986331E+00
0.78686240003384588187980394396900E+00 0.29159492647076403574935243714741E+00
0.77675307981027333084215538954635E+00 0.28784645499017791224011349586068E+00
0.76661660343639041169047222296108E+00 0.28408778712427522609227246737496E+00
0.75645332433471061262414034083290E+00 0.28031905655430726638522765111781E+00
0.74626359694411193896411651054405E+00 0.27654039727216362124624418095962E+00
0.73604777670486744818254323598619E+00 0.27275194357706184412960801406272E+00
0.72580622004374089866043986846816E+00 0.26895383007217306931022289617274E+00
0.71553928435914484487746834329387E+00 0.26514619166118599646096588945178E+00
0.70524732800635479909440869830835E+00 0.26132916354480943154092633692913E+00
0.69493071028277825349958549584525E+00 0.25750288121721948134518968358155E+00
0.68458979141327364254583985661009E+00 0.25366748046244947229492094280919E+00
0.67422493253551610710990991157468E+00 0.24982309735072770497401760663920E+00
0.66383649568540779326708910834088E+00 0.24596986823476391829078632056711E+00
0.65342484378252901325497340857156E+00 0.24210792974598584278477690203799E+00
0.64299034061562791989356144226018E+00 0.23823741879072878513362910750332E+00
0.63253335082814615796985672975232E+00 0.23435847254637904639472507490339E+00
0.62205423990377795637131920097558E+00 0.23047122845747332156200883584589E+00
0.61155337415206057986000349197393E+00 0.22657582423175551981919020152666E+00
0.60103112069399378012286360566555E+00 0.22267239783619242940153411991955E+00
0.59048784744768657141713119632867E+00 0.21876108749295009186710829696825E+00
0.57992392311402933633113127828937E+00 0.21484203167533159732778796650490E+00
0.56933971716238918664679740824282E+00 0.21091536910367819944552928482612E+00
0.55873559981632761368297189464698E+00 0.20698123874123504742801335500581E+00
0.54811194203933825791879858959895E+00 0.20303977978998218863130000993536E+00
0.53746911552060342128831550586146E+00 0.19909113168643257527814349772642E+00
0.52680749266076858407093705398013E+00 0.19513543409739842925365883783773E+00
0.51612744655773273298972995442879E+00 0.19117282691572604741270647204444E+00
0.50542935099245420031829975153565E+00 0.18720345025600122582403430422672E+00
0.49471358041476993804073596584598E+00 0.18322744445022544607032899975748E+00
0.48398050992922825997321349960430E+00 0.17924495004346474783143497762599E+00
0.47323051528093342245015904514321E+00 0.17525610778947113227111182646813E+00
0.46246397284140091379883154161093E+00 0.17126105864627789344088858480781E+00
0.45168125959442351753163918603809E+00 0.16725994377177049495399379302197E+00
0.44088275312194648226664016979355E+00 0.16325290451923227185275564827109E+00
0.43006883158995128218888351942695E+00 0.15924008243286717920151671016232E+00
0.41923987373434827159519853780947E+00 0.15522161924329996360799448379930E+00
0.40839625884687537692422304031888E+00 0.15119765686305321227324978549987E+00
0.39753836676100525413989469075503E+00 0.14716833738200572787671209033913E+00
0.38666657783785749510109613353010E+00 0.14313380306282666101978538538449E+00
0.37578127295211747884880188568857E+00 0.13909419633639393527901414388698E+00
0.36488283347796056763592187289452E+00 0.13504965979719044010638841179571E+00
0.35397164127498111268341882911017E+00 0.13100033619868299398282774290292E+00
0.34304807867412631055597547731077E+00 0.12694636844868365386130464746176E+00
0.33211252846363438919402362319522E+00 0.12288789960469285920533759410462E+00
0.32116537387497698936375828663721E+00 0.11882507286922721165017419142073E+00
0.31020699856880537405246922078892E+00 0.11475803158512984699297259030256E+00
0.29923778662090014642598127761579E+00 0.11068691923086607580812662403228E+00
0.28825812250812434249035998230278E+00 0.10661187941580393727248725030765E+00
0.27726839109438005614669465454297E+00 0.10253305587547994204289821099022E+00
0.26626897761656798697092564975505E+00 0.98450592466851700599990874616094E-01
0.25526026767055003033998835035331E+00 0.94364633163535600999777555445499E-01
0.24424264719711463368216900340841E+00 0.90275322051033528804754473328571E-01
0.23321650246794543646247157607569E+00 0.86182803321945379216024552578583E-01
0.22218222007159240272662483754778E+00 0.82087221271170611297200724286783E-01
0.21114018689944588749147043876708E+00 0.77988720291097485099734192500167E-01
0.20009079013171324499656258780014E+00 0.73887444866782080618426575963098E-01
0.18903441722339864818192022945582E+00 0.69783539571115880775550447664760E-01
0.17797145589028576867136410850141E+00 0.65677149059983294621608635643689E-01
0.16690229409492288817979310612523E+00 0.61568418067409430479038541021997E-01
0.15582732003261157837966314530434E+00 0.57457491400698668148426622841072E-01
0.14474692211739827868409580530900E+00 0.53344513935563406438837290208470E-01
0.13366148896806868383138536280332E+00 0.49229630611245021785514308040220E-01
0.12257140939414637335550881495105E+00 0.45112986425626116143231762665637E-01
0.11147707238189365735055736427126E+00 0.40994726430334776309718239045671E-01
0.10037886708031725709087052898334E+00 0.36874995725841434355797860069886E-01
0.89277182787176968633927182809436E-01 0.32753939456548862240913359956621E-01
0.78172408934998222559535478880000E-01 0.28631702805874422868124190371850E-01
0.67064935077089610692282576013207E-01 0.24508430991326879850402975019748E-01
0.55955150873563524857646243026083E-01 0.20384269259576547150026568764740E-01
0.44843446077362463169144924169228E-01 0.16259362881519223442965253993846E-01
0.33730210520289230422232877508010E-01 0.12133857147335501216851766863187E-01
0.22615834099042504475898650610285E-01 0.80078973615443968307871536043139E-02
0.11500706761258096172433062584372E-01 0.38816288380521746967726262944743E-02
0.38521849155435681375188109900662E-03 -0.24480310480369709875735439338110E-03
-0.10730240702415306268229825456461E-01 -0.43712531492138248226892994174053E-02
-0.21845280803904601648224796764530E-01 -0.84975759828612810282464788838849E-02
-0.32959511801010524727236658206712E-01 -0.12623626303888933147880173667090E-01
-0.44072543700601793719417804327579E-01 -0.16749258825870331177985115542746E-01
-0.55183986542242307827648065525526E-01 -0.20874328282783395474740648698947E-01
-0.66293450412105848386470160044120E-01 -0.24998689433987393095062807134394E-01
-0.77400545456883993474290129833327E-01 -0.29122197069202006827619156102440E-01
-0.88504881897686517299032829337638E-01 -0.33244706013488556114367408275414E-01
-0.99606070043933208461626267169557E-01 -0.37366071132233148214674100875040E-01
-0.11070372030723801799662921399986E+00 -0.41486147336132277288132512563681E-01
-0.12179744321528365808589811975821E+00 -0.45604789586178354818631029620979E-01
-0.13288684942568792547619995906800E+00 -0.49721852898647669910396682718730E-01
-0.14397154973986044035033891792836E+00 -0.53837192350088799534413779412402E-01
-0.15505115511684923852923788215917E+00 -0.57950663082311044752122250013436E-01
-0.16612527668717820232612919946975E+00 -0.62062120307374301009960803019456E-01
-0.17719352576667317714710794477007E+00 -0.66171419312578088513108457987843E-01
-0.18825551387027791483063458144825E+00 -0.70278415465450934557088005260095E-01
-0.19931085272585895365680808220014E+00 -0.74382964218739061620713869567133E-01
-0.21035915428799836818387757789257E+00 -0.78484921115394908541536834127375E-01
-0.22140003075177561950220574222878E+00 -0.82584141793564010187904872370176E-01
-0.23243309456653651009121430855506E+00 -0.86680481991571367557405329269828E-01
-0.24345795844964966476703294867078E+00 -0.90773797552906342920953290261294E-01
-0.25447423540025023818622721524362E+00 -0.94863944431205734231875502482912E-01
-0.26548153871297038921790542069827E+00 -0.98950778695234913341673645819863E-01
-0.27647948199165567278557869886378E+00 -0.10303415653386745677680567314498E+00
-0.28746767916306760467523815057940E+00 -0.10711393426106188454099792997864E+00
-0.29844574449057136599757764701676E+00 -0.11118996832083625381628172304476E+00
-0.30941329258780945332854754119415E+00 -0.11526211529223931904761502006633E+00
-0.32036993843235902208640263517957E+00 -0.11933023189432004970625857428732E+00
-0.33131529737937430801355362085217E+00 -0.12339417499109220282639522466271E+00
-0.34224898517521254190833058885865E+00 -0.12745380159649701856566093583129E+00
-0.35317061797104375614378802415849E+00 -0.13150896887936105562670131714566E+00
-0.36407981233644355608261005082294E+00 -0.13555953416835110370619626909368E+00
-0.37497618527296831537114577914443E+00 -0.13960535495692447208084597254709E+00
-0.38585935422771334517369134236049E+00 -0.14364628890827479018584978979140E+00
-0.39672893710685231119722391566577E+00 -0.14768219386027404216249067192822E+00
-0.40758455228915877196132762385371E+00 -0.15171292783040883057938910272740E+00
-0.41842581863950854312931244990009E+00 -0.15573834902071302288966707737593E+00
-0.42925235552236198923726963735567E+00 -0.15975831582269390920896419074078E+00
-0.44006378281522871145447380104046E+00 -0.16377268682225342235329066260936E+00
-0.45085972092210899382464250616805E+00 -0.16778132080460486001613534471851E+00
-0.46163979078691804404934120230227E+00 -0.17178407675918160385709197779100E+00
-0.47240361390688648759826709805247E+00 -0.17578081388454235228045387753797E+00
-0.48315081234594110926443618225815E+00 -0.17977139159326812359751258724972E+00
-0.49388100874806335494893771201897E+00 -0.18375566951685419729995145498566E+00
-0.50459382635062519644727207932037E+00 -0.18773350751059477727032511064305E+00
-0.51528888899770312609591676637157E+00 -0.19170476565846093909582130904809E+00
-0.52596582115336852962233882245791E+00 -0.19566930427797207560300154221356E+00
-0.53662424791495448938858915717270E+00 -0.19962698392505949573010142987648E+00
-0.54726379502629930947615293444700E+00 -0.20357766539892293877963586283963E+00
-0.55788408889096501708512421135941E+00 -0.20752120974687954452288508467377E+00
-0.56848475658543172041264367326366E+00 -0.21145747826920504536278036130725E+00
-0.57906542587226612928271832664034E+00 -0.21538633252396689329311091460626E+00
-0.58962572521326513431869097804151E+00 -0.21930763433184907330114404113467E+00
-0.60016528378257310106500581345208E+00 -0.22322124578096900738665938447488E+00
-0.61068373147977249008416174702065E+00 -0.22712702923168552330276787595082E+00
-0.62118069894294805640631793326835E+00 -0.23102484732139813727177879428823E+00
-0.63165581756172347173127579228833E+00 -0.23491456296933758795626892784684E+00
-0.64210871949027018132510514079617E+00 -0.23879603938134710195026099309890E+00
-0.65253903766028842469291779904751E+00 -0.24266914005465427613776225067609E+00
-0.66294640579395941504663478616106E+00 -0.24653372878263370184128334667681E+00
-0.67333045841686869707257011899548E+00 -0.25038966965955970540834117382416E+00
-0.68369083087090002002139770521838E+00 -0.25423682708534935614544558303367E+00
-0.69402715932709935346098237615316E+00 -0.25807506577029531725775634262255E+00
-0.70433908079850888988951558984113E+00 -0.26190425073978854546876465626219E+00
-0.71462623315296984318571800044709E+00 -0.26572424733903064083497369815092E+00
-0.72488825512589477919651137526001E+00 -0.26953492123773521191582102495186E+00
-0.73512478633300828076525675925924E+00 -0.27333613843481915757012005799914E+00
-0.74533546728305476600571413844344E+00 -0.27712776526308241918071132622070E+00
-0.75551993939047582212157828758527E+00 -0.28090966839387660019482883936443E+00
-0.76567784498805252042627351235773E+00 -0.28468171484176293632659458983979E+00
-0.77580882733951629873813065511756E+00 -0.28844377196915756403567287879921E+00
-0.78591253065212560482559930573544E+00 -0.29219570749096649274663762442904E+00
-0.79598860008920788317535354778630E+00 -0.29593738947920781822985810699043E+00
-0.80603668178266836703772098292551E+00 -0.29966868636762212489160934216733E+00
-0.81605642284546254909480772655854E+00 -0.30338946695627099271142183266657E+00
-0.82604747138403449310321882681443E+00 -0.30709960041612248209431633276972E+00
-0.83600947651071929571591081435030E+00 -0.31079895629362483952936527654272E+00
-0.84594208835610819798441692584777E+00 -0.31448740451526710921658737384522E+00
-0.85584495808137922453774579753992E+00 -0.31816481539212659236988177669264E+00
-0.86571773789058870615532385286995E+00 -0.32183105962440410494590346435634E+00
-0.87556008104292696514796012873607E+00 -0.32548600830594482919913978977626E+00
-0.88537164186493558572801264944920E+00 -0.32912953292874670236386931687266E+00
-0.89515207576268642204410393999217E+00 -0.33276150538745512723508519989435E+00
-0.90490103923392230835246068681633E+00 -0.33638179798384330237170092148508E+00
-0.91461818988015833964370613527234E+00 -0.33999028343127946330561786989590E+00
-0.92430318641874412195339483827506E+00 -0.34358683485917963780551537734201E+00
-0.93395568869488584951341255330722E+00 -0.34717132581744610893980141082948E+00
-0.94357535769362834223768105382047E+00 -0.35074363028089182822768898067477E+00
-0.95316185555179639792219304804782E+00 -0.35430362265364981146705286353855E+00
-0.96271484556989485438245084205961E+00 -0.35785117777356835320468568873234E+00
-0.97223399222396747505749864693766E+00 -0.36138617091659081999040989118152E+00
-0.98171896117741383381247195181807E+00 -0.36490847780112070596218600659136E+00
-0.99116941929276389173314488322429E+00 -0.36841797459237161355992308800434E+00
-0.10005850346434098307603287134695E+01 -0.37191453790670122386907571892765E+00
-0.10099654765252952716987590187536E+01 -0.37539804481593069894750132529236E+00
-0.10193104154685601852739321145707E+01 -0.37886837285164754504331531615090E+00
-0.10286195232491427399521797339472E+01 -0.38232540000949317132258329995265E+00
-0.10378924729003363042829222790890E+01 -0.38576900475343407417271120343861E+00
-0.10471289387243023666564414046656E+01 -0.38919906602001714753891530317181E+00
-0.10563285963035376458291318664649E+01 -0.39261546322260859227894460824837E+00
-0.10654911225122962316105186312589E+01 -0.39601807625561628806813771798600E+00
-0.10746161955279661800208904413128E+01 -0.39940678549869554395329243931831E+00
-0.10837034948423990198886615052626E+01 -0.40278147182093820565720116460624E+00
-0.10927527012731933519684315267345E+01 -0.40614201658504459251472105947794E+00
-0.11017634969749313828782509341454E+01 -0.40948830165147875956591783819664E+00
-0.11107355654503672166221155045808E+01 -0.41282020938260597835865474174865E+00
-0.11196685915615692983789740127745E+01 -0.41613762264681322835698046065639E+00
-0.11285622615410117414873468789904E+01 -0.41944042482261222864959671894020E+00
-0.11374162630026206230334048546493E+01 -0.42272849980272417091170552632493E+00
-0.11462302849527682078521191056083E+01 -0.42600173199814753529902013102514E+00
-0.11550040178012196540716501930688E+01 -0.42926000634220711527772787956549E+00
-0.11637371533720299570013936092141E+01 -0.43250320829458534431010957331602E+00
-0.11724293849143898308215283055314E+01 -0.43573122384533506883317699932737E+00
-0.11810804071134225557748592452702E+01 -0.43894393951887445244882435103554E+00
-0.11896899161009287289199517640079E+01 -0.44214124237796260614901987675020E+00
-0.11982576094660806061077094399104E+01 -0.44532302002765691257628411377639E+00
-0.12067831862660648907413644205695E+01 -0.44848916061925147492974040839756E+00
-0.12152663470366731696362879916606E+01 -0.45163955285419642290546533367144E+00
-0.12237067938028407044330809601270E+01 -0.45477408598799836441035113242099E+00
-0.12321042300891317719323878227966E+01 -0.45789264983410120009965552318490E+00
-0.12404583609301730572683287460378E+01 -0.46099513476774762816122644779976E+00
-0.12487688928810328511143231456115E+01 -0.46408143172982154258918080190055E+00
-0.12570355340275466599173904561925E+01 -0.46715143223066974655056246210474E+00
-0.12652579939965890323336588065718E+01 -0.47020502835390513556952981849161E+00
-0.12734359839662910846041126627008E+01 -0.47324211276018856251007697550209E+00
-0.12815692166762026709194897826468E+01 -0.47626257869099162084947524177972E+00
-0.12896574064373997461072018477515E+01 -0.47926631997233874076212897685210E+00
-0.12977002691425363451883781485495E+01 -0.48225323101852893168349615425926E+00
-0.13056975222758408407431019387469E+01 -0.48522320683583706662383698221442E+00
-0.13136488849230553326187223555483E+01 -0.48817614302619451878909759856841E+00
-0.13215540777813194753423884071370E+01 -0.49111193579084901614295251396643E+00
-0.13294128231689968501584100808775E+01 -0.49403048193400357367095742279581E+00
-0.13372248450354440496286564321472E+01 -0.49693167886643440515791763881260E+00
-0.13449898689707227945533840803203E+01 -0.49981542460908768345562361842211E+00
-0.13527076222152536261088386367168E+01 -0.50268161779665492158034490983919E+00
-0.13603778336694114430747261524625E+01 -0.50553015768112702376283923503260E+00
-0.13680002339030630667883751498366E+01 -0.50836094413532678553740874764819E+00
-0.13755745551650450861681183827369E+01 -0.51117387765641953127664341241109E+00
-0.13831005313925830501481169403556E+01 -0.51396885936940226526109535133145E+00
-0.13905778982206511295600956602759E+01 -0.51674579103057055306412087684119E+00
-0.13980063929912717513520717716449E+01 -0.51950457503096354673710187946955E+00
-0.14053857547627549064494806996137E+01 -0.52224511439978686376003432382643E+00
-0.14127157243188771795683461298778E+01 -0.52496731280781306295909810453445E+00
-0.14199960441780003411435524050472E+01 -0.52767107457075954711233591269755E+00
-0.14272264586021279308894684242718E+01 -0.53035630465264444528239845744051E+00
-0.14344067136059009357871754947707E+01 -0.53302290866911897934448854139018E+00
-0.14415365569655318525487398566923E+01 -0.53567079289077818633081297544904E+00
-0.14486157382276762207974485533859E+01 -0.53829986424644748011974573906343E+00
-0.14556440087182422025395694017811E+01 -0.54091003032644721629127583246840E+00
-0.14626211215511370829461351253622E+01 -0.54350119938583354004998462390645E+00
-0.14695468316369511036542901250976E+01 -0.54607328034761624119142943470772E+00
-0.14764208956915780323146026231924E+01 -0.54862618280595319111766007549075E+00
-0.14832430722447715140847176239163E+01 -0.55115981702932106260696899717861E+00
-0.14900131216486386071559548467491E+01 -0.55367409396366288370947033832833E+00
-0.14967308060860679905949600628991E+01 -0.55616892523551158996396811376838E+00
-0.15033958895790945263557533297162E+01 -0.55864422315508986153834517754480E+00
-0.15100081379971990034358313827250E+01 -0.56109990071938595550372787097529E+00
-0.15165673190655417732438844459062E+01 -0.56353587161520538532298253388213E+00
-0.15230732023731328516533775565538E+01 -0.56595205022219917370360938527961E+00
-0.15295255593809345167544055226177E+01 -0.56834835161586639497384576839101E+00
-0.15359241634298994312191987160605E+01 -0.57072469157053424069392611186072E+00
-0.15422687897489417342376211923913E+01 -0.57308098656231182410954440598076E+00
-0.15485592154628419613703257269539E+01 -0.57541715377202065343144882350492E+00
-0.15547952196000853404767073474870E+01 -0.57773311108809989092420772836587E+00
-0.15609765831006326452753107437600E+01 -0.58002877710948682972767289043159E+00
-0.15671030888236242098360302123634E+01 -0.58230407114847276155872558686505E+00
-0.15731745215550163054026352923329E+01 -0.58455891323353350403098135901746E+00
-0.15791906680151493132766086862873E+01 -0.58679322411213507052543369351603E+00
-0.15851513168662483059078186479618E+01 -0.58900692525351420156329327573272E+00
-0.15910562587198549157005401137151E+01 -0.59119993885143338123606122094908E+00
-0.15969052861441909660093358242296E+01 -0.59337218782691069400025344935045E+00
-0.16026981936714526819211282436389E+01 -0.59552359583092398892307135254056E+00
-0.16084347778050364056981435244606E+01 -0.59765408724708971435315671810128E+00
-0.16141148370266944777695824831484E+01 -0.59976358719431595374591483107126E+00
-0.16197381718036217514663685113903E+01 -0.60185202152942952096402856926572E+00
-0.16253045845954720778931332322780E+01 -0.60391931684977759851572629124088E+00
-0.16308138798613048319468481570970E+01 -0.60596540049580302394313284833509E+00
-0.16362658640664609521841022835588E+01 -0.60799020055359373734951678941323E+00
-0.16416603456893683841899352835740E+01 -0.60999364585740613962011548985886E+00
-0.16469971352282768702930762194242E+01 -0.61197566599216203414653001320880E+00
-0.16522760452079214007465921558976E+01 -0.61393619129591947095338577496693E+00
-0.16574968901861146356741144541204E+01 -0.61587515286231698077523142244024E+00
-0.16626594867602675815736027805406E+01 -0.61779248254299152834133055727679E+00
-0.16677636535738386052349436630141E+01 -0.61968811294996978517164562126639E+00
-0.16728092113227104831850706842027E+01 -0.62156197745803258465067342296967E+00
-0.16777959827614951311301140920003E+01 -0.62341401020705308238102454501975E+00
-0.16827237927097662048669397348986E+01 -0.62524414610430764973368952759618E+00
-0.16875924680582185038892532869446E+01 -0.62705232082675987510286880295676E+00
-0.16924018377747552162998618536090E+01 -0.62883847082331813699290404592518E+00
-0.16971517329105014634118701573035E+01 -0.63060253331706517874206033843427E+00
-0.17018419866057448687199361925217E+01 -0.63234444630746150904499882969503E+00
-0.17064724340958027968131603275916E+01 -0.63406414857252091343873123559705E+00
-0.17110429127168154378782632857506E+01 -0.63576157967095878747318628340539E+00
-0.17155532619114654867819387869592E+01 -0.63743667994431341520845276582149E+00
-0.17200033232346233133276855946307E+01 -0.63908939051903925151645464643945E+00
-0.17243929403589180627341834674814E+01 -0.64071965330857323918087852954959E+00
-0.17287219590802344086829076256573E+01 -0.64232741101537322792937552147532E+00
-0.17329902273231341471469146066411E+01 -0.64391260713292849392095524563592E+00
-0.17371975951462035076226506426982E+01 -0.64547518594774320668474166743201E+00
-0.17413439147473249470830681231208E+01 -0.64701509254129118364819202220967E+00
-0.17454290404688738760096764069767E+01 -0.64853227279194356468134818479316E+00
-0.17494528288028400719943437193767E+01 -0.65002667337686808829852590979105E+00
-0.17534151383958732931254635840567E+01 -0.65149824177390036835095072986659E+00
-0.17573158300542532347470690531036E+01 -0.65294692626338729659416223460777E+00
-0.17611547667487835114815291492144E+01 -0.65437267593000207009323026050912E+00
-0.17649318136196094942772434853529E+01 -0.65577544066453113679179213059297E+00
-0.17686468379809598865199007249293E+01 -0.65715517116563280973344129993998E+00
-0.17722997093258118116742717642013E+01 -0.65851181894156754390044086293530E+00
-0.17758902993304793361786265086638E+01 -0.65984533631189984621675185765767E+00
-0.17794184818591251555536898030899E+01 -0.66115567640917161925709489736607E+00
-0.17828841329681953349978048709908E+01 -0.66244279318054711356365676604520E+00
-0.17862871309107770522683335817543E+01 -0.66370664138942923634529481352749E+00
-0.17896273561408789652321667156449E+01 -0.66494717661704716263387286458974E+00
-0.17929046913176342633884088047949E+01 -0.66616435526401537784784331442236E+00
-0.17961190213094262241519412820815E+01 -0.66735813455186391542572174690331E+00
-0.17992702331979359412937144045128E+01 -0.66852847252453967997942787518895E+00
-0.18023582162821123692695804108428E+01 -0.66967532804987910714065491163778E+00
-0.18053828620820642744510533775855E+01 -0.67079866082105176730669504601539E+00
-0.18083440643428742408365328863329E+01 -0.67189843135797511913287376981583E+00
-0.18112417190383342862735381924300E+01 -0.67297460100870009524040703722007E+00
-0.18140757243746031555403880900705E+01 -0.67402713195076777923201231636257E+00
-0.18168459807937852142936250032139E+01 -0.67505598719253697871441392257737E+00
-0.18195523909774305784695318955576E+01 -0.67606113057448246294510518375531E+00
-0.18221948598499565966383838834097E+01 -0.67704252677046422434894811135098E+00
-0.18247732945819905008415699294099E+01 -0.67800014128896735347907545765453E+00
-0.18272876045936328805946089353528E+01 -0.67893394047431260091510859337953E+00
-0.18297377015576424033622837697307E+01 -0.67984389150783787481020835553562E+00
-0.18321234994025409547001337121655E+01 -0.68072996240904979045226772934713E+00
-0.18344449143156397756961292962912E+01 -0.68159212203674664076831089269377E+00
-0.18367018647459860015806387379658E+01 -0.68243034009011101047047573489634E+00
-0.18388942714072297121620707045984E+01 -0.68324458710977357146033768768825E+00
-0.18410220572804114094834143444416E+01 -0.68403483447884707048002944994537E+00
-0.18430851476166697434302062934381E+01 -0.68480105442393071472079563781285E+00
-0.18450834699398694336444031015158E+01 -0.68554322001608512851721406418427E+00
-0.18470169540491492646870890459819E+01 -0.68626130517177743131093982425566E+00
-0.18488855320213900921584090432473E+01 -0.68695528465379688803559279357575E+00
-0.18506891382136027858506654455652E+01 -0.68762513407214070891433955390244E+00
-0.18524277092652360139491738618835E+01 -0.68827082988487013728636424499974E+00
-0.18541011841004037380573121923862E+01 -0.68889234939893682665341311801147E+00
-0.18557095039300324178218933978286E+01 -0.68948967077097930020604931198863E+00
-0.18572526122539278141123478056915E+01 -0.69006277300808980842298692936136E+00
-0.18587304548627613389951128581100E+01 -0.69061163596855104939385564944174E+00
-0.18601429798399758095327929756774E+01 -0.69113624036254325981723396896028E+00
-0.18614901375636106405788675075150E+01 -0.69163656775282126109711610605682E+00
-0.18627718807080463509026261485823E+01 -0.69211260055536167433186426958013E+00
-0.18639881642456683656751896434035E+01 -0.69256432203998008140773718674447E+00
-0.18651389454484499832499403873582E+01 -0.69299171633091830711377324375337E+00
-0.18662241838894545022649799817818E+01 -0.69339476840740168406242940657516E+00
-0.18672438414442565003997861062109E+01 -0.69377346410416629603063162884457E+00
-0.18681978822922821053067985903122E+01 -0.69412779011195617498777663791087E+00
-0.18690862729180682949054642818391E+01 -0.69445773397799051885650898607773E+00
-0.18699089821124411864298891942579E+01 -0.69476328410640076991002030123436E+00
-0.18706659809736131742329566053183E+01 -0.69504442975863765159985640128206E+00
-0.18713572429081990506610783548924E+01 -0.69530116105384809461291546040867E+00
-0.18717815515959696053299902342494E+01 -0.69545874722794512173428597703407E+00
-0.18721766264065903364492137794636E+01 -0.69560547608740065807155522481239E+00
-0.18725424611716114961219475928849E+01 -0.69574134534030985265242055492072E+00
-0.18728790501791188812063397763915E+01 -0.69586635286439475527841401854529E+00
-0.18731863881738228964619956768528E+01 -0.69598049670703788532093645242498E+00
-0.18734791066424241013996510086898E+01 -0.69608921093095602629632724484099E+00
-0.18737718403471212168981377123598E+01 -0.69619793081588618946324101531639E+00
-0.18740645892883903871526224349798E+01 -0.69630665636200502535444548875354E+00
-0.18743573534667077658573560361201E+01 -0.69641538756948917968111552175523E+00
-0.18746501328825495136732139154285E+01 -0.69652412443851530176413395621492E+00
-0.18743573534667077658573560361201E+01 -0.69641538756948917968111552175523E+00
-0.18740645892883903871526224349798E+01 -0.69630665636200502535444548875354E+00
-0.18737718403471212168981377123598E+01 -0.69619793081588618946324101531639E+00
-0.18734791066424241013996510086898E+01 -0.69608921093095602629632724484099E+00
-0.18731863881738228964619956768528E+01 -0.69598049670703788532093645242498E+00
-0.18728790501791188812063397763915E+01 -0.69586635286439475527841401854529E+00
-0.18725424611716114961219475928849E+01 -0.69574134534030985265242055492072E+00
-0.18721766264065903364492137794636E+01 -0.69560547608740065807155522481239E+00
-0.18717815515959696053299902342494E+01 -0.69545874722794512173428597703407E+00
-0.18713572429081990506610783548924E+01 -0.69530116105384809461291546040867E+00
-0.18706659809736131742329566053183E+01 -0.69504442975863765159985640128206E+00
-0.18699089821124411864298891942579E+01 -0.69476328410640076991002030123436E+00
-0.18690862729180682949054642818391E+01 -0.69445773397799051885650898607773E+00
-0.18681978822922821053067985903122E+01 -0.69412779011195617498777663791087E+00
-0.18672438414442565003997861062109E+01 -0.69377346410416629603063162884457E+00
-0.18662241838894545022649799817818E+01 -0.69339476840740168406242940657516E+00
-0.18651389454484499832499403873582E+01 -0.69299171633091830711377324375337E+00
-0.18639881642456683656751896434035E+01 -0.69256432203998008140773718674447E+00
-0.18627718807080463509026261485823E+01 -0.69211260055536167433186426958013E+00
-0.18614901375636106405788675075150E+01 -0.69163656775282126109711610605682E+00
-0.18601429798399758095327929756774E+01 -0.69113624036254325981723396896028E+00
-0.18587304548627613389951128581100E+01 -0.69061163596855104939385564944174E+00
-0.18572526122539278141123478056915E+01 -0.69006277300808980842298692936136E+00
-0.18557095039300324178218933978286E+01 -0.68948967077097930020604931198863E+00
-0.18541011841004037380573121923862E+01 -0.68889234939893682665341311801147E+00
-0.18524277092652360139491738618835E+01 -0.68827082988487013728636424499974E+00
-0.18506891382136027858506654455652E+01 -0.68762513407214070891433955390244E+00
-0.18488855320213900921584090432473E+01 -0.68695528465379688803559279357575E+00
-0.18470169540491492646870890459819E+01 -0.68626130517177743131093982425566E+00
-0.18450834699398694336444031015158E+01 -0.68554322001608512851721406418427E+00
-0.18430851476166697434302062934381E+01 -0.68480105442393071472079563781285E+00
-0.18410220572804114094834143444416E+01 -0.68403483447884707048002944994537E+00
-0.18388942714072297121620707045984E+01 -0.68324458710977357146033768768825E+00
-0.18367018647459860015806387379658E+01 -0.68243034009011101047047573489634E+00
-0.18344449143156397756961292962912E+01 -0.68159212203674664076831089269377E+00
-0.18321234994025409547001337121655E+01 -0.68072996240904979045226772934713E+00
-0.18297377015576424033622837697307E+01 -0.67984389150783787481020835553562E+00
-0.18272876045936328805946089353528E+01 -0.67893394047431260091510859337953E+00
-0.18247732945819905008415699294099E+01 -0.67800014128896735347907545765453E+00
-0.18221948598499565966383838834097E+01 -0.67704252677046422434894811135098E+00
-0.18195523909774305784695318955576E+01 -0.67606113057448246294510518375531E+00
-0.18168459807937852142936250032139E+01 -0.67505598719253697871441392257737E+00
-0.18140757243746031555403880900705E+01 -0.67402713195076777923201231636257E+00
-0.18112417190383342862735381924300E+01 -0.67297460100870009524040703722007E+00
-0.18083440643428742408365328863329E+01 -0.67189843135797511913287376981583E+00
-0.18053828620820642744510533775855E+01 -0.67079866082105176730669504601539E+00
-0.18023582162821123692695804108428E+01 -0.66967532804987910714065491163778E+00
-0.17992702331979359412937144045128E+01 -0.66852847252453967997942787518895E+00
-0.17961190213094262241519412820815E+01 -0.66735813455186391542572174690331E+00
-0.17929046913176342633884088047949E+01 -0.66616435526401537784784331442236E+00
-0.17896273561408789652321667156449E+01 -0.66494717661704716263387286458974E+00
-0.17862871309107770522683335817543E+01 -0.66370664138942923634529481352749E+00
-0.17828841329681953349978048709908E+01 -0.66244279318054711356365676604520E+00
-0.17794184818591251555536898030899E+01 -0.66115567640917161925709489736607E+00
-0.17758902993304793361786265086638E+01 -0.65984533631189984621675185765767E+00
-0.17722997093258118116742717642013E+01 -0.65851181894156754390044086293530E+00
-0.17686468379809598865199007249293E+01 -0.65715517116563280973344129993998E+00
-0.17649318136196094942772434853529E+01 -0.65577544066453113679179213059297E+00
-0.17611547667487835114815291492144E+01 -0.65437267593000207009323026050912E+00
-0.17573158300542532347470690531036E+01 -0.65294692626338729659416223460777E+00
-0.17534151383958732931254635840567E+01 -0.65149824177390036835095072986659E+00
-0.17494528288028400719943437193767E+01 -0.65002667337686808829852590979105E+00
-0.17454290404688738760096764069767E+01 -0.64853227279194356468134818479316E+00
-0.17413439147473249470830681231208E+01 -0.64701509254129118364819202220967E+00
-0.17371975951462035076226506426982E+01 -0.64547518594774320668474166743201E+00
-0.17329902273231341471469146066411E+01 -0.64391260713292849392095524563592E+00
-0.17287219590802344086829076256573E+01 -0.64232741101537322792937552147532E+00
-0.17243929403589180627341834674814E+01 -0.64071965330857323918087852954959E+00
-0.17200033232346233133276855946307E+01 -0.63908939051903925151645464643945E+00
-0.17155532619114654867819387869592E+01 -0.63743667994431341520845276582149E+00
-0.17110429127168154378782632857506E+01 -0.63576157967095878747318628340539E+00
-0.17064724340958027968131603275916E+01 -0.63406414857252091343873123559705E+00
-0.17018419866057448687199361925217E+01 -0.63234444630746150904499882969503E+00
-0.16971517329105014634118701573035E+01 -0.63060253331706517874206033843427E+00
-0.16924018377747552162998618536090E+01 -0.62883847082331813699290404592518E+00
-0.16875924680582185038892532869446E+01 -0.62705232082675987510286880295676E+00
-0.16827237927097662048669397348986E+01 -0.62524414610430764973368952759618E+00
-0.16777959827614951311301140920003E+01 -0.62341401020705308238102454501975E+00
-0.16728092113227104831850706842027E+01 -0.62156197745803258465067342296967E+00
-0.16677636535738386052349436630141E+01 -0.61968811294996978517164562126639E+00
-0.16626594867602675815736027805406E+01 -0.61779248254299152834133055727679E+00
-0.16574968901861146356741144541204E+01 -0.61587515286231698077523142244024E+00
-0.16522760452079214007465921558976E+01 -0.61393619129591947095338577496693E+00
-0.16469971352282768702930762194242E+01 -0.61197566599216203414653001320880E+00
-0.16416603456893683841899352835740E+01 -0.60999364585740613962011548985886E+00
-0.16362658640664609521841022835588E+01 -0.60799020055359373734951678941323E+00
-0.16308138798613048319468481570970E+01 -0.60596540049580302394313284833509E+00
-0.16253045845954720778931332322780E+01 -0.60391931684977759851572629124088E+00
-0.16197381718036217514663685113903E+01 -0.60185202152942952096402856926572E+00
-0.16141148370266944777695824831484E+01 -0.59976358719431595374591483107126E+00
-0.16084347778050364056981435244606E+01 -0.59765408724708971435315671810128E+00
-0.16026981936714526819211282436389E+01 -0.59552359583092398892307135254056E+00
-0.15969052861441909660093358242296E+01 -0.59337218782691069400025344935045E+00
-0.15910562587198549157005401137151E+01 -0.59119993885143338123606122094908E+00
-0.15851513168662483059078186479618E+01 -0.58900692525351420156329327573272E+00
-0.15791906680151493132766086862873E+01 -0.58679322411213507052543369351603E+00
-0.15731745215550163054026352923329E+01 -0.58455891323353350403098135901746E+00
-0.15671030888236242098360302123634E+01 -0.58230407114847276155872558686505E+00
-0.15609765831006326452753107437600E+01 -0.58002877710948682972767289043159E+00
-0.15547952196000853404767073474870E+01 -0.57773311108809989092420772836587E+00
-0.15485592154628419613703257269539E+01 -0.57541715377202065343144882350492E+00
-0.15422687897489417342376211923913E+01 -0.57308098656231182410954440598076E+00
-0.15359241634298994312191987160605E+01 -0.57072469157053424069392611186072E+00
-0.15295255593809345167544055226177E+01 -0.56834835161586639497384576839101E+00
-0.15230732023731328516533775565538E+01 -0.56595205022219917370360938527961E+00
-0.15165673190655417732438844459062E+01 -0.56353587161520538532298253388213E+00
-0.15100081379971990034358313827250E+01 -0.56109990071938595550372787097529E+00
-0.15033958895790945263557533297162E+01 -0.55864422315508986153834517754480E+00
-0.14967308060860679905949600628991E+01 -0.55616892523551158996396811376838E+00
-0.14900131216486386071559548467491E+01 -0.55367409396366288370947033832833E+00
-0.14832430722447715140847176239163E+01 -0.55115981702932106260696899717861E+00
-0.14764208956915780323146026231924E+01 -0.54862618280595319111766007549075E+00
-0.14695468316369511036542901250976E+01 -0.54607328034761624119142943470772E+00
-0.14626211215511370829461351253622E+01 -0.54350119938583354004998462390645E+00
-0.14556440087182422025395694017811E+01 -0.54091003032644721629127583246840E+00
-0.14486157382276762207974485533859E+01 -0.53829986424644748011974573906343E+00
-0.14415365569655318525487398566923E+01 -0.53567079289077818633081297544904E+00
-0.14344067136059009357871754947707E+01 -0.53302290866911897934448854139018E+00
-0.14272264586021279308894684242718E+01 -0.53035630465264444528239845744051E+00
-0.14199960441780003411435524050472E+01 -0.52767107457075954711233591269755E+00
-0.14127157243188771795683461298778E+01 -0.52496731280781306295909810453445E+00
-0.14053857547627549064494806996137E+01 -0.52224511439978686376003432382643E+00
-0.13980063929912717513520717716449E+01 -0.51950457503096354673710187946955E+00
-0.13905778982206511295600956602759E+01 -0.51674579103057055306412087684119E+00
-0.13831005313925830501481169403556E+01 -0.51396885936940226526109535133145E+00
-0.13755745551650450861681183827369E+01 -0.51117387765641953127664341241109E+00
-0.13680002339030630667883751498366E+01 -0.50836094413532678553740874764819E+00
-0.13603778336694114430747261524625E+01 -0.50553015768112702376283923503260E+00
-0.13527076222152536261088386367168E+01 -0.50268161779665492158034490983919E+00
-0.13449898689707227945533840803203E+01 -0.49981542460908768345562361842211E+00
-0.13372248450354440496286564321472E+01 -0.49693167886643440515791763881260E+00
-0.13294128231689968501584100808775E+01 -0.49403048193400357367095742279581E+00
-0.13215540777813194753423884071370E+01 -0.49111193579084901614295251396643E+00
-0.13136488849230553326187223555483E+01 -0.48817614302619451878909759856841E+00
-0.13056975222758408407431019387469E+01 -0.48522320683583706662383698221442E+00
-0.12977002691425363451883781485495E+01 -0.48225323101852893168349615425926E+00
-0.12896574064373997461072018477515E+01 -0.47926631997233874076212897685210E+00
-0.12815692166762026709194897826468E+01 -0.47626257869099162084947524177972E+00
-0.12734359839662910846041126627008E+01 -0.47324211276018856251007697550209E+00
-0.12652579939965890323336588065718E+01 -0.47020502835390513556952981849161E+00
-0.12570355340275466599173904561925E+01 -0.46715143223066974655056246210474E+00
-0.12487688928810328511143231456115E+01 -0.46408143172982154258918080190055E+00
-0.12404583609301730572683287460378E+01 -0.46099513476774762816122644779976E+00
-0.12321042300891317719323878227966E+01 -0.45789264983410120009965552318490E+00
-0.12237067938028407044330809601270E+01 -0.45477408598799836441035113242099E+00
-0.12152663470366731696362879916606E+01 -0.45163955285419642290546533367144E+00
-0.12067831862660648907413644205695E+01 -0.44848916061925147492974040839756E+00
-0.11982576094660806061077094399104E+01 -0.44532302002765691257628411377639E+00
-0.11896899161009287289199517640079E+01 -0.44214124237796260614901987675020E+00
-0.11810804071134225557748592452702E+01 -0.43894393951887445244882435103554E+00
-0.11724293849143898308215283055314E+01 -0.43573122384533506883317699932737E+00
-0.11637371533720299570013936092141E+01 -0.43250320829458534431010957331602E+00
-0.11550040178012196540716501930688E+01 -0.42926000634220711527772787956549E+00
-0.11462302849527682078521191056083E+01 -0.42600173199814753529902013102514E+00
-0.11374162630026206230334048546493E+01 -0.42272849980272417091170552632493E+00
-0.11285622615410117414873468789904E+01 -0.41944042482261222864959671894020E+00
-0.11196685915615692983789740127745E+01 -0.41613762264681322835698046065639E+00
-0.11107355654503672166221155045808E+01 -0.41282020938260597835865474174865E+00
-0.11017634969749313828782509341454E+01 -0.40948830165147875956591783819664E+00
-0.10927527012731933519684315267345E+01 -0.40614201658504459251472105947794E+00
-0.10837034948423990198886615052626E+01 -0.40278147182093820565720116460624E+00
-0.10746161955279661800208904413128E+01 -0.39940678549869554395329243931831E+00
-0.10654911225122962316105186312589E+01 -0.39601807625561628806813771798600E+00
-0.10563285963035376458291318664649E+01 -0.39261546322260859227894460824837E+00
-0.10471289387243023666564414046656E+01 -0.38919906602001714753891530317181E+00
-0.10378924729003363042829222790890E+01 -0.38576900475343407417271120343861E+00
-0.10286195232491427399521797339472E+01 -0.38232540000949317132258329995265E+00
-0.10193104154685601852739321145707E+01 -0.37886837285164754504331531615090E+00
-0.10099654765252952716987590187536E+01 -0.37539804481593069894750132529236E+00
-0.10005850346434098307603287134695E+01 -0.37191453790670122386907571892765E+00
-0.99116941929276389173314488322429E+00 -0.36841797459237161355992308800434E+00
-0.98171896117741383381247195181807E+00 -0.36490847780112070596218600659136E+00
-0.97223399222396747505749864693766E+00 -0.36138617091659081999040989118152E+00
-0.96271484556989485438245084205961E+00 -0.35785117777356835320468568873234E+00
-0.95316185555179639792219304804782E+00 -0.35430362265364981146705286353855E+00
-0.94357535769362834223768105382047E+00 -0.35074363028089182822768898067477E+00
-0.93395568869488584951341255330722E+00 -0.34717132581744610893980141082948E+00
-0.92430318641874412195339483827506E+00 -0.34358683485917963780551537734201E+00
-0.91461818988015833964370613527234E+00 -0.33999028343127946330561786989590E+00
-0.90490103923392230835246068681633E+00 -0.33638179798384330237170092148508E+00
-0.89515207576268642204410393999217E+00 -0.33276150538745512723508519989435E+00
-0.88537164186493558572801264944920E+00 -0.32912953292874670236386931687266E+00
-0.87556008104292696514796012873607E+00 -0.32548600830594482919913978977626E+00
-0.86571773789058870615532385286995E+00 -0.32183105962440410494590346435634E+00
-0.85584495808137922453774579753992E+00 -0.31816481539212659236988177669264E+00
-0.84594208835610819798441692584777E+00 -0.31448740451526710921658737384522E+00
-0.83600947651071929571591081435030E+00 -0.31079895629362483952936527654272E+00
-0.82604747138403449310321882681443E+00 -0.30709960041612248209431633276972E+00
-0.81605642284546254909480772655854E+00 -0.30338946695627099271142183266657E+00
-0.80603668178266836703772098292551E+00 -0.29966868636762212489160934216733E+00
-0.79598860008920788317535354778630E+00 -0.29593738947920781822985810699043E+00
-0.78591253065212560482559930573544E+00 -0.29219570749096649274663762442904E+00
-0.77580882733951629873813065511756E+00 -0.28844377196915756403567287879921E+00
-0.76567784498805252042627351235773E+00 -0.28468171484176293632659458983979E+00
-0.75551993939047582212157828758527E+00 -0.28090966839387660019482883936443E+00
-0.74533546728305476600571413844344E+00 -0.27712776526308241918071132622070E+00
-0.73512478633300828076525675925924E+00 -0.27333613843481915757012005799914E+00
-0.72488825512589477919651137526001E+00 -0.26953492123773521191582102495186E+00
-0.71462623315296984318571800044709E+00 -0.26572424733903064083497369815092E+00
-0.70433908079850888988951558984113E+00 -0.26190425073978854546876465626219E+00
-0.69402715932709935346098237615316E+00 -0.25807506577029531725775634262255E+00
-0.68369083087090002002139770521838E+00 -0.25423682708534935614544558303367E+00
-0.67333045841686869707257011899548E+00 -0.25038966965955970540834117382416E+00
-0.66294640579395941504663478616106E+00 -0.24653372878263370184128334667681E+00
-0.65253903766028842469291779904751E+00 -0.24266914005465427613776225067609E+00
-0.64210871949027018132510514079617E+00 -0.23879603938134710195026099309890E+00
-0.63165581756172347173127579228833E+00 -0.23491456296933758795626892784684E+00
-0.62118069894294805640631793326835E+00 -0.23102484732139813727177879428823E+00
-0.61068373147977249008416174702065E+00 -0.22712702923168552330276787595082E+00
-0.60016528378257310106500581345208E+00 -0.22322124578096900738665938447488E+00
-0.58962572521326513431869097804151E+00 -0.21930763433184907330114404113467E+00
-0.57906542587226612928271832664034E+00 -0.21538633252396689329311091460626E+00
-0.56848475658543172041264367326366E+00 -0.21145747826920504536278036130725E+00
-0.55788408889096501708512421135941E+00 -0.20752120974687954452288508467377E+00
-0.54726379502629930947615293444700E+00 -0.20357766539892293877963586283963E+00
-0.53662424791495448938858915717270E+00 -0.19962698392505949573010142987648E+00
-0.52596582115336852962233882245791E+00 -0.19566930427797207560300154221356E+00
-0.51528888899770312609591676637157E+00 -0.19170476565846093909582130904809E+00
-0.50459382635062519644727207932037E+00 -0.18773350751059477727032511064305E+00
-0.49388100874806335494893771201897E+00 -0.18375566951685419729995145498566E+00
-0.48315081234594110926443618225815E+00 -0.17977139159326812359751258724972E+00
-0.47240361390688648759826709805247E+00 -0.17578081388454235228045387753797E+00
-0.46163979078691804404934120230227E+00 -0.17178407675918160385709197779100E+00
-0.45085972092210899382464250616805E+00 -0.16778132080460486001613534471851E+00
-0.44006378281522871145447380104046E+00 -0.16377268682225342235329066260936E+00
-0.42925235552236198923726963735567E+00 -0.15975831582269390920896419074078E+00
-0.41842581863950854312931244990009E+00 -0.15573834902071302288966707737593E+00
-0.40758455228915877196132762385371E+00 -0.15171292783040883057938910272740E+00
-0.39672893710685231119722391566577E+00 -0.14768219386027404216249067192822E+00
-0.38585935422771334517369134236049E+00 -0.14364628890827479018584978979140E+00
-0.37497618527296831537114577914443E+00 -0.13960535495692447208084597254709E+00
-0.36407981233644355608261005082294E+00 -0.13555953416835110370619626909368E+00
-0.35317061797104375614378802415849E+00 -0.13150896887936105562670131714566E+00
-0.34224898517521254190833058885865E+00 -0.12745380159649701856566093583129E+00
-0.33131529737937430801355362085217E+00 -0.12339417499109220282639522466271E+00
-0.32036993843235902208640263517957E+00 -0.11933023189432004970625857428732E+00
-0.30941329258780945332854754119415E+00 -0.11526211529223931904761502006633E+00
-0.29844574449057136599757764701676E+00 -0.11118996832083625381628172304476E+00
-0.28746767916306760467523815057940E+00 -0.10711393426106188454099792997864E+00
-0.27647948199165567278557869886378E+00 -0.10303415653386745677680567314498E+00
-0.26548153871297038921790542069827E+00 -0.98950778695234913341673645819863E-01
-0.25447423540025023818622721524362E+00 -0.94863944431205734231875502482912E-01
-0.24345795844964966476703294867078E+00 -0.90773797552906342920953290261294E-01
-0.23243309456653651009121430855506E+00 -0.86680481991571367557405329269828E-01
-0.22140003075177561950220574222878E+00 -0.82584141793564010187904872370176E-01
-0.21035915428799836818387757789257E+00 -0.78484921115394908541536834127375E-01
-0.19931085272585895365680808220014E+00 -0.74382964218739061620713869567133E-01
-0.18825551387027791483063458144825E+00 -0.70278415465450934557088005260095E-01
-0.17719352576667317714710794477007E+00 -0.66171419312578088513108457987843E-01
-0.16612527668717820232612919946975E+00 -0.62062120307374301009960803019456E-01
-0.15505115511684923852923788215917E+00 -0.57950663082311044752122250013436E-01
-0.14397154973986044035033891792836E+00 -0.53837192350088799534413779412402E-01
-0.13288684942568792547619995906800E+00 -0.49721852898647669910396682718730E-01
-0.12179744321528365808589811975821E+00 -0.45604789586178354818631029620979E-01
-0.11070372030723801799662921399986E+00 -0.41486147336132277288132512563681E-01
-0.99606070043933208461626267169557E-01 -0.37366071132233148214674100875040E-01
-0.88504881897686517299032829337638E-01 -0.33244706013488556114367408275414E-01
-0.77400545456883993474290129833327E-01 -0.29122197069202006827619156102440E-01
-0.66293450412105848386470160044120E-01 -0.24998689433987393095062807134394E-01
-0.55183986542242307827648065525526E-01 -0.20874328282783395474740648698947E-01
-0.44072543700601793719417804327579E-01 -0.16749258825870331177985115542746E-01
-0.32959511801010524727236658206712E-01 -0.12623626303888933147880173667090E-01
-0.21845280803904601648224796764530E-01 -0.84975759828612810282464788838849E-02
-0.10730240702415306268229825456461E-01 -0.43712531492138248226892994174053E-02
0.38521849155435681375188109900662E-03 -0.24480310480369709875735439338110E-03
0.11500706761258096172433062584372E-01 0.38816288380521746967726262944743E-02
0.22615834099042504475898650610285E-01 0.80078973615443968307871536043139E-02
0.33730210520289230422232877508010E-01 0.12133857147335501216851766863187E-01
0.44843446077362463169144924169228E-01 0.16259362881519223442965253993846E-01
0.55955150873563524857646243026083E-01 0.20384269259576547150026568764740E-01
0.67064935077089610692282576013207E-01 0.24508430991326879850402975019748E-01
0.78172408934998222559535478880000E-01 0.28631702805874422868124190371850E-01
0.89277182787176968633927182809436E-01 0.32753939456548862240913359956621E-01
0.10037886708031725709087052898334E+00 0.36874995725841434355797860069886E-01
0.11147707238189365735055736427126E+00 0.40994726430334776309718239045671E-01
0.12257140939414637335550881495105E+00 0.45112986425626116143231762665637E-01
0.13366148896806868383138536280332E+00 0.49229630611245021785514308040220E-01
0.14474692211739827868409580530900E+00 0.53344513935563406438837290208470E-01
0.15582732003261157837966314530434E+00 0.57457491400698668148426622841072E-01
0.16690229409492288817979310612523E+00 0.61568418067409430479038541021997E-01
0.17797145589028576867136410850141E+00 0.65677149059983294621608635643689E-01
0.18903441722339864818192022945582E+00 0.69783539571115880775550447664760E-01
0.20009079013171324499656258780014E+00 0.73887444866782080618426575963098E-01
0.21114018689944588749147043876708E+00 0.77988720291097485099734192500167E-01
0.22218222007159240272662483754778E+00 0.82087221271170611297200724286783E-01
0.23321650246794543646247157607569E+00 0.86182803321945379216024552578583E-01
0.24424264719711463368216900340841E+00 0.90275322051033528804754473328571E-01
0.25526026767055003033998835035331E+00 0.94364633163535600999777555445499E-01
0.26626897761656798697092564975505E+00 0.98450592466851700599990874616094E-01
0.27726839109438005614669465454297E+00 0.10253305587547994204289821099022E+00
0.28825812250812434249035998230278E+00 0.10661187941580393727248725030765E+00
0.29923778662090014642598127761579E+00 0.11068691923086607580812662403228E+00
0.31020699856880537405246922078892E+00 0.11475803158512984699297259030256E+00
0.32116537387497698936375828663721E+00 0.11882507286922721165017419142073E+00
0.33211252846363438919402362319522E+00 0.12288789960469285920533759410462E+00
0.34304807867412631055597547731077E+00 0.12694636844868365386130464746176E+00
0.35397164127498111268341882911017E+00 0.13100033619868299398282774290292E+00
0.36488283347796056763592187289452E+00 0.13504965979719044010638841179571E+00
0.37578127295211747884880188568857E+00 0.13909419633639393527901414388698E+00
0.38666657783785749510109613353010E+00 0.14313380306282666101978538538449E+00
0.39753836676100525413989469075503E+00 0.14716833738200572787671209033913E+00
0.40839625884687537692422304031888E+00 0.15119765686305321227324978549987E+00
0.41923987373434827159519853780947E+00 0.15522161924329996360799448379930E+00
0.43006883158995128218888351942695E+00 0.15924008243286717920151671016232E+00
0.44088275312194648226664016979355E+00 0.16325290451923227185275564827109E+00
0.45168125959442351753163918603809E+00 0.16725994377177049495399379302197E+00
0.46246397284140091379883154161093E+00 0.17126105864627789344088858480781E+00
0.47323051528093342245015904514321E+00 0.17525610778947113227111182646813E+00
0.48398050992922825997321349960430E+00 0.17924495004346474783143497762599E+00
0.49471358041476993804073596584598E+00 0.18322744445022544607032899975748E+00
0.50542935099245420031829975153565E+00 0.18720345025600122582403430422672E+00
0.51612744655773273298972995442879E+00 0.19117282691572604741270647204444E+00
0.52680749266076858407093705398013E+00 0.19513543409739842925365883783773E+00
0.53746911552060342128831550586146E+00 0.19909113168643257527814349772642E+00
0.54811194203933825791879858959895E+00 0.20303977978998218863130000993536E+00
0.55873559981632761368297189464698E+00 0.20698123874123504742801335500581E+00
0.56933971716238918664679740824282E+00 0.21091536910367819944552928482612E+00
0.57992392311402933633113127828937E+00 0.21484203167533159732778796650490E+00
0.59048784744768657141713119632867E+00 0.21876108749295009186710829696825E+00
0.60103112069399378012286360566555E+00 0.22267239783619242940153411991955E+00
0.61155337415206057986000349197393E+00 0.22657582423175551981919020152666E+00
0.62205423990377795637131920097558E+00 0.23047122845747332156200883584589E+00
0.63253335082814615796985672975232E+00 0.23435847254637904639472507490339E+00
0.64299034061562791989356144226018E+00 0.23823741879072878513362910750332E+00
0.65342484378252901325497340857156E+00 0.24210792974598584278477690203799E+00
0.66383649568540779326708910834088E+00 0.24596986823476391829078632056711E+00
0.67422493253551610710990991157468E+00 0.24982309735072770497401760663920E+00
0.68458979141327364254583985661009E+00 0.25366748046244947229492094280919E+00
0.69493071028277825349958549584525E+00 0.25750288121721948134518968358155E+00
0.70524732800635479909440869830835E+00 0.26132916354480943154092633692913E+00
0.71553928435914484487746834329387E+00 0.26514619166118599646096588945178E+00
0.72580622004374089866043986846816E+00 0.26895383007217306931022289617274E+00
0.73604777670486744818254323598619E+00 0.27275194357706184412960801406272E+00
0.74626359694411193896411651054405E+00 0.27654039727216362124624418095962E+00
0.75645332433471061262414034083290E+00 0.28031905655430726638522765111781E+00
0.76661660343639041169047222296108E+00 0.28408778712427522609227246737496E+00
0.77675307981027333084215538954635E+00 0.28784645499017791224011349586068E+00
0.78686240003384588187980394396900E+00 0.29159492647076403574935243714741E+00
0.79694421171599792215547957903486E+00 0.29533306819866233437799142986331E+00
0.80699816351213689185819219939342E+00 0.29906074712355438469751561827070E+00
0.81702390513938044998935394619869E+00 0.30277783051527365832947858009210E+00
0.82702108739183482058227326926728E+00 0.30648418596682823161822115203772E+00
0.83698936215596309067686031194497E+00 0.31017968139734554437590671543416E+00
0.84692838242604915378396614655436E+00 0.31386418505493241149738873464518E+00
0.85683780231976549289141195129387E+00 0.31753756551945064445840714329513E+00
0.86671727709384884084176927703062E+00 0.32119969170520144769879809927925E+00
0.87656646315989337108553063614338E+00 0.32485043286351576535698460555400E+00
0.88638501810026731341164349251750E+00 0.32848965858524724894397574080367E+00
0.89617260068416189072559977137390E+00 0.33211723880316169492277006755889E+00
0.90592887088378090774766090698059E+00 0.33573304379421947873025277404553E+00
0.91565348989068000735009968931625E+00 0.33933694418174593053810338892127E+00
0.92534612013226590008514543959302E+00 0.34292881093748386757376024669410E+00
0.93500642528846505401405166227633E+00 0.34650851538352354350823281170270E+00
0.94463407030857387335318705659518E+00 0.35007592919410341651966851103366E+00
0.95422872142830133131341062749583E+00 0.35363092439727630400272016446828E+00
0.96379004618701694032103283750686E+00 0.35717337337643396435381251888071E+00
0.97331771344521765732267680988751E+00 0.36070314887168293201486119060917E+00
0.98281139340222751597946814964711E+00 0.36422012398106529740505520679665E+00
0.99227075761414575496721306863785E+00 0.36772417216161529930296577614042E+00
0.10016954790120590219559140985526E+01 0.37121516723024446429579350432390E+00
0.10110852319205361876233229488624E+01 0.37469298336444643034529418607526E+00
0.10204396920764225846428142861687E+01 0.37815749510281156085046661966646E+00
0.10297585366479554008115900943076E+01 0.38160857734534219739053640503168E+00
0.10390414442542199738243777413425E+01 0.38504610535355735509750527133097E+00
0.10482880949849708329512443398167E+01 0.38846995475037638100034328462485E+00
0.10574981704208404806640278691184E+01 0.39188000151976923508213576166248E+00
0.10666713536539632778698532445443E+01 0.39527612200616045457792671065605E+00
0.10758073293090418429455692166324E+01 0.39865819291357415758325891059390E+00
0.10849057835648851077172487799771E+01 0.40202609130450474114514689252221E+00
0.10939664041764513820919133900026E+01 0.40537969459849831718552038624312E+00
0.11029888804974300469026356624030E+01 0.40871888057042921922385471556719E+00
0.11119729035033986221177809539523E+01 0.41204352734845155156485605805558E+00
0.11209181658155964958443508864043E+01 0.41535351341161128554279541683224E+00
0.11298243617253549090070132924009E+01 0.41864871758709375418220740933665E+00
0.11386911872192336554973477790677E+01 0.42192901904708970731114173672250E+00
0.11475183400049089771182183328466E+01 0.42519429730525397336830101303603E+00
0.11563055195378698104537951886997E+01 0.42844443221273326754254134117528E+00
0.11650524270489784454423121522245E+01 0.43167930395373669959173875121648E+00
0.11737587655729564560477480051787E+01 0.43489879304062044033656178892701E+00
0.11824242399778653184510879940692E+01 0.43810278030845664801258049037576E+00
0.11910485569956511475735076900665E+01 0.44129114690905308846310650346329E+00
0.11996314252538338226971723908331E+01 0.44446377430438917875549400223109E+00
0.12081725553084241602811954073717E+01 0.44762054425943043379491871946448E+00
0.12166716596781602815519491967339E+01 0.45076133883428027032872929070158E+00
0.12251284528801631716040928552392E+01 0.45388604037562634678583215744217E+00
0.12335426514671179538833908070380E+01 0.45699453150743227868802879478721E+00
0.12419139740660986016990511099074E+01 0.46008669512082642890675460537772E+00
0.12502421414191621068611416552141E+01 0.46316241436312988105133122202292E+00
0.12585268764258494741686179007087E+01 0.46622157262596639697510990822743E+00
0.12667679041877450905206024718296E+01 0.46926405353238837492781318461864E+00
0.12749649520552563514813572475304E+01 0.47228974092294989011335766087241E+00
0.12831177496767918070711439021087E+01 0.47529851884065122417040047290037E+00
0.12912260290505325439704838753144E+01 0.47829027151467283044405525026726E+00
0.12992895245790090709363299165035E+01 0.48126488334280966587703121226998E+00
0.13073079731267156115423159454952E+01 0.48422223887250988692951775413471E+00
0.13152811140810152990327011627645E+01 0.48716222278041219273611904580739E+00
0.13232086894166161236678205180516E+01 0.49008471985026804380322155839338E+00
0.13310904437639215512376006905024E+01 0.49298961494912403112205265343742E+00
0.13389261244815917753201353283838E+01 0.49587679300162849634229991897607E+00
0.13467154817336849854244324550922E+01 0.49874613896231432710404941934259E+00
0.13544582685717835078088743435555E+01 0.50159753778569581594303528868296E+00
0.13621542410225529585686575848951E+01 0.50443087439400234331425124256994E+00
0.13698031581812286994269529135904E+01 0.50724603364235480890718114729403E+00
0.13774047823115737924708657360256E+01 0.51004290028117198926410625261027E+00
0.13849588789529138387573023581755E+01 0.51282135891557320956334918336213E+00
0.13924652170349169433323185542138E+01 0.51558129396152055753167760408453E+00
0.13999235690008611652613419628030E+01 0.51832258959841819192370840523665E+00
0.14073337109402141607570078295375E+01 0.52104512971785796396849292441356E+00
0.14146954227314438455710168879871E+01 0.52374879786816673657967494741508E+00
0.14220084881960826680785777788206E+01 0.52643347719437834771926019694786E+00
0.14292726952651876915676838328455E+01 0.52909905037320843669428043036901E+00
0.14364878361594740465848887617827E+01 0.53174539954256961068655682062053E+00
0.14436537075845534375917007198315E+01 0.53437240622511036515647664379175E+00
0.14507701109428816914395847881626E+01 0.53697995124520562697238947901935E+00
0.14578368525642218932828199686889E+01 0.53956791463876237908476469343604E+00
0.14648537439566547557593333753330E+01 0.54213617555513005439083450727067E+00
0.14718206020804311379990562017035E+01 0.54468461215032379096124981387255E+00
0.14787372496472602806073244780654E+01 0.54721310147067459723199024639031E+00
0.14856035154479723426878269607443E+01 0.54972151932591387959948546985538E+00
0.14924192347118944794142453262221E+01 0.55220974015057981669294155588182E+00
0.14991842495017368676259680330602E+01 0.55467763685249288161704289065007E+00
0.15058984091483237664481620540321E+01 0.55712508064689120123365577490430E+00
0.15125615707301239387308517197199E+01 0.55955194087463377580329558988798E+00
0.15191735996032595390766903084911E+01 0.56195808480267245920962641769585E+00
0.15257343699885262391319271956428E+01 0.56434337740475092894556174216189E+00
0.15322437656229446344977932006952E+01 0.56670768112001362924414817553377E+00
0.15387016804845451116346555131660E+01 0.56905085558688413956191247167687E+00
0.15451080196004648872174571901020E+01 0.57137275734919894126083361172833E+00
0.15514626999500831248965853682496E+01 0.57367323953114779400855024627781E+00
0.15577656514768703605884306435317E+01 0.57595215147706146534386879396714E+00
0.15640168182249608158480831887402E+01 0.57820933835149172315374390292876E+00
0.15702161596192541891802362397294E+01 0.58044464069432544343401369621552E+00
0.15763636519112186300039046552637E+01 0.58265789392484589926436801005451E+00
0.15824592898166391628693205961804E+01 0.58484892778767173610314582727537E+00
0.15885030883765038239641442655189E+01 0.58701756573233537356216959088440E+00
0.15944950850782577744755829018809E+01 0.58916362421686649148186527068795E+00
0.16004353422820688040204547491737E+01 0.59128691192407261480207627350978E+00
0.16063239500058901239295373191019E+01 0.59338722887719062412970347768902E+00
0.16121610291344548268668477829728E+01 0.59546436543914223497348081644977E+00
0.16179467351314989190219730319518E+01 0.59751810117665387333102920163770E+00
0.16236812623523079222969554697356E+01 0.59954820356686788862470014427998E+00
0.16293648490761921429573279818107E+01 0.60155442651960521085109271809836E+00
0.16349977834071853616517302383919E+01 0.60353650868289498796915228962125E+00
0.16405804102280799974158516937508E+01 0.60549417149254171915754968579126E+00
0.16461131394406462977135089622622E+01 0.60742711691773786813628825106032E+00
0.16515964557870443031059334508154E+01 0.60933502484420801714855212996721E+00
0.16570309306299888761592169607790E+01 0.61121755002134542748933353588763E+00
0.16624172361774813020060955089000E+01 0.61307431848545793724078883737253E+00
0.16677561627889755847705124551478E+01 0.61490492333776649806436135990259E+00
0.16730486401900945628428165871027E+01 0.61670891975710607770379066934135E+00
0.16782957637330920946142270249381E+01 0.61848581899282037987434345421153E+00
0.16834988271324453371092660864375E+01 0.62023508131580313686737984133596E+00
0.16886593639490196871258347435594E+01 0.62195610697351854466834749671410E+00
0.16937792000297478153649243002127E+01 0.62364822669234944266913334282894E+00
0.16988605228891082234062077858328E+01 0.62531068531125979948063964434786E+00
0.17039059680451216576933288590619E+01 0.62694263555326474423087255077972E+00
0.17089187482199879310511850663245E+01 0.62854308746289375378908057315647E+00
0.17139027866279291646027430943195E+01 0.63011097379271968831085805545830E+00
0.17188630281169152459852834539982E+01 0.63164484209983137499009406818300E+00
0.17238055016011398906679650348341E+01 0.63314365047690210512398984091765E+00
0.17297246151444685489016515493407E+01 0.63489244406681262683581404734293E+00
0.17356483979549277324101652492465E+01 0.63658378777511627222369489823559E+00
0.17416036226017984933118537569729E+01 0.63821268286085888948013998980268E+00
0.17476309248911418768739595171859E+01 0.63977264067313571107683561996960E+00
0.17537968987366608245903929862251E+01 0.64125459582536811031703617376648E+00
0.17598814459510416791993543246343E+01 0.64257529086907416119323753150264E+00
0.17656126534961142066071391263834E+01 0.64365916828850823855890513424723E+00
0.17710153739294801315945188034016E+01 0.64449872218666369649492036758624E+00
0.17761145581330887386384600711024E+01 0.64509918392444119577761650191670E+00
