0.12635417509167770228501869008309E+00 0.11843574399120437455918618109970E+00
0.13664487252593225306024445278725E+00 0.11848392764470068908916644469374E+00
0.14633825683289831806097136313595E+00 0.11853303856313185078083807883549E+00
0.15539376363455468692800730685617E+00 0.11858007141162840031560893623804E+00
0.16378032448317741957475610827087E+00 0.11862514049693060220533988980983E+00
0.17146531100545268189024154279136E+00 0.11866795945193301357421686530642E+00
0.17845593673625734494655113956123E+00 0.11870827218922507584454179138912E+00
0.18489812417067009449510036201548E+00 0.11874661545571542910435741905413E+00
0.19091497319237610389421168973802E+00 0.11878348198527928081418730005835E+00
0.19658841304374012795873946692139E+00 0.11881918878398075749284441362575E+00
0.20197642273015402764487257980548E+00 0.11885395405043417746495934910271E+00
0.19658841304374012795873946692139E+00 0.11881918878398075749284441362575E+00
0.19091497319237610389421168973802E+00 0.11878348198527928081418730005835E+00
0.18489812417067009449510036201548E+00 0.11874661545571542910435741905413E+00
0.17845593673625734494655113956123E+00 0.11870827218922507584454179138912E+00
0.17146531100545268189024154279136E+00 0.11866795945193301357421686530642E+00
0.16378032448317741957475610827087E+00 0.11862514049693060220533988980983E+00
0.15539376363455468692800730685617E+00 0.11858007141162840031560893623804E+00
0.14633825683289831806097136313595E+00 0.11853303856313185078083807883549E+00
0.13664487252593225306024445278725E+00 0.11848392764470068908916644469374E+00
0.12635417509167770228501869008309E+00 0.11843574399120437455918618109970E+00
0.11914120699018933495241169795109E+00 0.13138088680925159157185871823842E+00
0.11273161967324490129153618014093E+00 0.14542159570569219382324318202153E+00
0.10665193801021607222411196845362E+00 0.16034389058573505246078100290560E+00
0.10096795350230955969897419234741E+00 0.17619001569663872244743741802037E+00
0.95647049797047345585579998558955E-01 0.19294698963026008891731557693842E+00
0.90866168230617824887728530161986E-01 0.20979455167828126368935424687357E+00
0.86681750236373885814218918660817E-01 0.22609073320581077615989374421663E+00
0.82944101060032158143023242126706E-01 0.24199922455063656982961268981935E+00
0.79555766756517845525754918221965E-01 0.25761835193350468916707386592775E+00
0.76451819073338473206016060040477E-01 0.27301255489197672736627228336251E+00
0.74044500751072186258038210579866E-01 0.28570087161426737857754133034656E+00
0.71778727793762696322873255203755E-01 0.29828223462772004743318599580979E+00
0.69636895236190066638580428008397E-01 0.31077097321714110297724132208210E+00
0.67604765037498456202735561717353E-01 0.32317840783464597667568238611740E+00
0.65670517824739155511764088646550E-01 0.33551358905913867834266726713468E+00
0.63824210228466139235554704477161E-01 0.34778384088279204792849074847756E+00
0.62057385452986481024786143609364E-01 0.35999515183863471532576013762957E+00
0.60362783181212215185788748361851E-01 0.37215246173691474483880840525185E+00
0.58734118722477573386566958512620E-01 0.38425987567751768475733321218090E+00
0.57165911990445786731300155396323E-01 0.39632082639274164018969069713459E+00
0.55653353139052451777359249881454E-01 0.40833819919386582724075485469371E+00
0.54192195652323831248028658430586E-01 0.42031442939460657929847976561273E+00
0.52778670313433903502959297070203E-01 0.43225157916955805946299491968079E+00
0.51409415269963854659080462007237E-01 0.44415139883545512776149285975485E+00
0.50081418659890471833681405569097E-01 0.45601537618635215935280588216919E+00
0.48791971147734024950598312664035E-01 0.46784477656349417251039236941013E+00
0.47538626358204302528053993014839E-01 0.47964067566456978597665802506086E+00
0.46319167661254528168420869812758E-01 0.49140398660915700836494421719834E+00
0.45131580108217667108216785363292E-01 0.50313548242046822225675381006099E+00
0.43974026578023332226193281486655E-01 0.51483581481955772078071315581579E+00
0.42844827389144689494752927952394E-01 0.52650553003065847906366191112788E+00
0.41742442783565302310072979792392E-01 0.53814508214702181350560559060885E+00
0.40665457805543420850424138407012E-01 0.54975484449268328818101813577002E+00
0.39612569188820811362203118999095E-01 0.56133511932783568081113782162070E+00
0.38582573937379953740143561274618E-01 0.57288614617736272725147288479350E+00
0.37574359341484725341923823191273E-01 0.58440810900877095211663496849124E+00
0.36586894215929623853409710448607E-01 0.59590114244373668274224689486649E+00
0.35619221183733606345789551719831E-01 0.60736533715413204762956842438901E+00
0.34670449857869370508413350044609E-01 0.61880074456675053756403828391106E+00
0.33739750797494466220720241767682E-01 0.63020738097954445104211063046478E+00
0.32826350134674418380836679396329E-01 0.64158523117487498998220834821970E+00
0.31929524783642814205747478288207E-01 0.65293425160121423488136997862657E+00
0.31048598157906466439852357126329E-01 0.66425437318324457493601882409423E+00
0.30182936331516991534120381556267E-01 0.67554550381086662314806571568553E+00
0.29331944590013160323635659944920E-01 0.68680753054985157477378251989293E+00
0.28495064324230346804159997014058E-01 0.69804032161042017429334247269487E+00
0.27671770226642227467048529508441E-01 0.70924372810467456735026684179698E+00
0.26861567755360724229811481754341E-01 0.72041758561932669749913508050876E+00
0.26063990835546632727701243459025E-01 0.73156171562641061318184710824397E+00
0.25278599771919634447924222134097E-01 0.74267592675150559692175589974446E+00
0.24504979349414241426005768759568E-01 0.75376001591632532591014291471815E+00
0.23742737101900591007967824024187E-01 0.76481376937026702511434744043125E+00
0.22991501731360525695653967810693E-01 0.77583696362358881577722967211715E+00
0.22250921662031745468785053799568E-01 0.78682936629324215112758383266548E+00
0.21520663715871906219048857636494E-01 0.79779073687098550248475145904165E+00
0.20800411897283769797178266388343E-01 0.80872082742219579473308170562184E+00
0.20089866276423893727771809055512E-01 0.81961938322276234577251304474303E+00
0.19388741961619189997977320670470E-01 0.83048614334055268114635540231307E+00
0.18696768152467502649100837098033E-01 0.84132084116716549017144255194796E+00
0.18013687266114568754487019247328E-01 0.85212320490501795535014114071999E+00
0.17339254130005127629654446449876E-01 0.86289295801423007753091679355130E+00
0.16673235235115025057743499444415E-01 0.87362981962326315271059383011819E+00
0.16015408044293644099398109808347E-01 0.88433350490682495723537300788005E+00
0.15365560350894576185145429593826E-01 0.89500372543416826258402349813013E+00
0.14723489683361766133720911511920E-01 0.90564018949056824455666387330342E+00
0.14089002751866139912398498180650E-01 0.91624260237446628956353621244456E+00
0.13461914933473022565625091593730E-01 0.92681066667250477879406485859030E+00
0.12842049792658244988882068444015E-01 0.93734408251444752321347571062024E+00
0.12229238634295644981192993680304E-01 0.94784254780977110757077967877106E+00
0.11623320086507964301025745971344E-01 0.95830575846753727141991252637980E+00
0.11024139711015586838631687670858E-01 0.96873340860099067524864039298562E+00
0.10431549638833299183640063324666E-01 0.97912519071818647414279476340253E+00
0.98454082293582325704465952454691E-02 0.98948079589982404290826218580716E+00
0.92655797510696333253235622718303E-02 0.99979991396535031727610849818522E+00
0.86919340822131202670265374638090E-02 0.10100822336282955310717601658809E+01
0.81243464299874980410004325169461E-02 0.10203274426417129236094522586653E+01
0.75626970668755445468292846699340E-02 0.10305352279345141736429509410258E+01
0.70068710828775347964459103709688E-02 0.10407052757394203377144678039201E+01
0.64567581525113856702643725067305E-02 0.10508372717131796032843673559571E+01
0.59122523155310569453656094897216E-02 0.10609309010496518533882778840243E+01
0.53732517704093611312330230323864E-02 0.10709858485862974223182174835236E+01
0.48396586796996946364208158590261E-02 0.10810017989045711325947936739307E+01
0.43113789864683820639504175339805E-02 0.10909784364246700776916379541950E+01
0.37883222410487548387823926771261E-02 0.11009154454950512361714890343435E+01
0.32704014374286333955230600052555E-02 0.11108125104770984462387761103555E+01
0.27575328586356686959888750080668E-02 0.11206693158252844693492420908311E+01
0.22496359305323632093535683949070E-02 0.11304855461631492406310601118437E+01
0.17466330834791580189099200571741E-02 0.11402608863553853940296846780911E+01
0.12484496213604595836409908866491E-02 0.11499950215762996143364981108674E+01
0.75501359751178007983097265855039E-03 0.11596876373749009828068582493085E+01
0.26625569711270943530206134682564E-03 0.11693384197368387330368363101566E+01
-0.21789087435195891103671990009786E-03 0.11789470551434052788504933832736E+01
-0.69749049693547904590871358285553E-03 0.11885132306277935198829539006349E+01
-0.11726052367225120568721835422437E-02 0.11980366338287906350188223958971E+01
-0.16432949412931399016217273976885E-02 0.12075169530420723102640510918858E+01
-0.21096173304569446608398283058704E-02 0.12169538772692497869926755894847E+01
-0.25716280825351142294938009734718E-02 0.12263470962648127651460654540790E+01
-0.30293809164501011085866936634513E-02 0.12356963005810977682380750108352E+01
-0.34829276698650770899900559374221E-02 0.12450011816114036216162616897144E+01
-0.39323183735985462534301844972523E-02 0.12542614316313676442431587804427E+01
-0.43776013225254549116694821190420E-02 0.12634767438387058151400387610706E+01
-0.48188231431612892930892328520454E-02 0.12726468123914149719296349603885E+01
-0.52560288581142884003996586138485E-02 0.12817713324445264353857610967506E+01
-0.56892619475774502424797333908288E-02 0.12908500001854958240893671145609E+01
-0.61185644080222748345288932603972E-02 0.12998825128683068878023303327976E+01
-0.65439768082453701816289166558743E-02 0.13088685688463613826097098960735E+01
-0.69655383429095164048619158940686E-02 0.13178078676042241407950467769753E+01
-0.73832868837132821791066537945823E-02 0.13267001097882857016621674463311E+01
-0.77972590283120388220190894516746E-02 0.13355449972364007420101418529881E+01
-0.82074901471101528836755426974720E-02 0.13443422330065597770148575482699E+01
-0.86140144280323827967309082948781E-02 0.13530915214046424309892392024132E+01
-0.90168649193789837766037032521157E-02 0.13617925680113030578312356845056E+01
-0.94160735708625451339480724457781E-02 0.13704450797080323022414768187801E+01
-0.98116712729168914690564699253642E-02 0.13790487647024363355170060168455E+01
-0.10203687894365582715075215769953E-01 0.13876033325527748182092938274762E+01
-0.10592152318530789298628106113577E-01 0.13961084941917921195721331993323E+01
-0.10977092477859196763014271875647E-01 0.14045639619498786159896125480349E+01
-0.11358535387137667235351263134672E-01 0.14129694495775937138891791442198E+01
-0.11736507175366477474272884219883E-01 0.14213246722675790721042891175872E+01
-0.12111033116354676721791913989178E-01 0.14296293466758949750185668919810E+01
-0.12482137658098488695927314710214E-01 0.14378831909428013069011198799574E+01
-0.12849844451000116431229164504059E-01 0.14460859247130127127355682357862E+01
-0.13214176374981053210267740352632E-01 0.14542372691554496490150001043027E+01
-0.13575155565541955190836919491135E-01 0.14623369469825068670789971553009E+01
-0.13932803438816724627506803840313E-01 0.14703846824688624342464733949226E+01
-0.14287140715667577241618786649891E-01 0.14783802014698447011137386108268E+01
-0.14638187444864722608856803881585E-01 0.14863232314393773816166623908494E+01
-0.14985963025390583265965691824849E-01 0.14942135014475198752189887167916E+01
-0.15330486227909806464953512539191E-01 0.15020507421976180114511213116161E+01
-0.15671775215440133809822397215166E-01 0.15098346860430832692726583679318E+01
-0.16009847563260526879027133574733E-01 0.15175650670038121740720229614830E+01
-0.16344720278089542958909072085705E-01 0.15252416207822619304073602763632E+01
-0.16676409816565387858743474847746E-01 0.15328640847791945640465563883596E+01
-0.17004932103058157935565506827121E-01 0.15404321981091011900554486106904E+01
-0.17330302546842314406238050911259E-01 0.15479457016153191846503769736822E+01
-0.17652536058657207655990975034466E-01 0.15554043378848525699377059003576E+01
-0.17971647066680738982326388702113E-01 0.15628078512629058074720846157600E+01
-0.18287649531941177715097752868553E-01 0.15701559878671414239803114285045E+01
-0.18600556963190178788997628266498E-01 0.15774484956016700962623741761627E+01
-0.18910382431259449674849784299253E-01 0.15846851241707826898735890147026E+01
-0.19217138582922094696345071568904E-01 0.15918656250924315736693952693579E+01
-0.19520837654278554786854340776753E-01 0.15989897517114698249974596512999E+01
-0.19821491483686754810210692403459E-01 0.16060572592126558969657972950410E+01
-0.20119111524254360137165786203110E-01 0.16130679046334297538648851760843E+01
-0.20413708855910624297889306663542E-01 0.16200214468764683059576614402659E+01
-0.20705294197074892263873279602194E-01 0.16269176467220260793607169666248E+01
-0.20993877915936137105319499096784E-01 0.16337562668400661817449302308012E+01
-0.21279470041361251671601720331294E-01 0.16405370718021894819217534267657E+01
-0.21562080273443395297712099410503E-01 0.16472598280933641536302454775248E+01
-0.21841717993706706183106873715521E-01 0.16539243041234645179594594827643E+01
-0.22118392274979107547762010910522E-01 0.16605302702386203573769186571955E+01
-0.22392111890946192170276298407483E-01 0.16670774987323836549089952187326E+01
-0.22662885325398250353463081274738E-01 0.16735657638567167921294419891039E+01
-0.22930720781181496689908418729265E-01 0.16799948418328052159635016046506E+01
-0.23195626188865382188522718528411E-01 0.16863645108617000046459742682912E+01
-0.23457609215134866352528828083919E-01 0.16926745511347929564034873881526E+01
-0.23716677270919784461467370393519E-01 0.16989247448441279067956197993379E+01
-0.23972837519268452257789432930018E-01 0.17051148761925530142540691037280E+01
-0.24226096882977116047073635118041E-01 0.17112447314037143721101990833854E+01
-0.24476462051982335765873725769358E-01 0.17173140987318976188294517892668E+01
-0.24723939490524882899197713794187E-01 0.17233227684717168902584506373884E+01
-0.24968535444094444126184621384189E-01 0.17292705329676566659266347256925E+01
-0.25210255946161183621991723035589E-01 0.17351571866234675352518798980577E+01
-0.25449106824702859965334818433119E-01 0.17409825259114187931346946887827E+01
-0.25685093708533490755573408088099E-01 0.17467463493814105352906994966040E+01
-0.25918222033441293091971882741720E-01 0.17524484576699470511278583417328E+01
-0.26148497048142047134669166784196E-01 0.17580886535089739367945066006514E+01
-0.26375923820053805368014900150358E-01 0.17636667417345809200160569993106E+01
-0.26600507240899355964540371642842E-01 0.17691825292955722213839165908430E+01
-0.26822252032141956649780063869069E-01 0.17746358252619067493037727161210E+01
-0.27041162750260135208217310900965E-01 0.17800264408330088352117574998127E+01
-0.27257243791866256206736628376853E-01 0.17853541893459528201207778670827E+01
-0.27470499398674656990131456326103E-01 0.17906188862835214743156235434590E+01
-0.27680933662323547289273435004141E-01 0.17958203492821406835130194099229E+01
-0.27888550529055946920230358031793E-01 0.18009583981396916710197622675661E+01
-0.28093353804263776254685614532785E-01 0.18060328548232021683449248097794E+01
-0.28295347156899307402091491629596E-01 0.18110435434764175773337057793274E+01
-0.28494534123758585371956248665993E-01 0.18159902904272537768121214936070E+01
-0.28690918113640579026538617568915E-01 0.18208729241951323971968475085717E+01
-0.28884502411385516301696487970886E-01 0.18256912754982000867124234683491E+01
-0.29075290181796743605986956419208E-01 0.18304451772604323806166951632120E+01
-0.29263284473449263605905849632427E-01 0.18351344646186237524324043007911E+01
-0.29448488222388398483900146843720E-01 0.18397589749292643391379102948578E+01
-0.29630904255721661526383484049313E-01 0.18443185477753043597085442823818E+01
-0.29810535295107629376715313175601E-01 0.18488130249728077628408365126306E+01
-0.29987383960143989105484297798334E-01 0.18532422505774948174560399956747E+01
-0.30161452771658346193762650480729E-01 0.18576060708911753991724817232408E+01
-0.30332744154904247750225744451914E-01 0.18619043344680734678814117780979E+01
-0.30501260442665121909433867557971E-01 0.18661368921210431991701639342031E+01
-0.30667003878269005407167261470569E-01 0.18703035969276778967591425924892E+01
-0.30829976618516243117496245944781E-01 0.18744043042363120416627029629367E+01
-0.30990180736522612927431724910076E-01 0.18784388716719173287817333001480E+01
-0.31147618224480392631580247098395E-01 0.18824071591418931366921066495107E+01
-0.31302290996339429755963561728213E-01 0.18863090288417518474719787942828E+01
-0.31454200890410311243552774723705E-01 0.18901443452607004456717789616464E+01
-0.31603349671891865118486615635231E-01 0.18939129751871174642695437825530E+01
-0.31749739035324768709995515125829E-01 0.18976147877139271148002606830396E+01
-0.31893370606973476112087549188914E-01 0.19012496542438704570649242087256E+01
-0.32034245947137940331415842339229E-01 0.19048174484946739091428919002900E+01
-0.32172366552397203284920175601281E-01 0.19083180465041161501433319927565E+01
-0.32307733857786354480398914498605E-01 0.19117513266349931018263179027413E+01
-0.32440349238908736685750057143391E-01 0.19151171695799819767500113872182E+01
-0.32570214013984585098916068666674E-01 0.19184154583664044185441496496621E+01
-0.32697329445838172808658514791271E-01 0.19216460783608891140556736853388E+01
-0.32821696743824399451512238482577E-01 0.19248089172739345677219418043183E+01
-0.32943317065696539201251913759788E-01 0.19279038651643717361170737526674E+01
-0.33062191519416469381013724975100E-01 0.19309308144437274088304811503710E+01
-0.33178321164908532150913369137621E-01 0.19338896598804884542617781872372E+01
-0.33291707015758534268894433841432E-01 0.19367802986042668848437629302506E+01
-0.33402350040858870704535868940019E-01 0.19396026301098665910426316855564E+01
-0.33510251166001018051579350875453E-01 0.19423565562612514271418986352618E+01
-0.33615411275416608187047660427136E-01 0.19450419812954153662759924986597E+01
-0.33717831213267937608249151413888E-01 0.19476588118261545053191675670116E+01
-0.33817511785089243825971947315803E-01 0.19502069568477415839685861274612E+01
-0.33914453759179412071280161167633E-01 0.19526863277385028257050000228373E+01
-0.34008657867947336709930441973849E-01 0.19550968382642975642643580033763E+01
-0.34100124809210763420298028683141E-01 0.19574384045819006987192515786048E+01
-0.34188855247449368113870969995643E-01 0.19597109452422882652575012702355E+01
-0.34274849815013168775697063786205E-01 0.19619143811938261677730104950433E+01
-0.34358109113286786977836052679648E-01 0.19640486357853623026502697407182E+01
-0.34438633713810650350807146751509E-01 0.19661136347692222340987119023650E+01
-0.34516424159359538877951978736480E-01 0.19681093063041085367267294051253E+01
-0.34591480964979505502267491661871E-01 0.19700355809579039085252173596918E+01
-0.34663804618983632345796843168544E-01 0.19718923917103783101708470069756E+01
-0.34733395583907347279570237830902E-01 0.19736796739558000097824668905772E+01
-0.34800254297423949704278894875235E-01 0.19753973655054509705235466848272E+01
-0.34864381173220885957271400981106E-01 0.19770454065900463836610704968367E+01
-0.34925776601837387013251667118363E-01 0.19786237398620586441316370225980E+01
-0.34984440951463945569251930319067E-01 0.19801323103979457967492313345341E+01
-0.35040374568704185386244535733887E-01 0.19815710657002845244725740553287E+01
-0.35093577779299738554998636329212E-01 0.19829399556998078233808431120194E+01
-0.35144050888817903738556410010010E-01 0.19842389327573473773778234422404E+01
-0.35191794183304744744577868681582E-01 0.19854679516656807341905319025015E+01
-0.35236807929897456323070283658730E-01 0.19866269696512835072154375350505E+01
-0.35279092377415430424355511717934E-01 0.19877159463759859716070531875284E+01
-0.35318647756875380076766239901310E-01 0.19887348439385362795118876739288E+01
-0.35355474282089283564776326465059E-01 0.19896836268760641478059882546790E+01
-0.35389572149889404119036875925404E-01 0.19905622621654628059936152033329E+01
-0.35420941541286834499711720940727E-01 0.19913707192246385495959439217490E+01
-0.35449582619834099135196075528290E-01 0.19921089699137726885494289654497E+01
-0.35467161018283452092362234536773E-01 0.19925621207106677556248652201172E+01
-0.35483526940442610030837833136720E-01 0.19929840501951352328506943222379E+01
-0.35498680423885479150610268102099E-01 0.19933747518398132790933227425088E+01
-0.35512621503142484019240557847241E-01 0.19937342196004028747455544801364E+01
-0.35525350209861070965946076912247E-01 0.19940624479157667377545155396810E+01
-0.35537472694906642197925137423399E-01 0.19943750628370086583455936465470E+01
-0.35549595089618533896053758587124E-01 0.19946876938814058038520326836494E+01
-0.35561717394159230124781408715463E-01 0.19950003410495124386210226884957E+01
-0.35573839608810918810989481964315E-01 0.19953130043418781714015575423639E+01
-0.35585961733482132305898943211904E-01 0.19956256837590670830797584597690E+01
-0.35573839608810918810989481964315E-01 0.19953130043418781714015575423639E+01
-0.35561717394159230124781408715463E-01 0.19950003410495124386210226884957E+01
-0.35549595089618533896053758587124E-01 0.19946876938814058038520326836494E+01
-0.35537472694906642197925137423399E-01 0.19943750628370086583455936465470E+01
-0.35525350209861070965946076912247E-01 0.19940624479157667377545155396810E+01
-0.35512621503142484019240557847241E-01 0.19937342196004028747455544801364E+01
-0.35498680423885479150610268102099E-01 0.19933747518398132790933227425088E+01
-0.35483526940442610030837833136720E-01 0.19929840501951352328506943222379E+01
-0.35467161018283452092362234536773E-01 0.19925621207106677556248652201172E+01
-0.35449582619834099135196075528290E-01 0.19921089699137726885494289654497E+01
-0.35420941541286834499711720940727E-01 0.19913707192246385495959439217490E+01
-0.35389572149889404119036875925404E-01 0.19905622621654628059936152033329E+01
-0.35355474282089283564776326465059E-01 0.19896836268760641478059882546790E+01
-0.35318647756875380076766239901310E-01 0.19887348439385362795118876739288E+01
-0.35279092377415430424355511717934E-01 0.19877159463759859716070531875284E+01
-0.35236807929897456323070283658730E-01 0.19866269696512835072154375350505E+01
-0.35191794183304744744577868681582E-01 0.19854679516656807341905319025015E+01
-0.35144050888817903738556410010010E-01 0.19842389327573473773778234422404E+01
-0.35093577779299738554998636329212E-01 0.19829399556998078233808431120194E+01
-0.35040374568704185386244535733887E-01 0.19815710657002845244725740553287E+01
-0.34984440951463945569251930319067E-01 0.19801323103979457967492313345341E+01
-0.34925776601837387013251667118363E-01 0.19786237398620586441316370225980E+01
-0.34864381173220885957271400981106E-01 0.19770454065900463836610704968367E+01
-0.34800254297423949704278894875235E-01 0.19753973655054509705235466848272E+01
-0.34733395583907347279570237830902E-01 0.19736796739558000097824668905772E+01
-0.34663804618983632345796843168544E-01 0.19718923917103783101708470069756E+01
-0.34591480964979505502267491661871E-01 0.19700355809579039085252173596918E+01
-0.34516424159359538877951978736480E-01 0.19681093063041085367267294051253E+01
-0.34438633713810650350807146751509E-01 0.19661136347692222340987119023650E+01
-0.34358109113286786977836052679648E-01 0.19640486357853623026502697407182E+01
-0.34274849815013168775697063786205E-01 0.19619143811938261677730104950433E+01
-0.34188855247449368113870969995643E-01 0.19597109452422882652575012702355E+01
-0.34100124809210763420298028683141E-01 0.19574384045819006987192515786048E+01
-0.34008657867947336709930441973849E-01 0.19550968382642975642643580033763E+01
-0.33914453759179412071280161167633E-01 0.19526863277385028257050000228373E+01
-0.33817511785089243825971947315803E-01 0.19502069568477415839685861274612E+01
-0.33717831213267937608249151413888E-01 0.19476588118261545053191675670116E+01
-0.33615411275416608187047660427136E-01 0.19450419812954153662759924986597E+01
-0.33510251166001018051579350875453E-01 0.19423565562612514271418986352618E+01
-0.33402350040858870704535868940019E-01 0.19396026301098665910426316855564E+01
-0.33291707015758534268894433841432E-01 0.19367802986042668848437629302506E+01
-0.33178321164908532150913369137621E-01 0.19338896598804884542617781872372E+01
-0.33062191519416469381013724975100E-01 0.19309308144437274088304811503710E+01
-0.32943317065696539201251913759788E-01 0.19279038651643717361170737526674E+01
-0.32821696743824399451512238482577E-01 0.19248089172739345677219418043183E+01
-0.32697329445838172808658514791271E-01 0.19216460783608891140556736853388E+01
-0.32570214013984585098916068666674E-01 0.19184154583664044185441496496621E+01
-0.32440349238908736685750057143391E-01 0.19151171695799819767500113872182E+01
-0.32307733857786354480398914498605E-01 0.19117513266349931018263179027413E+01
-0.32172366552397203284920175601281E-01 0.19083180465041161501433319927565E+01
-0.32034245947137940331415842339229E-01 0.19048174484946739091428919002900E+01
-0.31893370606973476112087549188914E-01 0.19012496542438704570649242087256E+01
-0.31749739035324768709995515125829E-01 0.18976147877139271148002606830396E+01
-0.31603349671891865118486615635231E-01 0.18939129751871174642695437825530E+01
-0.31454200890410311243552774723705E-01 0.18901443452607004456717789616464E+01
-0.31302290996339429755963561728213E-01 0.18863090288417518474719787942828E+01
-0.31147618224480392631580247098395E-01 0.18824071591418931366921066495107E+01
-0.30990180736522612927431724910076E-01 0.18784388716719173287817333001480E+01
-0.30829976618516243117496245944781E-01 0.18744043042363120416627029629367E+01
-0.30667003878269005407167261470569E-01 0.18703035969276778967591425924892E+01
-0.30501260442665121909433867557971E-01 0.18661368921210431991701639342031E+01
-0.30332744154904247750225744451914E-01 0.18619043344680734678814117780979E+01
-0.30161452771658346193762650480729E-01 0.18576060708911753991724817232408E+01
-0.29987383960143989105484297798334E-01 0.18532422505774948174560399956747E+01
-0.29810535295107629376715313175601E-01 0.18488130249728077628408365126306E+01
-0.29630904255721661526383484049313E-01 0.18443185477753043597085442823818E+01
-0.29448488222388398483900146843720E-01 0.18397589749292643391379102948578E+01
-0.29263284473449263605905849632427E-01 0.18351344646186237524324043007911E+01
-0.29075290181796743605986956419208E-01 0.18304451772604323806166951632120E+01
-0.28884502411385516301696487970886E-01 0.18256912754982000867124234683491E+01
-0.28690918113640579026538617568915E-01 0.18208729241951323971968475085717E+01
-0.28494534123758585371956248665993E-01 0.18159902904272537768121214936070E+01
-0.28295347156899307402091491629596E-01 0.18110435434764175773337057793274E+01
-0.28093353804263776254685614532785E-01 0.18060328548232021683449248097794E+01
-0.27888550529055946920230358031793E-01 0.18009583981396916710197622675661E+01
-0.27680933662323547289273435004141E-01 0.17958203492821406835130194099229E+01
-0.27470499398674656990131456326103E-01 0.17906188862835214743156235434590E+01
-0.27257243791866256206736628376853E-01 0.17853541893459528201207778670827E+01
-0.27041162750260135208217310900965E-01 0.17800264408330088352117574998127E+01
-0.26822252032141956649780063869069E-01 0.17746358252619067493037727161210E+01
-0.26600507240899355964540371642842E-01 0.17691825292955722213839165908430E+01
-0.26375923820053805368014900150358E-01 0.17636667417345809200160569993106E+01
-0.26148497048142047134669166784196E-01 0.17580886535089739367945066006514E+01
-0.25918222033441293091971882741720E-01 0.17524484576699470511278583417328E+01
-0.25685093708533490755573408088099E-01 0.17467463493814105352906994966040E+01
-0.25449106824702859965334818433119E-01 0.17409825259114187931346946887827E+01
-0.25210255946161183621991723035589E-01 0.17351571866234675352518798980577E+01
-0.24968535444094444126184621384189E-01 0.17292705329676566659266347256925E+01
-0.24723939490524882899197713794187E-01 0.17233227684717168902584506373884E+01
-0.24476462051982335765873725769358E-01 0.17173140987318976188294517892668E+01
-0.24226096882977116047073635118041E-01 0.17112447314037143721101990833854E+01
-0.23972837519268452257789432930018E-01 0.17051148761925530142540691037280E+01
-0.23716677270919784461467370393519E-01 0.16989247448441279067956197993379E+01
-0.23457609215134866352528828083919E-01 0.16926745511347929564034873881526E+01
-0.23195626188865382188522718528411E-01 0.16863645108617000046459742682912E+01
-0.22930720781181496689908418729265E-01 0.16799948418328052159635016046506E+01
-0.22662885325398250353463081274738E-01 0.16735657638567167921294419891039E+01
-0.22392111890946192170276298407483E-01 0.16670774987323836549089952187326E+01
-0.22118392274979107547762010910522E-01 0.16605302702386203573769186571955E+01
-0.21841717993706706183106873715521E-01 0.16539243041234645179594594827643E+01
-0.21562080273443395297712099410503E-01 0.16472598280933641536302454775248E+01
-0.21279470041361251671601720331294E-01 0.16405370718021894819217534267657E+01
-0.20993877915936137105319499096784E-01 0.16337562668400661817449302308012E+01
-0.20705294197074892263873279602194E-01 0.16269176467220260793607169666248E+01
-0.20413708855910624297889306663542E-01 0.16200214468764683059576614402659E+01
-0.20119111524254360137165786203110E-01 0.16130679046334297538648851760843E+01
-0.19821491483686754810210692403459E-01 0.16060572592126558969657972950410E+01
-0.19520837654278554786854340776753E-01 0.15989897517114698249974596512999E+01
-0.19217138582922094696345071568904E-01 0.15918656250924315736693952693579E+01
-0.18910382431259449674849784299253E-01 0.15846851241707826898735890147026E+01
-0.18600556963190178788997628266498E-01 0.15774484956016700962623741761627E+01
-0.18287649531941177715097752868553E-01 0.15701559878671414239803114285045E+01
-0.17971647066680738982326388702113E-01 0.15628078512629058074720846157600E+01
-0.17652536058657207655990975034466E-01 0.15554043378848525699377059003576E+01
-0.17330302546842314406238050911259E-01 0.15479457016153191846503769736822E+01
-0.17004932103058157935565506827121E-01 0.15404321981091011900554486106904E+01
-0.16676409816565387858743474847746E-01 0.15328640847791945640465563883596E+01
-0.16344720278089542958909072085705E-01 0.15252416207822619304073602763632E+01
-0.16009847563260526879027133574733E-01 0.15175650670038121740720229614830E+01
-0.15671775215440133809822397215166E-01 0.15098346860430832692726583679318E+01
-0.15330486227909806464953512539191E-01 0.15020507421976180114511213116161E+01
-0.14985963025390583265965691824849E-01 0.14942135014475198752189887167916E+01
-0.14638187444864722608856803881585E-01 0.14863232314393773816166623908494E+01
-0.14287140715667577241618786649891E-01 0.14783802014698447011137386108268E+01
-0.13932803438816724627506803840313E-01 0.14703846824688624342464733949226E+01
-0.13575155565541955190836919491135E-01 0.14623369469825068670789971553009E+01
-0.13214176374981053210267740352632E-01 0.14542372691554496490150001043027E+01
-0.12849844451000116431229164504059E-01 0.14460859247130127127355682357862E+01
-0.12482137658098488695927314710214E-01 0.14378831909428013069011198799574E+01
-0.12111033116354676721791913989178E-01 0.14296293466758949750185668919810E+01
-0.11736507175366477474272884219883E-01 0.14213246722675790721042891175872E+01
-0.11358535387137667235351263134672E-01 0.14129694495775937138891791442198E+01
-0.10977092477859196763014271875647E-01 0.14045639619498786159896125480349E+01
-0.10592152318530789298628106113577E-01 0.13961084941917921195721331993323E+01
-0.10203687894365582715075215769953E-01 0.13876033325527748182092938274762E+01
-0.98116712729168914690564699253642E-02 0.13790487647024363355170060168455E+01
-0.94160735708625451339480724457781E-02 0.13704450797080323022414768187801E+01
-0.90168649193789837766037032521157E-02 0.13617925680113030578312356845056E+01
-0.86140144280323827967309082948781E-02 0.13530915214046424309892392024132E+01
-0.82074901471101528836755426974720E-02 0.13443422330065597770148575482699E+01
-0.77972590283120388220190894516746E-02 0.13355449972364007420101418529881E+01
-0.73832868837132821791066537945823E-02 0.13267001097882857016621674463311E+01
-0.69655383429095164048619158940686E-02 0.13178078676042241407950467769753E+01
-0.65439768082453701816289166558743E-02 0.13088685688463613826097098960735E+01
-0.61185644080222748345288932603972E-02 0.12998825128683068878023303327976E+01
-0.56892619475774502424797333908288E-02 0.12908500001854958240893671145609E+01
-0.52560288581142884003996586138485E-02 0.12817713324445264353857610967506E+01
-0.48188231431612892930892328520454E-02 0.12726468123914149719296349603885E+01
-0.43776013225254549116694821190420E-02 0.12634767438387058151400387610706E+01
-0.39323183735985462534301844972523E-02 0.12542614316313676442431587804427E+01
-0.34829276698650770899900559374221E-02 0.12450011816114036216162616897144E+01
-0.30293809164501011085866936634513E-02 0.12356963005810977682380750108352E+01
-0.25716280825351142294938009734718E-02 0.12263470962648127651460654540790E+01
-0.21096173304569446608398283058704E-02 0.12169538772692497869926755894847E+01
-0.16432949412931399016217273976885E-02 0.12075169530420723102640510918858E+01
-0.11726052367225120568721835422437E-02 0.11980366338287906350188223958971E+01
-0.69749049693547904590871358285553E-03 0.11885132306277935198829539006349E+01
-0.21789087435195891103671990009786E-03 0.11789470551434052788504933832736E+01
0.26625569711270943530206134682564E-03 0.11693384197368387330368363101566E+01
0.75501359751178007983097265855039E-03 0.11596876373749009828068582493085E+01
0.12484496213604595836409908866491E-02 0.11499950215762996143364981108674E+01
0.17466330834791580189099200571741E-02 0.11402608863553853940296846780911E+01
0.22496359305323632093535683949070E-02 0.11304855461631492406310601118437E+01
0.27575328586356686959888750080668E-02 0.11206693158252844693492420908311E+01
0.32704014374286333955230600052555E-02 0.11108125104770984462387761103555E+01
0.37883222410487548387823926771261E-02 0.11009154454950512361714890343435E+01
0.43113789864683820639504175339805E-02 0.10909784364246700776916379541950E+01
0.48396586796996946364208158590261E-02 0.10810017989045711325947936739307E+01
0.53732517704093611312330230323864E-02 0.10709858485862974223182174835236E+01
0.59122523155310569453656094897216E-02 0.10609309010496518533882778840243E+01
0.64567581525113856702643725067305E-02 0.10508372717131796032843673559571E+01
0.70068710828775347964459103709688E-02 0.10407052757394203377144678039201E+01
0.75626970668755445468292846699340E-02 0.10305352279345141736429509410258E+01
0.81243464299874980410004325169461E-02 0.10203274426417129236094522586653E+01
0.86919340822131202670265374638090E-02 0.10100822336282955310717601658809E+01
0.92655797510696333253235622718303E-02 0.99979991396535031727610849818522E+00
0.98454082293582325704465952454691E-02 0.98948079589982404290826218580716E+00
0.10431549638833299183640063324666E-01 0.97912519071818647414279476340253E+00
0.11024139711015586838631687670858E-01 0.96873340860099067524864039298562E+00
0.11623320086507964301025745971344E-01 0.95830575846753727141991252637980E+00
0.12229238634295644981192993680304E-01 0.94784254780977110757077967877106E+00
0.12842049792658244988882068444015E-01 0.93734408251444752321347571062024E+00
0.13461914933473022565625091593730E-01 0.92681066667250477879406485859030E+00
0.14089002751866139912398498180650E-01 0.91624260237446628956353621244456E+00
0.14723489683361766133720911511920E-01 0.90564018949056824455666387330342E+00
0.15365560350894576185145429593826E-01 0.89500372543416826258402349813013E+00
0.16015408044293644099398109808347E-01 0.88433350490682495723537300788005E+00
0.16673235235115025057743499444415E-01 0.87362981962326315271059383011819E+00
0.17339254130005127629654446449876E-01 0.86289295801423007753091679355130E+00
0.18013687266114568754487019247328E-01 0.85212320490501795535014114071999E+00
0.18696768152467502649100837098033E-01 0.84132084116716549017144255194796E+00
0.19388741961619189997977320670470E-01 0.83048614334055268114635540231307E+00
0.20089866276423893727771809055512E-01 0.81961938322276234577251304474303E+00
0.20800411897283769797178266388343E-01 0.80872082742219579473308170562184E+00
0.21520663715871906219048857636494E-01 0.79779073687098550248475145904165E+00
0.22250921662031745468785053799568E-01 0.78682936629324215112758383266548E+00
0.22991501731360525695653967810693E-01 0.77583696362358881577722967211715E+00
0.23742737101900591007967824024187E-01 0.76481376937026702511434744043125E+00
0.24504979349414241426005768759568E-01 0.75376001591632532591014291471815E+00
0.25278599771919634447924222134097E-01 0.74267592675150559692175589974446E+00
0.26063990835546632727701243459025E-01 0.73156171562641061318184710824397E+00
0.26861567755360724229811481754341E-01 0.72041758561932669749913508050876E+00
0.27671770226642227467048529508441E-01 0.70924372810467456735026684179698E+00
0.28495064324230346804159997014058E-01 0.69804032161042017429334247269487E+00
0.29331944590013160323635659944920E-01 0.68680753054985157477378251989293E+00
0.30182936331516991534120381556267E-01 0.67554550381086662314806571568553E+00
0.31048598157906466439852357126329E-01 0.66425437318324457493601882409423E+00
0.31929524783642814205747478288207E-01 0.65293425160121423488136997862657E+00
0.32826350134674418380836679396329E-01 0.64158523117487498998220834821970E+00
0.33739750797494466220720241767682E-01 0.63020738097954445104211063046478E+00
0.34670449857869370508413350044609E-01 0.61880074456675053756403828391106E+00
0.35619221183733606345789551719831E-01 0.60736533715413204762956842438901E+00
0.36586894215929623853409710448607E-01 0.59590114244373668274224689486649E+00
0.37574359341484725341923823191273E-01 0.58440810900877095211663496849124E+00
0.38582573937379953740143561274618E-01 0.57288614617736272725147288479350E+00
0.39612569188820811362203118999095E-01 0.56133511932783568081113782162070E+00
0.40665457805543420850424138407012E-01 0.54975484449268328818101813577002E+00
0.41742442783565302310072979792392E-01 0.53814508214702181350560559060885E+00
0.42844827389144689494752927952394E-01 0.52650553003065847906366191112788E+00
0.43974026578023332226193281486655E-01 0.51483581481955772078071315581579E+00
0.45131580108217667108216785363292E-01 0.50313548242046822225675381006099E+00
0.46319167661254528168420869812758E-01 0.49140398660915700836494421719834E+00
0.47538626358204302528053993014839E-01 0.47964067566456978597665802506086E+00
0.48791971147734024950598312664035E-01 0.46784477656349417251039236941013E+00
0.50081418659890471833681405569097E-01 0.45601537618635215935280588216919E+00
0.51409415269963854659080462007237E-01 0.44415139883545512776149285975485E+00
0.52778670313433903502959297070203E-01 0.43225157916955805946299491968079E+00
0.54192195652323831248028658430586E-01 0.42031442939460657929847976561273E+00
0.55653353139052451777359249881454E-01 0.40833819919386582724075485469371E+00
0.57165911990445786731300155396323E-01 0.39632082639274164018969069713459E+00
0.58734118722477573386566958512620E-01 0.38425987567751768475733321218090E+00
0.60362783181212215185788748361851E-01 0.37215246173691474483880840525185E+00
0.62057385452986481024786143609364E-01 0.35999515183863471532576013762957E+00
0.63824210228466139235554704477161E-01 0.34778384088279204792849074847756E+00
0.65670517824739155511764088646550E-01 0.33551358905913867834266726713468E+00
0.67604765037498456202735561717353E-01 0.32317840783464597667568238611740E+00
0.69636895236190066638580428008397E-01 0.31077097321714110297724132208210E+00
0.71778727793762696322873255203755E-01 0.29828223462772004743318599580979E+00
0.74044500751072186258038210579866E-01 0.28570087161426737857754133034656E+00
0.76451819073338473206016060040477E-01 0.27301255489197672736627228336251E+00
0.79555766756517845525754918221965E-01 0.25761835193350468916707386592775E+00
0.82944101060032158143023242126706E-01 0.24199922455063656982961268981935E+00
0.86681750236373885814218918660817E-01 0.22609073320581077615989374421663E+00
0.90866168230617824887728530161986E-01 0.20979455167828126368935424687357E+00
0.95647049797047345585579998558955E-01 0.19294698963026008891731557693842E+00
0.10096795350230955969897419234741E+00 0.17619001569663872244743741802037E+00
0.10665193801021607222411196845362E+00 0.16034389058573505246078100290560E+00
0.11273161967324490129153618014093E+00 0.14542159570569219382324318202153E+00
0.11914120699018933495241169795109E+00 0.13138088680925159157185871823842E+00
0.12635417509167770228501869008309E+00 0.11843574399120437455918618109970E+00
0.11936680220846257190309167049408E+00 0.10536482490016895903212009049433E+00
0.11294868226952430105102647875499E+00 0.91313435999488541633456536210760E-01
0.10695365222656630501907261291336E+00 0.76323803614914992279583645777422E-01
0.10136856280004478119175421027343E+00 0.60390790258886691130622969294092E-01
0.96141032391414762218663736038722E-01 0.43532558783861848833634524544834E-01
0.91450157902280501231586363247989E-01 0.26570141969594541032157100556606E-01
0.87348310648756689573022713086144E-01 0.10150103860781556106146308882683E-01
0.83685901497488363538406088789616E-01 -0.58916414247152931110722968347082E-02
0.80367340794791293071660363061550E-01 -0.21654144565969276581191104245059E-01
0.77326524945306948841976870451709E-01 -0.37201827812134211245772995927419E-01
0.74971192411549324553002402240550E-01 -0.50026741825763711762345266921868E-01
0.72753111476722094959285285471578E-01 -0.62751970058091019316624383730170E-01
0.70656821331364007398853252232108E-01 -0.75392291236817705466592524311742E-01
0.68667843610125289267720174667975E-01 -0.87959028047478345636771893728905E-01
0.66774723331661135427499480819716E-01 -0.10046132515973167924684993085409E+00
0.64967622896475477872776997465850E-01 -0.11290655036485221114769064658309E+00
0.63238237677397790932261171106969E-01 -0.12530073672389859607515194574882E+00
0.61579416367527358281163940884482E-01 -0.13764885697933649381559476440869E+00
0.59984975780272275641504827564366E-01 -0.14995504385913647165040398904559E+00
0.58449522459755074497037755543726E-01 -0.16222275217348464263356736943366E+00
0.56968323892516420129693649075611E-01 -0.17445488513421807377864709006782E+00
0.55537202169454347041276713641744E-01 -0.18665389233714311073050899028038E+00
0.54152449639801425391564179598954E-01 -0.19882184721929807103022017980146E+00
0.52810759912287648338123343707615E-01 -0.21096050876561309988509959774926E+00
0.51509171375604174276239273097456E-01 -0.22307137120315822733953354344547E+00
0.50245020422988767629331539282332E-01 -0.23515570435797372202163512286033E+00
0.49015902471022433566447580434787E-01 -0.24721458670167509831630705684731E+00
0.47819639228823795981356806092721E-01 -0.25924893261288183682621735379553E+00
0.46654251043680290576962689172006E-01 -0.27125951502261466325758193783340E+00
0.45517933394206989129318495397954E-01 -0.28324698434588356383478174906707E+00
0.44409036798804034153431673044983E-01 -0.29521188440313960134403300757760E+00
0.43326049554350095095640575081522E-01 -0.30715466588480130240253982450398E+00
0.42267582835084250821873316862302E-01 -0.31907569779735414904179559254527E+00
0.41232357770979615298041648216392E-01 -0.33097527724115362948806504653491E+00
0.40219194195325034923951688833052E-01 -0.34285363780145665192500970911592E+00
0.39227000806994375260219042222228E-01 -0.35471095678052343274456643459449E+00
0.38254766537407770464306280836436E-01 -0.36654736145631147875564417111072E+00
0.37301552947963207192676476094523E-01 -0.37836293451969957613518965606349E+00
0.36366487512640176633543465295270E-01 -0.39015771881534991391268492587579E+00
0.35448757664007749827820073734945E-01 -0.40193172148975481313281883810620E+00
0.34547605500108885440381378216573E-01 -0.41368491763258555485896163354924E+00
0.33662323065517890525836387956791E-01 -0.42541725348329598615025254196099E+00
0.32792248132939500805652553778340E-01 -0.43712864926336022784686702880466E+00
0.31936760422574860416038506969837E-01 -0.44881900168502462719594990597785E+00
0.31095278205532438598385071576749E-01 -0.46048818617961698351639221200802E+00
0.30267255245142809327463167533332E-01 -0.47213605888196603044237671490191E+00
0.29452178036415727189146411309908E-01 -0.48376245840208032873356846362163E+00
0.28649563309258726167006763083756E-01 -0.49536720741072752913327744159319E+00
0.27858955765640857257933961471609E-01 -0.50695011406176788849723177591095E+00
0.27079926024763296199691810938503E-01 -0.51851097327091527312625171464798E+00
0.26312068753609157478868479489162E-01 -0.53004956786790508645450623311854E+00
0.25555000963079726683542136041575E-01 -0.54156566963677353356688759862494E+00
0.24808360452356160150447556381764E-01 -0.55305904025701084749214796600557E+00
0.24071804386223156272307423863406E-01 -0.56452943215669873655455040898462E+00
0.23345007991900958151529790444361E-01 -0.57597658928733065215511452082516E+00
0.22627663363499102904951257797191E-01 -0.58740024782879588778750664934333E+00
0.21919478363569833268424294395576E-01 -0.59880013683196817520559218642555E+00
0.21220175612421114432754877066895E-01 -0.61017597880543766639466314752562E+00
0.20529491556887215924512871462202E-01 -0.62152749025214535456011656496433E+00
0.19847175611157988386315747468486E-01 -0.63285438216100671746908155812260E+00
0.19172989363063315549458746379405E-01 -0.64415636045802044003558749446907E+00
0.18506705839905212210165622987634E-01 -0.65543312642085106963070924584773E+00
0.17848108828546493201359547964644E-01 -0.66668437706042575889512389655742E+00
0.17196992245005142104126069243633E-01 -0.67790980547269352737878741258209E+00
0.16553159549284350633016128900040E-01 -0.68910910116335870702774954162476E+00
0.15916423201591995679176403640051E-01 -0.70028195034809145940184901426619E+00
0.15286604156480831206193937245137E-01 -0.71142803623046018168560888518486E+00
0.14663531391776252999872573386562E-01 -0.72254703925959408639416884611750E+00
0.14047041469456116797446999038763E-01 -0.73363863736937795604165679678523E+00
0.13436978125913979194160530269140E-01 -0.74470250620079942764918600036943E+00
0.12833191889276190935902480169717E-01 -0.75573831930890586507096287224796E+00
0.12235539721654898289687006180913E-01 -0.76674574835568587895968335565938E+00
0.11643884684410901472376669205108E-01 -0.77772446329006080042030789065932E+00
0.11058095624672749106785563816800E-01 -0.78867413251605746684845875244231E+00
0.10478046881510298469735980775092E-01 -0.79959442305013472855693538090758E+00
0.99036180103036442438836305586255E-02 -0.81048500066854021387885402801251E+00
0.93346935239700179875419494830992E-02 -0.82134553004549667934964460896632E+00
0.87711626498264517910420339176624E-02 -0.83217567488294289246118437512950E+00
0.82129191009677776349495328828221E-02 -0.84297509803248721345705382052739E+00
0.76598608611330553606819309547858E-02 -0.85374346161017547350701887038264E+00
0.71118899821152542339375448407815E-02 -0.86448042710461944519852867843033E+00
0.65689123928474835267637957859811E-02 -0.87518565547898632817787277305103E+00
0.60308377193679294931402419195881E-02 -0.88585880726730493065421189192231E+00
0.54975791149272147251807594594508E-02 -0.89649954266550688046796611202414E+00
0.49690530995605063555058471762334E-02 -0.90710752161758456865738287076422E+00
0.44451794084994864434192477760016E-02 -0.91768240389721627482325229680513E+00
0.39258808488451033211332661014971E-02 -0.92822384918517956587475842851149E+00
0.34110831639681356486486605729414E-02 -0.93873151714284990570332838810226E+00
0.29007149051417911230133514307662E-02 -0.94920506748205267118444683532602E+00
0.23947073099495737379416984087836E-02 -0.95964416003152134569330528440618E+00
0.18929941870434717134067285600615E-02 -0.97004845480018971815492930390716E+00
0.13955118068591555593870956028362E-02 -0.98041761203753078888694733472454E+00
0.90219879792189386247725738384830E-03 -0.99075129229113756256973953625825E+00
0.41299604840414974896899439279660E-03 -0.10010491564617260532796741637062E+01
-0.72153387380351427336014379158199E-04 -0.10113108658557276705225301385511E+01
-0.55330437784159296367891592325148E-03 -0.10215360822356243082589070334764E+01
-0.10305097986090679299897772964723E-02 -0.10317244678681693207015321071420E+01
-0.15038206129156626482986381861519E-02 -0.10418756855706271417774328647945E+01
-0.19732859481046637182065916512688E-02 -0.10519893987551513604902233406012E+01
-0.24389531684839689277044508092545E-02 -0.10620652714714194011333650309277E+01
-0.29008679447349600908904414714207E-02 -0.10721029684476233903055970819750E+01
-0.33590743200670650562703860216033E-02 -0.10821021551299209913867947393325E+01
-0.38136147733029717234304050553961E-02 -0.10920624977204325770670795492869E+01
-0.42645302790601101025776948724719E-02 -0.11019836632138715931651174626212E+01
-0.47118603651903603302328501185376E-02 -0.11118653194328870483115215082907E+01
-0.51556431676241384468289087032847E-02 -0.11217071350621897918156177730542E+01
-0.55959154827596295986995909177513E-02 -0.11315087796815331794594119373014E+01
-0.60327128175272277739923152350161E-02 -0.11412699237976101305267225756739E+01
-0.64660694372519442992429299028187E-02 -0.11509902388749256112062123640107E+01
-0.68960184114295656665532963707894E-02 -0.11606693973657034188077753155949E+01
-0.73225916575227600867861010760112E-02 -0.11703070727388738519038573709605E+01
-0.77458199828824478397808135956663E-02 -0.11799029395081961688785484985914E+01
-0.81657331248857333527071077130678E-02 -0.11894566732595565926541140233539E+01
-0.85823597893840908180499198734330E-02 -0.11989679506774873940774979083497E+01
-0.89957276875445452229427265705971E-02 -0.12084364495709454348726884018931E+01
-0.94058635711643512036651111601316E-02 -0.12178618488983868623536359583219E+01
-0.98127932665345207467179300553466E-02 -0.12272438287921743359541626341518E+01
-0.10216541706922695810509313438281E-01 -0.12365820705823480693802549209970E+01
-0.10617132963742899595043302743386E-01 -0.12458762568197915412662006298542E+01
-0.11014590276475087484830696718162E-01 -0.12551260712988215952632814878509E+01
-0.11408936081394046562574015985217E-01 -0.12643311990792286871942195539403E+01
-0.11800192039164332307790116609584E-01 -0.12734913265077935640012952628979E+01
-0.12188379061354178682246152057060E-01 -0.12826061412393034181670767228492E+01
-0.12573517335919361467910478629862E-01 -0.12916753322570906951913454939553E+01
-0.12955626351703834091006805229419E-01 -0.13006985898931154058827212697334E+01
-0.13334724922003070637479825348748E-01 -0.13096756058476100120285540211555E+01
-0.13710831207232222035954838060206E-01 -0.13186060732083069314952332730786E+01
-0.14083962736740069981839894308816E-01 -0.13274896864692654294146621360854E+01
-0.14454136429806841606342886875095E-01 -0.13363261415493136395387304383550E+01
-0.14821368615861834631250989111156E-01 -0.13451151358101238708790053685897E+01
-0.15185675053956700399222488182107E-01 -0.13538563680739326320901675087205E+01
-0.15547070951524873909130875116731E-01 -0.13625495386409220979908718980685E+01
-0.15905570982460561171266583816806E-01 -0.13711943493062746835212077930467E+01
-0.16261189304545282498955673596166E-01 -0.13797905033769127576574647236200E+01
-0.16613939576250064084466563608516E-01 -0.13883377056879368922115154322840E+01
-0.16963834972940693293824111521640E-01 -0.13968356626187712577621505193302E+01
-0.17310888202510316638197085393587E-01 -0.14052840821090288754426158295508E+01
-0.17655111520464140181976196909497E-01 -0.14136826736741057931144179634088E+01
-0.17996516744478875954232124190838E-01 -0.14220311484205115553703027662111E+01
-0.18335115268458568192444819440268E-01 -0.14303292190609491891947976092853E+01
-0.18670918076107638324711830752260E-01 -0.14385765999291476908009929400448E+01
-0.19003935754040980615924149313917E-01 -0.14467730069944592888124818926519E+01
-0.19334178504449507036585378876868E-01 -0.14549181578762269924367299299769E+01
-0.19661656157339444997932811962613E-01 -0.14630117718579287946205517260411E+01
-0.19986378182362397164588104745753E-01 -0.14710535699011073501718716900716E+01
-0.20308353700251911143759783992751E-01 -0.14790432746590892328215275757820E+01
-0.20627591493883146938069283501798E-01 -0.14869806104905013526343251607221E+01
-0.20944100018969178728882034246421E-01 -0.14948653034725898765303868587822E+01
-0.21257887414408616137312920402301E-01 -0.15026970814143458390780699206675E+01
-0.21568961512298796268747533465263E-01 -0.15104756738694449716985361601729E+01
-0.21877329847625545725600679148231E-01 -0.15182008121490038040064726809545E+01
-0.22182999667643990254367380533757E-01 -0.15258722293341587866658241284310E+01
-0.22485977940960402297770896886211E-01 -0.15334896602884721086680050093166E+01
-0.22786271366327231429080434124394E-01 -0.15410528416701676535552106201270E+01
-0.23083886381161830522690607352868E-01 -0.15485615119442021750420866584451E+01
-0.23378829169799007877810679928312E-01 -0.15560154113941747968281108484074E+01
-0.23671105671487593830338268181200E-01 -0.15634142821340781618110518354244E+01
-0.23960721588139773951652642565189E-01 -0.15707578681198952627041058103301E+01
-0.24247682391842841768807901878472E-01 -0.15780459151610444692365250615838E+01
-0.24531993332141489321345984606314E-01 -0.15852781709316765428699033143225E+01
-0.24813659443099228996145212316411E-01 -0.15924543849818255301970007888736E+01
-0.25092685550146478419557787301763E-01 -0.15995743087484170411501603579751E+01
-0.25369076276723086588282478192597E-01 -0.16066376955661366618160135881648E+01
-0.25642836050722617366328429723680E-01 -0.16136443006781599229382254626840E+01
-0.25913969110745020105951645199534E-01 -0.16205938812467473504384457686042E+01
-0.26182479512164721766458200543887E-01 -0.16274861963637064529644890058698E+01
-0.26448371133020075909941132939117E-01 -0.16343210070607217973713407994556E+01
-0.26711647679730527298149356923986E-01 -0.16410980763195575294221502254107E+01
-0.26972312692647969295659685815234E-01 -0.16478171690821308715430119013108E+01
-0.27230369551446067324201137062578E-01 -0.16544780522604624254826561200154E+01
-0.27485821480355604750991449386871E-01 -0.16610804947465011820404829159119E+01
-0.27738671553248511766924460825153E-01 -0.16676242674218283567287447943630E+01
-0.27988922698577300959339269696269E-01 -0.16741091431672412242875675080862E+01
-0.28236577704173729498332885021071E-01 -0.16805348968722173308581759892393E+01
-0.28481639221911802444460435562124E-01 -0.16869013054442620148932505300949E+01
-0.28724109772239350558816811145944E-01 -0.16932081478181394128389766475625E+01
-0.28963991748582051841823562117210E-01 -0.16994552049649884898125159609242E+01
-0.29201287421625003622588769775109E-01 -0.17056422599013265388578374201784E+01
-0.29435998943474070995928217350658E-01 -0.17117690976979386291855893170254E+01
-0.29668128351703189331528362534474E-01 -0.17178355054886575653486117360923E+01
-0.29897677573288318010478403511447E-01 -0.17238412724790319752909794054851E+01
-0.30124648428434095651403283643238E-01 -0.17297861899548862727355116038963E+01
-0.30349042634295391951483643095298E-01 -0.17356700512907718256769461990283E+01
-0.30570861808596611733316473811349E-01 -0.17414926519583107181048682013621E+01
-0.30790107473152888638405105328524E-01 -0.17472537895344331779494211154756E+01
-0.31006781057295025810663913333830E-01 -0.17529532637095091109540883562026E+01
-0.31220883901202356208224083760464E-01 -0.17585908762953747274826847348948E+01
-0.31432417259145049646745790215092E-01 -0.17641664312332549823828469802042E+01
-0.31641382302639145062968694848260E-01 -0.17696797346015824026451105628379E+01
-0.31847780123516924262947459576335E-01 -0.17751305946237134034133355216456E+01
-0.32051611736914885228056412126892E-01 -0.17805188216755416897723732641994E+01
-0.32252878084181854648021988375480E-01 -0.17858442282930109474588892596336E+01
-0.32451580035709233680823422447799E-01 -0.17911066291795258194156686669670E+01
-0.32647718393686149472060621006389E-01 -0.17963058412132625726888711835915E+01
-0.32841293894780976199592616681448E-01 -0.18014416834543798402994525428454E+01
-0.33032307212751990725490678437376E-01 -0.18065139771521299167033532669595E+01
-0.33220758960988356888864449267229E-01 -0.18115225457518708244232524291674E+01
-0.33406649694983968513735707990478E-01 -0.18164672149019799874447649063102E+01
-0.33589979914745928723161259461564E-01 -0.18213478124606695526849326049125E+01
-0.33770750067139037913974093560973E-01 -0.18261641685027041422092373313584E+01
-0.33948960548168279460243541674429E-01 -0.18309161153260209563337391248771E+01
-0.34124611705201236765768565918559E-01 -0.18356034874582531041153056484713E+01
-0.34297703839131441083652651545685E-01 -0.18402261216631560314984324611784E+01
-0.34468237206484540905460958712067E-01 -0.18447838569469374281004622426262E+01
-0.34636212021468765354218744597973E-01 -0.18492765345644915840005981481266E+01
-0.34801628457971205173223335611540E-01 -0.18537039980255373088195449704776E+01
-0.34964486651500834827885371917990E-01 -0.18580660931006606700374703905686E+01
-0.35124786701080308492015275037460E-01 -0.18623626678272624895543928618282E+01
-0.35282528671087109558935212329448E-01 -0.18665935725154105942001685095222E+01
-0.35437712593045842080436225971809E-01 -0.18707586597535974652673831209223E+01
-0.35590338467372644559309603813415E-01 -0.18748577844144031865404871636258E+01
-0.35740406265072725962882861862352E-01 -0.18788908036600641165981068309688E+01
-0.35887915929392424592570901319066E-01 -0.18828575769479473146242473299004E+01
-0.36032867377426784988611270753014E-01 -0.18867579660359307367372307349064E+01
-0.36175260501683561765909580227095E-01 -0.18905918349876902549734442383040E+01
-0.36315095171604755117934788786921E-01 -0.18943590501778922071612519657905E+01
-0.36452371235046698270284296697420E-01 -0.18980594802972929558658305620505E+01
-0.36587088519719508582619103006917E-01 -0.19016929963577449954187078046487E+01
-0.36719246834586976375229305421519E-01 -0.19052594716971095678846496646292E+01
-0.36848845971227494160741429745809E-01 -0.19087587819840765562404187583663E+01
-0.36975885705157186804882102613417E-01 -0.19121908052228910285443851050737E+01
-0.37100365797115809255411365947996E-01 -0.19155554217579871583337579345094E+01
-0.37222285994316334910570580671437E-01 -0.19188525142785292576354968028595E+01
-0.37341646031658850808337977323894E-01 -0.19220819678228600718078908701035E+01
-0.37458445632909791497132925240820E-01 -0.19252436697828567478272464873058E+01
-0.37572684511846703212718907414801E-01 -0.19283375099081939690970875265869E+01
-0.37684362373369787998206517385710E-01 -0.19313633803105148938486879736567E+01
-0.37793478914580448427024246405890E-01 -0.19343211754675098091025303754069E+01
-0.37900033825827670462271835622346E-01 -0.19372107922269022494259390506384E+01
-0.38004026791722880913354419223153E-01 -0.19400321298103432209342375035273E+01
-0.38105457492123656251786969051896E-01 -0.19427850898172130344706877353551E+01
-0.38204325603087112612670274273128E-01 -0.19454695762283312767364710308629E+01
-0.38300630797793334738468709743746E-01 -0.19480854954095745239776842655385E+01
-0.38394372747439420940837505314572E-01 -0.19506327561154023050059962611235E+01
-0.38485551122104720853989980486225E-01 -0.19531112694922909460307906031618E+01
-0.38574165591587559648567114539729E-01 -0.19555209490820756255022330291437E+01
-0.38660215826214210987465704412658E-01 -0.19578617108252005214666632580056E+01
-0.38743701497620264014736568083251E-01 -0.19601334730638772059529253228784E+01
-0.38824622279504989555340276372265E-01 -0.19623361565451511983427955132917E+01
-0.38902977848359129204920840509277E-01 -0.19644696844238767735756687013064E+01
-0.38978767884166369052098453635887E-01 -0.19665339822656000768632372208669E+01
-0.39051992071079080276599390825720E-01 -0.19685289780493505245298786331635E+01
-0.39122650098068438152960673176571E-01 -0.19704546021703405048538599464546E+01
-0.39190741659549583741164020980871E-01 -0.19723107874425735087640663735935E+01
-0.39256266455981827824317637319456E-01 -0.19740974691013604839546729479387E+01
-0.39319224194444490963794634407764E-01 -0.19758145848057447446184506001968E+01
-0.39379614589188535852255194695910E-01 -0.19774620746408351516498862436338E+01
-0.39437437362164335331150117375815E-01 -0.19790398811200477734081785657600E+01
-0.39492692243525843984606103220491E-01 -0.19805479491872559707991927121739E+01
-0.39545378972111427502335685745913E-01 -0.19819862262188489019585984644979E+01
-0.39595497295901658807106126536449E-01 -0.19833546620256985201149654059923E+01
-0.39643046972454212056719856350513E-01 -0.19846532088550349849821709734855E+01
-0.39688027769316208314683847810401E-01 -0.19858818213922306049065872133163E+01
-0.39730439464414118679196558963997E-01 -0.19870404567624922203333355022435E+01
-0.39770281846421494299809442954205E-01 -0.19881290745324620757688913080816E+01
-0.39807554715104720722151361745653E-01 -0.19891476367117272139795149263699E+01
-0.39842257881646913351752714610707E-01 -0.19900961077542373473937859697609E+01
-0.39874391168950291035356362395709E-01 -0.19909744545596312373399569991124E+01
-0.39903954411917451919401389221635E-01 -0.19917826464744715641553371646449E+01
-0.39930947457719692232533454392296E-01 -0.19925206552933880162133255183122E+01
-0.39947514864368421461942284687303E-01 -0.19929736577438694535711236747544E+01
-0.39962939860151533528107623298352E-01 -0.19933954491830745173351688126726E+01
-0.39977222409057346472132592521978E-01 -0.19937860230685307454859841083819E+01
-0.39990362477760096645250277862841E-01 -0.19941453733419540525276966695764E+01
-0.40002360035485012526707270171232E-01 -0.19944734944293548642748478921841E+01
-0.40013786373092766884599442370540E-01 -0.19947860072668035214781739934444E+01
-0.40025212800729348318733828978022E-01 -0.19950985362645365709815206033834E+01
-0.40036639318513749431775294852633E-01 -0.19954110814230893882989884459839E+01
-0.40048065926565897115803999453903E-01 -0.19957236427429973125566157074389E+01
-0.40059492625004689699264269332012E-01 -0.19960362202247957183490178592893E+01
-0.40048065926565897115803999453903E-01 -0.19957236427429973125566157074389E+01
-0.40036639318513749431775294852633E-01 -0.19954110814230893882989884459839E+01
-0.40025212800729348318733828978022E-01 -0.19950985362645365709815206033834E+01
-0.40013786373092766884599442370540E-01 -0.19947860072668035214781739934444E+01
-0.40002360035485012526707270171232E-01 -0.19944734944293548642748478921841E+01
-0.39990362477760096645250277862841E-01 -0.19941453733419540525276966695764E+01
-0.39977222409057346472132592521978E-01 -0.19937860230685307454859841083819E+01
-0.39962939860151533528107623298352E-01 -0.19933954491830745173351688126726E+01
-0.39947514864368421461942284687303E-01 -0.19929736577438694535711236747544E+01
-0.39930947457719692232533454392296E-01 -0.19925206552933880162133255183122E+01
-0.39903954411917451919401389221635E-01 -0.19917826464744715641553371646449E+01
-0.39874391168950291035356362395709E-01 -0.19909744545596312373399569991124E+01
-0.39842257881646913351752714610707E-01 -0.19900961077542373473937859697609E+01
-0.39807554715104720722151361745653E-01 -0.19891476367117272139795149263699E+01
-0.39770281846421494299809442954205E-01 -0.19881290745324620757688913080816E+01
-0.39730439464414118679196558963997E-01 -0.19870404567624922203333355022435E+01
-0.39688027769316208314683847810401E-01 -0.19858818213922306049065872133163E+01
-0.39643046972454212056719856350513E-01 -0.19846532088550349849821709734855E+01
-0.39595497295901658807106126536449E-01 -0.19833546620256985201149654059923E+01
-0.39545378972111427502335685745913E-01 -0.19819862262188489019585984644979E+01
-0.39492692243525843984606103220491E-01 -0.19805479491872559707991927121739E+01
-0.39437437362164335331150117375815E-01 -0.19790398811200477734081785657600E+01
-0.39379614589188535852255194695910E-01 -0.19774620746408351516498862436338E+01
-0.39319224194444490963794634407764E-01 -0.19758145848057447446184506001968E+01
-0.39256266455981827824317637319456E-01 -0.19740974691013604839546729479387E+01
-0.39190741659549583741164020980871E-01 -0.19723107874425735087640663735935E+01
-0.39122650098068438152960673176571E-01 -0.19704546021703405048538599464546E+01
-0.39051992071079080276599390825720E-01 -0.19685289780493505245298786331635E+01
-0.38978767884166369052098453635887E-01 -0.19665339822656000768632372208669E+01
-0.38902977848359129204920840509277E-01 -0.19644696844238767735756687013064E+01
-0.38824622279504989555340276372265E-01 -0.19623361565451511983427955132917E+01
-0.38743701497620264014736568083251E-01 -0.19601334730638772059529253228784E+01
-0.38660215826214210987465704412658E-01 -0.19578617108252005214666632580056E+01
-0.38574165591587559648567114539729E-01 -0.19555209490820756255022330291437E+01
-0.38485551122104720853989980486225E-01 -0.19531112694922909460307906031618E+01
-0.38394372747439420940837505314572E-01 -0.19506327561154023050059962611235E+01
-0.38300630797793334738468709743746E-01 -0.19480854954095745239776842655385E+01
-0.38204325603087112612670274273128E-01 -0.19454695762283312767364710308629E+01
-0.38105457492123656251786969051896E-01 -0.19427850898172130344706877353551E+01
-0.38004026791722880913354419223153E-01 -0.19400321298103432209342375035273E+01
-0.37900033825827670462271835622346E-01 -0.19372107922269022494259390506384E+01
-0.37793478914580448427024246405890E-01 -0.19343211754675098091025303754069E+01
-0.37684362373369787998206517385710E-01 -0.19313633803105148938486879736567E+01
-0.37572684511846703212718907414801E-01 -0.19283375099081939690970875265869E+01
-0.37458445632909791497132925240820E-01 -0.19252436697828567478272464873058E+01
-0.37341646031658850808337977323894E-01 -0.19220819678228600718078908701035E+01
-0.37222285994316334910570580671437E-01 -0.19188525142785292576354968028595E+01
-0.37100365797115809255411365947996E-01 -0.19155554217579871583337579345094E+01
-0.36975885705157186804882102613417E-01 -0.19121908052228910285443851050737E+01
-0.36848845971227494160741429745809E-01 -0.19087587819840765562404187583663E+01
-0.36719246834586976375229305421519E-01 -0.19052594716971095678846496646292E+01
-0.36587088519719508582619103006917E-01 -0.19016929963577449954187078046487E+01
-0.36452371235046698270284296697420E-01 -0.18980594802972929558658305620505E+01
-0.36315095171604755117934788786921E-01 -0.18943590501778922071612519657905E+01
-0.36175260501683561765909580227095E-01 -0.18905918349876902549734442383040E+01
-0.36032867377426784988611270753014E-01 -0.18867579660359307367372307349064E+01
-0.35887915929392424592570901319066E-01 -0.18828575769479473146242473299004E+01
-0.35740406265072725962882861862352E-01 -0.18788908036600641165981068309688E+01
-0.35590338467372644559309603813415E-01 -0.18748577844144031865404871636258E+01
-0.35437712593045842080436225971809E-01 -0.18707586597535974652673831209223E+01
-0.35282528671087109558935212329448E-01 -0.18665935725154105942001685095222E+01
-0.35124786701080308492015275037460E-01 -0.18623626678272624895543928618282E+01
-0.34964486651500834827885371917990E-01 -0.18580660931006606700374703905686E+01
-0.34801628457971205173223335611540E-01 -0.18537039980255373088195449704776E+01
-0.34636212021468765354218744597973E-01 -0.18492765345644915840005981481266E+01
-0.34468237206484540905460958712067E-01 -0.18447838569469374281004622426262E+01
-0.34297703839131441083652651545685E-01 -0.18402261216631560314984324611784E+01
-0.34124611705201236765768565918559E-01 -0.18356034874582531041153056484713E+01
-0.33948960548168279460243541674429E-01 -0.18309161153260209563337391248771E+01
-0.33770750067139037913974093560973E-01 -0.18261641685027041422092373313584E+01
-0.33589979914745928723161259461564E-01 -0.18213478124606695526849326049125E+01
-0.33406649694983968513735707990478E-01 -0.18164672149019799874447649063102E+01
-0.33220758960988356888864449267229E-01 -0.18115225457518708244232524291674E+01
-0.33032307212751990725490678437376E-01 -0.18065139771521299167033532669595E+01
-0.32841293894780976199592616681448E-01 -0.18014416834543798402994525428454E+01
-0.32647718393686149472060621006389E-01 -0.17963058412132625726888711835915E+01
-0.32451580035709233680823422447799E-01 -0.17911066291795258194156686669670E+01
-0.32252878084181854648021988375480E-01 -0.17858442282930109474588892596336E+01
-0.32051611736914885228056412126892E-01 -0.17805188216755416897723732641994E+01
-0.31847780123516924262947459576335E-01 -0.17751305946237134034133355216456E+01
-0.31641382302639145062968694848260E-01 -0.17696797346015824026451105628379E+01
-0.31432417259145049646745790215092E-01 -0.17641664312332549823828469802042E+01
-0.31220883901202356208224083760464E-01 -0.17585908762953747274826847348948E+01
-0.31006781057295025810663913333830E-01 -0.17529532637095091109540883562026E+01
-0.30790107473152888638405105328524E-01 -0.17472537895344331779494211154756E+01
-0.30570861808596611733316473811349E-01 -0.17414926519583107181048682013621E+01
-0.30349042634295391951483643095298E-01 -0.17356700512907718256769461990283E+01
-0.30124648428434095651403283643238E-01 -0.17297861899548862727355116038963E+01
-0.29897677573288318010478403511447E-01 -0.17238412724790319752909794054851E+01
-0.29668128351703189331528362534474E-01 -0.17178355054886575653486117360923E+01
-0.29435998943474070995928217350658E-01 -0.17117690976979386291855893170254E+01
-0.29201287421625003622588769775109E-01 -0.17056422599013265388578374201784E+01
-0.28963991748582051841823562117210E-01 -0.16994552049649884898125159609242E+01
-0.28724109772239350558816811145944E-01 -0.16932081478181394128389766475625E+01
-0.28481639221911802444460435562124E-01 -0.16869013054442620148932505300949E+01
-0.28236577704173729498332885021071E-01 -0.16805348968722173308581759892393E+01
-0.27988922698577300959339269696269E-01 -0.16741091431672412242875675080862E+01
-0.27738671553248511766924460825153E-01 -0.16676242674218283567287447943630E+01
-0.27485821480355604750991449386871E-01 -0.16610804947465011820404829159119E+01
-0.27230369551446067324201137062578E-01 -0.16544780522604624254826561200154E+01
-0.26972312692647969295659685815234E-01 -0.16478171690821308715430119013108E+01
-0.26711647679730527298149356923986E-01 -0.16410980763195575294221502254107E+01
-0.26448371133020075909941132939117E-01 -0.16343210070607217973713407994556E+01
-0.26182479512164721766458200543887E-01 -0.16274861963637064529644890058698E+01
-0.25913969110745020105951645199534E-01 -0.16205938812467473504384457686042E+01
-0.25642836050722617366328429723680E-01 -0.16136443006781599229382254626840E+01
-0.25369076276723086588282478192597E-01 -0.16066376955661366618160135881648E+01
-0.25092685550146478419557787301763E-01 -0.15995743087484170411501603579751E+01
-0.24813659443099228996145212316411E-01 -0.15924543849818255301970007888736E+01
-0.24531993332141489321345984606314E-01 -0.15852781709316765428699033143225E+01
-0.24247682391842841768807901878472E-01 -0.15780459151610444692365250615838E+01
-0.23960721588139773951652642565189E-01 -0.15707578681198952627041058103301E+01
-0.23671105671487593830338268181200E-01 -0.15634142821340781618110518354244E+01
-0.23378829169799007877810679928312E-01 -0.15560154113941747968281108484074E+01
-0.23083886381161830522690607352868E-01 -0.15485615119442021750420866584451E+01
-0.22786271366327231429080434124394E-01 -0.15410528416701676535552106201270E+01
-0.22485977940960402297770896886211E-01 -0.15334896602884721086680050093166E+01
-0.22182999667643990254367380533757E-01 -0.15258722293341587866658241284310E+01
-0.21877329847625545725600679148231E-01 -0.15182008121490038040064726809545E+01
-0.21568961512298796268747533465263E-01 -0.15104756738694449716985361601729E+01
-0.21257887414408616137312920402301E-01 -0.15026970814143458390780699206675E+01
-0.20944100018969178728882034246421E-01 -0.14948653034725898765303868587822E+01
-0.20627591493883146938069283501798E-01 -0.14869806104905013526343251607221E+01
-0.20308353700251911143759783992751E-01 -0.14790432746590892328215275757820E+01
-0.19986378182362397164588104745753E-01 -0.14710535699011073501718716900716E+01
-0.19661656157339444997932811962613E-01 -0.14630117718579287946205517260411E+01
-0.19334178504449507036585378876868E-01 -0.14549181578762269924367299299769E+01
-0.19003935754040980615924149313917E-01 -0.14467730069944592888124818926519E+01
-0.18670918076107638324711830752260E-01 -0.14385765999291476908009929400448E+01
-0.18335115268458568192444819440268E-01 -0.14303292190609491891947976092853E+01
-0.17996516744478875954232124190838E-01 -0.14220311484205115553703027662111E+01
-0.17655111520464140181976196909497E-01 -0.14136826736741057931144179634088E+01
-0.17310888202510316638197085393587E-01 -0.14052840821090288754426158295508E+01
-0.16963834972940693293824111521640E-01 -0.13968356626187712577621505193302E+01
-0.16613939576250064084466563608516E-01 -0.13883377056879368922115154322840E+01
-0.16261189304545282498955673596166E-01 -0.13797905033769127576574647236200E+01
-0.15905570982460561171266583816806E-01 -0.13711943493062746835212077930467E+01
-0.15547070951524873909130875116731E-01 -0.13625495386409220979908718980685E+01
-0.15185675053956700399222488182107E-01 -0.13538563680739326320901675087205E+01
-0.14821368615861834631250989111156E-01 -0.13451151358101238708790053685897E+01
-0.14454136429806841606342886875095E-01 -0.13363261415493136395387304383550E+01
-0.14083962736740069981839894308816E-01 -0.13274896864692654294146621360854E+01
-0.13710831207232222035954838060206E-01 -0.13186060732083069314952332730786E+01
-0.13334724922003070637479825348748E-01 -0.13096756058476100120285540211555E+01
-0.12955626351703834091006805229419E-01 -0.13006985898931154058827212697334E+01
-0.12573517335919361467910478629862E-01 -0.12916753322570906951913454939553E+01
-0.12188379061354178682246152057060E-01 -0.12826061412393034181670767228492E+01
-0.11800192039164332307790116609584E-01 -0.12734913265077935640012952628979E+01
-0.11408936081394046562574015985217E-01 -0.12643311990792286871942195539403E+01
-0.11014590276475087484830696718162E-01 -0.12551260712988215952632814878509E+01
-0.10617132963742899595043302743386E-01 -0.12458762568197915412662006298542E+01
-0.10216541706922695810509313438281E-01 -0.12365820705823480693802549209970E+01
-0.98127932665345207467179300553466E-02 -0.12272438287921743359541626341518E+01
-0.94058635711643512036651111601316E-02 -0.12178618488983868623536359583219E+01
-0.89957276875445452229427265705971E-02 -0.12084364495709454348726884018931E+01
-0.85823597893840908180499198734330E-02 -0.11989679506774873940774979083497E+01
-0.81657331248857333527071077130678E-02 -0.11894566732595565926541140233539E+01
-0.77458199828824478397808135956663E-02 -0.11799029395081961688785484985914E+01
-0.73225916575227600867861010760112E-02 -0.11703070727388738519038573709605E+01
-0.68960184114295656665532963707894E-02 -0.11606693973657034188077753155949E+01
-0.64660694372519442992429299028187E-02 -0.11509902388749256112062123640107E+01
-0.60327128175272277739923152350161E-02 -0.11412699237976101305267225756739E+01
-0.55959154827596295986995909177513E-02 -0.11315087796815331794594119373014E+01
-0.51556431676241384468289087032847E-02 -0.11217071350621897918156177730542E+01
-0.47118603651903603302328501185376E-02 -0.11118653194328870483115215082907E+01
-0.42645302790601101025776948724719E-02 -0.11019836632138715931651174626212E+01
-0.38136147733029717234304050553961E-02 -0.10920624977204325770670795492869E+01
-0.33590743200670650562703860216033E-02 -0.10821021551299209913867947393325E+01
-0.29008679447349600908904414714207E-02 -0.10721029684476233903055970819750E+01
-0.24389531684839689277044508092545E-02 -0.10620652714714194011333650309277E+01
-0.19732859481046637182065916512688E-02 -0.10519893987551513604902233406012E+01
-0.15038206129156626482986381861519E-02 -0.10418756855706271417774328647945E+01
-0.10305097986090679299897772964723E-02 -0.10317244678681693207015321071420E+01
-0.55330437784159296367891592325148E-03 -0.10215360822356243082589070334764E+01
-0.72153387380351427336014379158199E-04 -0.10113108658557276705225301385511E+01
0.41299604840414974896899439279660E-03 -0.10010491564617260532796741637062E+01
0.90219879792189386247725738384830E-03 -0.99075129229113756256973953625825E+00
0.13955118068591555593870956028362E-02 -0.98041761203753078888694733472454E+00
0.18929941870434717134067285600615E-02 -0.97004845480018971815492930390716E+00
0.23947073099495737379416984087836E-02 -0.95964416003152134569330528440618E+00
0.29007149051417911230133514307662E-02 -0.94920506748205267118444683532602E+00
0.34110831639681356486486605729414E-02 -0.93873151714284990570332838810226E+00
0.39258808488451033211332661014971E-02 -0.92822384918517956587475842851149E+00
0.44451794084994864434192477760016E-02 -0.91768240389721627482325229680513E+00
0.49690530995605063555058471762334E-02 -0.90710752161758456865738287076422E+00
0.54975791149272147251807594594508E-02 -0.89649954266550688046796611202414E+00
0.60308377193679294931402419195881E-02 -0.88585880726730493065421189192231E+00
0.65689123928474835267637957859811E-02 -0.87518565547898632817787277305103E+00
0.71118899821152542339375448407815E-02 -0.86448042710461944519852867843033E+00
0.76598608611330553606819309547858E-02 -0.85374346161017547350701887038264E+00
0.82129191009677776349495328828221E-02 -0.84297509803248721345705382052739E+00
0.87711626498264517910420339176624E-02 -0.83217567488294289246118437512950E+00
0.93346935239700179875419494830992E-02 -0.82134553004549667934964460896632E+00
0.99036180103036442438836305586255E-02 -0.81048500066854021387885402801251E+00
0.10478046881510298469735980775092E-01 -0.79959442305013472855693538090758E+00
0.11058095624672749106785563816800E-01 -0.78867413251605746684845875244231E+00
0.11643884684410901472376669205108E-01 -0.77772446329006080042030789065932E+00
0.12235539721654898289687006180913E-01 -0.76674574835568587895968335565938E+00
0.12833191889276190935902480169717E-01 -0.75573831930890586507096287224796E+00
0.13436978125913979194160530269140E-01 -0.74470250620079942764918600036943E+00
0.14047041469456116797446999038763E-01 -0.73363863736937795604165679678523E+00
0.14663531391776252999872573386562E-01 -0.72254703925959408639416884611750E+00
0.15286604156480831206193937245137E-01 -0.71142803623046018168560888518486E+00
0.15916423201591995679176403640051E-01 -0.70028195034809145940184901426619E+00
0.16553159549284350633016128900040E-01 -0.68910910116335870702774954162476E+00
0.17196992245005142104126069243633E-01 -0.67790980547269352737878741258209E+00
0.17848108828546493201359547964644E-01 -0.66668437706042575889512389655742E+00
0.18506705839905212210165622987634E-01 -0.65543312642085106963070924584773E+00
0.19172989363063315549458746379405E-01 -0.64415636045802044003558749446907E+00
0.19847175611157988386315747468486E-01 -0.63285438216100671746908155812260E+00
0.20529491556887215924512871462202E-01 -0.62152749025214535456011656496433E+00
0.21220175612421114432754877066895E-01 -0.61017597880543766639466314752562E+00
0.21919478363569833268424294395576E-01 -0.59880013683196817520559218642555E+00
0.22627663363499102904951257797191E-01 -0.58740024782879588778750664934333E+00
0.23345007991900958151529790444361E-01 -0.57597658928733065215511452082516E+00
0.24071804386223156272307423863406E-01 -0.56452943215669873655455040898462E+00
0.24808360452356160150447556381764E-01 -0.55305904025701084749214796600557E+00
0.25555000963079726683542136041575E-01 -0.54156566963677353356688759862494E+00
0.26312068753609157478868479489162E-01 -0.53004956786790508645450623311854E+00
0.27079926024763296199691810938503E-01 -0.51851097327091527312625171464798E+00
0.27858955765640857257933961471609E-01 -0.50695011406176788849723177591095E+00
0.28649563309258726167006763083756E-01 -0.49536720741072752913327744159319E+00
0.29452178036415727189146411309908E-01 -0.48376245840208032873356846362163E+00
0.30267255245142809327463167533332E-01 -0.47213605888196603044237671490191E+00
0.31095278205532438598385071576749E-01 -0.46048818617961698351639221200802E+00
0.31936760422574860416038506969837E-01 -0.44881900168502462719594990597785E+00
0.32792248132939500805652553778340E-01 -0.43712864926336022784686702880466E+00
0.33662323065517890525836387956791E-01 -0.42541725348329598615025254196099E+00
0.34547605500108885440381378216573E-01 -0.41368491763258555485896163354924E+00
0.35448757664007749827820073734945E-01 -0.40193172148975481313281883810620E+00
0.36366487512640176633543465295270E-01 -0.39015771881534991391268492587579E+00
0.37301552947963207192676476094523E-01 -0.37836293451969957613518965606349E+00
0.38254766537407770464306280836436E-01 -0.36654736145631147875564417111072E+00
0.39227000806994375260219042222228E-01 -0.35471095678052343274456643459449E+00
0.40219194195325034923951688833052E-01 -0.34285363780145665192500970911592E+00
0.41232357770979615298041648216392E-01 -0.33097527724115362948806504653491E+00
0.42267582835084250821873316862302E-01 -0.31907569779735414904179559254527E+00
0.43326049554350095095640575081522E-01 -0.30715466588480130240253982450398E+00
0.44409036798804034153431673044983E-01 -0.29521188440313960134403300757760E+00
0.45517933394206989129318495397954E-01 -0.28324698434588356383478174906707E+00
0.46654251043680290576962689172006E-01 -0.27125951502261466325758193783340E+00
0.47819639228823795981356806092721E-01 -0.25924893261288183682621735379553E+00
0.49015902471022433566447580434787E-01 -0.24721458670167509831630705684731E+00
0.50245020422988767629331539282332E-01 -0.23515570435797372202163512286033E+00
0.51509171375604174276239273097456E-01 -0.22307137120315822733953354344547E+00
0.52810759912287648338123343707615E-01 -0.21096050876561309988509959774926E+00
0.54152449639801425391564179598954E-01 -0.19882184721929807103022017980146E+00
0.55537202169454347041276713641744E-01 -0.18665389233714311073050899028038E+00
0.56968323892516420129693649075611E-01 -0.17445488513421807377864709006782E+00
0.58449522459755074497037755543726E-01 -0.16222275217348464263356736943366E+00
0.59984975780272275641504827564366E-01 -0.14995504385913647165040398904559E+00
0.61579416367527358281163940884482E-01 -0.13764885697933649381559476440869E+00
0.63238237677397790932261171106969E-01 -0.12530073672389859607515194574882E+00
0.64967622896475477872776997465850E-01 -0.11290655036485221114769064658309E+00
0.66774723331661135427499480819716E-01 -0.10046132515973167924684993085409E+00
0.68667843610125289267720174667975E-01 -0.87959028047478345636771893728905E-01
0.70656821331364007398853252232108E-01 -0.75392291236817705466592524311742E-01
0.72753111476722094959285285471578E-01 -0.62751970058091019316624383730170E-01
0.74971192411549324553002402240550E-01 -0.50026741825763711762345266921868E-01
0.77326524945306948841976870451709E-01 -0.37201827812134211245772995927419E-01
0.80367340794791293071660363061550E-01 -0.21654144565969276581191104245059E-01
0.83685901497488363538406088789616E-01 -0.58916414247152931110722968347082E-02
0.87348310648756689573022713086144E-01 0.10150103860781556106146308882683E-01
0.91450157902280501231586363247989E-01 0.26570141969594541032157100556606E-01
0.96141032391414762218663736038722E-01 0.43532558783861848833634524544834E-01
0.10136856280004478119175421027343E+00 0.60390790258886691130622969294092E-01
0.10695365222656630501907261291336E+00 0.76323803614914992279583645777422E-01
0.11294868226952430105102647875499E+00 0.91313435999488541633456536210760E-01
0.11936680220846257190309167049408E+00 0.10536482490016895903212009049433E+00
