0.13183783875357440940336788715042E+01 0.95266015073011529909925926104075E+00
0.13226227278036164469222662447508E+01 0.94837753251209336431178284274000E+00
0.13266513308989324253963434006243E+01 0.94436894146062802649077621372526E+00
0.13304407603099043804465620910643E+01 0.94064549190773040924635520874397E+00
0.13339727965297734020850037206193E+01 0.93721567945626361345031606770938E+00
0.13372284758967122904663863456015E+01 0.93408855461868371387494218493543E+00
0.13402058985751798461651748331469E+01 0.93125709864551958167675722013656E+00
0.13429631526979337787856958162287E+01 0.92865885696398520950434037833686E+00
0.13455499861890424912009042493873E+01 0.92624175653768306517256209603649E+00
0.13479994573273728081548512565400E+01 0.92397109723532223641956751712114E+00
0.13503349284240109716376520299283E+01 0.92182229606973640187560266421671E+00
0.13479994573273728081548512565400E+01 0.92397109723532223641956751712114E+00
0.13455499861890424912009042493873E+01 0.92624175653768306517256209603649E+00
0.13429631526979337787856958162287E+01 0.92865885696398520950434037833686E+00
0.13402058985751798461651748331469E+01 0.93125709864551958167675722013656E+00
0.13372284758967122904663863456015E+01 0.93408855461868371387494218493543E+00
0.13339727965297734020850037206193E+01 0.93721567945626361345031606770938E+00
0.13304407603099043804465620910643E+01 0.94064549190773040924635520874397E+00
0.13266513308989324253963434006243E+01 0.94436894146062802649077621372526E+00
0.13226227278036164469222662447508E+01 0.94837753251209336431178284274000E+00
0.13183783875357440940336788715042E+01 0.95266015073011529909925926104075E+00
0.13208625377047756372305179408410E+01 0.96093605628105080192542773001007E+00
0.13241313681321439364092685843389E+01 0.96923028517321698458652439373232E+00
0.13278891573108291316788463350723E+01 0.97764209761623840515819843783420E+00
0.13321649562943603288469156331519E+01 0.98614925278861563559540065841734E+00
0.13369247076526241528586245174401E+01 0.99474824193948477766863011925399E+00
0.13418898455413906226347718954196E+01 0.10030483565075923345667267316002E+01
0.13468166516858356653690931102272E+01 0.10107941455845981570987662807494E+01
0.13517115383525555787749503668740E+01 0.10181197663860434137926836990861E+01
0.13565751858495807921496897527739E+01 0.10251094899189738130701834330474E+01
0.13614073776945488478798329869480E+01 0.10318193873266080819013465204861E+01
0.13654077485902206029287222709942E+01 0.10372273974879745799306993640933E+01
0.13693835350622622143457988714301E+01 0.10424869434545795790368701223786E+01
0.13733333675080703529581173683026E+01 0.10476120556402445698881586622380E+01
0.13772560017501495831282058947734E+01 0.10526140242845861266421442439197E+01
0.13811502501336873328606896244340E+01 0.10575021144114549611789252534696E+01
0.13850149853999604995869225687386E+01 0.10622840305488888448239130248506E+01
0.13888491432760436497430437032438E+01 0.10669662517061933220477600845956E+01
0.13926517222365251720613035542027E+01 0.10715542794806580786882710427237E+01
0.13964217814042392907823088166899E+01 0.10760528254960825284510476927518E+01
0.14001584374242082652755387232576E+01 0.10804659553864060270748850710468E+01
0.14038608608571453512181189795965E+01 0.10847972010199183715987307445521E+01
0.14075282724265073539487389153923E+01 0.10890496491062432915726511746010E+01
0.14111599393153619086205403911648E+01 0.10932260119703229106408508547836E+01
0.14147551716231515340632401376914E+01 0.10973286846756122166779033654703E+01
0.14183133190392982065436340165034E+01 0.11013597915682131470595400339941E+01
0.14218337677582122099599999588652E+01 0.11053212245301779114476355588109E+01
0.14253159376408633723145302836119E+01 0.11092146746685636136843967878346E+01
0.14287592796167605861011499883344E+01 0.11130416587583731659174969865462E+01
0.14321632733139185143578914527438E+01 0.11168035414565549437335312462344E+01
0.14355274249012483766514860390981E+01 0.11205015540797867383023194112664E+01
0.14388512651265843955092629515472E+01 0.11241368105695145469216036569707E+01
0.14421343475334870815693855561203E+01 0.11277103211387714708930701518011E+01
0.14453762468405634455159670112224E+01 0.11312230039961221737833137437875E+01
0.14485765574680097417099291453750E+01 0.11346756954651177842298014708992E+01
0.14517348921972246280937032499777E+01 0.11380691587574336730153677530569E+01
0.14548508809505394535797227599351E+01 0.11414040916103827459032125248224E+01
0.14579241696793005272309141847654E+01 0.11446811329617925509614840340031E+01
0.14609544193496714457715812944097E+01 0.11479008688050837380171525360974E+01
0.14639413050165833210768860051334E+01 0.11510638373431237295515815253359E+01
0.14668845149772334950028300338204E+01 0.11541705335397866954931620499235E+01
0.14697837499964205583239704654742E+01 0.11572214131521557860811678976961E+01
0.14726387225968035449776495319353E+01 0.11602168963132105693937006792696E+01
0.14754491564078943635430508623450E+01 0.11631573707240690705084388311522E+01
0.14782147855682359855328101020375E+01 0.11660431945059447108839097886507E+01
0.14809353541757968526721923149716E+01 0.11688746987545816136540329511392E+01
0.14836106157821246779211302081630E+01 0.11716521898337564085789335536133E+01
0.14862403329262623864090474878304E+01 0.11743759514392645186962471032623E+01
0.14888242767048367716559962765479E+01 0.11770462464604584157418224442531E+01
0.14913622263750936283585840837850E+01 0.11796633186627329584113374124713E+01
0.14938539689879783059258297381522E+01 0.11822273942112404191371625896069E+01
0.14962992990486483388731768057226E+01 0.11847386830534709856970972867896E+01
0.14986980182020631970767840306663E+01 0.11871973801760774101706888866939E+01
0.15010499349415257523391677838162E+01 0.11896036667493883071538717569768E+01
0.15033548643382545594950888857993E+01 0.11919577111713967149943525730103E+01
0.15056126277902521529608460598510E+01 0.11942596700215806251373600748145E+01
0.15078230527888947713507430953655E+01 0.11965096889336783059680915907453E+01
0.15099859727018206045900647729362E+01 0.11987079033954733214554334056519E+01
0.15121012265708217942905460739873E+01 0.12008544394827157535037056632783E+01
0.15141686589235662109822358415920E+01 0.12029494145334989704788803666515E+01
0.15161881195980808623649658157134E+01 0.12049929377687067014215699881856E+01
0.15181594635790240612580715419682E+01 0.12069851108635288100513813773966E+01
0.15200825508448607502777439864580E+01 0.12089260284745039779468530177378E+01
0.15219572462251326308242214804602E+01 0.12108157787260725349764469407571E+01
0.15237834192670850025265041029221E+01 0.12126544436602054081186633285102E+01
0.15255609441109763038284793103817E+01 0.12144420996523055412349202016101E+01
0.15272896993734531960680261545309E+01 0.12161788177962527409877150348074E+01
0.15289695680384269151990458878680E+01 0.12178646642611733424452328369158E+01
0.15306004373549331652411805272662E+01 0.12194997006222606961705520263237E+01
0.15321821987415013644924756356276E+01 0.12210839841677432621294216189265E+01
0.15337147476965980125397117790641E+01 0.12226175681838948094847954853513E+01
0.15351979837147442549668790616369E+01 0.12241005022197993883941613870745E+01
0.15366318102079406592357060530548E+01 0.12255328323334218585491018364867E+01
0.15380161344320613847021029377222E+01 0.12269146013203893326820471271015E+01
0.15393508674179072740396072943407E+01 0.12282458489267583827698847735568E+01
0.15406359239066321858898103830473E+01 0.12295266120469262291027608005325E+01
0.15418712222892794335804734851371E+01 0.12307569249077378147716931600978E+01
0.15430566845501861393744778075995E+01 0.12319368192397463111135287011060E+01
0.15441922362140327143334485496474E+01 0.12330663244364976835581982279068E+01
0.15452778062963308690814365457820E+01 0.12341454677026336051675981951359E+01
0.15463133272571651496879309020892E+01 0.12351742741915318649322306911920E+01
0.15472987349580011898255589612686E+01 0.12361527671331542585537549590555E+01
0.15482339686214373002441346084394E+01 0.12370809679526661195428333633978E+01
0.15491189707936450429462686605045E+01 0.12379588963804809415714465920253E+01
0.15499536873096741605869919149361E+01 0.12387865705539151351426070929011E+01
0.15507380672605957377932112762175E+01 0.12395640071118157925083263985274E+01
0.15514720629649832662181181505115E+01 0.12402912212799365089535265086616E+01
0.15521556299370859325970015058583E+01 0.12409682269550471795803721896930E+01
0.15527887268733148632916449148786E+01 0.12415950367661933040888665583253E+01
0.15533713155947682179944666544513E+01 0.12421716621762160673447494615077E+01
0.15539033611232567371630508574413E+01 0.12426981134444541823978713252077E+01
0.15542299626426947224861228411153E+01 0.12430212110950511019760105997385E+01
0.15545340775651330801176677518635E+01 0.12433220157460666253516442167142E+01
0.15548156977983414042521868282437E+01 0.12436005296895492755429110934480E+01
0.15550748158622610684474884686214E+01 0.12438567550209756497632526834167E+01
0.15553114248812634072733411891720E+01 0.12440906936503396870620505362251E+01
0.15555367871704701981308406943767E+01 0.12443134868371626129362364569884E+01
0.15557621693201653595624761993458E+01 0.12445362746767918402651350454632E+01
0.15559875713222896771628069651627E+01 0.12447590571941096052010657159826E+01
0.15562129931632401098628542406174E+01 0.12449818344195634019986827963847E+01
0.15564384348467892421007221274256E+01 0.12452046063659738785833479389251E+01
0.15562129931632401098628542406174E+01 0.12449818344195634019986827963847E+01
0.15559875713222896771628069651627E+01 0.12447590571941096052010657159826E+01
0.15557621693201653595624761993458E+01 0.12445362746767918402651350454632E+01
0.15555367871704701981308406943767E+01 0.12443134868371626129362364569884E+01
0.15553114248812634072733411891720E+01 0.12440906936503396870620505362251E+01
0.15550748158622610684474884686214E+01 0.12438567550209756497632526834167E+01
0.15548156977983414042521868282437E+01 0.12436005296895492755429110934480E+01
0.15545340775651330801176677518635E+01 0.12433220157460666253516442167142E+01
0.15542299626426947224861228411153E+01 0.12430212110950511019760105997385E+01
0.15539033611232567371630508574413E+01 0.12426981134444541823978713252077E+01
0.15533713155947682179944666544513E+01 0.12421716621762160673447494615077E+01
0.15527887268733148632916449148786E+01 0.12415950367661933040888665583253E+01
0.15521556299370859325970015058583E+01 0.12409682269550471795803721896930E+01
0.15514720629649832662181181505115E+01 0.12402912212799365089535265086616E+01
0.15507380672605957377932112762175E+01 0.12395640071118157925083263985274E+01
0.15499536873096741605869919149361E+01 0.12387865705539151351426070929011E+01
0.15491189707936450429462686605045E+01 0.12379588963804809415714465920253E+01
0.15482339686214373002441346084394E+01 0.12370809679526661195428333633978E+01
0.15472987349580011898255589612686E+01 0.12361527671331542585537549590555E+01
0.15463133272571651496879309020892E+01 0.12351742741915318649322306911920E+01
0.15452778062963308690814365457820E+01 0.12341454677026336051675981951359E+01
0.15441922362140327143334485496474E+01 0.12330663244364976835581982279068E+01
0.15430566845501861393744778075995E+01 0.12319368192397463111135287011060E+01
0.15418712222892794335804734851371E+01 0.12307569249077378147716931600978E+01
0.15406359239066321858898103830473E+01 0.12295266120469262291027608005325E+01
0.15393508674179072740396072943407E+01 0.12282458489267583827698847735568E+01
0.15380161344320613847021029377222E+01 0.12269146013203893326820471271015E+01
0.15366318102079406592357060530548E+01 0.12255328323334218585491018364867E+01
0.15351979837147442549668790616369E+01 0.12241005022197993883941613870745E+01
0.15337147476965980125397117790641E+01 0.12226175681838948094847954853513E+01
0.15321821987415013644924756356276E+01 0.12210839841677432621294216189265E+01
0.15306004373549331652411805272662E+01 0.12194997006222606961705520263237E+01
0.15289695680384269151990458878680E+01 0.12178646642611733424452328369158E+01
0.15272896993734531960680261545309E+01 0.12161788177962527409877150348074E+01
0.15255609441109763038284793103817E+01 0.12144420996523055412349202016101E+01
0.15237834192670850025265041029221E+01 0.12126544436602054081186633285102E+01
0.15219572462251326308242214804602E+01 0.12108157787260725349764469407571E+01
0.15200825508448607502777439864580E+01 0.12089260284745039779468530177378E+01
0.15181594635790240612580715419682E+01 0.12069851108635288100513813773966E+01
0.15161881195980808623649658157134E+01 0.12049929377687067014215699881856E+01
0.15141686589235662109822358415920E+01 0.12029494145334989704788803666515E+01
0.15121012265708217942905460739873E+01 0.12008544394827157535037056632783E+01
0.15099859727018206045900647729362E+01 0.11987079033954733214554334056519E+01
0.15078230527888947713507430953655E+01 0.11965096889336783059680915907453E+01
0.15056126277902521529608460598510E+01 0.11942596700215806251373600748145E+01
0.15033548643382545594950888857993E+01 0.11919577111713967149943525730103E+01
0.15010499349415257523391677838162E+01 0.11896036667493883071538717569768E+01
0.14986980182020631970767840306663E+01 0.11871973801760774101706888866939E+01
0.14962992990486483388731768057226E+01 0.11847386830534709856970972867896E+01
0.14938539689879783059258297381522E+01 0.11822273942112404191371625896069E+01
0.14913622263750936283585840837850E+01 0.11796633186627329584113374124713E+01
0.14888242767048367716559962765479E+01 0.11770462464604584157418224442531E+01
0.14862403329262623864090474878304E+01 0.11743759514392645186962471032623E+01
0.14836106157821246779211302081630E+01 0.11716521898337564085789335536133E+01
0.14809353541757968526721923149716E+01 0.11688746987545816136540329511392E+01
0.14782147855682359855328101020375E+01 0.11660431945059447108839097886507E+01
0.14754491564078943635430508623450E+01 0.11631573707240690705084388311522E+01
0.14726387225968035449776495319353E+01 0.11602168963132105693937006792696E+01
0.14697837499964205583239704654742E+01 0.11572214131521557860811678976961E+01
0.14668845149772334950028300338204E+01 0.11541705335397866954931620499235E+01
0.14639413050165833210768860051334E+01 0.11510638373431237295515815253359E+01
0.14609544193496714457715812944097E+01 0.11479008688050837380171525360974E+01
0.14579241696793005272309141847654E+01 0.11446811329617925509614840340031E+01
0.14548508809505394535797227599351E+01 0.11414040916103827459032125248224E+01
0.14517348921972246280937032499777E+01 0.11380691587574336730153677530569E+01
0.14485765574680097417099291453750E+01 0.11346756954651177842298014708992E+01
0.14453762468405634455159670112224E+01 0.11312230039961221737833137437875E+01
0.14421343475334870815693855561203E+01 0.11277103211387714708930701518011E+01
0.14388512651265843955092629515472E+01 0.11241368105695145469216036569707E+01
0.14355274249012483766514860390981E+01 0.11205015540797867383023194112664E+01
0.14321632733139185143578914527438E+01 0.11168035414565549437335312462344E+01
0.14287592796167605861011499883344E+01 0.11130416587583731659174969865462E+01
0.14253159376408633723145302836119E+01 0.11092146746685636136843967878346E+01
0.14218337677582122099599999588652E+01 0.11053212245301779114476355588109E+01
0.14183133190392982065436340165034E+01 0.11013597915682131470595400339941E+01
0.14147551716231515340632401376914E+01 0.10973286846756122166779033654703E+01
0.14111599393153619086205403911648E+01 0.10932260119703229106408508547836E+01
0.14075282724265073539487389153923E+01 0.10890496491062432915726511746010E+01
0.14038608608571453512181189795965E+01 0.10847972010199183715987307445521E+01
0.14001584374242082652755387232576E+01 0.10804659553864060270748850710468E+01
0.13964217814042392907823088166899E+01 0.10760528254960825284510476927518E+01
0.13926517222365251720613035542027E+01 0.10715542794806580786882710427237E+01
0.13888491432760436497430437032438E+01 0.10669662517061933220477600845956E+01
0.13850149853999604995869225687386E+01 0.10622840305488888448239130248506E+01
0.13811502501336873328606896244340E+01 0.10575021144114549611789252534696E+01
0.13772560017501495831282058947734E+01 0.10526140242845861266421442439197E+01
0.13733333675080703529581173683026E+01 0.10476120556402445698881586622380E+01
0.13693835350622622143457988714301E+01 0.10424869434545795790368701223786E+01
0.13654077485902206029287222709942E+01 0.10372273974879745799306993640933E+01
0.13614073776945488478798329869480E+01 0.10318193873266080819013465204861E+01
0.13565751858495807921496897527739E+01 0.10251094899189738130701834330474E+01
0.13517115383525555787749503668740E+01 0.10181197663860434137926836990861E+01
0.13468166516858356653690931102272E+01 0.10107941455845981570987662807494E+01
0.13418898455413906226347718954196E+01 0.10030483565075923345667267316002E+01
0.13369247076526241528586245174401E+01 0.99474824193948477766863011925399E+00
0.13321649562943603288469156331519E+01 0.98614925278861563559540065841734E+00
0.13278891573108291316788463350723E+01 0.97764209761623840515819843783420E+00
0.13241313681321439364092685843389E+01 0.96923028517321698458652439373232E+00
0.13208625377047756372305179408410E+01 0.96093605628105080192542773001007E+00
0.13183783875357440940336788715042E+01 0.95266015073011529909925926104075E+00
0.13099992456222771057887839736916E+01 0.95025752732744953339408027113346E+00
0.13013503332512264777751133296251E+01 0.94723215349106037650124736463164E+00
0.12923753106253817745694708516039E+01 0.94365033456004036866441207610109E+00
0.12830519370038283393077896727854E+01 0.93950288917077624279204613323649E+00
0.12733518442917167897828657887983E+01 0.93480680169277688746609151327758E+00
0.12637097412157156648739344580354E+01 0.92981203136912733412428436912127E+00
0.12544488113863254987403604838938E+01 0.92475734824132564693913699675573E+00
0.12454432497542283881326251078058E+01 0.91963657662075734754701347483847E+00
0.12366154392121441248183375257501E+01 0.91444795986583193190098222473903E+00
0.12279136279956027590738688814703E+01 0.90919184090921228463940092989060E+00
0.12207323151151003560708637172733E+01 0.90476022815488057515740040614363E+00
0.12135971393839157279607671741183E+01 0.90028387910349544276541391214085E+00
0.12064963214308747383879575319859E+01 0.89576282357250523777072148318166E+00
0.11994198419409300020839345360378E+01 0.89119821965918555542274392443485E+00
0.11923597533643398386539757949343E+01 0.88659085523020468074249490494850E+00
0.11853094513277824122263563534518E+01 0.88194160783884224262272677875798E+00
0.11782634664232342335534414185550E+01 0.87725127996056751287598591998103E+00
0.11712172021487580114410134649099E+01 0.87252064747678557224683631811992E+00
0.11641667738749860531645508909606E+01 0.86775044242246761204264106646231E+00
0.11571088733536972484900511817308E+01 0.86294135974244545161035514818516E+00
0.11500406676096694075411995513728E+01 0.85809405742920779923973934708940E+00
0.11429597180420427588833925319624E+01 0.85320915947846470632811064769677E+00
0.11358639165184170099346784697279E+01 0.84828725817434236563987466223974E+00
0.11287514338423245984356537712458E+01 0.84332891663000191902107163441532E+00
0.11216206779796696356322383209578E+01 0.83833467115008361287909123825798E+00
0.11144702598428745512054880433416E+01 0.83330503348754042471468260843195E+00
0.11072989650623541917155801721416E+01 0.82824049293610272443505221109624E+00
0.11001057305205490320533211254044E+01 0.82314151826460761512428033873509E+00
0.10928896247154782029880163806590E+01 0.81800855949099509556228635191370E+00
0.10856498312253094921666422600193E+01 0.81284204950412887647690549063876E+00
0.10783856347035490329886089793765E+01 0.80764240554233694029220291746922E+00
0.10710964089532424410811961267126E+01 0.80241003053934343172798153248815E+00
0.10637816067202124437243080164871E+01 0.79714531434837210229525385104578E+00
0.10564407509161490671178769848854E+01 0.79184863485505891480221205351910E+00
0.10490734270376857293217104067260E+01 0.78652035898928360473019238267659E+00
0.10416792765910956710476725055038E+01 0.78116084364537078869385672939141E+00
0.10342579913667205346540419532877E+01 0.77577043651937760427250022919116E+00
0.10268093084347481582907236683315E+01 0.77034947687143463535478461932976E+00
0.10193330057560416538363313136781E+01 0.76489829622038069475948454873767E+00
0.10118288983195627331269515687103E+01 0.75941721897723862934764076612734E+00
0.10042968347324260859825270142829E+01 0.75390656302343852490160483620029E+00
0.99673669420045974956748790936333E+00 0.74836664023910255476432491272822E+00
0.98914838384686602498299128729624E+00 0.74279775698616938273297935575238E+00
0.98153183632459559703719752171926E+00 0.73720021455064847662508551007046E+00
0.97388700768469245792609314490024E+00 0.73157430954785648518276631631192E+00
0.96621387546839867768787141174843E+00 0.72592033429409473694051677980523E+00
0.95851243699543242325306558172077E+00 0.72023857714787404018430612790666E+00
0.95078270782473234286653436300562E+00 0.71452932282347708979039705183601E+00
0.94302472036723115178441000072298E+00 0.70879285267936802392439731698833E+00
0.93523852263298439274999024234122E+00 0.70302944498370504057821321030007E+00
0.92742417709732625851474974125205E+00 0.69723937515898966122596566285077E+00
0.91958175967272006637653585129910E+00 0.69142291600768196813017367864832E+00
0.91171135877467545146643745660218E+00 0.68558033792043503974316257410861E+00
0.90381307447156628711014355937544E+00 0.67971190906843931996176389986863E+00
0.89588701770943570815921915044404E+00 0.67381789558122364114289974053055E+00
0.88793330960395778416916836042594E+00 0.66789856171113410415972347518370E+00
0.87995208079265830723372547773050E+00 0.66195416998559296666704948447441E+00
0.87194347084130570353711233133894E+00 0.65598498134813977480759837412232E+00
0.86390762769908710522215062600265E+00 0.64999125528916283876642212969414E+00
0.85584470719779435108291338750511E+00 0.64397324996714595390784720557715E+00
0.84775487259077984608518376760355E+00 0.63793122232118157598227816935125E+00
0.83963829412790793587167789898364E+00 0.63186542817543301093635348921233E+00
0.83149514866313668480390585610706E+00 0.62577612233616846563566469587921E+00
0.82332561929172503486534578365276E+00 0.61966355868193567459508578707394E+00
0.81512989501437474243559473288227E+00 0.61352799024739376729466102577714E+00
0.80690817042589704849105855217493E+00 0.60736966930127912598573738622431E+00
0.79866064542624000901405120401656E+00 0.60118884741893684321688094652308E+00
0.79038752495192994408115155149102E+00 0.59498577554981597122720504796676E+00
0.78208901872617384850264758244277E+00 0.58876070408029247316192128876431E+00
0.77376534102604287511817235705914E+00 0.58251388289215416399546694660368E+00
0.76541671046530813309587345689934E+00 0.57624556141705475643274733164073E+00
0.75704334979163702722993298076242E+00 0.56995598868721815605260667318958E+00
0.74864548569698076299598272917896E+00 0.56364541338265399557524524695703E+00
0.74022334864009113609723001292462E+00 0.55731408387512229875169096179694E+00
0.73177717268020337068377717551621E+00 0.55096224826906786717927038378359E+00
0.72330719532100814201143351167174E+00 0.54459015443972835456101800049161E+00
0.71481365736411553275545169117620E+00 0.53819805006860242709172785477117E+00
0.70629680277128293615805033572838E+00 0.53178618267645227677756213053354E+00
0.69775687853474363887781944133060E+00 0.52535479965400097914333863306462E+00
0.68919413455503010785901183236179E+00 0.51890414829047196118100787794173E+00
0.68060882352573588937346697371915E+00 0.51243447580010940412939806499866E+00
0.67200120082471048518595839261686E+00 0.50594602934680607933458649460322E+00
0.66337152441121987967784864236855E+00 0.49943905606695722764105035176555E+00
0.65472005472864682172967990353474E+00 0.49291380309064954525840289124989E+00
0.64604705461233798723182407583662E+00 0.48637051756128838142929046702840E+00
0.63735278920223816789492798472699E+00 0.47980944665375668916735095294419E+00
0.62863752585997922266540096862901E+00 0.47323083759119500274975732637689E+00
0.61990153409011814798872496840746E+00 0.46663493766048262922840447772310E+00
0.61114508546524312265862401997606E+00 0.46002199422649947771266499236808E+00
0.60236845355468715122869499763879E+00 0.45339225474523675392772382184582E+00
0.59357191385660933795618981709378E+00 0.44674596677582510678312861497121E+00
0.58475574373322237951518573025556E+00 0.44008337799154104537758687586112E+00
0.57592022234896007617764080985514E+00 0.43340473618985036332460787186530E+00
0.56706563061139661302312564571732E+00 0.42671028930154275781314552154482E+00
0.55819225111473937839421685833479E+00 0.42000028539900714619107949079621E+00
0.54930036808573457504234082012164E+00 0.41327497270369696732556765095077E+00
0.54039026733183185948204871593842E+00 0.40653459959282818810029131080312E+00
0.53146223619146868234701028300467E+00 0.39977941460535251820871994442666E+00
0.52251656348634489074733907804656E+00 0.39300966644724539863611015404812E+00
0.51355353947556218667995518252653E+00 0.38622560399614246152458843000013E+00
0.50457345581152040788229889470518E+00 0.37942747630536402292287049002643E+00
0.49557660549746136076801652192237E+00 0.37261553260735337908320312064460E+00
0.48656328284656382376853096273954E+00 0.36579002231656547561291257694118E+00
0.47753378344249879626372101948890E+00 0.35895119503182954125968637367446E+00
0.46848840410135778723269195468931E+00 0.35209930053821538315711385149712E+00
0.45942744283487672894271052791112E+00 0.34523458880842755789211016365528E+00
0.45035119881487933396750770910821E+00 0.33835731000375077084391284931830E+00
0.44125997233887086782095960885830E+00 0.33146771447456978256824631042737E+00
0.43215406479671869852843139590182E+00 0.32456605276048458198217377174988E+00
0.42303377863835565687229423259337E+00 0.31765257559004010358158765101265E+00
0.41389941734245269842869851326059E+00 0.31072753388008989265100093095044E+00
0.40475128538600514189532073602081E+00 0.30379117873481142452100693126086E+00
0.39558968821478342789755402251890E+00 0.29684376144438996006592379746810E+00
0.38641493221460120163812882665613E+00 0.28988553348338563952751733681105E+00
0.37722732468335669726985312245371E+00 0.28291674650880011547998905441408E+00
0.36802717380380665547999956254865E+00 0.27593765235785652379839960829248E+00
0.35881478861703284929362599031007E+00 0.26894850304550544459814064761194E+00
0.34959047899656598838919634987019E+00 0.26194955076167030973841464112123E+00
0.34035455562313208672204847990358E+00 0.25494104786824429189830708732266E+00
0.33110732995998884507564656825022E+00 0.24792324689584916246835721257426E+00
0.32184911422882256250926173791262E+00 0.24089640054036792474929391039355E+00
0.31258022138617615559280110808614E+00 0.23386076165926104992791067367346E+00
0.30330096510038163593290248246410E+00 0.22681658326767571332986357159828E+00
0.29401165972897269098971997399636E+00 0.21976411853435777636778006292594E+00
0.28471262029655151613667882271291E+00 0.21270362077737497289131749934723E+00
0.27540416247308948952475814868176E+00 0.20563534345965980023232171763818E+00
0.26608660255263937606001628304378E+00 0.19855954018437941498641902347374E+00
0.25676025743243872755524555764272E+00 0.19147646469014114817355793642365E+00
0.24742544459238666315558930237155E+00 0.18438637084604047828951624363953E+00
0.23808248207487523652382336007281E+00 0.17728951264655628055247576538712E+00
0.22873168846495894760962412397984E+00 0.17018614420630411530148216639868E+00
0.21937338287084716287974016260219E+00 0.16307651975464896159703352493443E+00
0.21000788490470163747828355399130E+00 0.15596089363018672426185468514463E+00
0.20063551466372948704645333460109E+00 0.14883952027509882468948167425645E+00
0.19125659271155351896626572536310E+00 0.14171265422938473092353264077825E+00
0.18187144005985047402985978374571E+00 0.13458055012497930555665652421510E+00
0.17248037815024344828584499498031E+00 0.12744346267975754770324463477315E+00
0.16308372883643698807992539715802E+00 0.12030164669143285149702135335453E+00
0.15368181436658608502799328618215E+00 0.11315535703135421846621181431366E+00
0.14427495736588553101545572875152E+00 0.10600484863820325054059916142993E+00
0.13486348081937317939460234552306E+00 0.98850376511599659410141660596213E-01
0.12544770805493578471765130379787E+00 0.91692195705614851939015293084089E-01
0.11602796272650940015734259677117E+00 0.84530561322199693388577402653502E-01
0.10660456879746721486465920401948E+00 0.77365728504530731034430642067659E-01
0.97177850524183401776518599189469E-01 0.70197952430275598991152336408940E-01
0.87748132439771661275160699722500E-01 0.63027488304783299178075570294963E-01
0.78315739337983892808900014131192E-01 0.55854591354201956730101636154181E-01
0.68880996257269508362399674831322E-01 0.48679516818525773606455853819432E-01
0.59444228464983717948913805181874E-01 0.41502519944576421987725876293755E-01
0.50005761441741480547714251614726E-01 0.34323855978919206153095478934673E-01
0.40565920865911050960531021708481E-01 0.27143780160718843326124522872203E-01
0.31125032598240640592836238734835E-01 0.19962547714535904256441512706958E-01
0.21683422666614327225694100612282E-01 0.12780413843066735238408279932373E-01
0.12241417250931809628936976791646E-01 0.55976337198303016849995875918194E-02
0.27993426681068504996944191235929E-02 -0.15855375181973352444335590849263E-02
-0.66424746428192324437170428583724E-02 -0.87688447779978453319675142781097E-02
-0.16083708135453711709186936810890E-01 -0.15952033017972226821703754653828E-01
-0.25524031170721531124006416590767E-01 -0.23134847255448291251641610448813E-01
-0.34963117031432374344772338816621E-01 -0.30317032574230661718292819234347E-01
-0.44400638936748220908661029080728E-01 -0.37498334132193060266284531502475E-01
-0.53836270056554977639149822206636E-01 -0.44678497168908949836389422340995E-01
-0.63269683525741770143125120193015E-01 -0.51857267013320564464781247018546E-01
-0.72700552458391021566937479881309E-01 -0.59034389091444175744337283036361E-01
-0.82128549961881661653507875358160E-01 -0.66209608934108679758247778459350E-01
-0.91553349150908971354373864752921E-01 -0.73382672184727883798100905060409E-01
-0.10097462316142348950662083702254E+00 -0.80553324607103535325496938139223E-01
-0.11039204516449072276843139548904E+00 -0.87721312093257509934494536189932E-01
-0.11980528838007588711448987115603E+00 -0.94886380671293962672065966551900E-01
-0.12921402609075352144869800174087E+00 -0.10204827651328508001970888296534E+00
-0.13861793165534648157648564388837E+00 -0.10920674594318642964499126955710E+00
-0.14801667852249472023878305608432E+00 -0.11636153544477232048591653105798E+00
-0.15740994024415637715018611857099E+00 -0.12351239166959657904892076138659E+00
-0.16679739048904364093572379684815E+00 -0.13065906144497450321481995917296E+00
-0.17617870305599315832108600517610E+00 -0.13780129178198413185162303638679E+00
-0.18555355188727633563892903561380E+00 -0.14493882988348798468704499230023E+00
-0.19492161108184605287612581994692E+00 -0.15207142315217188208749861184071E+00
-0.20428255490852625586374219601458E+00 -0.15919881919860100211638611368950E+00
-0.21363605781914283533556473791935E+00 -0.16632076584929242256228373368050E+00
-0.22298179446159735954142310113968E+00 -0.17343701115480149884215447127198E+00
-0.23231943969288705971205823099015E+00 -0.18054730339782279132857883449784E+00
-0.24164866859206872165436386701493E+00 -0.18765139110130315467651640182991E+00
-0.25096915647317157743670706977345E+00 -0.19474902303656743337906578555801E+00
-0.26028057889805779637662374042194E+00 -0.20183994823145438429088819878052E+00
-0.26958261168923092488118416970375E+00 -0.20892391597846299525768094330289E+00
-0.27887493094259682649959568477247E+00 -0.21600067584290747052945972086705E+00
-0.28815721304017331640673925888342E+00 -0.22306997767108141323084454276833E+00
-0.29742913466275376077491256411773E+00 -0.23013157159842781509319239180452E+00
-0.30669037280252241826487755593235E+00 -0.23718520805771691730920698381854E+00
-0.31594060477562319472093269684468E+00 -0.24423063778722927429909952844139E+00
-0.32517950823468362863651962173267E+00 -0.25126761183894384507864695692588E+00
-0.33440676118129291075584272962503E+00 -0.25829588158672988647610861520350E+00
-0.34362204197843598323860008426196E+00 -0.26531519873454296310229223724258E+00
-0.35282502936288400916844000305573E+00 -0.27232531532462295552823498421738E+00
-0.36201540245754119242646400692785E+00 -0.27932598374569412797287256403782E+00
-0.37119284078374943694149781974902E+00 -0.28631695674116684932349224271214E+00
-0.38035702427355046944237282125689E+00 -0.29329798741733930641737646297091E+00
-0.38950763328190633036049549804497E+00 -0.30026882925159912930431932299636E+00
-0.39864434859887894536581243509658E+00 -0.30722923610062471562493648120687E+00
-0.40776685146176833621472237733360E+00 -0.31417896220858432053751859850395E+00
-0.41687482356721065767038483139348E+00 -0.32111776221533341552043439945619E+00
-0.42596794708323625672672789274316E+00 -0.32804539116460951360298219248725E+00
-0.43504590466128746763292460056541E+00 -0.33496160451222331205844377338535E+00
-0.44410837944819747472147491480358E+00 -0.34186615813424567122878273862692E+00
-0.45315505509812909801336126216363E+00 -0.34875880833519027470288048312088E+00
-0.46218561578447587132932398162878E+00 -0.35563931185619170256321823307749E+00
-0.47119974621172312316013932310213E+00 -0.36250742588317645629736427278353E+00
-0.48019713162727099765147568959898E+00 -0.36936290805502878991379488602393E+00
-0.48917745783321965306186879554921E+00 -0.37620551647174921286424070995069E+00
-0.49814041119811513589850119316013E+00 -0.38303500970260572610391206169644E+00
-0.50708567866865831485596937413912E+00 -0.38985114679427704132947691684306E+00
-0.51601294778137538866199972783621E+00 -0.39665368727898742791934735438045E+00
-0.52492190667425002403870622347435E+00 -0.40344239118263232257114968861769E+00
-0.53381224409831987152395546339932E+00 -0.41021701903289487395534667601295E+00
-0.54268364942923186705870530792457E+00 -0.41697733186735188173111871101292E+00
-0.55153581267876436800737833387050E+00 -0.42372309124156984245574085963348E+00
-0.56036842450630791910694052433648E+00 -0.43045405923718965509173159002776E+00
-0.56918117623031067122991419523920E+00 -0.43716999846999965333162319536268E+00
-0.57797375983968623967539780993761E+00 -0.44387067209799726548096133715579E+00
-0.58674586800518314539512525662882E+00 -0.45055584382943739845177725497752E+00
-0.59549719409071801417993951392983E+00 -0.45722527793086897787190968493751E+00
-0.60422743216467019563499530804415E+00 -0.46387873923515717617238659812051E+00
-0.61293627701113979872168276844795E+00 -0.47051599314949232039937115027714E+00
-0.62162342414116789664885928316142E+00 -0.47713680566338436319118418236230E+00
-0.63028856980391897835214423698829E+00 -0.48374094335664286863923780915363E+00
-0.63893141099782637051448136256449E+00 -0.49032817340734173319817611297942E+00
-0.64755164548169901231817927079995E+00 -0.49689826359976810314371548468490E+00
-0.65614897178579182703686160814643E+00 -0.50345098233235565854637542768402E+00
-0.66472308922283695224162862546706E+00 -0.50998609862560166936385038310081E+00
-0.67327369789903794422599609268621E+00 -0.51650338212996648217400535345758E+00
-0.68180049872502542258633100980873E+00 -0.52300260313375645655599141717415E+00
-0.69030319342677511634416707458470E+00 -0.52948353257098884226608554481141E+00
-0.69878148455648722077152559705043E+00 -0.53594594202923920652274679672939E+00
-0.70723507550342743155069503261284E+00 -0.54238960375746953046772194632925E+00
-0.71566367050472977001137624034656E+00 -0.54881429067383833982749804876883E+00
-0.72406697465616075344577263541512E+00 -0.55521977637349094861448121201807E+00
-0.73244469392284423373000828788843E+00 -0.56160583513633073241344448794546E+00
-0.74079653514994826364384038584878E+00 -0.56797224193476967388068912583642E+00
-0.74912220607333211419194072089672E+00 -0.57431877244145934187841673079180E+00
-0.75742141533015435739533861477115E+00 -0.58064520303700058117861166615164E+00
-0.76569387246944170628740704481341E+00 -0.58695131081763214342773112933803E+00
-0.77393928796261804656286628694642E+00 -0.59323687360289835507395475919214E+00
-0.78215737321399376134127153851999E+00 -0.59950166994329414339416630078757E+00
-0.79034784057121549475114315612234E+00 -0.60574547912788866013552365956873E+00
-0.79851040333567538398226836718753E+00 -0.61196808119192593999816486845947E+00
-0.80664477577288016097774536366181E+00 -0.61816925692440252066263560499468E+00
-0.81475067312277999600979567073333E+00 -0.62434878787562236119640080491673E+00
-0.82282781161005654301964968111775E+00 -0.63050645636472767488004209299338E+00
-0.83087590845436992698764635517126E+00 -0.63664204548720619371639614779905E+00
-0.83889468188056478866627073073222E+00 -0.64275533912237365758497536412762E+00
-0.84688385112883572559016427167156E+00 -0.64884612194083230194265504418369E+00
-0.85484313646484994190709607812134E+00 -0.65491417941190414052388415562247E+00
-0.86277225918982945039470999285398E+00 -0.66095929781103872021946102232716E+00
-0.87067094165059074979460781987196E+00 -0.66698126422719580601909309787057E+00
-0.87853890724954250038892301258577E+00 -0.67297986657020163793043923194189E+00
-0.88637588045464112588468698671100E+00 -0.67895489357807931818588328820980E+00
-0.89418158680930342083941799545278E+00 -0.68490613482435239939583587280141E+00
-0.90195575294227684846707688187218E+00 -0.69083338072532170227103578806738E+00
-0.90969810657746666501137417111512E+00 -0.69673642254731497287451725631551E+00
-0.91740837654371948464497664114467E+00 -0.70261505241390882068009579093998E+00
-0.92508629278456433889438634401609E+00 -0.70846906331312308573311468850910E+00
-0.93273158636790883774489005575704E+00 -0.71429824910458707060808703060705E+00
-0.94034398949569242148857482772887E+00 -0.72010240452667702137161480043724E+00
-0.94792323551349513083786690322166E+00 -0.72588132520362536294471205166362E+00
-0.95546905892010161426470814430383E+00 -0.73163480765260056613816387301892E+00
-0.96298119537702136172873411880509E+00 -0.73736264929075771181772287666081E+00
-0.97045938171796321909605410610795E+00 -0.74306464844225964182598805944214E+00
-0.97790335595826552375010182884561E+00 -0.74874060434526794750890151883714E+00
-0.98531285730428038504603446832750E+00 -0.75439031715890394656905988602440E+00
-0.99268762616271280957479324558375E+00 -0.76001358797017901000947143900185E+00
-0.10000274041499137929666253741481E+01 -0.76561021880089428619555056216940E+00
-0.10073319341011273371993747994081E+01 -0.77118001261450924426898616421162E+00
-0.10146009600796913455725622498145E+01 -0.77672277332297879708871293907111E+00
-0.10218342273861919898142951014460E+01 -0.78223830579355903620420803584500E+00
-0.10290314825675710297944070873151E+01 -0.78772641585558088611760170185528E+00
-0.10361924734261864743077776594777E+01 -0.79318691030719165726273832038339E+00
-0.10433169490288256847991786347831E+01 -0.79861959692206408117395717495685E+00
-0.10504046597156712684311665932335E+01 -0.80402428445607270373791829247784E+00
-0.10574553571092187888964562502814E+01 -0.80940078265393731869967907711455E+00
-0.10644687941231470961611242743099E+01 -0.81474890225583297816659603283256E+00
-0.10714447249711396877293558973451E+01 -0.82006845500396676244497255328478E+00
-0.10783829051756582618641060088946E+01 -0.82535925364912042049377190198049E+00
-0.10852830915766670218850612518078E+01 -0.83062111195715935342751751096398E+00
-0.10921450423403083406554572542572E+01 -0.83585384471550693799108229217481E+00
-0.10989685169675290488431185245365E+01 -0.84105726773958454382298216320894E+00
-0.11057532763026571653914287946291E+01 -0.84623119787921664608546784080807E+00
-0.11124990825419292394369344655355E+01 -0.85137545302500083981357681685267E+00
-0.11192056992419673256984381641725E+01 -0.85648985211464264029777570667938E+00
-0.11258728913282060845848659861897E+01 -0.86157421513925449574291098352861E+00
-0.11325004251032692940031850699861E+01 -0.86662836314961947734951894588107E+00
-0.11390880682552956061143085767131E+01 -0.87165211826241821526628937829345E+00
-0.11456355898662135773176935208627E+01 -0.87664530366642005148273639917280E+00
-0.11521427604199653137339671911730E+01 -0.88160774362863761998929839221916E+00
-0.11586093518106788271590781164247E+01 -0.88653926350044428832985274134826E+00
-0.11650351373507886914245877991143E+01 -0.89143968972365505229752083119876E+00
-0.11714198917791048618127900198447E+01 -0.89630884983656972264126464274302E+00
-0.11777633912688292065495222842393E+01 -0.90114657247997902123595070625878E+00
-0.11840654134355198446338064766305E+01 -0.90595268740313266865455500689939E+00
-0.11903257373450027454430238556405E+01 -0.91072702546966960855444368967941E+00
-0.11965441435212305508145313805644E+01 -0.91546941866351021462707623076526E+00
-0.12027204139540882493000968018027E+01 -0.92017970009470968801083505122482E+00
-0.12088543321071455400519196301782E+01 -0.92485770400527340042147610385646E+00
-0.12149456829253557193991176076999E+01 -0.92950326577493271752920904139292E+00
-0.12209942528427006219630373789703E+01 -0.93411622192688241143022721476749E+00
-0.12269998297897816680446282651536E+01 -0.93869641013347820859758747229890E+00
-0.12329622032013566379996172760707E+01 -0.94324366922189522955436310259648E+00
-0.12388811640238218476624907619546E+01 -0.94775783917974639509342543358304E+00
-0.12447565047226397106579265606812E+01 -0.95223876116066119790702477265374E+00
-0.12505880192897113809941509518278E+01 -0.95668627748982408449846419768636E+00
-0.12563755032506941331758015129288E+01 -0.96110023166947248051005335890554E+00
-0.12621187536722633261135522361912E+01 -0.96548046838435439123708461839708E+00
-0.12678175691693188740894050049110E+01 -0.96982683350714514193468802757796E+00
-0.12734717499121357196811385324745E+01 -0.97413917410382303873472443528588E+00
-0.12790810976334583573951506945694E+01 -0.97841733843900406458858431381981E+00
-0.12846454156355389257263125465334E+01 -0.98266117598123485985723858376020E+00
-0.12901645087971189583990484280678E+01 -0.98687053740824458098563835392745E+00
-0.12956381835803542664271670612793E+01 -0.99104527461215432899649041611035E+00
-0.13010662480376828229690878822839E+01 -0.99518524070464528220504277017736E+00
-0.13064485118186357812876406917273E+01 -0.99929029002208422058531984870526E+00
-0.13117847861765906560925340156520E+01 -0.10033602781306065941528546124152E+01
-0.13170748839754673266093569740022E+01 -0.10073950618311576130918413887162E+01
-0.13223186196963660430845252506730E+01 -0.10113944991644898104871073954357E+01
-0.13275158094441473177244908784408E+01 -0.10153584494161182638387560370675E+01
-0.13326662709539538794908227524070E+01 -0.10192867731212324451503528489429E+01
-0.13377698235976738688410246848680E+01 -0.10231793320695647276480639110494E+01
-0.13428262883903456548677441589395E+01 -0.10270359893102156065290471077626E+01
-0.13478354879965036554561927898796E+01 -0.10308566091564349973446185498807E+01
-0.13527972467364651592658674057766E+01 -0.10346410571903598690372316892279E+01
-0.13577113905925580146607410904788E+01 -0.10383892002677078874662459808843E+01
-0.13625777472152885556507183709254E+01 -0.10421009065224264487332708429778E+01
-0.13673961459294502175610251011589E+01 -0.10457760453712981346038760901972E+01
-0.13721664177401722594747348841555E+01 -0.10494144875185007933743678857558E+01
-0.13768883953389082711442899899314E+01 -0.10530161049601233734816757997464E+01
-0.13815619131093644949618419051194E+01 -0.10565807709886367723371706576855E+01
-0.13861868071333679915379269396956E+01 -0.10601083601973196862450713019756E+01
-0.13907629151966738699500499702497E+01 -0.10635987484846392103844783834380E+01
-0.13952900767947118324188563551392E+01 -0.10670518130585859141045552283591E+01
-0.13997681331382718730923450301372E+01 -0.10704674324409637613215710841140E+01
-0.14041969271591286013273941741451E+01 -0.10738454864716339324597495251001E+01
-0.14085763035156043755476667116533E+01 -0.10771858563127130265705964749244E+01
-0.14129061085980707863490403125585E+01 -0.10804884244527253238624300857240E+01
-0.14171861905343885743258883179862E+01 -0.10837530747107085877175885823814E+01
-0.14214163991952854802299876700340E+01 -0.10869796922402738973900809560552E+01
-0.14255965861996722179841171508377E+01 -0.10901681635336189007660494579452E+01
-0.14297266049198961692429198067633E+01 -0.10933183764254942762699680764920E+01
-0.14338063104869324451740550133971E+01 -0.10964302200971238080215843604722E+01
-0.14378355597955128685171243151765E+01 -0.10995035850800772571224828938622E+01
-0.14418142115091916654213011644104E+01 -0.11025383632600963218417164212347E+01
-0.14457421260653486176131473618607E+01 -0.11055344478808733500723966905284E+01
-0.14496191656801289707279118733514E+01 -0.11084917335477829535315421049549E+01
-0.14534451943533202557510789876584E+01 -0.11114101162315658496862284901882E+01
-0.14572200778731655522457252468011E+01 -0.11142894932719653472062001975117E+01
-0.14609436838211132652822347650601E+01 -0.11171297633813158455102511902945E+01
-0.14646158815765032880365662906910E+01 -0.11199308266480840260952015057323E+01
-0.14682365423211891630767855209286E+01 -0.11226925845403613276866475518156E+01
-0.14718055390440962954137818104145E+01 -0.11254149399093088851372230461234E+01
-0.14753227465457160406136090762340E+01 -0.11280977969925539117427053950345E+01
-0.14787880414425353517263549906082E+01 -0.11307410614175379167844480731229E+01
-0.14822013021714022370344101188855E+01 -0.11333446402048163240967132584941E+01
-0.14855624089938262075298936439278E+01 -0.11359084417713093752101135999294E+01
-0.14888712440002144462124716307644E+01 -0.11384323759335046509140360520372E+01
-0.14921276911140426184893911020253E+01 -0.11409163539106103672691070438574E+01
-0.14953316360959610798444884349173E+01 -0.11433602883276599821144896697205E+01
-0.14984829665478358478631921175212E+01 -0.11457640932185676471356708108082E+01
-0.15015815719167237956233562578023E+01 -0.11481276840291342079708569350575E+01
-0.15046273434987833171480581909842E+01 -0.11504509776200046549890589796143E+01
-0.15076201744431185598338687530034E+01 -0.11527338922695750887030774831656E+01
-0.15105599597555585082006424297831E+01 -0.11549763476768513315117895406804E+01
-0.15134465963023701791603496896594E+01 -0.11571782649642569449923295588361E+01
-0.15162799828139056550390666604201E+01 -0.11593395666803921909506706365601E+01
-0.15190600198881834342202307951710E+01 -0.11614601768027428744240765693172E+01
-0.15217866099944032655634958051645E+01 -0.11635400207403392995267185763629E+01
-0.15244596574763949150813837070734E+01 -0.11655790253363653576507218949963E+01
-0.15270790685560005729545496148462E+01 -0.11675771188707173721394442581412E+01
-0.15296447513363903931463292545981E+01 -0.11695342310625127126223287616845E+01
-0.15321566158053119546995360250873E+01 -0.11714502930725482669997786871449E+01
-0.15346145738382725335321030463089E+01 -0.11733252375057084806546921468711E+01
-0.15370185392016547586142475592103E+01 -0.11751589984133228906103701706360E+01
-0.15393684275557652704912475522147E+01 -0.11769515112954730345819045688840E+01
-0.15416641564578163611385556226169E+01 -0.11787027131032489375534826595865E+01
-0.15439056453648404940435943046343E+01 -0.11804125422409547342675076171592E+01
-0.15460928156365374769307898424320E+01 -0.11820809385682634487789802533711E+01
-0.15482255905380544683368738954425E+01 -0.11837078434023210304951888604287E+01
-0.15503038952426984246728989292771E+01 -0.11852931995197993697959684564931E+01
-0.15523276568345810601378479998447E+01 -0.11868369511588982245360734434906E+01
-0.15542968043111962740014430772429E+01 -0.11883390440212961821435577636524E+01
-0.15562112685859297746593478147972E+01 -0.11897994252740503522921753741448E+01
-0.15580709824905010127135950797401E+01 -0.11912180435514448196037911625635E+01
-0.15598758807773372818774411147303E+01 -0.11925948489567878495346992378111E+01
-0.15616259001218797243680847484084E+01 -0.11939297930641576700725227139441E+01
-0.15633209791248215539436785571474E+01 -0.11952228289200968329159620305573E+01
-0.15649610583142780111353678150220E+01 -0.11964739110452550554437196477047E+01
-0.15665460801478881997548400432789E+01 -0.11976829954359805922610282541953E+01
-0.15680759890148487765691602436036E+01 -0.11988500395658598829378376203932E+01
-0.15695507312378792366459828193083E+01 -0.11999750023872054957060645258565E+01
-0.15709702550751188991688728250102E+01 -0.12010578443324926173985056492953E+01
-0.15723345107219554482812856706013E+01 -0.12020985273157433652486036602899E+01
-0.15736434503127848862064153504921E+01 -0.12030970147338596172546908942716E+01
-0.15748970279227032202273891738857E+01 -0.12040532714679037863996747368627E+01
-0.15760951995691291800998681398208E+01 -0.12049672638843276914490659236832E+01
-0.15772379232133585635364281260272E+01 -0.12058389598361495464367782308762E+01
-0.15783251587620497029643691367799E+01 -0.12066683286640787967135378912850E+01
-0.15793568680686402351048566467742E+01 -0.12074553411975890557083809325222E+01
-0.15803330149346951157939252732272E+01 -0.12081999697559389092995812314887E+01
-0.15812535651111856194833883958430E+01 -0.12089021881491404689171042839222E+01
-0.15821184862996996391886020218456E+01 -0.12095619716788759940991555587625E+01
-0.15829277481535828970919850928031E+01 -0.12101792971393620777102209357426E+01
-0.15836813222790112569208713591209E+01 -0.12107541428181617930895279133887E+01
-0.15843791822359940202614680757002E+01 -0.12112864884969445301464247460948E+01
-0.15850213035393081063680531082296E+01 -0.12117763154521934543824680877426E+01
-0.15856076636593634671274063629670E+01 -0.12122236064558606098706721597170E+01
-0.15859675817308022539020481937552E+01 -0.12124981615436343366593612987752E+01
-0.15863027022576980370337406380141E+01 -0.12127538004494419499206322566227E+01
-0.15866130200142062688826080606559E+01 -0.12129905191771715341733642894538E+01
-0.15868985301612545432241101614154E+01 -0.12132083140264675759267946726695E+01
-0.15871592282466160210524780499595E+01 -0.12134071815927918422317983788811E+01
-0.15874075253675873739491450579586E+01 -0.12135965893918476411484954339757E+01
-0.15876558353964351584364502311262E+01 -0.12137860070613055969972346703146E+01
-0.15879041583335647769864815742765E+01 -0.12139754346014727981877179216500E+01
-0.15881524941793816503060138102518E+01 -0.12141648720126563029068569879431E+01
-0.15884008429342911882621507797993E+01 -0.12143543192951632104563649979024E+01
-0.15881524941793816503060138102518E+01 -0.12141648720126563029068569879431E+01
-0.15879041583335647769864815742765E+01 -0.12139754346014727981877179216500E+01
-0.15876558353964351584364502311262E+01 -0.12137860070613055969972346703146E+01
-0.15874075253675873739491450579586E+01 -0.12135965893918476411484954339757E+01
-0.15871592282466160210524780499595E+01 -0.12134071815927918422317983788811E+01
-0.15868985301612545432241101614154E+01 -0.12132083140264675759267946726695E+01
-0.15866130200142062688826080606559E+01 -0.12129905191771715341733642894538E+01
-0.15863027022576980370337406380141E+01 -0.12127538004494419499206322566227E+01
-0.15859675817308022539020481937552E+01 -0.12124981615436343366593612987752E+01
-0.15856076636593634671274063629670E+01 -0.12122236064558606098706721597170E+01
-0.15850213035393081063680531082296E+01 -0.12117763154521934543824680877426E+01
-0.15843791822359940202614680757002E+01 -0.12112864884969445301464247460948E+01
-0.15836813222790112569208713591209E+01 -0.12107541428181617930895279133887E+01
-0.15829277481535828970919850928031E+01 -0.12101792971393620777102209357426E+01
-0.15821184862996996391886020218456E+01 -0.12095619716788759940991555587625E+01
-0.15812535651111856194833883958430E+01 -0.12089021881491404689171042839222E+01
-0.15803330149346951157939252732272E+01 -0.12081999697559389092995812314887E+01
-0.15793568680686402351048566467742E+01 -0.12074553411975890557083809325222E+01
-0.15783251587620497029643691367799E+01 -0.12066683286640787967135378912850E+01
-0.15772379232133585635364281260272E+01 -0.12058389598361495464367782308762E+01
-0.15760951995691291800998681398208E+01 -0.12049672638843276914490659236832E+01
-0.15748970279227032202273891738857E+01 -0.12040532714679037863996747368627E+01
-0.15736434503127848862064153504921E+01 -0.12030970147338596172546908942716E+01
-0.15723345107219554482812856706013E+01 -0.12020985273157433652486036602899E+01
-0.15709702550751188991688728250102E+01 -0.12010578443324926173985056492953E+01
-0.15695507312378792366459828193083E+01 -0.11999750023872054957060645258565E+01
-0.15680759890148487765691602436036E+01 -0.11988500395658598829378376203932E+01
-0.15665460801478881997548400432789E+01 -0.11976829954359805922610282541953E+01
-0.15649610583142780111353678150220E+01 -0.11964739110452550554437196477047E+01
-0.15633209791248215539436785571474E+01 -0.11952228289200968329159620305573E+01
-0.15616259001218797243680847484084E+01 -0.11939297930641576700725227139441E+01
-0.15598758807773372818774411147303E+01 -0.11925948489567878495346992378111E+01
-0.15580709824905010127135950797401E+01 -0.11912180435514448196037911625635E+01
-0.15562112685859297746593478147972E+01 -0.11897994252740503522921753741448E+01
-0.15542968043111962740014430772429E+01 -0.11883390440212961821435577636524E+01
-0.15523276568345810601378479998447E+01 -0.11868369511588982245360734434906E+01
-0.15503038952426984246728989292771E+01 -0.11852931995197993697959684564931E+01
-0.15482255905380544683368738954425E+01 -0.11837078434023210304951888604287E+01
-0.15460928156365374769307898424320E+01 -0.11820809385682634487789802533711E+01
-0.15439056453648404940435943046343E+01 -0.11804125422409547342675076171592E+01
-0.15416641564578163611385556226169E+01 -0.11787027131032489375534826595865E+01
-0.15393684275557652704912475522147E+01 -0.11769515112954730345819045688840E+01
-0.15370185392016547586142475592103E+01 -0.11751589984133228906103701706360E+01
-0.15346145738382725335321030463089E+01 -0.11733252375057084806546921468711E+01
-0.15321566158053119546995360250873E+01 -0.11714502930725482669997786871449E+01
-0.15296447513363903931463292545981E+01 -0.11695342310625127126223287616845E+01
-0.15270790685560005729545496148462E+01 -0.11675771188707173721394442581412E+01
-0.15244596574763949150813837070734E+01 -0.11655790253363653576507218949963E+01
-0.15217866099944032655634958051645E+01 -0.11635400207403392995267185763629E+01
-0.15190600198881834342202307951710E+01 -0.11614601768027428744240765693172E+01
-0.15162799828139056550390666604201E+01 -0.11593395666803921909506706365601E+01
-0.15134465963023701791603496896594E+01 -0.11571782649642569449923295588361E+01
-0.15105599597555585082006424297831E+01 -0.11549763476768513315117895406804E+01
-0.15076201744431185598338687530034E+01 -0.11527338922695750887030774831656E+01
-0.15046273434987833171480581909842E+01 -0.11504509776200046549890589796143E+01
-0.15015815719167237956233562578023E+01 -0.11481276840291342079708569350575E+01
-0.14984829665478358478631921175212E+01 -0.11457640932185676471356708108082E+01
-0.14953316360959610798444884349173E+01 -0.11433602883276599821144896697205E+01
-0.14921276911140426184893911020253E+01 -0.11409163539106103672691070438574E+01
-0.14888712440002144462124716307644E+01 -0.11384323759335046509140360520372E+01
-0.14855624089938262075298936439278E+01 -0.11359084417713093752101135999294E+01
-0.14822013021714022370344101188855E+01 -0.11333446402048163240967132584941E+01
-0.14787880414425353517263549906082E+01 -0.11307410614175379167844480731229E+01
-0.14753227465457160406136090762340E+01 -0.11280977969925539117427053950345E+01
-0.14718055390440962954137818104145E+01 -0.11254149399093088851372230461234E+01
-0.14682365423211891630767855209286E+01 -0.11226925845403613276866475518156E+01
-0.14646158815765032880365662906910E+01 -0.11199308266480840260952015057323E+01
-0.14609436838211132652822347650601E+01 -0.11171297633813158455102511902945E+01
-0.14572200778731655522457252468011E+01 -0.11142894932719653472062001975117E+01
-0.14534451943533202557510789876584E+01 -0.11114101162315658496862284901882E+01
-0.14496191656801289707279118733514E+01 -0.11084917335477829535315421049549E+01
-0.14457421260653486176131473618607E+01 -0.11055344478808733500723966905284E+01
-0.14418142115091916654213011644104E+01 -0.11025383632600963218417164212347E+01
-0.14378355597955128685171243151765E+01 -0.10995035850800772571224828938622E+01
-0.14338063104869324451740550133971E+01 -0.10964302200971238080215843604722E+01
-0.14297266049198961692429198067633E+01 -0.10933183764254942762699680764920E+01
-0.14255965861996722179841171508377E+01 -0.10901681635336189007660494579452E+01
-0.14214163991952854802299876700340E+01 -0.10869796922402738973900809560552E+01
-0.14171861905343885743258883179862E+01 -0.10837530747107085877175885823814E+01
-0.14129061085980707863490403125585E+01 -0.10804884244527253238624300857240E+01
-0.14085763035156043755476667116533E+01 -0.10771858563127130265705964749244E+01
-0.14041969271591286013273941741451E+01 -0.10738454864716339324597495251001E+01
-0.13997681331382718730923450301372E+01 -0.10704674324409637613215710841140E+01
-0.13952900767947118324188563551392E+01 -0.10670518130585859141045552283591E+01
-0.13907629151966738699500499702497E+01 -0.10635987484846392103844783834380E+01
-0.13861868071333679915379269396956E+01 -0.10601083601973196862450713019756E+01
-0.13815619131093644949618419051194E+01 -0.10565807709886367723371706576855E+01
-0.13768883953389082711442899899314E+01 -0.10530161049601233734816757997464E+01
-0.13721664177401722594747348841555E+01 -0.10494144875185007933743678857558E+01
-0.13673961459294502175610251011589E+01 -0.10457760453712981346038760901972E+01
-0.13625777472152885556507183709254E+01 -0.10421009065224264487332708429778E+01
-0.13577113905925580146607410904788E+01 -0.10383892002677078874662459808843E+01
-0.13527972467364651592658674057766E+01 -0.10346410571903598690372316892279E+01
-0.13478354879965036554561927898796E+01 -0.10308566091564349973446185498807E+01
-0.13428262883903456548677441589395E+01 -0.10270359893102156065290471077626E+01
-0.13377698235976738688410246848680E+01 -0.10231793320695647276480639110494E+01
-0.13326662709539538794908227524070E+01 -0.10192867731212324451503528489429E+01
-0.13275158094441473177244908784408E+01 -0.10153584494161182638387560370675E+01
-0.13223186196963660430845252506730E+01 -0.10113944991644898104871073954357E+01
-0.13170748839754673266093569740022E+01 -0.10073950618311576130918413887162E+01
-0.13117847861765906560925340156520E+01 -0.10033602781306065941528546124152E+01
-0.13064485118186357812876406917273E+01 -0.99929029002208422058531984870526E+00
-0.13010662480376828229690878822839E+01 -0.99518524070464528220504277017736E+00
-0.12956381835803542664271670612793E+01 -0.99104527461215432899649041611035E+00
-0.12901645087971189583990484280678E+01 -0.98687053740824458098563835392745E+00
-0.12846454156355389257263125465334E+01 -0.98266117598123485985723858376020E+00
-0.12790810976334583573951506945694E+01 -0.97841733843900406458858431381981E+00
-0.12734717499121357196811385324745E+01 -0.97413917410382303873472443528588E+00
-0.12678175691693188740894050049110E+01 -0.96982683350714514193468802757796E+00
-0.12621187536722633261135522361912E+01 -0.96548046838435439123708461839708E+00
-0.12563755032506941331758015129288E+01 -0.96110023166947248051005335890554E+00
-0.12505880192897113809941509518278E+01 -0.95668627748982408449846419768636E+00
-0.12447565047226397106579265606812E+01 -0.95223876116066119790702477265374E+00
-0.12388811640238218476624907619546E+01 -0.94775783917974639509342543358304E+00
-0.12329622032013566379996172760707E+01 -0.94324366922189522955436310259648E+00
-0.12269998297897816680446282651536E+01 -0.93869641013347820859758747229890E+00
-0.12209942528427006219630373789703E+01 -0.93411622192688241143022721476749E+00
-0.12149456829253557193991176076999E+01 -0.92950326577493271752920904139292E+00
-0.12088543321071455400519196301782E+01 -0.92485770400527340042147610385646E+00
-0.12027204139540882493000968018027E+01 -0.92017970009470968801083505122482E+00
-0.11965441435212305508145313805644E+01 -0.91546941866351021462707623076526E+00
-0.11903257373450027454430238556405E+01 -0.91072702546966960855444368967941E+00
-0.11840654134355198446338064766305E+01 -0.90595268740313266865455500689939E+00
-0.11777633912688292065495222842393E+01 -0.90114657247997902123595070625878E+00
-0.11714198917791048618127900198447E+01 -0.89630884983656972264126464274302E+00
-0.11650351373507886914245877991143E+01 -0.89143968972365505229752083119876E+00
-0.11586093518106788271590781164247E+01 -0.88653926350044428832985274134826E+00
-0.11521427604199653137339671911730E+01 -0.88160774362863761998929839221916E+00
-0.11456355898662135773176935208627E+01 -0.87664530366642005148273639917280E+00
-0.11390880682552956061143085767131E+01 -0.87165211826241821526628937829345E+00
-0.11325004251032692940031850699861E+01 -0.86662836314961947734951894588107E+00
-0.11258728913282060845848659861897E+01 -0.86157421513925449574291098352861E+00
-0.11192056992419673256984381641725E+01 -0.85648985211464264029777570667938E+00
-0.11124990825419292394369344655355E+01 -0.85137545302500083981357681685267E+00
-0.11057532763026571653914287946291E+01 -0.84623119787921664608546784080807E+00
-0.10989685169675290488431185245365E+01 -0.84105726773958454382298216320894E+00
-0.10921450423403083406554572542572E+01 -0.83585384471550693799108229217481E+00
-0.10852830915766670218850612518078E+01 -0.83062111195715935342751751096398E+00
-0.10783829051756582618641060088946E+01 -0.82535925364912042049377190198049E+00
-0.10714447249711396877293558973451E+01 -0.82006845500396676244497255328478E+00
-0.10644687941231470961611242743099E+01 -0.81474890225583297816659603283256E+00
-0.10574553571092187888964562502814E+01 -0.80940078265393731869967907711455E+00
-0.10504046597156712684311665932335E+01 -0.80402428445607270373791829247784E+00
-0.10433169490288256847991786347831E+01 -0.79861959692206408117395717495685E+00
-0.10361924734261864743077776594777E+01 -0.79318691030719165726273832038339E+00
-0.10290314825675710297944070873151E+01 -0.78772641585558088611760170185528E+00
-0.10218342273861919898142951014460E+01 -0.78223830579355903620420803584500E+00
-0.10146009600796913455725622498145E+01 -0.77672277332297879708871293907111E+00
-0.10073319341011273371993747994081E+01 -0.77118001261450924426898616421162E+00
-0.10000274041499137929666253741481E+01 -0.76561021880089428619555056216940E+00
-0.99268762616271280957479324558375E+00 -0.76001358797017901000947143900185E+00
-0.98531285730428038504603446832750E+00 -0.75439031715890394656905988602440E+00
-0.97790335595826552375010182884561E+00 -0.74874060434526794750890151883714E+00
-0.97045938171796321909605410610795E+00 -0.74306464844225964182598805944214E+00
-0.96298119537702136172873411880509E+00 -0.73736264929075771181772287666081E+00
-0.95546905892010161426470814430383E+00 -0.73163480765260056613816387301892E+00
-0.94792323551349513083786690322166E+00 -0.72588132520362536294471205166362E+00
-0.94034398949569242148857482772887E+00 -0.72010240452667702137161480043724E+00
-0.93273158636790883774489005575704E+00 -0.71429824910458707060808703060705E+00
-0.92508629278456433889438634401609E+00 -0.70846906331312308573311468850910E+00
-0.91740837654371948464497664114467E+00 -0.70261505241390882068009579093998E+00
-0.90969810657746666501137417111512E+00 -0.69673642254731497287451725631551E+00
-0.90195575294227684846707688187218E+00 -0.69083338072532170227103578806738E+00
-0.89418158680930342083941799545278E+00 -0.68490613482435239939583587280141E+00
-0.88637588045464112588468698671100E+00 -0.67895489357807931818588328820980E+00
-0.87853890724954250038892301258577E+00 -0.67297986657020163793043923194189E+00
-0.87067094165059074979460781987196E+00 -0.66698126422719580601909309787057E+00
-0.86277225918982945039470999285398E+00 -0.66095929781103872021946102232716E+00
-0.85484313646484994190709607812134E+00 -0.65491417941190414052388415562247E+00
-0.84688385112883572559016427167156E+00 -0.64884612194083230194265504418369E+00
-0.83889468188056478866627073073222E+00 -0.64275533912237365758497536412762E+00
-0.83087590845436992698764635517126E+00 -0.63664204548720619371639614779905E+00
-0.82282781161005654301964968111775E+00 -0.63050645636472767488004209299338E+00
-0.81475067312277999600979567073333E+00 -0.62434878787562236119640080491673E+00
-0.80664477577288016097774536366181E+00 -0.61816925692440252066263560499468E+00
-0.79851040333567538398226836718753E+00 -0.61196808119192593999816486845947E+00
-0.79034784057121549475114315612234E+00 -0.60574547912788866013552365956873E+00
-0.78215737321399376134127153851999E+00 -0.59950166994329414339416630078757E+00
-0.77393928796261804656286628694642E+00 -0.59323687360289835507395475919214E+00
-0.76569387246944170628740704481341E+00 -0.58695131081763214342773112933803E+00
-0.75742141533015435739533861477115E+00 -0.58064520303700058117861166615164E+00
-0.74912220607333211419194072089672E+00 -0.57431877244145934187841673079180E+00
-0.74079653514994826364384038584878E+00 -0.56797224193476967388068912583642E+00
-0.73244469392284423373000828788843E+00 -0.56160583513633073241344448794546E+00
-0.72406697465616075344577263541512E+00 -0.55521977637349094861448121201807E+00
-0.71566367050472977001137624034656E+00 -0.54881429067383833982749804876883E+00
-0.70723507550342743155069503261284E+00 -0.54238960375746953046772194632925E+00
-0.69878148455648722077152559705043E+00 -0.53594594202923920652274679672939E+00
-0.69030319342677511634416707458470E+00 -0.52948353257098884226608554481141E+00
-0.68180049872502542258633100980873E+00 -0.52300260313375645655599141717415E+00
-0.67327369789903794422599609268621E+00 -0.51650338212996648217400535345758E+00
-0.66472308922283695224162862546706E+00 -0.50998609862560166936385038310081E+00
-0.65614897178579182703686160814643E+00 -0.50345098233235565854637542768402E+00
-0.64755164548169901231817927079995E+00 -0.49689826359976810314371548468490E+00
-0.63893141099782637051448136256449E+00 -0.49032817340734173319817611297942E+00
-0.63028856980391897835214423698829E+00 -0.48374094335664286863923780915363E+00
-0.62162342414116789664885928316142E+00 -0.47713680566338436319118418236230E+00
-0.61293627701113979872168276844795E+00 -0.47051599314949232039937115027714E+00
-0.60422743216467019563499530804415E+00 -0.46387873923515717617238659812051E+00
-0.59549719409071801417993951392983E+00 -0.45722527793086897787190968493751E+00
-0.58674586800518314539512525662882E+00 -0.45055584382943739845177725497752E+00
-0.57797375983968623967539780993761E+00 -0.44387067209799726548096133715579E+00
-0.56918117623031067122991419523920E+00 -0.43716999846999965333162319536268E+00
-0.56036842450630791910694052433648E+00 -0.43045405923718965509173159002776E+00
-0.55153581267876436800737833387050E+00 -0.42372309124156984245574085963348E+00
-0.54268364942923186705870530792457E+00 -0.41697733186735188173111871101292E+00
-0.53381224409831987152395546339932E+00 -0.41021701903289487395534667601295E+00
-0.52492190667425002403870622347435E+00 -0.40344239118263232257114968861769E+00
-0.51601294778137538866199972783621E+00 -0.39665368727898742791934735438045E+00
-0.50708567866865831485596937413912E+00 -0.38985114679427704132947691684306E+00
-0.49814041119811513589850119316013E+00 -0.38303500970260572610391206169644E+00
-0.48917745783321965306186879554921E+00 -0.37620551647174921286424070995069E+00
-0.48019713162727099765147568959898E+00 -0.36936290805502878991379488602393E+00
-0.47119974621172312316013932310213E+00 -0.36250742588317645629736427278353E+00
-0.46218561578447587132932398162878E+00 -0.35563931185619170256321823307749E+00
-0.45315505509812909801336126216363E+00 -0.34875880833519027470288048312088E+00
-0.44410837944819747472147491480358E+00 -0.34186615813424567122878273862692E+00
-0.43504590466128746763292460056541E+00 -0.33496160451222331205844377338535E+00
-0.42596794708323625672672789274316E+00 -0.32804539116460951360298219248725E+00
-0.41687482356721065767038483139348E+00 -0.32111776221533341552043439945619E+00
-0.40776685146176833621472237733360E+00 -0.31417896220858432053751859850395E+00
-0.39864434859887894536581243509658E+00 -0.30722923610062471562493648120687E+00
-0.38950763328190633036049549804497E+00 -0.30026882925159912930431932299636E+00
-0.38035702427355046944237282125689E+00 -0.29329798741733930641737646297091E+00
-0.37119284078374943694149781974902E+00 -0.28631695674116684932349224271214E+00
-0.36201540245754119242646400692785E+00 -0.27932598374569412797287256403782E+00
-0.35282502936288400916844000305573E+00 -0.27232531532462295552823498421738E+00
-0.34362204197843598323860008426196E+00 -0.26531519873454296310229223724258E+00
-0.33440676118129291075584272962503E+00 -0.25829588158672988647610861520350E+00
-0.32517950823468362863651962173267E+00 -0.25126761183894384507864695692588E+00
-0.31594060477562319472093269684468E+00 -0.24423063778722927429909952844139E+00
-0.30669037280252241826487755593235E+00 -0.23718520805771691730920698381854E+00
-0.29742913466275376077491256411773E+00 -0.23013157159842781509319239180452E+00
-0.28815721304017331640673925888342E+00 -0.22306997767108141323084454276833E+00
-0.27887493094259682649959568477247E+00 -0.21600067584290747052945972086705E+00
-0.26958261168923092488118416970375E+00 -0.20892391597846299525768094330289E+00
-0.26028057889805779637662374042194E+00 -0.20183994823145438429088819878052E+00
-0.25096915647317157743670706977345E+00 -0.19474902303656743337906578555801E+00
-0.24164866859206872165436386701493E+00 -0.18765139110130315467651640182991E+00
-0.23231943969288705971205823099015E+00 -0.18054730339782279132857883449784E+00
-0.22298179446159735954142310113968E+00 -0.17343701115480149884215447127198E+00
-0.21363605781914283533556473791935E+00 -0.16632076584929242256228373368050E+00
-0.20428255490852625586374219601458E+00 -0.15919881919860100211638611368950E+00
-0.19492161108184605287612581994692E+00 -0.15207142315217188208749861184071E+00
-0.18555355188727633563892903561380E+00 -0.14493882988348798468704499230023E+00
-0.17617870305599315832108600517610E+00 -0.13780129178198413185162303638679E+00
-0.16679739048904364093572379684815E+00 -0.13065906144497450321481995917296E+00
-0.15740994024415637715018611857099E+00 -0.12351239166959657904892076138659E+00
-0.14801667852249472023878305608432E+00 -0.11636153544477232048591653105798E+00
-0.13861793165534648157648564388837E+00 -0.10920674594318642964499126955710E+00
-0.12921402609075352144869800174087E+00 -0.10204827651328508001970888296534E+00
-0.11980528838007588711448987115603E+00 -0.94886380671293962672065966551900E-01
-0.11039204516449072276843139548904E+00 -0.87721312093257509934494536189932E-01
-0.10097462316142348950662083702254E+00 -0.80553324607103535325496938139223E-01
-0.91553349150908971354373864752921E-01 -0.73382672184727883798100905060409E-01
-0.82128549961881661653507875358160E-01 -0.66209608934108679758247778459350E-01
-0.72700552458391021566937479881309E-01 -0.59034389091444175744337283036361E-01
-0.63269683525741770143125120193015E-01 -0.51857267013320564464781247018546E-01
-0.53836270056554977639149822206636E-01 -0.44678497168908949836389422340995E-01
-0.44400638936748220908661029080728E-01 -0.37498334132193060266284531502475E-01
-0.34963117031432374344772338816621E-01 -0.30317032574230661718292819234347E-01
-0.25524031170721531124006416590767E-01 -0.23134847255448291251641610448813E-01
-0.16083708135453711709186936810890E-01 -0.15952033017972226821703754653828E-01
-0.66424746428192324437170428583724E-02 -0.87688447779978453319675142781097E-02
0.27993426681068504996944191235929E-02 -0.15855375181973352444335590849263E-02
0.12241417250931809628936976791646E-01 0.55976337198303016849995875918194E-02
0.21683422666614327225694100612282E-01 0.12780413843066735238408279932373E-01
0.31125032598240640592836238734835E-01 0.19962547714535904256441512706958E-01
0.40565920865911050960531021708481E-01 0.27143780160718843326124522872203E-01
0.50005761441741480547714251614726E-01 0.34323855978919206153095478934673E-01
0.59444228464983717948913805181874E-01 0.41502519944576421987725876293755E-01
0.68880996257269508362399674831322E-01 0.48679516818525773606455853819432E-01
0.78315739337983892808900014131192E-01 0.55854591354201956730101636154181E-01
0.87748132439771661275160699722500E-01 0.63027488304783299178075570294963E-01
0.97177850524183401776518599189469E-01 0.70197952430275598991152336408940E-01
0.10660456879746721486465920401948E+00 0.77365728504530731034430642067659E-01
0.11602796272650940015734259677117E+00 0.84530561322199693388577402653502E-01
0.12544770805493578471765130379787E+00 0.91692195705614851939015293084089E-01
0.13486348081937317939460234552306E+00 0.98850376511599659410141660596213E-01
0.14427495736588553101545572875152E+00 0.10600484863820325054059916142993E+00
0.15368181436658608502799328618215E+00 0.11315535703135421846621181431366E+00
0.16308372883643698807992539715802E+00 0.12030164669143285149702135335453E+00
0.17248037815024344828584499498031E+00 0.12744346267975754770324463477315E+00
0.18187144005985047402985978374571E+00 0.13458055012497930555665652421510E+00
0.19125659271155351896626572536310E+00 0.14171265422938473092353264077825E+00
0.20063551466372948704645333460109E+00 0.14883952027509882468948167425645E+00
0.21000788490470163747828355399130E+00 0.15596089363018672426185468514463E+00
0.21937338287084716287974016260219E+00 0.16307651975464896159703352493443E+00
0.22873168846495894760962412397984E+00 0.17018614420630411530148216639868E+00
0.23808248207487523652382336007281E+00 0.17728951264655628055247576538712E+00
0.24742544459238666315558930237155E+00 0.18438637084604047828951624363953E+00
0.25676025743243872755524555764272E+00 0.19147646469014114817355793642365E+00
0.26608660255263937606001628304378E+00 0.19855954018437941498641902347374E+00
0.27540416247308948952475814868176E+00 0.20563534345965980023232171763818E+00
0.28471262029655151613667882271291E+00 0.21270362077737497289131749934723E+00
0.29401165972897269098971997399636E+00 0.21976411853435777636778006292594E+00
0.30330096510038163593290248246410E+00 0.22681658326767571332986357159828E+00
0.31258022138617615559280110808614E+00 0.23386076165926104992791067367346E+00
0.32184911422882256250926173791262E+00 0.24089640054036792474929391039355E+00
0.33110732995998884507564656825022E+00 0.24792324689584916246835721257426E+00
0.34035455562313208672204847990358E+00 0.25494104786824429189830708732266E+00
0.34959047899656598838919634987019E+00 0.26194955076167030973841464112123E+00
0.35881478861703284929362599031007E+00 0.26894850304550544459814064761194E+00
0.36802717380380665547999956254865E+00 0.27593765235785652379839960829248E+00
0.37722732468335669726985312245371E+00 0.28291674650880011547998905441408E+00
0.38641493221460120163812882665613E+00 0.28988553348338563952751733681105E+00
0.39558968821478342789755402251890E+00 0.29684376144438996006592379746810E+00
0.40475128538600514189532073602081E+00 0.30379117873481142452100693126086E+00
0.41389941734245269842869851326059E+00 0.31072753388008989265100093095044E+00
0.42303377863835565687229423259337E+00 0.31765257559004010358158765101265E+00
0.43215406479671869852843139590182E+00 0.32456605276048458198217377174988E+00
0.44125997233887086782095960885830E+00 0.33146771447456978256824631042737E+00
0.45035119881487933396750770910821E+00 0.33835731000375077084391284931830E+00
0.45942744283487672894271052791112E+00 0.34523458880842755789211016365528E+00
0.46848840410135778723269195468931E+00 0.35209930053821538315711385149712E+00
0.47753378344249879626372101948890E+00 0.35895119503182954125968637367446E+00
0.48656328284656382376853096273954E+00 0.36579002231656547561291257694118E+00
0.49557660549746136076801652192237E+00 0.37261553260735337908320312064460E+00
0.50457345581152040788229889470518E+00 0.37942747630536402292287049002643E+00
0.51355353947556218667995518252653E+00 0.38622560399614246152458843000013E+00
0.52251656348634489074733907804656E+00 0.39300966644724539863611015404812E+00
0.53146223619146868234701028300467E+00 0.39977941460535251820871994442666E+00
0.54039026733183185948204871593842E+00 0.40653459959282818810029131080312E+00
0.54930036808573457504234082012164E+00 0.41327497270369696732556765095077E+00
0.55819225111473937839421685833479E+00 0.42000028539900714619107949079621E+00
0.56706563061139661302312564571732E+00 0.42671028930154275781314552154482E+00
0.57592022234896007617764080985514E+00 0.43340473618985036332460787186530E+00
0.58475574373322237951518573025556E+00 0.44008337799154104537758687586112E+00
0.59357191385660933795618981709378E+00 0.44674596677582510678312861497121E+00
0.60236845355468715122869499763879E+00 0.45339225474523675392772382184582E+00
0.61114508546524312265862401997606E+00 0.46002199422649947771266499236808E+00
0.61990153409011814798872496840746E+00 0.46663493766048262922840447772310E+00
0.62863752585997922266540096862901E+00 0.47323083759119500274975732637689E+00
0.63735278920223816789492798472699E+00 0.47980944665375668916735095294419E+00
0.64604705461233798723182407583662E+00 0.48637051756128838142929046702840E+00
0.65472005472864682172967990353474E+00 0.49291380309064954525840289124989E+00
0.66337152441121987967784864236855E+00 0.49943905606695722764105035176555E+00
0.67200120082471048518595839261686E+00 0.50594602934680607933458649460322E+00
0.68060882352573588937346697371915E+00 0.51243447580010940412939806499866E+00
0.68919413455503010785901183236179E+00 0.51890414829047196118100787794173E+00
0.69775687853474363887781944133060E+00 0.52535479965400097914333863306462E+00
0.70629680277128293615805033572838E+00 0.53178618267645227677756213053354E+00
0.71481365736411553275545169117620E+00 0.53819805006860242709172785477117E+00
0.72330719532100814201143351167174E+00 0.54459015443972835456101800049161E+00
0.73177717268020337068377717551621E+00 0.55096224826906786717927038378359E+00
0.74022334864009113609723001292462E+00 0.55731408387512229875169096179694E+00
0.74864548569698076299598272917896E+00 0.56364541338265399557524524695703E+00
0.75704334979163702722993298076242E+00 0.56995598868721815605260667318958E+00
0.76541671046530813309587345689934E+00 0.57624556141705475643274733164073E+00
0.77376534102604287511817235705914E+00 0.58251388289215416399546694660368E+00
0.78208901872617384850264758244277E+00 0.58876070408029247316192128876431E+00
0.79038752495192994408115155149102E+00 0.59498577554981597122720504796676E+00
0.79866064542624000901405120401656E+00 0.60118884741893684321688094652308E+00
0.80690817042589704849105855217493E+00 0.60736966930127912598573738622431E+00
0.81512989501437474243559473288227E+00 0.61352799024739376729466102577714E+00
0.82332561929172503486534578365276E+00 0.61966355868193567459508578707394E+00
0.83149514866313668480390585610706E+00 0.62577612233616846563566469587921E+00
0.83963829412790793587167789898364E+00 0.63186542817543301093635348921233E+00
0.84775487259077984608518376760355E+00 0.63793122232118157598227816935125E+00
0.85584470719779435108291338750511E+00 0.64397324996714595390784720557715E+00
0.86390762769908710522215062600265E+00 0.64999125528916283876642212969414E+00
0.87194347084130570353711233133894E+00 0.65598498134813977480759837412232E+00
0.87995208079265830723372547773050E+00 0.66195416998559296666704948447441E+00
0.88793330960395778416916836042594E+00 0.66789856171113410415972347518370E+00
0.89588701770943570815921915044404E+00 0.67381789558122364114289974053055E+00
0.90381307447156628711014355937544E+00 0.67971190906843931996176389986863E+00
0.91171135877467545146643745660218E+00 0.68558033792043503974316257410861E+00
0.91958175967272006637653585129910E+00 0.69142291600768196813017367864832E+00
0.92742417709732625851474974125205E+00 0.69723937515898966122596566285077E+00
0.93523852263298439274999024234122E+00 0.70302944498370504057821321030007E+00
0.94302472036723115178441000072298E+00 0.70879285267936802392439731698833E+00
0.95078270782473234286653436300562E+00 0.71452932282347708979039705183601E+00
0.95851243699543242325306558172077E+00 0.72023857714787404018430612790666E+00
0.96621387546839867768787141174843E+00 0.72592033429409473694051677980523E+00
0.97388700768469245792609314490024E+00 0.73157430954785648518276631631192E+00
0.98153183632459559703719752171926E+00 0.73720021455064847662508551007046E+00
0.98914838384686602498299128729624E+00 0.74279775698616938273297935575238E+00
0.99673669420045974956748790936333E+00 0.74836664023910255476432491272822E+00
0.10042968347324260859825270142829E+01 0.75390656302343852490160483620029E+00
0.10118288983195627331269515687103E+01 0.75941721897723862934764076612734E+00
0.10193330057560416538363313136781E+01 0.76489829622038069475948454873767E+00
0.10268093084347481582907236683315E+01 0.77034947687143463535478461932976E+00
0.10342579913667205346540419532877E+01 0.77577043651937760427250022919116E+00
0.10416792765910956710476725055038E+01 0.78116084364537078869385672939141E+00
0.10490734270376857293217104067260E+01 0.78652035898928360473019238267659E+00
0.10564407509161490671178769848854E+01 0.79184863485505891480221205351910E+00
0.10637816067202124437243080164871E+01 0.79714531434837210229525385104578E+00
0.10710964089532424410811961267126E+01 0.80241003053934343172798153248815E+00
0.10783856347035490329886089793765E+01 0.80764240554233694029220291746922E+00
0.10856498312253094921666422600193E+01 0.81284204950412887647690549063876E+00
0.10928896247154782029880163806590E+01 0.81800855949099509556228635191370E+00
0.11001057305205490320533211254044E+01 0.82314151826460761512428033873509E+00
0.11072989650623541917155801721416E+01 0.82824049293610272443505221109624E+00
0.11144702598428745512054880433416E+01 0.83330503348754042471468260843195E+00
0.11216206779796696356322383209578E+01 0.83833467115008361287909123825798E+00
0.11287514338423245984356537712458E+01 0.84332891663000191902107163441532E+00
0.11358639165184170099346784697279E+01 0.84828725817434236563987466223974E+00
0.11429597180420427588833925319624E+01 0.85320915947846470632811064769677E+00
0.11500406676096694075411995513728E+01 0.85809405742920779923973934708940E+00
0.11571088733536972484900511817308E+01 0.86294135974244545161035514818516E+00
0.11641667738749860531645508909606E+01 0.86775044242246761204264106646231E+00
0.11712172021487580114410134649099E+01 0.87252064747678557224683631811992E+00
0.11782634664232342335534414185550E+01 0.87725127996056751287598591998103E+00
0.11853094513277824122263563534518E+01 0.88194160783884224262272677875798E+00
0.11923597533643398386539757949343E+01 0.88659085523020468074249490494850E+00
0.11994198419409300020839345360378E+01 0.89119821965918555542274392443485E+00
0.12064963214308747383879575319859E+01 0.89576282357250523777072148318166E+00
0.12135971393839157279607671741183E+01 0.90028387910349544276541391214085E+00
0.12207323151151003560708637172733E+01 0.90476022815488057515740040614363E+00
0.12279136279956027590738688814703E+01 0.90919184090921228463940092989060E+00
0.12366154392121441248183375257501E+01 0.91444795986583193190098222473903E+00
0.12454432497542283881326251078058E+01 0.91963657662075734754701347483847E+00
0.12544488113863254987403604838938E+01 0.92475734824132564693913699675573E+00
0.12637097412157156648739344580354E+01 0.92981203136912733412428436912127E+00
0.12733518442917167897828657887983E+01 0.93480680169277688746609151327758E+00
0.12830519370038283393077896727854E+01 0.93950288917077624279204613323649E+00
0.12923753106253817745694708516039E+01 0.94365033456004036866441207610109E+00
0.13013503332512264777751133296251E+01 0.94723215349106037650124736463164E+00
0.13099992456222771057887839736916E+01 0.95025752732744953339408027113346E+00
