0.12092151953946853893355876669054E+01 0.97778369075699013136906684265713E+00
0.12140191809916445255431326786027E+01 0.97338656371502444923314159790709E+00
0.12185722630502022268826494873007E+01 0.96927059752663595701737335945056E+00
0.12228492158239060373796814444593E+01 0.96544720663696792607794240502502E+00
0.12268306587778692545335715775255E+01 0.96192518698398945763955486943567E+00
0.12304963776601203041885786507548E+01 0.95871387966613328358092838702009E+00
0.12338453214108617533599174441411E+01 0.95580611150260742456052243239798E+00
0.12369437107528215056906508443072E+01 0.95313776979196985830868349336429E+00
0.12398480842910530133729220073677E+01 0.95065539379857010197568017050011E+00
0.12425960243005749106523670623153E+01 0.94832335860281663042329271488174E+00
0.12452140974042945813463303847366E+01 0.94611642605821205865266037193130E+00
0.12425960243005749106523670623153E+01 0.94832335860281663042329271488174E+00
0.12398480842910530133729220073677E+01 0.95065539379857010197568017050011E+00
0.12369437107528215056906508443072E+01 0.95313776979196985830868349336429E+00
0.12338453214108617533599174441411E+01 0.95580611150260742456052243239798E+00
0.12304963776601203041885786507548E+01 0.95871387966613328358092838702009E+00
0.12268306587778692545335715775255E+01 0.96192518698398945763955486943567E+00
0.12228492158239060373796814444593E+01 0.96544720663696792607794240502502E+00
0.12185722630502022268826494873007E+01 0.96927059752663595701737335945056E+00
0.12140191809916445255431326786027E+01 0.97338656371502444923314159790709E+00
0.12092151953946853893355876669054E+01 0.97778369075699013136906684265713E+00
0.12114558473239627521427517313054E+01 0.98684994303544281597195981404472E+00
0.12145429870151781684471948994869E+01 0.99598955328617857074915353008534E+00
0.12181536492682759984072472555684E+01 0.10052955793072125509259059880718E+01
0.12223224313630052431946897576633E+01 0.10147470953423880901733762402124E+01
0.12270147896480053617488341152854E+01 0.10243400370564898223895203137570E+01
0.12319517586906226281233794453623E+01 0.10336356187103851878807008673515E+01
0.12368835563422047375703887869243E+01 0.10423413045081827339093081314248E+01
0.12418101112239403882702137993891E+01 0.10506015965369435501011321372682E+01
0.12467277741536593874782219362499E+01 0.10585070341248022945382872874526E+01
0.12516334216218070689085410451314E+01 0.10661177770074182197838267186536E+01
0.12557080851510165414642483135895E+01 0.10722672116271133887613678232470E+01
0.12597690778865874991466151707200E+01 0.10782610359636870490118166962413E+01
0.12638141994576997561411054741555E+01 0.10841142127733245387427332067667E+01
0.12678415287293392025841492579890E+01 0.10898387680302618608909831890659E+01
0.12718493105040380476529076100428E+01 0.10954445565864786759279024006341E+01
0.12758359353168948904985444237031E+01 0.11009397617937764791475618248354E+01
0.12797999247380598685214073650054E+01 0.11063312555102828900712138019954E+01
0.12837399181889157955011008864665E+01 0.11116248645645400664884726368338E+01
0.12876546609274515302808017806288E+01 0.11168255719142823111544715439130E+01
0.12915429931972780607586804438608E+01 0.11219376710547351746190260075908E+01
0.12954038405161909210971889633896E+01 0.11269648862797023030188081410958E+01
0.12992362050381552216543879329023E+01 0.11319104675656286267370051346933E+01
0.13030391578978532977206582218301E+01 0.11367772663058193248708666261514E+01
0.13068118324379740553049571931047E+01 0.11415677963949103692388452430111E+01
0.13105534182202757314845859774129E+01 0.11462842839670340665208561753414E+01
0.13142631557275322433207262388398E+01 0.11509287082472077753561493653857E+01
0.13179403316719164827300278488658E+01 0.11555028353708003720229967075107E+01
0.13215842748345197191512953408155E+01 0.11600082465863976335160736930814E+01
0.13251943523696643091117941874566E+01 0.11644463619336711092441230116989E+01
0.13287699665159951289153438598520E+01 0.11688184602465504199473410935073E+01
0.13323105516638406587776694639408E+01 0.11731256961501142404202369629426E+01
0.13358155717349818600347697000478E+01 0.11773691145811120306356775684523E+01
0.13392845178367789130203062452814E+01 0.11815496632555442577108409309574E+01
0.13427169061576549201175725959924E+01 0.11856682034241372511528279359745E+01
0.13461122760752997633672750506304E+01 0.11897255191919589386778864758104E+01
0.13494701884527192233537098632655E+01 0.11937223256275124493914219642250E+01
0.13527902241004949697804416504520E+01 0.11976592758462344004115061004756E+01
0.13560719823864094749797110480799E+01 0.12015369672210228658165232553419E+01
0.13593150799759896749031093053682E+01 0.12053559468464377746861742933380E+01
0.13625191496895942058927765101508E+01 0.12091167163621902189288703774509E+01
0.13656838394634513224746999554932E+01 0.12128197362244220476494540928384E+01
0.13688088114035978682841479110257E+01 0.12164654294992742353043740247860E+01
0.13718937409230027501674344795796E+01 0.12200541852417241812626366210487E+01
0.13749383159533151080772843863017E+01 0.12235863615131510102568241743842E+01
0.13779422362236807823623622734136E+01 0.12270622880831858757742551126221E+01
0.13809052125999433456427347128374E+01 0.12304822688548105352132152453389E+01
0.13838269664783083385533624312240E+01 0.12338465840461481946392797085851E+01
0.13867072292282125539322207189863E+01 0.12371554921577488472293005586420E+01
0.13895457416797220075627985516544E+01 0.12404092317502542684546073834675E+01
0.13923422536512919852244923508592E+01 0.12436080230540091899089154148191E+01
0.13950965235141696761947302358713E+01 0.12467520694293643241726016861484E+01
0.13978083177901137422595329593052E+01 0.12498415586940121936805826506237E+01
0.14004774107794524174616461074289E+01 0.12528766643316371111163783952032E+01
0.14031035842168075435839067560778E+01 0.12558575465943948383458813936918E+01
0.14056866269520838088524532539886E+01 0.12587843535102171235590166038296E+01
0.14082263346545619892026754888896E+01 0.12616572218046227484799871243880E+01
0.14107225095381487352854890345650E+01 0.12644762777455812232852670157819E+01
0.14131749601060244567537374659825E+01 0.12672416379189894317317862955345E+01
0.14155835009131005277796582227888E+01 0.12699534099414625121470771122105E+01
0.14179479523448468874894544786230E+01 0.12726116931163931454836201272313E+01
0.14202681404111862878086168110477E+01 0.12752165790385783934287407453825E+01
0.14225438965542710927310549296325E+01 0.12777681521521404050479472236943E+01
0.14247750574690680101147527890405E+01 0.12802664902659635468343750729137E+01
0.14269614649357709912733481201626E+01 0.12827116650304277428222820739698E+01
0.14291029656631513413651089802315E+01 0.12851037423788267692478238512192E+01
0.14311994111420313632614002802844E+01 0.12874427829365152831265058463258E+01
0.14332506575081392786377272324133E+01 0.12897288424005220986935576137278E+01
0.14352565654136665319295164944361E+01 0.12919619718920969668499248627401E+01
0.14372169999069058810967749148352E+01 0.12941422182844158785007163183883E+01
0.14391318303194019706541885131039E+01 0.12962696245074565686497995110854E+01
0.14410009301600920083682711916084E+01 0.12983442298318635241200212078096E+01
0.14428241770159581318773851279395E+01 0.13003660701334516692226889195266E+01
0.14446014524587515169323134998929E+01 0.13023351781398442154384085581319E+01
0.14463326419573831833323688382581E+01 0.13042515836606035585301448844757E+01
0.14480176347956107666528176797119E+01 0.13061153138020910282034821363942E+01
0.14496563239946767115922875004176E+01 0.13079263931681799991451513147204E+01
0.14512486062405838120581427290020E+01 0.13096848440478483023325895727592E+01
0.14527943818157153961237985639408E+01 0.13113906865905850172734005261417E+01
0.14542935545345323449502808743839E+01 0.13130439389704657256853169091640E+01
0.14557460316830983217555645471600E+01 0.13146446175396781068176615595390E+01
0.14571517239622037940075853475733E+01 0.13161927369722108672501969480067E+01
0.14585105454338773475419782404162E+01 0.13176883103983615314053691971791E+01
0.14598224134710878298147865247047E+01 0.13191313495306612874780698084210E+01
0.14610872487104562646720084092141E+01 0.13205218647817669487260346363422E+01
0.14623049750078097571686075002195E+01 0.13218598653748239966047489680485E+01
0.14634755193964220608195470397292E+01 0.13231453594467630577998478252133E+01
0.14645988120477971765442474467725E+01 0.13243783541449549557572725430131E+01
0.14656747862348630013314472430948E+01 0.13255588557176139732101088408920E+01
0.14667033782974512409376149749452E+01 0.13266868695983085875133215313650E+01
0.14676845276099524624675806810436E+01 0.13277624004849063200116338926681E+01
0.14686181765510323935311217318041E+01 0.13287854524132626824912065896424E+01
0.14695042704753369618681043935957E+01 0.13297560288259094707716172896218E+01
0.14703427576870239178994383507289E+01 0.13306741326360629707693773629074E+01
0.14711335894152482829443864121765E+01 0.13315397662869940741179423473267E+01
0.14718767197909151509415322049422E+01 0.13323529318075317442075055556684E+01
0.14725721058263972980401211242859E+01 0.13331136308622804767964005660405E+01
0.14732197073930524327412473648919E+01 0.13338218648013932926858124875872E+01
0.14738194872111690103709681405732E+01 0.13344776346966342297713134952803E+01
0.14743714108102219799040290405446E+01 0.13350809414023487757102464130544E+01
0.14748754465794883815413734522742E+01 0.13356317855316158526350272841267E+01
0.14751848516761745270091409625115E+01 0.13359698693543230636030579761156E+01
0.14754729525468261954017653273649E+01 0.13362846368085937591334890847701E+01
0.14757397418756217288465259044199E+01 0.13365760879844400197448286701284E+01
0.14759852128976030114201682262613E+01 0.13368442229489959504481672618444E+01
0.14762093593933635632580878712629E+01 0.13370890417532550603733276170146E+01
0.14764228506804288346613932149557E+01 0.13373222024686286498105741066630E+01
0.14766363599452580859054231313153E+01 0.13375553631505525298775252538346E+01
0.14768498871819914972359997592099E+01 0.13377885238140815050064892410820E+01
0.14770634323809993967791027663449E+01 0.13380216844777021957289720464151E+01
0.14772769955444634085171641070615E+01 0.13382548451490624650787216784362E+01
0.14770634323809993967791027663449E+01 0.13380216844777021957289720464151E+01
0.14768498871819914972359997592099E+01 0.13377885238140815050064892410820E+01
0.14766363599452580859054231313153E+01 0.13375553631505525298775252538346E+01
0.14764228506804288346613932149557E+01 0.13373222024686286498105741066630E+01
0.14762093593933635632580878712629E+01 0.13370890417532550603733276170146E+01
0.14759852128976030114201682262613E+01 0.13368442229489959504481672618444E+01
0.14757397418756217288465259044199E+01 0.13365760879844400197448286701284E+01
0.14754729525468261954017653273649E+01 0.13362846368085937591334890847701E+01
0.14751848516761745270091409625115E+01 0.13359698693543230636030579761156E+01
0.14748754465794883815413734522742E+01 0.13356317855316158526350272841267E+01
0.14743714108102219799040290405446E+01 0.13350809414023487757102464130544E+01
0.14738194872111690103709681405732E+01 0.13344776346966342297713134952803E+01
0.14732197073930524327412473648919E+01 0.13338218648013932926858124875872E+01
0.14725721058263972980401211242859E+01 0.13331136308622804767964005660405E+01
0.14718767197909151509415322049422E+01 0.13323529318075317442075055556684E+01
0.14711335894152482829443864121765E+01 0.13315397662869940741179423473267E+01
0.14703427576870239178994383507289E+01 0.13306741326360629707693773629074E+01
0.14695042704753369618681043935957E+01 0.13297560288259094707716172896218E+01
0.14686181765510323935311217318041E+01 0.13287854524132626824912065896424E+01
0.14676845276099524624675806810436E+01 0.13277624004849063200116338926681E+01
0.14667033782974512409376149749452E+01 0.13266868695983085875133215313650E+01
0.14656747862348630013314472430948E+01 0.13255588557176139732101088408920E+01
0.14645988120477971765442474467725E+01 0.13243783541449549557572725430131E+01
0.14634755193964220608195470397292E+01 0.13231453594467630577998478252133E+01
0.14623049750078097571686075002195E+01 0.13218598653748239966047489680485E+01
0.14610872487104562646720084092141E+01 0.13205218647817669487260346363422E+01
0.14598224134710878298147865247047E+01 0.13191313495306612874780698084210E+01
0.14585105454338773475419782404162E+01 0.13176883103983615314053691971791E+01
0.14571517239622037940075853475733E+01 0.13161927369722108672501969480067E+01
0.14557460316830983217555645471600E+01 0.13146446175396781068176615595390E+01
0.14542935545345323449502808743839E+01 0.13130439389704657256853169091640E+01
0.14527943818157153961237985639408E+01 0.13113906865905850172734005261417E+01
0.14512486062405838120581427290020E+01 0.13096848440478483023325895727592E+01
0.14496563239946767115922875004176E+01 0.13079263931681799991451513147204E+01
0.14480176347956107666528176797119E+01 0.13061153138020910282034821363942E+01
0.14463326419573831833323688382581E+01 0.13042515836606035585301448844757E+01
0.14446014524587515169323134998929E+01 0.13023351781398442154384085581319E+01
0.14428241770159581318773851279395E+01 0.13003660701334516692226889195266E+01
0.14410009301600920083682711916084E+01 0.12983442298318635241200212078096E+01
0.14391318303194019706541885131039E+01 0.12962696245074565686497995110854E+01
0.14372169999069058810967749148352E+01 0.12941422182844158785007163183883E+01
0.14352565654136665319295164944361E+01 0.12919619718920969668499248627401E+01
0.14332506575081392786377272324133E+01 0.12897288424005220986935576137278E+01
0.14311994111420313632614002802844E+01 0.12874427829365152831265058463258E+01
0.14291029656631513413651089802315E+01 0.12851037423788267692478238512192E+01
0.14269614649357709912733481201626E+01 0.12827116650304277428222820739698E+01
0.14247750574690680101147527890405E+01 0.12802664902659635468343750729137E+01
0.14225438965542710927310549296325E+01 0.12777681521521404050479472236943E+01
0.14202681404111862878086168110477E+01 0.12752165790385783934287407453825E+01
0.14179479523448468874894544786230E+01 0.12726116931163931454836201272313E+01
0.14155835009131005277796582227888E+01 0.12699534099414625121470771122105E+01
0.14131749601060244567537374659825E+01 0.12672416379189894317317862955345E+01
0.14107225095381487352854890345650E+01 0.12644762777455812232852670157819E+01
0.14082263346545619892026754888896E+01 0.12616572218046227484799871243880E+01
0.14056866269520838088524532539886E+01 0.12587843535102171235590166038296E+01
0.14031035842168075435839067560778E+01 0.12558575465943948383458813936918E+01
0.14004774107794524174616461074289E+01 0.12528766643316371111163783952032E+01
0.13978083177901137422595329593052E+01 0.12498415586940121936805826506237E+01
0.13950965235141696761947302358713E+01 0.12467520694293643241726016861484E+01
0.13923422536512919852244923508592E+01 0.12436080230540091899089154148191E+01
0.13895457416797220075627985516544E+01 0.12404092317502542684546073834675E+01
0.13867072292282125539322207189863E+01 0.12371554921577488472293005586420E+01
0.13838269664783083385533624312240E+01 0.12338465840461481946392797085851E+01
0.13809052125999433456427347128374E+01 0.12304822688548105352132152453389E+01
0.13779422362236807823623622734136E+01 0.12270622880831858757742551126221E+01
0.13749383159533151080772843863017E+01 0.12235863615131510102568241743842E+01
0.13718937409230027501674344795796E+01 0.12200541852417241812626366210487E+01
0.13688088114035978682841479110257E+01 0.12164654294992742353043740247860E+01
0.13656838394634513224746999554932E+01 0.12128197362244220476494540928384E+01
0.13625191496895942058927765101508E+01 0.12091167163621902189288703774509E+01
0.13593150799759896749031093053682E+01 0.12053559468464377746861742933380E+01
0.13560719823864094749797110480799E+01 0.12015369672210228658165232553419E+01
0.13527902241004949697804416504520E+01 0.11976592758462344004115061004756E+01
0.13494701884527192233537098632655E+01 0.11937223256275124493914219642250E+01
0.13461122760752997633672750506304E+01 0.11897255191919589386778864758104E+01
0.13427169061576549201175725959924E+01 0.11856682034241372511528279359745E+01
0.13392845178367789130203062452814E+01 0.11815496632555442577108409309574E+01
0.13358155717349818600347697000478E+01 0.11773691145811120306356775684523E+01
0.13323105516638406587776694639408E+01 0.11731256961501142404202369629426E+01
0.13287699665159951289153438598520E+01 0.11688184602465504199473410935073E+01
0.13251943523696643091117941874566E+01 0.11644463619336711092441230116989E+01
0.13215842748345197191512953408155E+01 0.11600082465863976335160736930814E+01
0.13179403316719164827300278488658E+01 0.11555028353708003720229967075107E+01
0.13142631557275322433207262388398E+01 0.11509287082472077753561493653857E+01
0.13105534182202757314845859774129E+01 0.11462842839670340665208561753414E+01
0.13068118324379740553049571931047E+01 0.11415677963949103692388452430111E+01
0.13030391578978532977206582218301E+01 0.11367772663058193248708666261514E+01
0.12992362050381552216543879329023E+01 0.11319104675656286267370051346933E+01
0.12954038405161909210971889633896E+01 0.11269648862797023030188081410958E+01
0.12915429931972780607586804438608E+01 0.11219376710547351746190260075908E+01
0.12876546609274515302808017806288E+01 0.11168255719142823111544715439130E+01
0.12837399181889157955011008864665E+01 0.11116248645645400664884726368338E+01
0.12797999247380598685214073650054E+01 0.11063312555102828900712138019954E+01
0.12758359353168948904985444237031E+01 0.11009397617937764791475618248354E+01
0.12718493105040380476529076100428E+01 0.10954445565864786759279024006341E+01
0.12678415287293392025841492579890E+01 0.10898387680302618608909831890659E+01
0.12638141994576997561411054741555E+01 0.10841142127733245387427332067667E+01
0.12597690778865874991466151707200E+01 0.10782610359636870490118166962413E+01
0.12557080851510165414642483135895E+01 0.10722672116271133887613678232470E+01
0.12516334216218070689085410451314E+01 0.10661177770074182197838267186536E+01
0.12467277741536593874782219362499E+01 0.10585070341248022945382872874526E+01
0.12418101112239403882702137993891E+01 0.10506015965369435501011321372682E+01
0.12368835563422047375703887869243E+01 0.10423413045081827339093081314248E+01
0.12319517586906226281233794453623E+01 0.10336356187103851878807008673515E+01
0.12270147896480053617488341152854E+01 0.10243400370564898223895203137570E+01
0.12223224313630052431946897576633E+01 0.10147470953423880901733762402124E+01
0.12181536492682759984072472555684E+01 0.10052955793072125509259059880718E+01
0.12145429870151781684471948994869E+01 0.99598955328617857074915353008534E+00
0.12114558473239627521427517313054E+01 0.98684994303544281597195981404472E+00
0.12092151953946853893355876669054E+01 0.97778369075699013136906684265713E+00
0.12003073586606402278367858178318E+01 0.97474595985002936223021742778801E+00
0.11911536203207443261533841494122E+01 0.97101923304151230813450879369857E+00
0.11816912752753124563324796678773E+01 0.96667422461964589797618857506828E+00
0.11718988477588400696175523560381E+01 0.96170124124207254327562933954433E+00
0.11617467202919404859630252460933E+01 0.95611876640495547786253515148821E+00
0.11516884430403284210576040537054E+01 0.95022091926039879289147147752605E+00
0.11420560415891382770194828770250E+01 0.94428298722446094309487564153227E+00
0.11327135703332783881086441400504E+01 0.93829188039374371825229810537814E+00
0.11235769909592239862454034572366E+01 0.93224176796604356793508259525531E+00
0.11145901523025479021531559831233E+01 0.92613041501210480819211076050740E+00
0.11071872282798080517065943450544E+01 0.92098959447772826194356344204210E+00
0.10998432708877196040002343292960E+01 0.91580649278396352429778418409863E+00
0.10925454792917512001004956449375E+01 0.91058056475032456566775192366586E+00
0.10852828966570502400673866917770E+01 0.90531256828812325223764940249594E+00
0.10780468334096780667334705367281E+01 0.90000296764888154564772589548643E+00
0.10708300518066663798173542003574E+01 0.89465239057706974291767947884640E+00
0.10636265495600095569988316689184E+01 0.88926144069674941941758563279649E+00
0.10564312731042213514834266894540E+01 0.88383073620006119493148957910506E+00
0.10492399439714625181000832243167E+01 0.87836088318810399558510653548437E+00
0.10420489115056950705881148839997E+01 0.87285247606860507682667504980290E+00
0.10348550431950316918282803784370E+01 0.86730609262496412920956737189383E+00
0.10276556367514922930688563228359E+01 0.86172229313369155228295043504712E+00
0.10204483506448280808212433896248E+01 0.85610161962997506957228094993232E+00
0.10132311480363181306839967831361E+01 0.85044459607364997027339202045780E+00
0.10060022513033627240454287916961E+01 0.84475172881784267500716859981701E+00
0.99876010476584445561669692393801E+00 0.83902350734499231011974459596560E+00
0.99150334391550880675499261734225E+00 0.83326040512735188581225482995951E+00
0.98423076982054023157645151381744E+00 0.82746288055627057787088888931543E+00
0.97694132769398092445210488487220E+00 0.82163137789059458678303513541552E+00
0.96963408883570671350847555893199E+00 0.81576632819606366107209432056270E+00
0.96230823532895635076259903894192E+00 0.80986815025646364982297815710186E+00
0.95496304700105633466879545714429E+00 0.80393725144525067507271879463351E+00
0.94759789025729743789146653967631E+00 0.79797402855114183792478821612056E+00
0.94021220847366719435065019436728E+00 0.79197886855460587912028424840262E+00
0.93280551369414449509145548214143E+00 0.78595214935442235585412733524538E+00
0.92537737942546634709961343604994E+00 0.77989424044496833236514162085383E+00
0.91792743435970562585321129793172E+00 0.77380550354584264020700444100557E+00
0.91045535688486999577080799343558E+00 0.76768629318601615347532965125926E+00
0.90296087026772850930112696423052E+00 0.76153695724502568304211251472934E+00
0.89544373841246340926970169104062E+00 0.75535783745387874776299263533036E+00
0.88790376211450575259686860236179E+00 0.74914926985837265647299827107820E+00
0.88034077574179082683827914493440E+00 0.74291158524748634129672638631566E+00
0.87275464428624700597698212739778E+00 0.73664510954941111158985983366433E+00
0.86514526073706065639165433167461E+00 0.73035016419766143345870519011157E+00
0.85751254373449660361505333741698E+00 0.72402706646956532992122034927323E+00
0.84985643546908075155655952398498E+00 0.71767612979928553383567129922211E+00
0.84217689979599107019227429043173E+00 0.71129766406737176994262932913438E+00
0.83447392053873408176054919864829E+00 0.70489197586869636354062293987664E+00
0.82674749995974940945184906345144E+00 0.69845936876048419798690677401231E+00
0.81899765737860161509125290578988E+00 0.69200014349201135626718461303222E+00
0.81122442792097723846699003246262E+00 0.68551459821742288852583676343199E+00
0.80342786138388558459848746956062E+00 0.67900302869299743509997912335293E+00
0.79560802120432360215345170532441E+00 0.67246572846008112124185356886137E+00
0.78776498352026135836842130603920E+00 0.66590298901480905055586462521207E+00
0.77989883631417591366798595023483E+00 0.65931509996563893326622319442524E+00
0.77200967863054313587236811669087E+00 0.65270234917963908166190056250783E+00
0.76409761985971981467536614980979E+00 0.64606502291838956607668174335259E+00
0.75616277908153205673498974217010E+00 0.63940340596428781742765717793039E+00
0.74820528446265606755892047818834E+00 0.63271778173798166267687013103040E+00
0.74022527270254716145106651377165E+00 0.62600843240759340710708409667751E+00
0.73222288852325574255738312294177E+00 0.61927563899034449819437955900354E+00
0.72419828419898335610906425965439E+00 0.61251968144713887816649299917358E+00
0.71615161912167622271881111974919E+00 0.60574083877061880033801450112197E+00
0.70808305939935215273551333491437E+00 0.59893938906716496041986682151198E+00
0.69999277748419913289805663036202E+00 0.59211560963327286830796893735797E+00
0.69188095182779300601216108058831E+00 0.58526977702670685330889046811881E+00
0.68374776656105066716269391974516E+00 0.57840216713279670001462693952804E+00
0.67559341119677494517289348168795E+00 0.57151305522621563590359788681235E+00
0.66741808035285965485510128918066E+00 0.56460271602855166658178115381076E+00
0.65922197349441196295914628340097E+00 0.55767142376195959611140038994648E+00
0.65100529469321791367423690408966E+00 0.55071945219915877284112803643400E+00
0.64276825240312596322319832219072E+00 0.54374707471002140224687015541567E+00
0.63451105925005719505134822729881E+00 0.53675456430497863736054514207538E+00
0.62623393183547201513311283242287E+00 0.52974219367545303899480609844598E+00
0.61793709055222732313293008730799E+00 0.52271023523151128230744191299693E+00
0.60962075941185851410332814653535E+00 0.51565896113691723669477910895252E+00
0.60128516588240266147400568306123E+00 0.50858864334175104042469143298328E+00
0.59293054073596014523315748763956E+00 0.50149955361274805077319555648209E+00
0.58455711790526144809685128948120E+00 0.49439196356150247836122097476900E+00
0.57616513434856673840564755156017E+00 0.48726614467066618402025664376539E+00
0.56775482992228689949386889440593E+00 0.48012236831826785844445008313785E+00
0.55932644726076223854636026149596E+00 0.47296090580026710484196712364553E+00
0.55088023166268488274933899770670E+00 0.46578202835144944458065299680450E+00
0.54241643098369137883273889139240E+00 0.45858600716476219733714501801044E+00
0.53393529553469092076251146957892E+00 0.45137311340918426992882054479522E+00
0.52543707798553048083534355558470E+00 0.44414361824621520128888110494502E+00
0.51692203327362865662180943132037E+00 0.43689779284506530001960206107191E+00
0.50839041851723892410546705769763E+00 0.42963590839661978012791751633827E+00
0.49984249293303139843571170295692E+00 0.42235823612625056703610265305914E+00
0.49127851775770248757134174655352E+00 0.41506504730553776799542305017803E+00
0.48269875617334866300100784121772E+00 0.40775661326296425674591973818883E+00
0.47410347323635624271797903539671E+00 0.40043320539364016844229379947176E+00
0.46549293580957962817679182114535E+00 0.39309509516811105846242805228696E+00
0.45686741249759773777000084757184E+00 0.38574255414030016317493600756986E+00
0.44822717358485237644664763278120E+00 0.37837585395463083444601962742042E+00
0.43957249097648758885418516900896E+00 0.37099526635237547370148992002841E+00
0.43090363814172097120732879811158E+00 0.36360106317726994527889447965007E+00
0.42222089005959124809439217056443E+00 0.35619351638043429526962321343840E+00
0.41352452316693726011102693831943E+00 0.34877289802463619462010299128676E+00
0.40481481530847096334509383064231E+00 0.34133948028792861701239315849030E+00
0.39609204568882153544058328983101E+00 0.33389353546669983967322575908409E+00
0.38735649482643117480990206055682E+00 0.32643533597815891166089707893310E+00
0.37860844450919360095694013994546E+00 0.31896515436229193367033725165011E+00
0.36984817775173521769309382655910E+00 0.31148326328331105724718126080814E+00
0.36107597875424069203705864297397E+00 0.30398993553062461875224738968806E+00
0.35229213286273711280211577944561E+00 0.29648544401935096094185260388755E+00
0.34349692653075203710856513358455E+00 0.28897006179039835196037238751024E+00
0.33469064728226812129289433020307E+00 0.28144406201013364172808438266569E+00
0.32587358367590204102132445995191E+00 0.27390771796965830583273608541173E+00
0.31704602527023984010510774817139E+00 0.26636130308371099530225840411411E+00
0.30820826259026443865992121954263E+00 0.25880509088921559499150962230934E+00
0.29936058709481668231594369430557E+00 0.25123935504349072126797748363905E+00
0.29050329114503237634520487382065E+00 0.24366436932213732592440947138267E+00
0.28163666797370549710235624215150E+00 0.23608040761661846085473932415415E+00
0.27276101165552513014495534395182E+00 0.22848774393154731904910422419393E+00
0.26387661707814285846904209320075E+00 0.22088665238169584386521797019641E+00
0.25498377991402511322665300514691E+00 0.21327740718873704778112736619045E+00
0.24608279659305064353115553670220E+00 0.20566028267773338961886953305167E+00
0.23717396427581512962824306683411E+00 0.19803555327338321582328353587295E+00
0.22825758082760517031342627630239E+00 0.19040349349603533481680290619126E+00
0.21933394479300981057806508146047E+00 0.18276437795748300286918273783277E+00
0.21040335537113556535347701995756E+00 0.17511848135654687358704356824036E+00
0.20146611239139642464178347353868E+00 0.16746607847445595350694918275627E+00
0.19252251628985031878421094932681E+00 0.15980744417003700020531435101484E+00
0.18357286808605227748630969338394E+00 0.15214285337471857605350905456682E+00
0.17461746936040535591449485619700E+00 0.14447258108736012213355289648810E+00
0.16565662223197748873276630078613E+00 0.13679690236891232099270759357313E+00
0.15669062933676881202912108124404E+00 0.12911609233691610439114121835098E+00
0.14771979380640396905898140370816E+00 0.12143042615984942563757311988534E+00
0.13874441924723063341087778960500E+00 0.11374017905132406782018058609427E+00
0.12976480971980582509073782668349E+00 0.10604562626414471195975080140473E+00
0.12078126971875097685394867658898E+00 0.98347043084230555926541830473663E-01
0.11179410415295930290030263452530E+00 0.90644704824409066978391997747871E-01
0.10280361832614018439844520875759E+00 0.82938886818086835462900070016570E-01
0.93810117917683594997548988452415E-01 0.75229864412800782580124750407941E-01
0.84813908963832151209819787846781E-01 0.67517912963657762015715139797518E-01
0.75815297839146004591504177851006E-01 0.59803307826664405201256666412413E-01
0.66814591238247758734113716660037E-01 0.52086324351953911852124487118517E-01
0.57812096157835725709865083321592E-01 0.44367237876914487058696973985900E-01
0.48808119878953409290776065253665E-01 0.36646323719220253007350936364278E-01
0.39802969949504717489856695926733E-01 0.28923857169774065682940874403005E-01
0.30796954167004308721065816953210E-01 0.21200113485560942661246515414084E-01
0.21790380561552733563360691822346E-01 0.13475367882418888765482266798128E-01
0.12783557379028066289130870142130E-01 0.57498955277302523243598589809891E-02
0.37767930644840294013578680782253E-02 -0.19760284669641354830771121448930E-02
-0.52296037542530558825081201754761E-02 -0.97021290534234779852522377541556E-02
-0.14235324282796814568252950043123E-01 -0.17428131254235754888838467454862E-01
-0.23240059576230397936218326246661E-01 -0.25153760170413455104772895190574E-01
-0.32243500554960209457665217212875E-01 -0.32878740989053240283139333876849E-01
-0.41245338020401109036028203896849E-01 -0.40602798991057277983362923499534E-01
-0.50245262670498548064080711726988E-01 -0.48325659558912626258034330464201E-01
-0.59242965115095215127692497686402E-01 -0.56047048184526930360070110028022E-01
-0.68238135891147216868586404843441E-01 -0.63766690477118146448389991853125E-01
-0.77230465477794633509912699849220E-01 -0.71484312171154256388356347615735E-01
-0.86219644311294518146395275023602E-01 -0.79199639134342852902181828402950E-01
-0.95205362799817344443437893541276E-01 -0.86912397375667161918103968113509E-01
-0.10418731133811592781357330403737E+00 -0.94622313053465470392225259283056E-01
-0.11316518032206821400379930933966E+00 -0.10232911248355469716072098595458E+00
-0.12213866016309924492696858331704E+00 -0.11003252214739282517294590285693E+00
-0.13110744130248798141336178954577E+00 -0.11773226870028081490544373411990E+00
-0.14007121422555992787267020361407E+00 -0.12542807897960035610097360628212E+00
-0.14902966947577209044476041570686E+00 -0.13311968001308653347042073185198E+00
-0.15798249766869276873039218498405E+00 -0.14080679902713458601259797341876E+00
-0.16692938950587815807414140338768E+00 -0.14848916345513634636954847162728E+00
-0.17587003578865246306302538490750E+00 -0.15616650094584774908555433832427E+00
-0.18480412743179039292350024256352E+00 -0.16383853937178423806117976955985E+00
-0.19373135547710821404048677616109E+00 -0.17150500683764162949136486517149E+00
-0.20265141110696525710358537073013E+00 -0.17916563168874480064555931829961E+00
-0.21156398565767693513624787165055E+00 -0.18682014251951641098326771996108E+00
-0.22046877063284434852706990717111E+00 -0.19446826818197205473359375025332E+00
-0.22936545771660131508871461356412E+00 -0.20210973779423267697791949649859E+00
-0.23825373878678075447661989681807E+00 -0.20974428074905913030429534288678E+00
-0.24713330592800423257496046426944E+00 -0.21737162672240435572779320401683E+00
-0.25600385144469509150039649411060E+00 -0.22499150568198234653719196878582E+00
-0.26486506787401834536561069226884E+00 -0.23260364789585403041823640506046E+00
-0.27371664799874813677257212311137E+00 -0.24020778394102682039648202967070E+00
-0.28255828486006525763536730899525E+00 -0.24780364471206872534946275790171E+00
-0.29138967177028661336810935301996E+00 -0.25539096142973482070395145999351E+00
-0.30021050232552720031790545062901E+00 -0.26296946564960496250908382895238E+00
-0.30902047041829750907366060306611E+00 -0.27053888927073225188352792203944E+00
-0.31781927025003659320558895923013E+00 -0.27809896454430052779422303539942E+00
-0.32660659634358265645705349990983E+00 -0.28564942408229136734910437352142E+00
-0.33538214355558311241310321239915E+00 -0.29319000086615692397830745578676E+00
-0.34414560708884390407073351104521E+00 -0.30072042825550065083950403349677E+00
-0.35289668250462087601568835410921E+00 -0.30824043999676295616761768617803E+00
-0.36163506573485287834591230220660E+00 -0.31574977023191224682241310687851E+00
-0.37036045309433894413210324414098E+00 -0.32324815350713875909997722326808E+00
-0.37907254129285986292075363965837E+00 -0.33073532478155221477957857924533E+00
-0.38777102744724452929810431483652E+00 -0.33821101943588145141441660676580E+00
-0.39645560909338376018650426559201E+00 -0.34567497328117525835163299744992E+00
-0.40512598419819057108194148166652E+00 -0.35312692256750367726716731526523E+00
-0.41378185117150807920422059995557E+00 -0.36056660399265920141503785420651E+00
-0.42242290887796828067195625608088E+00 -0.36799375471085703744927964733297E+00
-0.43104885664879680331262535599037E+00 -0.37540811234143319598349928615033E+00
-0.43965939429357208018372240921611E+00 -0.38280941497754039121270130331275E+00
-0.44825422211193170936129797209092E+00 -0.39019740119484100573689393186266E+00
-0.45683304090523241569300034738264E+00 -0.39757181006019503840649099332479E+00
-0.46539555198816167282156297629888E+00 -0.40493238114034482161336661246818E+00
-0.47394145720030141925310393612280E+00 -0.41227885451059326780518693714433E+00
-0.48247045891764556145746922470134E+00 -0.41961097076347685292092239163386E+00
-0.49098226006407020821345061090719E+00 -0.42692847101743185494634622421282E+00
-0.49947656412275891328170167318971E+00 -0.43423109692545294922575434584224E+00
-0.50795307514758187636148935184513E+00 -0.44151859068374421816646536395700E+00
-0.51641149777442957082134418166944E+00 -0.44879069504036145628948121091451E+00
-0.52485153723250265083312599244424E+00 -0.45604715330384614798081539434674E+00
-0.53327289935555620853343451308986E+00 -0.46328770935184803566706666825536E+00
-0.54167529059310112681084309307652E+00 -0.47051210763973907155677438682327E+00
-0.55005841802156043668060942236792E+00 -0.47772009320921572913280229139969E+00
-0.55842198935538289183420730447891E+00 -0.48491141169688969157385971702170E+00
-0.56676571295811285050461750479770E+00 -0.49208580934286695812389339245068E+00
-0.57508929785341754182633746992267E+00 -0.49924303299931392013733661288904E+00
-0.58339245373607080035166117008213E+00 -0.50638283013901094721334619056787E+00
-0.59167489098289465993413612250549E+00 -0.51350494886389176031774793673469E+00
-0.59993632066365804621722167458277E+00 -0.52060913791356849507932137623241E+00
-0.60817645455193370632919587599820E+00 -0.52769514667384319170457774528030E+00
-0.61639500513591213726513379268475E+00 -0.53476272518520249814981938556538E+00
-0.62459168562917409518158133948772E+00 -0.54181162415129783298874536366587E+00
-0.63276620998142099551175328331460E+00 -0.54884159494740917091198858846401E+00
-0.64091829288916300795214628190236E+00 -0.55585238962889138067592296648029E+00
-0.64904764980636601504356005053911E+00 -0.56284376093960449407247273393721E+00
-0.65715399695505634882988651488113E+00 -0.56981546232032541820819991894646E+00
-0.66523705133588393675854849680279E+00 -0.57676724791714204458343370998202E+00
-0.67329653073864419433809987436759E+00 -0.58369887258982841312980914640780E+00
-0.68133215375275764878629666588835E+00 -0.59061009192020127308198119181575E+00
-0.68934363977770859581209234096516E+00 -0.59750066222045663739415881466682E+00
-0.69733070903344190801533031352444E+00 -0.60437034054148658307187680532966E+00
-0.70529308257071822561180044428901E+00 -0.61121888468117589072804477972878E+00
-0.71323048228142760253100688539400E+00 -0.61804605319267773088953653684636E+00
-0.72114263090886141897739670350685E+00 -0.62485160539266754731974015475741E+00
-0.72902925205794334713011375145935E+00 -0.63163530136957614166592571317429E+00
-0.73689007020541724068053912230089E+00 -0.63839690199180009983359764527991E+00
-0.74472481070999476159889185408356E+00 -0.64513616891588978883843701754335E+00
-0.75253319982246024083646715877970E+00 -0.65185286459471431572300317011705E+00
-0.76031496469573405258335292584247E+00 -0.65854675228560352322207381254923E+00
-0.76806983339489416447917484290806E+00 -0.66521759605846557857136605271684E+00
-0.77579753490715523857994940653201E+00 -0.67186516080388117294956949540480E+00
-0.78349779915180617527127768085531E+00 -0.67848921224117241919776718527432E+00
-0.79117035699010509376929946781296E+00 -0.68508951692644747862341604907495E+00
-0.79881494023513195131747767788089E+00 -0.69166584226061933441449640966761E+00
-0.80643128166159943285924053353254E+00 -0.69821795649739902362498889080090E+00
-0.81401911501562026396368773172224E+00 -0.70474562875126315590709751139487E+00
-0.82157817502443286068614479279921E+00 -0.71124862900539408472954470990601E+00
-0.82910819740608384802678982838053E+00 -0.71772672811959432731870260174889E+00
-0.83660891887906745646593472155062E+00 -0.72417969783817291496318454399120E+00
-0.84408007717192249849124553997131E+00 -0.73060731079780438924666891218912E+00
-0.85152141103278553418554505187517E+00 -0.73700934053536030004642618812811E+00
-0.85893266023890143580318391188952E+00 -0.74338556149571171450494573711160E+00
-0.86631356560608988118618233288242E+00 -0.74973574903950363171538103056651E+00
-0.87366386899816876842742956986118E+00 -0.75605967945090003701882607014452E+00
-0.88098331333633365931724434122008E+00 -0.76235712994529993667456374151097E+00
-0.88827164260849329321516732113516E+00 -0.76862787867702337916446078870008E+00
-0.89552860187856118640867863078750E+00 -0.77487170474696753288634269651226E+00
-0.90275393729570308779126330005142E+00 -0.78108838821023258190219768096738E+00
-0.90994739610353973913990051735882E+00 -0.78727771008371665469840747323611E+00
-0.91710872664930547288539667377789E+00 -0.79343945235367986929118197603446E+00
-0.92423767839296173513856045076440E+00 -0.79957339798327683008929079168136E+00
-0.93133400191626612543523142013696E+00 -0.80567933092005769993139311132030E+00
-0.93839744893179583506827185924024E+00 -0.81175703610343693624567241929318E+00
-0.94542777229192647394134770783444E+00 -0.81780629947212985938956775123734E+00
-0.95242472599776474876940648199329E+00 -0.82382690797155658441027087793793E+00
-0.95938806520803622637532349434139E+00 -0.82981864956121275724508785611023E+00
-0.96631754624792672752335530530965E+00 -0.83578131322200726849946280313983E+00
-0.97321292661787807185405051626946E+00 -0.84171468896356608040098144502250E+00
-0.98007396500233754582023331855694E+00 -0.84761856783150239890504127108118E+00
-0.98690042127846084320955700151910E+00 -0.85349274191465239237565117080734E+00
-0.99369205652476878786591088949909E+00 -0.85933700435227652249626685796240E+00
-0.10004486330297568469354267927108E+01 -0.86515114934122600691985548347711E+00
-0.10071699143004581387965352803349E+01 -0.87093497214307409883620933308051E+00
-0.10138556650709589570589086554682E+01 -0.87668826909121212149665246885747E+00
-0.10205056513108669545024619605034E+01 -0.88241083759790951230040753216937E+00
-0.10271196402337321129559009840438E+01 -0.88810247616133806837282527649827E+00
-0.10336974003054194898177413248734E+01 -0.89376298437255985883479203681112E+00
-0.10402387012524343605226741073342E+01 -0.89939216292247848603024475571748E+00
-0.10467433140701990056179016521748E+01 -0.90498981360875350545046734008971E+00
-0.10532110110312812794835690480054E+01 -0.91055573934267776398439193817003E+00
-0.10596415656935744989916950910891E+01 -0.91608974415601723063157874486168E+00
-0.10660347529084285793939841369714E+01 -0.92159163320781309189619275511387E+00
-0.10723903488287323092482851210904E+01 -0.92706121279114602288187222444119E+00
-0.10787081309169462792128756216882E+01 -0.93249829033986199745829003544413E+00
-0.10849878779530865904380535870080E+01 -0.93790267443525977001650526312733E+00
-0.10912293700426587990591828426020E+01 -0.94327417481273938551018515833284E+00
-0.10974323886245422640135217952758E+01 -0.94861260236841179600852501521556E+00
-0.11035967164788243364811605705002E+01 -0.95391776916566905519919092735247E+00
-0.11097221377345843768578507568459E+01 -0.95918948844171490465817277945945E+00
-0.11158084378776274242525387114587E+01 -0.96442757461405563998662764655429E+00
-0.11218554037581671587555499470572E+01 -0.96963184328695075811380060322738E+00
-0.11278628235984581353515587196479E+01 -0.97480211125782332333078227542641E+00
-0.11338304870003768245156486166550E+01 -0.97993819652362960423661968472852E+00
-0.11397581849529516177260832163247E+01 -0.98503991828718813744173113318266E+00
-0.11456457098398412833613889479557E+01 -0.99010709696346726358757624268320E+00
-0.11514928554467616922573907867893E+01 -0.99513955418583163817134954172940E+00
-0.11572994169688608747402588210926E+01 -0.10001371128122470983837296575075E+01
-0.11630651910180418635278192985183E+01 -0.10050995969314434653408699539431E+01
-0.11687899756302333707003875427929E+01 -0.10100268318690356270990970706006E+01
-0.11744735702726079535237994310244E+01 -0.10149186441936018923937229881471E+01
-0.11801157758507474985207085582491E+01 -0.10197748617227201433476612197963E+01
-0.11857163947157558980107594749983E+01 -0.10245953135289609916248482693009E+01
-0.11912752306713185627070559283140E+01 -0.10293798299458379206143353339596E+01
-0.11967920889807087615390967020364E+01 -0.10341282425737143567352042814811E+01
-0.12022667763737404030976692435299E+01 -0.10388403842856668781878916008275E+01
-0.12076991010536671901489391320540E+01 -0.10435160892333052823443090489136E+01
-0.12130888727040278643990625724346E+01 -0.10481551928525480487045122290932E+01
-0.12184359024954374437253490805287E+01 -0.10527575318693542791842123120262E+01
-0.12237400030923241036076083568124E+01 -0.10573229443054107914523338389056E+01
-0.12290009886596117102614855281462E+01 -0.10618512694837749211866747393451E+01
-0.12342186748693475261154421976821E+01 -0.10663423480344722638247599575720E+01
-0.12393928789072752114375261337244E+01 -0.10707960219000496724791523119413E+01
-0.12445234194793527588915627404040E+01 -0.10752121343410828388234426325718E+01
-0.12496101168182150893277415707777E+01 -0.10795905299416383724995471995229E+01
-0.12546527926895812922723895234470E+01 -0.10839310546146903971490113762884E+01
-0.12596512703986062551438761242998E+01 -0.10882335556074912328462884140314E+01
-0.12646053747961764385973258439034E+01 -0.10924978815068959141570900287628E+01
-0.12695149322851496266712094953174E+01 -0.10967238822446406024401167210508E+01
-0.12743797708265386349366386267786E+01 -0.11009114091025742973428991045809E+01
-0.12791997199456384374872263710526E+01 -0.11050603147178443418142774442436E+01
-0.12839746107380968815230078869133E+01 -0.11091704530880343216804665054496E+01
-0.12887042758759286004627394395013E+01 -0.11132416795762557164517120114228E+01
-0.12933885496134720639691237042110E+01 -0.11172738509161918168998918701146E+01
-0.12980272677932894609342118281508E+01 -0.11212668252170941406628721729374E+01
-0.13026202678520092570242125992868E+01 -0.11252204619687317968456136296622E+01
-0.13071673888261114987776388350506E+01 -0.11291346220462922200753071677668E+01
-0.13116684713576551919007190151579E+01 -0.11330091677152346102136762198942E+01
-0.13161233576999480673512425708461E+01 -0.11368439626360948150388350413152E+01
-0.13205318917231583568469738014503E+01 -0.11406388718692419276730345724555E+01
-0.13248939189198681784034780544737E+01 -0.11443937618795864683326126952995E+01
-0.13292092864105690285439126749915E+01 -0.11481085005412396375693573861779E+01
-0.13334778429490982031943025645980E+01 -0.11517829571421238876239692437481E+01
-0.13376994389280171922154972061942E+01 -0.11554170023885343547297438065223E+01
-0.13418739263839305970368075220523E+01 -0.11590105084096508262308489085617E+01
-0.13460011590027465043268089513353E+01 -0.11625633487620009329902910983558E+01
-0.13500809921248775456207144350813E+01 -0.11660753984338730371817296518000E+01
-0.13541132827503826186240695172472E+01 -0.11695465338496797672895178190478E+01
-0.13580978895440490988442704421072E+01 -0.11729766328742717149394369374694E+01
-0.13620346728404154217686884849179E+01 -0.11763655748172009607567773846502E+01
-0.13659234946487339616902812360801E+01 -0.11797132404369343298278671817579E+01
-0.13697642186578738119714250670733E+01 -0.11830195119450163359478714434197E+01
-0.13735567102411634797684718018304E+01 -0.11862842730101817273034694795936E+01
-0.13773008364611734826769666414708E+01 -0.11895074087624171134144675057309E+01
-0.13809964660744381719198597578648E+01 -0.11926888057969718982657137073693E+01
-0.13846434695361174920984408241619E+01 -0.11958283521783183262473390321992E+01
-0.13882417190045974870685474929088E+01 -0.11989259374440601815015814171039E+01
-0.13917910883460303561068177002218E+01 -0.12019814526087903181855995764148E+01
-0.13952914531388134284681516938903E+01 -0.12049947901678969993404486331204E+01
-0.13987426906780067218573217058241E+01 -0.12079658441013181758031688910001E+01
-0.14021446799796896907764930025166E+01 -0.12108945098772445951261884786195E+01
-0.14054973017852561038269532390548E+01 -0.12137806844557708383749766344678E+01
-0.14088004385656476760262989666823E+01 -0.12166242662924942891888945300538E+01
-0.14120539745255258162956093857135E+01 -0.12194251553420622067719164630938E+01
-0.14152577956073816152909107237028E+01 -0.12221832530616665524398636584282E+01
-0.14184117894955839935676035254981E+01 -0.12248984624144862896808911054196E+01
-0.14215158456203655892165151720817E+01 -0.12275706878730774051118622466445E+01
-0.14245698551617464463785795988116E+01 -0.12301998354227100376467668903451E+01
-0.14275737110533955624148181028737E+01 -0.12327858125646534123255122992492E+01
-0.14305273079864296284999895839556E+01 -0.12353285283194071912665500315423E+01
-0.14334305424131496484818368819624E+01 -0.12378278932298804265639133128459E+01
-0.14362833125507144053476079699085E+01 -0.12402838193645172153782136080398E+01
-0.14390855183847513127682188749486E+01 -0.12426962203203691560853775518189E+01
-0.14418370616729044134219927914580E+01 -0.12450650112261144720991210844915E+01
-0.14445378459483191632187321034114E+01 -0.12473901087450236483818877394542E+01
-0.14471877765230641255067713019685E+01 -0.12496714310778718021302220117487E+01
-0.14497867604914893287522511340720E+01 -0.12519088979657970082003416461755E+01
-0.14523347067335213853119788992708E+01 -0.12541024306931052524682080909318E+01
-0.14548315259178950501615613568868E+01 -0.12562519520900213128879924955441E+01
-0.14572771305053209845773233843436E+01 -0.12583573865353855355924648692384E+01
-0.14596714347515902524044835446564E+01 -0.12604186599592972045084039644723E+01
-0.14620143547106145957062965371620E+01 -0.12624356998457027692963589823703E+01
-0.14643058082374030292477252709396E+01 -0.12644084352349308626706575865283E+01
-0.14665457149909745492730938278141E+01 -0.12663367967261721537574838489822E+01
-0.14687339964372063899005438197176E+01 -0.12682207164799053024698153733095E+01
-0.14708705758516185451893615736905E+01 -0.12700601282202681225049787728674E+01
-0.14729553783220936992685148684690E+01 -0.12718549672373742184309863003101E+01
-0.14749883307515329170974920180537E+01 -0.12736051703895750382333823051398E+01
-0.14769693618604469277592950586488E+01 -0.12753106761056669360709610912327E+01
-0.14788984021894828462317374431352E+01 -0.12769714243870435141362288274084E+01
-0.14807753841018862409554564365558E+01 -0.12785873568097931110210691772442E+01
-0.14826002417858986041916799457915E+01 -0.12801584165267411287074026326557E+01
-0.14843729112570899335638228822670E+01 -0.12816845482694373486143658820013E+01
-0.14860933303606266845531057733387E+01 -0.12831656983500880373370466788734E+01
-0.14877614387734744935669284973258E+01 -0.12846018146634329800020906411600E+01
-0.14893771780065362387235629488818E+01 -0.12859928466885670369884432353219E+01
-0.14909404914067247955576024887199E+01 -0.12873387454907064134449791427541E+01
-0.14924513241589708153385696260984E+01 -0.12886394637228995274451819888206E+01
-0.14939096232881652738800247638972E+01 -0.12898949556276823847226904563012E+01
-0.14953153376610366726199109891211E+01 -0.12911051770386783360719948942743E+01
-0.14966684179879631019192205858160E+01 -0.12922700853821423176227092298073E+01
-0.14979688168247187571216387962559E+01 -0.12933896396784493722149965046278E+01
-0.14992164885741551722221892518514E+01 -0.12944638005435274660363994458360E+01
-0.15004113894878168646431256345863E+01 -0.12954925301902345915502429627175E+01
-0.15015534776674913789961296692142E+01 -0.12964757924296799054971504205305E+01
-0.15026427130666940530605788637028E+01 -0.12974135526724891764284509721199E+01
-0.15036790574920866481320938634853E+01 -0.12983057779300141755883233642525E+01
-0.15046624746048308037181307475111E+01 -0.12991524368154861814770658765665E+01
-0.15055929299218754044159859395310E+01 -0.12999534995451135160781990007135E+01
-0.15064703908171783276121789504625E+01 -0.13007089379391228724429170936014E+01
-0.15072948265228623759156993723496E+01 -0.13014187254227448393474608623779E+01
-0.15080662081303052995634053685879E+01 -0.13020828370271430022583137654185E+01
-0.15087845085911639933205464639429E+01 -0.13027012493902871494088151018504E+01
-0.15094497027183327695761559389845E+01 -0.13032739407577701787039038825231E+01
-0.15100617671868356378191143143878E+01 -0.13038008909835687457783970822725E+01
-0.15106206805346528865898576672848E+01 -0.13042820815307475510478620069446E+01
-0.15109637512779227594134527761645E+01 -0.13045774447598183779396881810000E+01
-0.15112831852055868779219134297431E+01 -0.13048524581797343072249282965549E+01
-0.15115789773394238819002764149029E+01 -0.13051071174907834349638205323225E+01
-0.15118511230696577466006284641177E+01 -0.13053414187114796611342180753344E+01
-0.15120996181550266296748173539443E+01 -0.13055553581786289012266286221742E+01
-0.15123362927443497168603961442989E+01 -0.13057591209375605261264709967563E+01
-0.15125729796299274008005084683540E+01 -0.13059628943167850425612514194513E+01
-0.15128096788121468681549391097374E+01 -0.13061666783166326139091354734568E+01
-0.15130463902913953323620881796279E+01 -0.13063704729374333869470854502111E+01
-0.15132831140680599970718744509503E+01 -0.13065742781795175465765128533113E+01
-0.15130463902913953323620881796279E+01 -0.13063704729374333869470854502111E+01
-0.15128096788121468681549391097374E+01 -0.13061666783166326139091354734568E+01
-0.15125729796299274008005084683540E+01 -0.13059628943167850425612514194513E+01
-0.15123362927443497168603961442989E+01 -0.13057591209375605261264709967563E+01
-0.15120996181550266296748173539443E+01 -0.13055553581786289012266286221742E+01
-0.15118511230696577466006284641177E+01 -0.13053414187114796611342180753344E+01
-0.15115789773394238819002764149029E+01 -0.13051071174907834349638205323225E+01
-0.15112831852055868779219134297431E+01 -0.13048524581797343072249282965549E+01
-0.15109637512779227594134527761645E+01 -0.13045774447598183779396881810000E+01
-0.15106206805346528865898576672848E+01 -0.13042820815307475510478620069446E+01
-0.15100617671868356378191143143878E+01 -0.13038008909835687457783970822725E+01
-0.15094497027183327695761559389845E+01 -0.13032739407577701787039038825231E+01
-0.15087845085911639933205464639429E+01 -0.13027012493902871494088151018504E+01
-0.15080662081303052995634053685879E+01 -0.13020828370271430022583137654185E+01
-0.15072948265228623759156993723496E+01 -0.13014187254227448393474608623779E+01
-0.15064703908171783276121789504625E+01 -0.13007089379391228724429170936014E+01
-0.15055929299218754044159859395310E+01 -0.12999534995451135160781990007135E+01
-0.15046624746048308037181307475111E+01 -0.12991524368154861814770658765665E+01
-0.15036790574920866481320938634853E+01 -0.12983057779300141755883233642525E+01
-0.15026427130666940530605788637028E+01 -0.12974135526724891764284509721199E+01
-0.15015534776674913789961296692142E+01 -0.12964757924296799054971504205305E+01
-0.15004113894878168646431256345863E+01 -0.12954925301902345915502429627175E+01
-0.14992164885741551722221892518514E+01 -0.12944638005435274660363994458360E+01
-0.14979688168247187571216387962559E+01 -0.12933896396784493722149965046278E+01
-0.14966684179879631019192205858160E+01 -0.12922700853821423176227092298073E+01
-0.14953153376610366726199109891211E+01 -0.12911051770386783360719948942743E+01
-0.14939096232881652738800247638972E+01 -0.12898949556276823847226904563012E+01
-0.14924513241589708153385696260984E+01 -0.12886394637228995274451819888206E+01
-0.14909404914067247955576024887199E+01 -0.12873387454907064134449791427541E+01
-0.14893771780065362387235629488818E+01 -0.12859928466885670369884432353219E+01
-0.14877614387734744935669284973258E+01 -0.12846018146634329800020906411600E+01
-0.14860933303606266845531057733387E+01 -0.12831656983500880373370466788734E+01
-0.14843729112570899335638228822670E+01 -0.12816845482694373486143658820013E+01
-0.14826002417858986041916799457915E+01 -0.12801584165267411287074026326557E+01
-0.14807753841018862409554564365558E+01 -0.12785873568097931110210691772442E+01
-0.14788984021894828462317374431352E+01 -0.12769714243870435141362288274084E+01
-0.14769693618604469277592950586488E+01 -0.12753106761056669360709610912327E+01
-0.14749883307515329170974920180537E+01 -0.12736051703895750382333823051398E+01
-0.14729553783220936992685148684690E+01 -0.12718549672373742184309863003101E+01
-0.14708705758516185451893615736905E+01 -0.12700601282202681225049787728674E+01
-0.14687339964372063899005438197176E+01 -0.12682207164799053024698153733095E+01
-0.14665457149909745492730938278141E+01 -0.12663367967261721537574838489822E+01
-0.14643058082374030292477252709396E+01 -0.12644084352349308626706575865283E+01
-0.14620143547106145957062965371620E+01 -0.12624356998457027692963589823703E+01
-0.14596714347515902524044835446564E+01 -0.12604186599592972045084039644723E+01
-0.14572771305053209845773233843436E+01 -0.12583573865353855355924648692384E+01
-0.14548315259178950501615613568868E+01 -0.12562519520900213128879924955441E+01
-0.14523347067335213853119788992708E+01 -0.12541024306931052524682080909318E+01
-0.14497867604914893287522511340720E+01 -0.12519088979657970082003416461755E+01
-0.14471877765230641255067713019685E+01 -0.12496714310778718021302220117487E+01
-0.14445378459483191632187321034114E+01 -0.12473901087450236483818877394542E+01
-0.14418370616729044134219927914580E+01 -0.12450650112261144720991210844915E+01
-0.14390855183847513127682188749486E+01 -0.12426962203203691560853775518189E+01
-0.14362833125507144053476079699085E+01 -0.12402838193645172153782136080398E+01
-0.14334305424131496484818368819624E+01 -0.12378278932298804265639133128459E+01
-0.14305273079864296284999895839556E+01 -0.12353285283194071912665500315423E+01
-0.14275737110533955624148181028737E+01 -0.12327858125646534123255122992492E+01
-0.14245698551617464463785795988116E+01 -0.12301998354227100376467668903451E+01
-0.14215158456203655892165151720817E+01 -0.12275706878730774051118622466445E+01
-0.14184117894955839935676035254981E+01 -0.12248984624144862896808911054196E+01
-0.14152577956073816152909107237028E+01 -0.12221832530616665524398636584282E+01
-0.14120539745255258162956093857135E+01 -0.12194251553420622067719164630938E+01
-0.14088004385656476760262989666823E+01 -0.12166242662924942891888945300538E+01
-0.14054973017852561038269532390548E+01 -0.12137806844557708383749766344678E+01
-0.14021446799796896907764930025166E+01 -0.12108945098772445951261884786195E+01
-0.13987426906780067218573217058241E+01 -0.12079658441013181758031688910001E+01
-0.13952914531388134284681516938903E+01 -0.12049947901678969993404486331204E+01
-0.13917910883460303561068177002218E+01 -0.12019814526087903181855995764148E+01
-0.13882417190045974870685474929088E+01 -0.11989259374440601815015814171039E+01
-0.13846434695361174920984408241619E+01 -0.11958283521783183262473390321992E+01
-0.13809964660744381719198597578648E+01 -0.11926888057969718982657137073693E+01
-0.13773008364611734826769666414708E+01 -0.11895074087624171134144675057309E+01
-0.13735567102411634797684718018304E+01 -0.11862842730101817273034694795936E+01
-0.13697642186578738119714250670733E+01 -0.11830195119450163359478714434197E+01
-0.13659234946487339616902812360801E+01 -0.11797132404369343298278671817579E+01
-0.13620346728404154217686884849179E+01 -0.11763655748172009607567773846502E+01
-0.13580978895440490988442704421072E+01 -0.11729766328742717149394369374694E+01
-0.13541132827503826186240695172472E+01 -0.11695465338496797672895178190478E+01
-0.13500809921248775456207144350813E+01 -0.11660753984338730371817296518000E+01
-0.13460011590027465043268089513353E+01 -0.11625633487620009329902910983558E+01
-0.13418739263839305970368075220523E+01 -0.11590105084096508262308489085617E+01
-0.13376994389280171922154972061942E+01 -0.11554170023885343547297438065223E+01
-0.13334778429490982031943025645980E+01 -0.11517829571421238876239692437481E+01
-0.13292092864105690285439126749915E+01 -0.11481085005412396375693573861779E+01
-0.13248939189198681784034780544737E+01 -0.11443937618795864683326126952995E+01
-0.13205318917231583568469738014503E+01 -0.11406388718692419276730345724555E+01
-0.13161233576999480673512425708461E+01 -0.11368439626360948150388350413152E+01
-0.13116684713576551919007190151579E+01 -0.11330091677152346102136762198942E+01
-0.13071673888261114987776388350506E+01 -0.11291346220462922200753071677668E+01
-0.13026202678520092570242125992868E+01 -0.11252204619687317968456136296622E+01
-0.12980272677932894609342118281508E+01 -0.11212668252170941406628721729374E+01
-0.12933885496134720639691237042110E+01 -0.11172738509161918168998918701146E+01
-0.12887042758759286004627394395013E+01 -0.11132416795762557164517120114228E+01
-0.12839746107380968815230078869133E+01 -0.11091704530880343216804665054496E+01
-0.12791997199456384374872263710526E+01 -0.11050603147178443418142774442436E+01
-0.12743797708265386349366386267786E+01 -0.11009114091025742973428991045809E+01
-0.12695149322851496266712094953174E+01 -0.10967238822446406024401167210508E+01
-0.12646053747961764385973258439034E+01 -0.10924978815068959141570900287628E+01
-0.12596512703986062551438761242998E+01 -0.10882335556074912328462884140314E+01
-0.12546527926895812922723895234470E+01 -0.10839310546146903971490113762884E+01
-0.12496101168182150893277415707777E+01 -0.10795905299416383724995471995229E+01
-0.12445234194793527588915627404040E+01 -0.10752121343410828388234426325718E+01
-0.12393928789072752114375261337244E+01 -0.10707960219000496724791523119413E+01
-0.12342186748693475261154421976821E+01 -0.10663423480344722638247599575720E+01
-0.12290009886596117102614855281462E+01 -0.10618512694837749211866747393451E+01
-0.12237400030923241036076083568124E+01 -0.10573229443054107914523338389056E+01
-0.12184359024954374437253490805287E+01 -0.10527575318693542791842123120262E+01
-0.12130888727040278643990625724346E+01 -0.10481551928525480487045122290932E+01
-0.12076991010536671901489391320540E+01 -0.10435160892333052823443090489136E+01
-0.12022667763737404030976692435299E+01 -0.10388403842856668781878916008275E+01
-0.11967920889807087615390967020364E+01 -0.10341282425737143567352042814811E+01
-0.11912752306713185627070559283140E+01 -0.10293798299458379206143353339596E+01
-0.11857163947157558980107594749983E+01 -0.10245953135289609916248482693009E+01
-0.11801157758507474985207085582491E+01 -0.10197748617227201433476612197963E+01
-0.11744735702726079535237994310244E+01 -0.10149186441936018923937229881471E+01
-0.11687899756302333707003875427929E+01 -0.10100268318690356270990970706006E+01
-0.11630651910180418635278192985183E+01 -0.10050995969314434653408699539431E+01
-0.11572994169688608747402588210926E+01 -0.10001371128122470983837296575075E+01
-0.11514928554467616922573907867893E+01 -0.99513955418583163817134954172940E+00
-0.11456457098398412833613889479557E+01 -0.99010709696346726358757624268320E+00
-0.11397581849529516177260832163247E+01 -0.98503991828718813744173113318266E+00
-0.11338304870003768245156486166550E+01 -0.97993819652362960423661968472852E+00
-0.11278628235984581353515587196479E+01 -0.97480211125782332333078227542641E+00
-0.11218554037581671587555499470572E+01 -0.96963184328695075811380060322738E+00
-0.11158084378776274242525387114587E+01 -0.96442757461405563998662764655429E+00
-0.11097221377345843768578507568459E+01 -0.95918948844171490465817277945945E+00
-0.11035967164788243364811605705002E+01 -0.95391776916566905519919092735247E+00
-0.10974323886245422640135217952758E+01 -0.94861260236841179600852501521556E+00
-0.10912293700426587990591828426020E+01 -0.94327417481273938551018515833284E+00
-0.10849878779530865904380535870080E+01 -0.93790267443525977001650526312733E+00
-0.10787081309169462792128756216882E+01 -0.93249829033986199745829003544413E+00
-0.10723903488287323092482851210904E+01 -0.92706121279114602288187222444119E+00
-0.10660347529084285793939841369714E+01 -0.92159163320781309189619275511387E+00
-0.10596415656935744989916950910891E+01 -0.91608974415601723063157874486168E+00
-0.10532110110312812794835690480054E+01 -0.91055573934267776398439193817003E+00
-0.10467433140701990056179016521748E+01 -0.90498981360875350545046734008971E+00
-0.10402387012524343605226741073342E+01 -0.89939216292247848603024475571748E+00
-0.10336974003054194898177413248734E+01 -0.89376298437255985883479203681112E+00
-0.10271196402337321129559009840438E+01 -0.88810247616133806837282527649827E+00
-0.10205056513108669545024619605034E+01 -0.88241083759790951230040753216937E+00
-0.10138556650709589570589086554682E+01 -0.87668826909121212149665246885747E+00
-0.10071699143004581387965352803349E+01 -0.87093497214307409883620933308051E+00
-0.10004486330297568469354267927108E+01 -0.86515114934122600691985548347711E+00
-0.99369205652476878786591088949909E+00 -0.85933700435227652249626685796240E+00
-0.98690042127846084320955700151910E+00 -0.85349274191465239237565117080734E+00
-0.98007396500233754582023331855694E+00 -0.84761856783150239890504127108118E+00
-0.97321292661787807185405051626946E+00 -0.84171468896356608040098144502250E+00
-0.96631754624792672752335530530965E+00 -0.83578131322200726849946280313983E+00
-0.95938806520803622637532349434139E+00 -0.82981864956121275724508785611023E+00
-0.95242472599776474876940648199329E+00 -0.82382690797155658441027087793793E+00
-0.94542777229192647394134770783444E+00 -0.81780629947212985938956775123734E+00
-0.93839744893179583506827185924024E+00 -0.81175703610343693624567241929318E+00
-0.93133400191626612543523142013696E+00 -0.80567933092005769993139311132030E+00
-0.92423767839296173513856045076440E+00 -0.79957339798327683008929079168136E+00
-0.91710872664930547288539667377789E+00 -0.79343945235367986929118197603446E+00
-0.90994739610353973913990051735882E+00 -0.78727771008371665469840747323611E+00
-0.90275393729570308779126330005142E+00 -0.78108838821023258190219768096738E+00
-0.89552860187856118640867863078750E+00 -0.77487170474696753288634269651226E+00
-0.88827164260849329321516732113516E+00 -0.76862787867702337916446078870008E+00
-0.88098331333633365931724434122008E+00 -0.76235712994529993667456374151097E+00
-0.87366386899816876842742956986118E+00 -0.75605967945090003701882607014452E+00
-0.86631356560608988118618233288242E+00 -0.74973574903950363171538103056651E+00
-0.85893266023890143580318391188952E+00 -0.74338556149571171450494573711160E+00
-0.85152141103278553418554505187517E+00 -0.73700934053536030004642618812811E+00
-0.84408007717192249849124553997131E+00 -0.73060731079780438924666891218912E+00
-0.83660891887906745646593472155062E+00 -0.72417969783817291496318454399120E+00
-0.82910819740608384802678982838053E+00 -0.71772672811959432731870260174889E+00
-0.82157817502443286068614479279921E+00 -0.71124862900539408472954470990601E+00
-0.81401911501562026396368773172224E+00 -0.70474562875126315590709751139487E+00
-0.80643128166159943285924053353254E+00 -0.69821795649739902362498889080090E+00
-0.79881494023513195131747767788089E+00 -0.69166584226061933441449640966761E+00
-0.79117035699010509376929946781296E+00 -0.68508951692644747862341604907495E+00
-0.78349779915180617527127768085531E+00 -0.67848921224117241919776718527432E+00
-0.77579753490715523857994940653201E+00 -0.67186516080388117294956949540480E+00
-0.76806983339489416447917484290806E+00 -0.66521759605846557857136605271684E+00
-0.76031496469573405258335292584247E+00 -0.65854675228560352322207381254923E+00
-0.75253319982246024083646715877970E+00 -0.65185286459471431572300317011705E+00
-0.74472481070999476159889185408356E+00 -0.64513616891588978883843701754335E+00
-0.73689007020541724068053912230089E+00 -0.63839690199180009983359764527991E+00
-0.72902925205794334713011375145935E+00 -0.63163530136957614166592571317429E+00
-0.72114263090886141897739670350685E+00 -0.62485160539266754731974015475741E+00
-0.71323048228142760253100688539400E+00 -0.61804605319267773088953653684636E+00
-0.70529308257071822561180044428901E+00 -0.61121888468117589072804477972878E+00
-0.69733070903344190801533031352444E+00 -0.60437034054148658307187680532966E+00
-0.68934363977770859581209234096516E+00 -0.59750066222045663739415881466682E+00
-0.68133215375275764878629666588835E+00 -0.59061009192020127308198119181575E+00
-0.67329653073864419433809987436759E+00 -0.58369887258982841312980914640780E+00
-0.66523705133588393675854849680279E+00 -0.57676724791714204458343370998202E+00
-0.65715399695505634882988651488113E+00 -0.56981546232032541820819991894646E+00
-0.64904764980636601504356005053911E+00 -0.56284376093960449407247273393721E+00
-0.64091829288916300795214628190236E+00 -0.55585238962889138067592296648029E+00
-0.63276620998142099551175328331460E+00 -0.54884159494740917091198858846401E+00
-0.62459168562917409518158133948772E+00 -0.54181162415129783298874536366587E+00
-0.61639500513591213726513379268475E+00 -0.53476272518520249814981938556538E+00
-0.60817645455193370632919587599820E+00 -0.52769514667384319170457774528030E+00
-0.59993632066365804621722167458277E+00 -0.52060913791356849507932137623241E+00
-0.59167489098289465993413612250549E+00 -0.51350494886389176031774793673469E+00
-0.58339245373607080035166117008213E+00 -0.50638283013901094721334619056787E+00
-0.57508929785341754182633746992267E+00 -0.49924303299931392013733661288904E+00
-0.56676571295811285050461750479770E+00 -0.49208580934286695812389339245068E+00
-0.55842198935538289183420730447891E+00 -0.48491141169688969157385971702170E+00
-0.55005841802156043668060942236792E+00 -0.47772009320921572913280229139969E+00
-0.54167529059310112681084309307652E+00 -0.47051210763973907155677438682327E+00
-0.53327289935555620853343451308986E+00 -0.46328770935184803566706666825536E+00
-0.52485153723250265083312599244424E+00 -0.45604715330384614798081539434674E+00
-0.51641149777442957082134418166944E+00 -0.44879069504036145628948121091451E+00
-0.50795307514758187636148935184513E+00 -0.44151859068374421816646536395700E+00
-0.49947656412275891328170167318971E+00 -0.43423109692545294922575434584224E+00
-0.49098226006407020821345061090719E+00 -0.42692847101743185494634622421282E+00
-0.48247045891764556145746922470134E+00 -0.41961097076347685292092239163386E+00
-0.47394145720030141925310393612280E+00 -0.41227885451059326780518693714433E+00
-0.46539555198816167282156297629888E+00 -0.40493238114034482161336661246818E+00
-0.45683304090523241569300034738264E+00 -0.39757181006019503840649099332479E+00
-0.44825422211193170936129797209092E+00 -0.39019740119484100573689393186266E+00
-0.43965939429357208018372240921611E+00 -0.38280941497754039121270130331275E+00
-0.43104885664879680331262535599037E+00 -0.37540811234143319598349928615033E+00
-0.42242290887796828067195625608088E+00 -0.36799375471085703744927964733297E+00
-0.41378185117150807920422059995557E+00 -0.36056660399265920141503785420651E+00
-0.40512598419819057108194148166652E+00 -0.35312692256750367726716731526523E+00
-0.39645560909338376018650426559201E+00 -0.34567497328117525835163299744992E+00
-0.38777102744724452929810431483652E+00 -0.33821101943588145141441660676580E+00
-0.37907254129285986292075363965837E+00 -0.33073532478155221477957857924533E+00
-0.37036045309433894413210324414098E+00 -0.32324815350713875909997722326808E+00
-0.36163506573485287834591230220660E+00 -0.31574977023191224682241310687851E+00
-0.35289668250462087601568835410921E+00 -0.30824043999676295616761768617803E+00
-0.34414560708884390407073351104521E+00 -0.30072042825550065083950403349677E+00
-0.33538214355558311241310321239915E+00 -0.29319000086615692397830745578676E+00
-0.32660659634358265645705349990983E+00 -0.28564942408229136734910437352142E+00
-0.31781927025003659320558895923013E+00 -0.27809896454430052779422303539942E+00
-0.30902047041829750907366060306611E+00 -0.27053888927073225188352792203944E+00
-0.30021050232552720031790545062901E+00 -0.26296946564960496250908382895238E+00
-0.29138967177028661336810935301996E+00 -0.25539096142973482070395145999351E+00
-0.28255828486006525763536730899525E+00 -0.24780364471206872534946275790171E+00
-0.27371664799874813677257212311137E+00 -0.24020778394102682039648202967070E+00
-0.26486506787401834536561069226884E+00 -0.23260364789585403041823640506046E+00
-0.25600385144469509150039649411060E+00 -0.22499150568198234653719196878582E+00
-0.24713330592800423257496046426944E+00 -0.21737162672240435572779320401683E+00
-0.23825373878678075447661989681807E+00 -0.20974428074905913030429534288678E+00
-0.22936545771660131508871461356412E+00 -0.20210973779423267697791949649859E+00
-0.22046877063284434852706990717111E+00 -0.19446826818197205473359375025332E+00
-0.21156398565767693513624787165055E+00 -0.18682014251951641098326771996108E+00
-0.20265141110696525710358537073013E+00 -0.17916563168874480064555931829961E+00
-0.19373135547710821404048677616109E+00 -0.17150500683764162949136486517149E+00
-0.18480412743179039292350024256352E+00 -0.16383853937178423806117976955985E+00
-0.17587003578865246306302538490750E+00 -0.15616650094584774908555433832427E+00
-0.16692938950587815807414140338768E+00 -0.14848916345513634636954847162728E+00
-0.15798249766869276873039218498405E+00 -0.14080679902713458601259797341876E+00
-0.14902966947577209044476041570686E+00 -0.13311968001308653347042073185198E+00
-0.14007121422555992787267020361407E+00 -0.12542807897960035610097360628212E+00
-0.13110744130248798141336178954577E+00 -0.11773226870028081490544373411990E+00
-0.12213866016309924492696858331704E+00 -0.11003252214739282517294590285693E+00
-0.11316518032206821400379930933966E+00 -0.10232911248355469716072098595458E+00
-0.10418731133811592781357330403737E+00 -0.94622313053465470392225259283056E-01
-0.95205362799817344443437893541276E-01 -0.86912397375667161918103968113509E-01
-0.86219644311294518146395275023602E-01 -0.79199639134342852902181828402950E-01
-0.77230465477794633509912699849220E-01 -0.71484312171154256388356347615735E-01
-0.68238135891147216868586404843441E-01 -0.63766690477118146448389991853125E-01
-0.59242965115095215127692497686402E-01 -0.56047048184526930360070110028022E-01
-0.50245262670498548064080711726988E-01 -0.48325659558912626258034330464201E-01
-0.41245338020401109036028203896849E-01 -0.40602798991057277983362923499534E-01
-0.32243500554960209457665217212875E-01 -0.32878740989053240283139333876849E-01
-0.23240059576230397936218326246661E-01 -0.25153760170413455104772895190574E-01
-0.14235324282796814568252950043123E-01 -0.17428131254235754888838467454862E-01
-0.52296037542530558825081201754761E-02 -0.97021290534234779852522377541556E-02
0.37767930644840294013578680782253E-02 -0.19760284669641354830771121448930E-02
0.12783557379028066289130870142130E-01 0.57498955277302523243598589809891E-02
0.21790380561552733563360691822346E-01 0.13475367882418888765482266798128E-01
0.30796954167004308721065816953210E-01 0.21200113485560942661246515414084E-01
0.39802969949504717489856695926733E-01 0.28923857169774065682940874403005E-01
0.48808119878953409290776065253665E-01 0.36646323719220253007350936364278E-01
0.57812096157835725709865083321592E-01 0.44367237876914487058696973985900E-01
0.66814591238247758734113716660037E-01 0.52086324351953911852124487118517E-01
0.75815297839146004591504177851006E-01 0.59803307826664405201256666412413E-01
0.84813908963832151209819787846781E-01 0.67517912963657762015715139797518E-01
0.93810117917683594997548988452415E-01 0.75229864412800782580124750407941E-01
0.10280361832614018439844520875759E+00 0.82938886818086835462900070016570E-01
0.11179410415295930290030263452530E+00 0.90644704824409066978391997747871E-01
0.12078126971875097685394867658898E+00 0.98347043084230555926541830473663E-01
0.12976480971980582509073782668349E+00 0.10604562626414471195975080140473E+00
0.13874441924723063341087778960500E+00 0.11374017905132406782018058609427E+00
0.14771979380640396905898140370816E+00 0.12143042615984942563757311988534E+00
0.15669062933676881202912108124404E+00 0.12911609233691610439114121835098E+00
0.16565662223197748873276630078613E+00 0.13679690236891232099270759357313E+00
0.17461746936040535591449485619700E+00 0.14447258108736012213355289648810E+00
0.18357286808605227748630969338394E+00 0.15214285337471857605350905456682E+00
0.19252251628985031878421094932681E+00 0.15980744417003700020531435101484E+00
0.20146611239139642464178347353868E+00 0.16746607847445595350694918275627E+00
0.21040335537113556535347701995756E+00 0.17511848135654687358704356824036E+00
0.21933394479300981057806508146047E+00 0.18276437795748300286918273783277E+00
0.22825758082760517031342627630239E+00 0.19040349349603533481680290619126E+00
0.23717396427581512962824306683411E+00 0.19803555327338321582328353587295E+00
0.24608279659305064353115553670220E+00 0.20566028267773338961886953305167E+00
0.25498377991402511322665300514691E+00 0.21327740718873704778112736619045E+00
0.26387661707814285846904209320075E+00 0.22088665238169584386521797019641E+00
0.27276101165552513014495534395182E+00 0.22848774393154731904910422419393E+00
0.28163666797370549710235624215150E+00 0.23608040761661846085473932415415E+00
0.29050329114503237634520487382065E+00 0.24366436932213732592440947138267E+00
0.29936058709481668231594369430557E+00 0.25123935504349072126797748363905E+00
0.30820826259026443865992121954263E+00 0.25880509088921559499150962230934E+00
0.31704602527023984010510774817139E+00 0.26636130308371099530225840411411E+00
0.32587358367590204102132445995191E+00 0.27390771796965830583273608541173E+00
0.33469064728226812129289433020307E+00 0.28144406201013364172808438266569E+00
0.34349692653075203710856513358455E+00 0.28897006179039835196037238751024E+00
0.35229213286273711280211577944561E+00 0.29648544401935096094185260388755E+00
0.36107597875424069203705864297397E+00 0.30398993553062461875224738968806E+00
0.36984817775173521769309382655910E+00 0.31148326328331105724718126080814E+00
0.37860844450919360095694013994546E+00 0.31896515436229193367033725165011E+00
0.38735649482643117480990206055682E+00 0.32643533597815891166089707893310E+00
0.39609204568882153544058328983101E+00 0.33389353546669983967322575908409E+00
0.40481481530847096334509383064231E+00 0.34133948028792861701239315849030E+00
0.41352452316693726011102693831943E+00 0.34877289802463619462010299128676E+00
0.42222089005959124809439217056443E+00 0.35619351638043429526962321343840E+00
0.43090363814172097120732879811158E+00 0.36360106317726994527889447965007E+00
0.43957249097648758885418516900896E+00 0.37099526635237547370148992002841E+00
0.44822717358485237644664763278120E+00 0.37837585395463083444601962742042E+00
0.45686741249759773777000084757184E+00 0.38574255414030016317493600756986E+00
0.46549293580957962817679182114535E+00 0.39309509516811105846242805228696E+00
0.47410347323635624271797903539671E+00 0.40043320539364016844229379947176E+00
0.48269875617334866300100784121772E+00 0.40775661326296425674591973818883E+00
0.49127851775770248757134174655352E+00 0.41506504730553776799542305017803E+00
0.49984249293303139843571170295692E+00 0.42235823612625056703610265305914E+00
0.50839041851723892410546705769763E+00 0.42963590839661978012791751633827E+00
0.51692203327362865662180943132037E+00 0.43689779284506530001960206107191E+00
0.52543707798553048083534355558470E+00 0.44414361824621520128888110494502E+00
0.53393529553469092076251146957892E+00 0.45137311340918426992882054479522E+00
0.54241643098369137883273889139240E+00 0.45858600716476219733714501801044E+00
0.55088023166268488274933899770670E+00 0.46578202835144944458065299680450E+00
0.55932644726076223854636026149596E+00 0.47296090580026710484196712364553E+00
0.56775482992228689949386889440593E+00 0.48012236831826785844445008313785E+00
0.57616513434856673840564755156017E+00 0.48726614467066618402025664376539E+00
0.58455711790526144809685128948120E+00 0.49439196356150247836122097476900E+00
0.59293054073596014523315748763956E+00 0.50149955361274805077319555648209E+00
0.60128516588240266147400568306123E+00 0.50858864334175104042469143298328E+00
0.60962075941185851410332814653535E+00 0.51565896113691723669477910895252E+00
0.61793709055222732313293008730799E+00 0.52271023523151128230744191299693E+00
0.62623393183547201513311283242287E+00 0.52974219367545303899480609844598E+00
0.63451105925005719505134822729881E+00 0.53675456430497863736054514207538E+00
0.64276825240312596322319832219072E+00 0.54374707471002140224687015541567E+00
0.65100529469321791367423690408966E+00 0.55071945219915877284112803643400E+00
0.65922197349441196295914628340097E+00 0.55767142376195959611140038994648E+00
0.66741808035285965485510128918066E+00 0.56460271602855166658178115381076E+00
0.67559341119677494517289348168795E+00 0.57151305522621563590359788681235E+00
0.68374776656105066716269391974516E+00 0.57840216713279670001462693952804E+00
0.69188095182779300601216108058831E+00 0.58526977702670685330889046811881E+00
0.69999277748419913289805663036202E+00 0.59211560963327286830796893735797E+00
0.70808305939935215273551333491437E+00 0.59893938906716496041986682151198E+00
0.71615161912167622271881111974919E+00 0.60574083877061880033801450112197E+00
0.72419828419898335610906425965439E+00 0.61251968144713887816649299917358E+00
0.73222288852325574255738312294177E+00 0.61927563899034449819437955900354E+00
0.74022527270254716145106651377165E+00 0.62600843240759340710708409667751E+00
0.74820528446265606755892047818834E+00 0.63271778173798166267687013103040E+00
0.75616277908153205673498974217010E+00 0.63940340596428781742765717793039E+00
0.76409761985971981467536614980979E+00 0.64606502291838956607668174335259E+00
0.77200967863054313587236811669087E+00 0.65270234917963908166190056250783E+00
0.77989883631417591366798595023483E+00 0.65931509996563893326622319442524E+00
0.78776498352026135836842130603920E+00 0.66590298901480905055586462521207E+00
0.79560802120432360215345170532441E+00 0.67246572846008112124185356886137E+00
0.80342786138388558459848746956062E+00 0.67900302869299743509997912335293E+00
0.81122442792097723846699003246262E+00 0.68551459821742288852583676343199E+00
0.81899765737860161509125290578988E+00 0.69200014349201135626718461303222E+00
0.82674749995974940945184906345144E+00 0.69845936876048419798690677401231E+00
0.83447392053873408176054919864829E+00 0.70489197586869636354062293987664E+00
0.84217689979599107019227429043173E+00 0.71129766406737176994262932913438E+00
0.84985643546908075155655952398498E+00 0.71767612979928553383567129922211E+00
0.85751254373449660361505333741698E+00 0.72402706646956532992122034927323E+00
0.86514526073706065639165433167461E+00 0.73035016419766143345870519011157E+00
0.87275464428624700597698212739778E+00 0.73664510954941111158985983366433E+00
0.88034077574179082683827914493440E+00 0.74291158524748634129672638631566E+00
0.88790376211450575259686860236179E+00 0.74914926985837265647299827107820E+00
0.89544373841246340926970169104062E+00 0.75535783745387874776299263533036E+00
0.90296087026772850930112696423052E+00 0.76153695724502568304211251472934E+00
0.91045535688486999577080799343558E+00 0.76768629318601615347532965125926E+00
0.91792743435970562585321129793172E+00 0.77380550354584264020700444100557E+00
0.92537737942546634709961343604994E+00 0.77989424044496833236514162085383E+00
0.93280551369414449509145548214143E+00 0.78595214935442235585412733524538E+00
0.94021220847366719435065019436728E+00 0.79197886855460587912028424840262E+00
0.94759789025729743789146653967631E+00 0.79797402855114183792478821612056E+00
0.95496304700105633466879545714429E+00 0.80393725144525067507271879463351E+00
0.96230823532895635076259903894192E+00 0.80986815025646364982297815710186E+00
0.96963408883570671350847555893199E+00 0.81576632819606366107209432056270E+00
0.97694132769398092445210488487220E+00 0.82163137789059458678303513541552E+00
0.98423076982054023157645151381744E+00 0.82746288055627057787088888931543E+00
0.99150334391550880675499261734225E+00 0.83326040512735188581225482995951E+00
0.99876010476584445561669692393801E+00 0.83902350734499231011974459596560E+00
0.10060022513033627240454287916961E+01 0.84475172881784267500716859981701E+00
0.10132311480363181306839967831361E+01 0.85044459607364997027339202045780E+00
0.10204483506448280808212433896248E+01 0.85610161962997506957228094993232E+00
0.10276556367514922930688563228359E+01 0.86172229313369155228295043504712E+00
0.10348550431950316918282803784370E+01 0.86730609262496412920956737189383E+00
0.10420489115056950705881148839997E+01 0.87285247606860507682667504980290E+00
0.10492399439714625181000832243167E+01 0.87836088318810399558510653548437E+00
0.10564312731042213514834266894540E+01 0.88383073620006119493148957910506E+00
0.10636265495600095569988316689184E+01 0.88926144069674941941758563279649E+00
0.10708300518066663798173542003574E+01 0.89465239057706974291767947884640E+00
0.10780468334096780667334705367281E+01 0.90000296764888154564772589548643E+00
0.10852828966570502400673866917770E+01 0.90531256828812325223764940249594E+00
0.10925454792917512001004956449375E+01 0.91058056475032456566775192366586E+00
0.10998432708877196040002343292960E+01 0.91580649278396352429778418409863E+00
0.11071872282798080517065943450544E+01 0.92098959447772826194356344204210E+00
0.11145901523025479021531559831233E+01 0.92613041501210480819211076050740E+00
0.11235769909592239862454034572366E+01 0.93224176796604356793508259525531E+00
0.11327135703332783881086441400504E+01 0.93829188039374371825229810537814E+00
0.11420560415891382770194828770250E+01 0.94428298722446094309487564153227E+00
0.11516884430403284210576040537054E+01 0.95022091926039879289147147752605E+00
0.11617467202919404859630252460933E+01 0.95611876640495547786253515148821E+00
0.11718988477588400696175523560381E+01 0.96170124124207254327562933954433E+00
0.11816912752753124563324796678773E+01 0.96667422461964589797618857506828E+00
0.11911536203207443261533841494122E+01 0.97101923304151230813450879369857E+00
0.12003073586606402278367858178318E+01 0.97474595985002936223021742778801E+00
